2016.12.22 16:00:00.114,1.51308,1.51339,1.00,1.12
2016.12.22 16:00:00.216,1.51304,1.51343,1.00,2.47
2016.12.22 16:00:00.720,1.51304,1.51337,1.00,1.35
2016.12.22 16:00:01.260,1.51303,1.51333,1.00,1.00
2016.12.22 16:00:01.362,1.51303,1.51335,1.00,1.00
2016.12.22 16:00:01.664,1.51294,1.51335,1.00,1.00
2016.12.22 16:00:02.192,1.51294,1.51335,1.00,1.50
2016.12.22 16:00:02.394,1.51298,1.51334,1.00,1.00
2016.12.22 16:00:02.444,1.51295,1.51334,1.00,1.00
2016.12.22 16:00:02.545,1.51295,1.51331,1.00,1.00
2016.12.22 16:00:02.848,1.51298,1.51331,1.00,1.00
2016.12.22 16:00:02.950,1.51298,1.51335,1.00,1.00
2016.12.22 16:00:03.051,1.51298,1.51337,1.00,1.30
2016.12.22 16:00:03.657,1.51299,1.51339,1.00,1.60
2016.12.22 16:00:04.067,1.51309,1.51342,1.00,1.60
2016.12.22 16:00:04.346,1.51309,1.51349,1.00,1.60
2016.12.22 16:00:04.799,1.51311,1.51349,2.50,1.00
2016.12.22 16:00:04.951,1.51313,1.51355,2.25,1.00
2016.12.22 16:00:05.102,1.51313,1.51355,3.25,1.00
2016.12.22 16:00:05.409,1.51313,1.5135,1.00,1.12
2016.12.22 16:00:05.769,1.51313,1.51348,1.00,1.00
2016.12.22 16:00:05.972,1.51313,1.51351,1.00,2.62
2016.12.22 16:00:06.075,1.51319,1.51351,1.00,1.87
2016.12.22 16:00:06.133,1.51314,1.51351,1.00,1.87
2016.12.22 16:00:06.656,1.51315,1.51351,1.00,1.50
2016.12.22 16:00:07.028,1.51318,1.51351,1.00,1.00
2016.12.22 16:00:07.664,1.51319,1.51351,1.00,1.00
2016.12.22 16:00:08.556,1.51328,1.51351,1.00,1.00
2016.12.22 16:00:08.607,1.51323,1.51351,1.00,1.00
2016.12.22 16:00:08.658,1.51323,1.51348,1.00,1.00
2016.12.22 16:00:08.708,1.51318,1.51349,1.00,1.00
2016.12.22 16:00:08.759,1.51319,1.51349,1.00,1.00
2016.12.22 16:00:09.012,1.51319,1.51352,1.00,1.00
2016.12.22 16:00:09.512,1.51319,1.5135,1.00,1.00
2016.12.22 16:00:09.802,1.51319,1.51352,1.00,1.00
2016.12.22 16:00:10.518,1.51319,1.51355,1.50,1.50
2016.12.22 16:00:10.778,1.51328,1.51355,1.00,1.00
2016.12.22 16:00:11.332,1.51332,1.51355,1.00,1.00
2016.12.22 16:00:11.433,1.51332,1.51355,1.50,1.00
2016.12.22 16:00:11.974,1.51332,1.51355,1.00,1.00
2016.12.22 16:00:12.176,1.51329,1.51355,1.00,1.00
2016.12.22 16:00:12.227,1.51324,1.51355,1.50,1.00
2016.12.22 16:00:12.631,1.51324,1.51355,3.62,1.00
2016.12.22 16:00:12.934,1.51328,1.51355,1.00,1.00
2016.12.22 16:00:13.649,1.51324,1.51355,1.00,1.12
2016.12.22 16:00:14.282,1.51323,1.51355,1.50,1.00
2016.12.22 16:00:14.805,1.51323,1.51355,2.87,1.00
2016.12.22 16:00:14.956,1.51323,1.51364,3.62,1.12
2016.12.22 16:00:15.065,1.51324,1.51366,1.12,1.00
2016.12.22 16:00:15.405,1.51324,1.51362,1.00,1.00
2016.12.22 16:00:15.752,1.51323,1.51355,1.00,1.00
2016.12.22 16:00:15.853,1.51323,1.51361,1.00,1.00
2016.12.22 16:00:15.954,1.51324,1.51365,1.00,1.75
2016.12.22 16:00:16.055,1.51324,1.51367,1.00,1.37
2016.12.22 16:00:16.106,1.51324,1.51367,1.00,1.00
2016.12.22 16:00:16.157,1.51329,1.51367,1.00,1.00
2016.12.22 16:00:16.308,1.51329,1.51369,1.00,1.00
2016.12.22 16:00:16.459,1.51331,1.51373,1.50,1.37
2016.12.22 16:00:16.710,1.51331,1.51368,1.00,1.37
2016.12.22 16:00:17.018,1.51331,1.51365,1.00,1.37
2016.12.22 16:00:17.220,1.51322,1.51359,1.00,1.37
2016.12.22 16:00:17.271,1.51322,1.51353,1.00,1.50
2016.12.22 16:00:17.322,1.51308,1.51346,1.00,1.00
2016.12.22 16:00:17.374,1.51304,1.5134,2.25,1.00
2016.12.22 16:00:17.425,1.51304,1.5134,1.50,2.25
2016.12.22 16:00:17.762,1.51304,1.51332,1.00,1.00
2016.12.22 16:00:17.963,1.51318,1.51357,1.00,1.87
2016.12.22 16:00:18.014,1.51318,1.51357,1.00,1.00
2016.12.22 16:00:18.167,1.51318,1.51354,1.00,1.00
2016.12.22 16:00:18.519,1.51314,1.51354,1.00,1.00
2016.12.22 16:00:18.727,1.51314,1.51354,1.00,1.37
2016.12.22 16:00:19.032,1.51319,1.51349,1.00,1.00
2016.12.22 16:00:19.484,1.51319,1.51351,1.00,1.12
2016.12.22 16:00:19.585,1.51314,1.51351,1.00,1.00
2016.12.22 16:00:19.636,1.51318,1.51351,1.00,1.00
2016.12.22 16:00:19.838,1.51314,1.51351,1.00,1.37
2016.12.22 16:00:20.090,1.51313,1.51352,1.12,1.00
2016.12.22 16:00:20.211,1.51313,1.51355,2.50,1.00
2016.12.22 16:00:20.412,1.51314,1.51355,2.25,1.00
2016.12.22 16:00:20.463,1.51314,1.51358,3.25,1.37
2016.12.22 16:00:20.514,1.51314,1.51359,1.50,1.37
2016.12.22 16:00:20.766,1.51317,1.51359,1.87,1.00
2016.12.22 16:00:20.867,1.51317,1.51362,1.00,1.37
2016.12.22 16:00:20.917,1.51317,1.51357,1.00,1.37
2016.12.22 16:00:20.968,1.51318,1.51357,1.00,1.37
2016.12.22 16:00:21.292,1.51329,1.51358,1.00,1.37
2016.12.22 16:00:21.343,1.51323,1.51357,1.00,1.37
2016.12.22 16:00:21.920,1.51323,1.51356,1.00,1.00
2016.12.22 16:00:22.021,1.51323,1.51359,1.00,1.00
2016.12.22 16:00:22.475,1.5132,1.51359,1.00,1.00
2016.12.22 16:00:22.586,1.5132,1.51354,1.00,1.00
2016.12.22 16:00:22.741,1.51314,1.51353,1.00,1.00
2016.12.22 16:00:22.993,1.51319,1.51352,1.00,1.00
2016.12.22 16:00:23.550,1.51319,1.51353,1.00,1.00
2016.12.22 16:00:23.752,1.51314,1.51351,1.00,1.00
2016.12.22 16:00:23.903,1.51314,1.51345,1.00,1.00
2016.12.22 16:00:24.041,1.51314,1.51347,1.00,1.00
2016.12.22 16:00:24.092,1.5131,1.51346,1.00,1.50
2016.12.22 16:00:24.193,1.51307,1.51346,1.00,1.00
2016.12.22 16:00:24.247,1.51307,1.51348,1.00,1.50
2016.12.22 16:00:24.549,1.5131,1.51346,2.25,1.00
2016.12.22 16:00:24.952,1.51313,1.51353,1.00,1.00
2016.12.22 16:00:25.053,1.51313,1.51358,2.50,1.00
2016.12.22 16:00:25.278,1.51316,1.51356,1.00,1.00
2016.12.22 16:00:25.329,1.51316,1.51356,1.00,1.00
2016.12.22 16:00:25.379,1.51316,1.51352,1.00,1.00
2016.12.22 16:00:25.631,1.51316,1.51355,1.50,1.00
2016.12.22 16:00:25.783,1.51317,1.51355,2.25,1.00
2016.12.22 16:00:26.045,1.51311,1.51349,1.00,3.37
2016.12.22 16:00:26.096,1.51311,1.51344,1.00,1.00
2016.12.22 16:00:26.247,1.51303,1.51336,1.00,1.00
2016.12.22 16:00:26.458,1.51308,1.51336,1.00,1.00
2016.12.22 16:00:26.861,1.51304,1.51336,1.00,1.00
2016.12.22 16:00:27.228,1.51304,1.51338,1.00,1.00
2016.12.22 16:00:27.493,1.51309,1.51338,1.00,1.00
2016.12.22 16:00:27.598,1.51309,1.51339,1.00,1.00
2016.12.22 16:00:27.699,1.51309,1.51353,1.00,2.25
2016.12.22 16:00:27.749,1.51319,1.51353,1.00,1.50
2016.12.22 16:00:27.900,1.51314,1.51351,1.00,1.00
2016.12.22 16:00:28.052,1.51319,1.51351,1.00,1.00
2016.12.22 16:00:28.354,1.51314,1.51352,1.00,1.00
2016.12.22 16:00:28.556,1.51319,1.51352,1.00,1.00
2016.12.22 16:00:29.189,1.51315,1.51352,1.00,1.00
2016.12.22 16:00:29.240,1.51319,1.51351,1.00,1.00
2016.12.22 16:00:29.341,1.51314,1.51352,1.00,1.00
2016.12.22 16:00:29.391,1.51314,1.51345,1.00,1.00
2016.12.22 16:00:29.442,1.51314,1.51347,1.00,1.00
2016.12.22 16:00:29.492,1.51319,1.51351,1.00,1.00
2016.12.22 16:00:29.598,1.51316,1.51351,1.00,1.00
2016.12.22 16:00:29.649,1.51319,1.5135,1.00,1.00
2016.12.22 16:00:30.338,1.51315,1.5135,1.00,1.00
2016.12.22 16:00:30.439,1.51315,1.51353,1.00,1.00
2016.12.22 16:00:30.747,1.51313,1.51352,2.25,1.00
2016.12.22 16:00:30.848,1.51313,1.51356,2.25,1.00
2016.12.22 16:00:31.000,1.51319,1.51356,1.00,1.00
2016.12.22 16:00:31.715,1.51319,1.51355,1.00,1.00
2016.12.22 16:00:31.968,1.51313,1.5135,2.25,1.00
2016.12.22 16:00:32.018,1.51313,1.51348,1.50,1.00
2016.12.22 16:00:32.321,1.51313,1.51346,1.00,1.00
2016.12.22 16:00:32.472,1.51307,1.51342,1.00,1.00
2016.12.22 16:00:32.523,1.51306,1.51346,1.50,1.00
2016.12.22 16:00:32.624,1.51306,1.51342,1.00,1.37
2016.12.22 16:00:32.826,1.51304,1.51342,1.00,1.87
2016.12.22 16:00:33.049,1.51309,1.51341,1.00,1.00
2016.12.22 16:00:33.200,1.51304,1.51341,1.00,1.00
2016.12.22 16:00:33.352,1.51304,1.51347,2.12,1.87
2016.12.22 16:00:33.655,1.51318,1.51346,1.00,1.00
2016.12.22 16:00:33.706,1.51318,1.51356,1.00,1.00
2016.12.22 16:00:33.958,1.51319,1.51358,1.00,1.00
2016.12.22 16:00:34.132,1.51319,1.51356,1.00,1.00
2016.12.22 16:00:34.284,1.51319,1.5136,1.00,1.12
2016.12.22 16:00:34.939,1.51328,1.51362,1.00,1.37
2016.12.22 16:00:35.485,1.51323,1.51362,1.00,1.00
2016.12.22 16:00:36.004,1.51323,1.51363,1.00,1.00
2016.12.22 16:00:36.241,1.51329,1.51363,1.00,1.00
2016.12.22 16:00:36.392,1.51324,1.51363,1.00,1.12
2016.12.22 16:00:36.885,1.51317,1.51355,1.00,1.37
2016.12.22 16:00:36.936,1.51314,1.51355,2.25,1.12
2016.12.22 16:00:37.087,1.51318,1.51355,1.00,1.37
2016.12.22 16:00:37.908,1.51313,1.5135,1.50,1.00
2016.12.22 16:00:38.184,1.51313,1.5135,1.00,1.37
2016.12.22 16:00:38.752,1.51313,1.51349,1.00,1.00
2016.12.22 16:00:39.282,1.51313,1.5135,1.00,1.00
2016.12.22 16:00:39.609,1.51313,1.51352,1.00,1.87
2016.12.22 16:00:40.121,1.51313,1.51353,1.00,1.37
2016.12.22 16:00:40.222,1.51313,1.51351,1.00,1.37
2016.12.22 16:00:40.325,1.51309,1.51346,1.00,1.37
2016.12.22 16:00:40.426,1.51304,1.51346,1.00,1.12
2016.12.22 16:00:40.526,1.51304,1.51343,1.50,1.00
2016.12.22 16:00:40.792,1.51304,1.51345,1.00,1.00
2016.12.22 16:00:40.993,1.51302,1.51343,1.00,1.00
2016.12.22 16:00:41.296,1.51308,1.51348,1.00,1.00
2016.12.22 16:00:41.598,1.51303,1.51339,1.00,2.10
2016.12.22 16:00:41.649,1.51303,1.51339,1.00,1.97
2016.12.22 16:00:42.190,1.51303,1.51336,1.00,1.35
2016.12.22 16:00:42.701,1.51303,1.51337,1.00,1.00
2016.12.22 16:00:42.752,1.51303,1.5134,1.00,1.00
2016.12.22 16:00:42.903,1.51301,1.51341,1.00,1.00
2016.12.22 16:00:43.046,1.51297,1.5134,1.50,1.12
2016.12.22 16:00:43.197,1.51299,1.5134,1.00,1.12
2016.12.22 16:00:43.669,1.51299,1.51338,1.00,1.00
2016.12.22 16:00:43.871,1.51297,1.51336,1.50,1.37
2016.12.22 16:00:43.972,1.51295,1.51336,1.50,1.87
2016.12.22 16:00:44.034,1.51295,1.51339,1.00,1.87
2016.12.22 16:00:44.185,1.51294,1.51333,1.00,1.00
2016.12.22 16:00:44.757,1.51294,1.51331,1.00,1.00
2016.12.22 16:00:44.908,1.51293,1.51333,1.50,1.00
2016.12.22 16:00:45.362,1.51293,1.5133,1.00,1.00
2016.12.22 16:00:45.413,1.51293,1.51333,1.00,1.12
2016.12.22 16:00:45.665,1.51293,1.51331,1.00,1.00
2016.12.22 16:00:46.010,1.51293,1.51324,1.00,1.60
2016.12.22 16:00:46.061,1.51286,1.51324,1.00,1.00
2016.12.22 16:00:46.162,1.51288,1.51325,1.00,1.50
2016.12.22 16:00:46.464,1.51283,1.51317,2.25,1.00
2016.12.22 16:00:46.867,1.51283,1.51315,1.00,1.00
2016.12.22 16:00:47.315,1.51283,1.51317,1.00,1.00
2016.12.22 16:00:47.416,1.51283,1.5132,1.00,1.35
2016.12.22 16:00:47.568,1.51283,1.51318,1.00,1.00
2016.12.22 16:00:47.870,1.51283,1.51313,1.00,1.00
2016.12.22 16:00:48.021,1.51277,1.51313,1.00,1.00
2016.12.22 16:00:48.072,1.51277,1.51315,1.00,1.00
2016.12.22 16:00:48.341,1.51278,1.51315,1.00,1.00
2016.12.22 16:00:48.644,1.51278,1.51317,1.00,1.50
2016.12.22 16:00:49.185,1.51279,1.51316,1.00,1.00
2016.12.22 16:00:49.719,1.51279,1.51316,1.00,1.00
2016.12.22 16:00:49.870,1.51279,1.51314,1.00,1.00
2016.12.22 16:00:50.022,1.51279,1.51316,1.00,1.50
2016.12.22 16:00:50.173,1.51279,1.51314,1.00,1.00
2016.12.22 16:00:50.375,1.51281,1.51321,1.37,1.50
2016.12.22 16:00:50.426,1.51284,1.51322,1.00,1.75
2016.12.22 16:00:50.527,1.51284,1.51322,2.50,1.87
2016.12.22 16:00:50.628,1.51284,1.51323,1.50,1.00
2016.12.22 16:00:51.012,1.51284,1.51319,1.00,1.00
2016.12.22 16:00:51.516,1.51283,1.51317,1.00,1.00
2016.12.22 16:00:51.567,1.51279,1.51314,1.00,1.00
2016.12.22 16:00:51.618,1.51277,1.5131,1.00,1.00
2016.12.22 16:00:51.668,1.51277,1.51314,1.00,1.00
2016.12.22 16:00:51.971,1.51279,1.51314,1.00,1.00
2016.12.22 16:00:52.185,1.51274,1.51311,1.00,1.00
2016.12.22 16:00:52.286,1.51274,1.51307,1.00,1.00
2016.12.22 16:00:52.638,1.51273,1.51305,1.00,1.00
2016.12.22 16:00:53.146,1.51273,1.51305,1.00,1.00
2016.12.22 16:00:53.663,1.51273,1.51307,1.00,1.00
2016.12.22 16:00:54.997,1.51273,1.51309,1.00,1.00
2016.12.22 16:00:55.048,1.51273,1.51307,1.00,1.00
2016.12.22 16:00:55.350,1.51271,1.51307,1.00,1.00
2016.12.22 16:00:55.401,1.51267,1.51307,1.00,1.00
2016.12.22 16:00:55.653,1.51267,1.51309,1.00,1.00
2016.12.22 16:00:56.302,1.51267,1.51308,2.50,1.00
2016.12.22 16:00:56.645,1.51272,1.5131,1.50,1.00
2016.12.22 16:00:57.433,1.51272,1.51309,1.00,1.00
2016.12.22 16:00:57.640,1.51272,1.51312,1.50,1.50
2016.12.22 16:00:57.794,1.51279,1.51312,1.00,1.00
2016.12.22 16:00:57.946,1.51274,1.51312,1.50,1.12
2016.12.22 16:00:57.997,1.51274,1.51311,1.50,1.37
2016.12.22 16:00:58.047,1.51271,1.51311,1.00,1.00
2016.12.22 16:00:58.148,1.51271,1.51311,1.00,1.00
2016.12.22 16:00:58.654,1.51271,1.51312,2.25,1.00
2016.12.22 16:00:59.174,1.51273,1.51312,1.50,1.00
2016.12.22 16:00:59.477,1.51279,1.51313,1.00,1.00
2016.12.22 16:00:59.998,1.51275,1.51311,1.00,1.60
2016.12.22 16:01:00.150,1.51275,1.51306,1.00,1.00
2016.12.22 16:01:00.511,1.51274,1.51306,1.00,1.00
2016.12.22 16:01:00.635,1.51274,1.51302,1.00,1.00
2016.12.22 16:01:00.736,1.51263,1.51302,1.00,1.00
2016.12.22 16:01:00.786,1.51263,1.51304,1.00,1.00
2016.12.22 16:01:01.089,1.51269,1.51302,1.00,1.50
2016.12.22 16:01:01.240,1.51264,1.51302,2.25,1.00
2016.12.22 16:01:01.341,1.51269,1.51302,1.00,1.00
2016.12.22 16:01:01.706,1.51269,1.513,1.00,1.00
2016.12.22 16:01:01.807,1.51269,1.51306,1.00,1.00
2016.12.22 16:01:02.009,1.51269,1.51302,1.00,1.00
2016.12.22 16:01:02.160,1.51269,1.51304,1.00,1.00
2016.12.22 16:01:02.312,1.51269,1.51301,1.00,1.00
2016.12.22 16:01:02.416,1.51266,1.51301,1.00,1.00
2016.12.22 16:01:02.517,1.51264,1.51301,2.25,1.00
2016.12.22 16:01:02.942,1.51264,1.51298,1.00,1.00
2016.12.22 16:01:03.139,1.51264,1.51303,1.00,1.87
2016.12.22 16:01:03.240,1.51269,1.51299,1.00,1.00
2016.12.22 16:01:03.919,1.51269,1.51297,1.00,1.00
2016.12.22 16:01:04.189,1.51269,1.51301,1.00,1.00
2016.12.22 16:01:04.340,1.51269,1.513,1.00,1.00
2016.12.22 16:01:04.428,1.51269,1.513,1.00,1.00
2016.12.22 16:01:04.886,1.51269,1.51296,1.00,1.00
2016.12.22 16:01:05.391,1.51269,1.51297,1.00,1.00
2016.12.22 16:01:05.958,1.51269,1.51301,1.50,1.00
2016.12.22 16:01:06.433,1.51269,1.51297,1.00,1.00
2016.12.22 16:01:06.534,1.51268,1.51297,1.00,1.00
2016.12.22 16:01:06.754,1.51268,1.51297,1.00,1.00
2016.12.22 16:01:06.858,1.51268,1.51299,1.00,1.00
2016.12.22 16:01:06.908,1.51268,1.51297,1.00,1.00
2016.12.22 16:01:07.227,1.51267,1.51296,1.00,1.00
2016.12.22 16:01:07.379,1.51268,1.51298,1.00,1.00
2016.12.22 16:01:07.429,1.51268,1.51298,1.00,1.00
2016.12.22 16:01:07.681,1.51264,1.51293,1.00,1.00
2016.12.22 16:01:08.222,1.51264,1.51294,1.00,1.00
2016.12.22 16:01:08.531,1.51264,1.51297,1.00,1.00
2016.12.22 16:01:09.132,1.51267,1.51299,1.00,1.00
2016.12.22 16:01:09.182,1.51265,1.51298,1.00,1.00
2016.12.22 16:01:09.233,1.51265,1.51296,1.00,1.00
2016.12.22 16:01:09.930,1.51265,1.51292,1.00,1.00
2016.12.22 16:01:10.067,1.51265,1.51296,1.00,1.00
2016.12.22 16:01:10.221,1.51264,1.51294,1.00,1.00
2016.12.22 16:01:10.732,1.51264,1.51295,1.00,1.00
2016.12.22 16:01:11.035,1.51266,1.51298,1.00,1.00
2016.12.22 16:01:11.265,1.51266,1.51298,1.00,1.00
2016.12.22 16:01:11.316,1.51266,1.51299,1.00,1.00
2016.12.22 16:01:11.618,1.51268,1.51296,1.00,1.00
2016.12.22 16:01:11.820,1.51268,1.51296,1.00,1.00
2016.12.22 16:01:12.053,1.51269,1.51296,1.00,1.00
2016.12.22 16:01:12.215,1.51269,1.513,1.00,1.37
2016.12.22 16:01:12.266,1.51268,1.51297,1.00,1.12
2016.12.22 16:01:12.765,1.51264,1.51295,1.50,1.00
2016.12.22 16:01:12.866,1.51264,1.51298,1.00,1.00
2016.12.22 16:01:13.740,1.51264,1.51295,1.00,1.00
2016.12.22 16:01:13.841,1.51264,1.51298,1.00,1.00
2016.12.22 16:01:14.312,1.51269,1.51298,1.00,1.00
2016.12.22 16:01:14.633,1.51265,1.51297,1.00,1.00
2016.12.22 16:01:14.972,1.51265,1.51299,1.00,1.00
2016.12.22 16:01:15.073,1.51265,1.51301,1.00,1.00
2016.12.22 16:01:15.224,1.51265,1.51303,1.00,1.00
2016.12.22 16:01:15.275,1.51273,1.5131,1.00,1.45
2016.12.22 16:01:15.527,1.51274,1.51315,1.50,1.00
2016.12.22 16:01:15.694,1.51274,1.51312,1.00,1.00
2016.12.22 16:01:16.046,1.51274,1.51316,1.00,1.00
2016.12.22 16:01:16.349,1.51276,1.51314,2.12,1.00
2016.12.22 16:01:16.639,1.51276,1.51317,2.12,1.00
2016.12.22 16:01:16.855,1.51279,1.51317,1.00,1.00
2016.12.22 16:01:17.138,1.51284,1.51325,1.00,1.12
2016.12.22 16:01:17.239,1.51275,1.51312,1.00,1.37
2016.12.22 16:01:17.492,1.51267,1.51306,1.00,2.10
2016.12.22 16:01:17.593,1.51267,1.51307,1.00,2.10
2016.12.22 16:01:17.695,1.51267,1.51307,1.00,1.60
2016.12.22 16:01:17.746,1.51269,1.51307,1.00,1.60
2016.12.22 16:01:18.240,1.51272,1.5131,1.12,1.50
2016.12.22 16:01:18.418,1.51272,1.51312,1.00,1.00
2016.12.22 16:01:18.519,1.51279,1.51312,1.00,1.00
2016.12.22 16:01:18.772,1.51279,1.51315,1.00,1.00
2016.12.22 16:01:19.291,1.51277,1.51315,1.00,1.50
2016.12.22 16:01:19.342,1.51275,1.51314,1.00,1.50
2016.12.22 16:01:19.393,1.51274,1.5131,1.00,1.60
2016.12.22 16:01:19.566,1.51268,1.51301,1.00,1.50
2016.12.22 16:01:19.617,1.51265,1.51302,1.00,1.00
2016.12.22 16:01:19.667,1.51268,1.51301,1.00,1.00
2016.12.22 16:01:19.768,1.51268,1.51308,1.00,1.50
2016.12.22 16:01:19.819,1.51265,1.51308,1.00,1.50
2016.12.22 16:01:19.920,1.51269,1.51308,1.00,1.50
2016.12.22 16:01:19.971,1.51269,1.5131,1.00,1.00
2016.12.22 16:01:20.130,1.51269,1.51307,1.00,1.00
2016.12.22 16:01:20.231,1.51264,1.51307,1.50,1.37
2016.12.22 16:01:20.332,1.51264,1.51307,1.00,1.12
2016.12.22 16:01:20.584,1.51268,1.51307,1.00,1.00
2016.12.22 16:01:20.960,1.51268,1.51301,1.00,1.00
2016.12.22 16:01:21.162,1.51268,1.51307,1.00,1.00
2016.12.22 16:01:21.263,1.51268,1.5131,1.00,1.37
2016.12.22 16:01:21.414,1.51268,1.51312,1.00,1.00
2016.12.22 16:01:21.921,1.51268,1.51313,3.00,1.00
2016.12.22 16:01:22.086,1.51269,1.51316,1.50,1.00
2016.12.22 16:01:22.440,1.51272,1.51314,1.50,1.00
2016.12.22 16:01:22.749,1.51272,1.51308,1.00,1.00
2016.12.22 16:01:22.900,1.51272,1.51312,1.00,2.10
2016.12.22 16:01:23.549,1.51272,1.51314,1.50,1.60
2016.12.22 16:01:24.063,1.51272,1.51311,1.00,1.00
2016.12.22 16:01:24.316,1.51272,1.51315,2.25,1.00
2016.12.22 16:01:24.417,1.51273,1.51316,1.50,1.00
2016.12.22 16:01:24.468,1.51273,1.51316,1.50,1.00
2016.12.22 16:01:24.569,1.51273,1.51318,1.50,1.00
2016.12.22 16:01:24.963,1.51273,1.51316,2.50,1.00
2016.12.22 16:01:25.356,1.51273,1.51315,1.00,2.10
2016.12.22 16:01:25.407,1.51279,1.51313,1.00,1.00
2016.12.22 16:01:25.659,1.51274,1.5131,1.00,1.00
2016.12.22 16:01:25.710,1.51274,1.51308,1.00,1.00
2016.12.22 16:01:25.761,1.51274,1.5131,1.00,1.00
2016.12.22 16:01:26.108,1.51274,1.51314,1.00,1.00
2016.12.22 16:01:26.159,1.51274,1.51314,2.25,1.37
2016.12.22 16:01:26.261,1.51269,1.51312,1.00,1.50
2016.12.22 16:01:26.362,1.51269,1.51314,1.00,1.00
2016.12.22 16:01:26.907,1.51278,1.51315,1.00,1.00
2016.12.22 16:01:27.253,1.51279,1.51317,1.00,1.00
2016.12.22 16:01:27.354,1.51279,1.51315,1.00,1.00
2016.12.22 16:01:27.556,1.51274,1.51315,1.00,1.00
2016.12.22 16:01:28.336,1.51274,1.51315,1.00,1.00
2016.12.22 16:01:28.907,1.51274,1.51315,1.00,1.37
2016.12.22 16:01:29.015,1.51274,1.51315,1.00,1.37
2016.12.22 16:01:29.171,1.51274,1.51314,1.00,1.12
2016.12.22 16:01:29.485,1.51273,1.51311,1.00,1.00
2016.12.22 16:01:29.751,1.51269,1.51309,1.50,1.00
2016.12.22 16:01:29.953,1.51269,1.51312,2.50,1.00
2016.12.22 16:01:30.530,1.51269,1.51312,1.50,1.00
2016.12.22 16:01:31.051,1.51269,1.51312,3.25,1.00
2016.12.22 16:01:31.152,1.51273,1.51315,1.50,1.00
2016.12.22 16:01:31.454,1.51273,1.51312,1.50,1.00
2016.12.22 16:01:31.758,1.51274,1.51312,1.00,1.00
2016.12.22 16:01:32.275,1.51274,1.51309,1.00,1.00
2016.12.22 16:01:32.577,1.51272,1.51309,1.00,1.00
2016.12.22 16:01:32.932,1.51272,1.51307,1.00,1.00
2016.12.22 16:01:33.195,1.51269,1.51306,1.50,1.00
2016.12.22 16:01:33.377,1.51269,1.51302,1.00,1.00
2016.12.22 16:01:33.679,1.51269,1.51307,1.00,1.00
2016.12.22 16:01:33.780,1.51269,1.51311,1.00,1.50
2016.12.22 16:01:34.290,1.51269,1.51312,2.87,1.00
2016.12.22 16:01:35.038,1.51271,1.5131,1.00,1.00
2016.12.22 16:01:36.015,1.51272,1.51308,1.00,1.00
2016.12.22 16:01:36.713,1.51272,1.51307,1.50,1.00
2016.12.22 16:01:36.865,1.51274,1.51313,1.00,1.00
2016.12.22 16:01:36.916,1.51279,1.51313,1.00,1.00
2016.12.22 16:01:37.017,1.51279,1.51315,1.50,1.00
2016.12.22 16:01:37.734,1.51279,1.51312,1.00,1.00
2016.12.22 16:01:38.435,1.51279,1.51312,1.00,1.00
2016.12.22 16:01:38.536,1.5128,1.51318,1.00,1.50
2016.12.22 16:01:38.637,1.51294,1.51318,1.00,1.00
2016.12.22 16:01:38.688,1.51294,1.51328,1.00,1.37
2016.12.22 16:01:38.739,1.51294,1.51328,2.87,1.00
2016.12.22 16:01:38.790,1.51294,1.51333,2.50,1.00
2016.12.22 16:01:38.891,1.51299,1.51333,1.00,1.00
2016.12.22 16:01:38.942,1.51295,1.51333,1.12,1.00
2016.12.22 16:01:39.193,1.51295,1.51335,1.00,1.00
2016.12.22 16:01:39.702,1.51295,1.51334,1.00,1.00
2016.12.22 16:01:40.054,1.51295,1.5133,1.00,1.00
2016.12.22 16:01:40.272,1.51294,1.51329,1.00,1.00
2016.12.22 16:01:40.423,1.51288,1.51329,1.50,1.50
2016.12.22 16:01:40.524,1.51288,1.51329,1.50,1.37
2016.12.22 16:01:40.999,1.51288,1.51329,1.50,1.00
2016.12.22 16:01:41.103,1.5129,1.51332,1.00,1.00
2016.12.22 16:01:41.254,1.51293,1.51336,1.50,1.12
2016.12.22 16:01:41.305,1.51295,1.51336,1.00,1.12
2016.12.22 16:01:41.855,1.51295,1.51335,2.50,1.00
2016.12.22 16:01:42.184,1.51299,1.51337,1.00,1.00
2016.12.22 16:01:42.918,1.513,1.5134,1.00,1.12
2016.12.22 16:01:43.120,1.513,1.51338,1.00,1.00
2016.12.22 16:01:43.657,1.51305,1.5134,1.00,1.00
2016.12.22 16:01:43.758,1.51309,1.51346,1.50,1.00
2016.12.22 16:01:43.859,1.51309,1.51343,2.50,1.00
2016.12.22 16:01:44.061,1.51309,1.51344,1.00,1.37
2016.12.22 16:01:44.467,1.51309,1.51344,1.00,1.00
2016.12.22 16:01:44.618,1.51309,1.51344,1.00,1.00
2016.12.22 16:01:44.962,1.51307,1.51341,1.00,1.00
2016.12.22 16:01:45.113,1.51307,1.51342,1.00,1.00
2016.12.22 16:01:45.667,1.51304,1.51335,1.00,1.00
2016.12.22 16:01:45.819,1.51302,1.51335,1.00,1.00
2016.12.22 16:01:46.121,1.51302,1.51336,1.00,1.00
2016.12.22 16:01:46.430,1.51286,1.51323,1.12,1.00
2016.12.22 16:01:46.481,1.51286,1.5132,1.00,1.00
2016.12.22 16:01:46.784,1.51298,1.51332,1.00,1.50
2016.12.22 16:01:46.835,1.51294,1.51332,1.50,1.50
2016.12.22 16:01:46.986,1.51295,1.51338,1.00,1.00
2016.12.22 16:01:47.289,1.51298,1.51334,1.00,1.37
2016.12.22 16:01:47.372,1.51295,1.51334,1.00,1.37
2016.12.22 16:01:47.423,1.51294,1.51334,1.00,1.00
2016.12.22 16:01:47.775,1.51294,1.51335,1.00,1.12
2016.12.22 16:01:47.977,1.51294,1.51337,2.25,1.00
2016.12.22 16:01:48.028,1.51294,1.51334,1.00,1.00
2016.12.22 16:01:48.537,1.51293,1.51334,2.25,1.50
2016.12.22 16:01:48.806,1.51293,1.51334,1.00,1.00
2016.12.22 16:01:49.134,1.51293,1.51331,1.00,1.00
2016.12.22 16:01:50.541,1.51293,1.51333,2.50,1.00
2016.12.22 16:01:50.592,1.51293,1.51335,3.62,1.00
2016.12.22 16:01:50.894,1.51296,1.51339,2.50,1.87
2016.12.22 16:01:50.995,1.51296,1.51335,1.50,1.00
2016.12.22 16:01:51.101,1.51296,1.51338,1.00,1.00
2016.12.22 16:01:51.453,1.51296,1.51336,1.00,1.00
2016.12.22 16:01:51.876,1.51299,1.51336,1.00,1.00
2016.12.22 16:01:52.027,1.51298,1.51336,1.00,1.50
2016.12.22 16:01:52.320,1.51298,1.51336,1.00,1.00
2016.12.22 16:01:52.422,1.51298,1.51339,2.50,1.00
2016.12.22 16:01:53.445,1.51298,1.51337,1.00,1.00
2016.12.22 16:01:53.495,1.51298,1.5134,1.00,1.00
2016.12.22 16:01:53.546,1.51298,1.51337,1.00,1.00
2016.12.22 16:01:53.798,1.51298,1.51337,1.00,1.00
2016.12.22 16:01:54.166,1.51298,1.51332,1.00,1.00
2016.12.22 16:01:54.479,1.51298,1.51338,1.00,1.00
2016.12.22 16:01:54.580,1.51299,1.51336,1.00,1.00
2016.12.22 16:01:55.114,1.51299,1.51337,3.00,1.00
2016.12.22 16:01:55.796,1.51299,1.51338,1.50,1.00
2016.12.22 16:01:56.098,1.51299,1.51333,1.00,1.00
2016.12.22 16:01:56.249,1.51299,1.51337,1.50,1.00
2016.12.22 16:01:56.804,1.51299,1.51337,1.00,1.00
2016.12.22 16:01:56.955,1.51299,1.51334,1.00,1.00
2016.12.22 16:01:57.107,1.51299,1.51336,1.50,1.00
2016.12.22 16:01:57.799,1.51299,1.51334,1.00,1.00
2016.12.22 16:01:57.953,1.51299,1.51331,1.00,1.00
2016.12.22 16:01:58.054,1.51295,1.51329,1.00,1.00
2016.12.22 16:01:58.595,1.51295,1.51331,1.00,1.00
2016.12.22 16:01:59.203,1.51299,1.51331,1.00,1.00
2016.12.22 16:01:59.511,1.51295,1.51329,1.00,1.00
2016.12.22 16:01:59.562,1.51294,1.51325,1.00,1.00
2016.12.22 16:01:59.738,1.51294,1.51328,1.50,1.00
2016.12.22 16:01:59.789,1.51294,1.51325,1.00,1.00
2016.12.22 16:02:00.243,1.51299,1.51329,1.00,1.00
2016.12.22 16:02:00.294,1.51297,1.51329,1.00,1.00
2016.12.22 16:02:00.496,1.51296,1.51332,1.00,1.00
2016.12.22 16:02:00.547,1.51294,1.51328,1.00,1.00
2016.12.22 16:02:00.900,1.51294,1.51333,1.00,1.00
2016.12.22 16:02:01.122,1.51303,1.51343,1.12,1.00
2016.12.22 16:02:01.173,1.51305,1.51348,1.00,1.50
2016.12.22 16:02:01.375,1.5131,1.51348,1.87,1.00
2016.12.22 16:02:01.577,1.5131,1.51353,1.50,1.00
2016.12.22 16:02:01.779,1.51313,1.51354,1.50,1.00
2016.12.22 16:02:02.081,1.51313,1.5135,1.00,1.12
2016.12.22 16:02:02.132,1.51313,1.51353,1.00,1.00
2016.12.22 16:02:02.257,1.51313,1.51353,1.00,1.00
2016.12.22 16:02:02.308,1.51313,1.51356,1.00,3.00
2016.12.22 16:02:03.225,1.51313,1.51354,1.00,1.00
2016.12.22 16:02:03.538,1.51319,1.51354,1.00,1.00
2016.12.22 16:02:03.894,1.51319,1.51356,1.00,1.00
2016.12.22 16:02:03.995,1.51318,1.51356,1.00,1.00
2016.12.22 16:02:04.211,1.51319,1.51356,1.00,1.00
2016.12.22 16:02:04.780,1.51319,1.51356,1.00,1.00
2016.12.22 16:02:04.981,1.51315,1.51351,1.00,1.00
2016.12.22 16:02:05.032,1.51313,1.51351,1.00,1.00
2016.12.22 16:02:05.544,1.51313,1.51351,1.00,1.00
2016.12.22 16:02:05.595,1.51315,1.51355,1.00,1.00
2016.12.22 16:02:05.847,1.5132,1.51365,1.87,1.00
2016.12.22 16:02:05.948,1.51329,1.51365,1.00,1.00
2016.12.22 16:02:06.150,1.51329,1.51368,1.00,1.00
2016.12.22 16:02:06.433,1.51327,1.51368,1.00,1.00
2016.12.22 16:02:06.584,1.51325,1.51366,2.85,1.00
2016.12.22 16:02:06.940,1.51325,1.51366,1.00,1.00
2016.12.22 16:02:07.717,1.51325,1.51366,1.00,1.00
2016.12.22 16:02:08.483,1.51324,1.51364,1.00,1.00
2016.12.22 16:02:08.533,1.51324,1.51361,1.00,1.00
2016.12.22 16:02:09.037,1.51323,1.51361,2.10,1.00
2016.12.22 16:02:09.493,1.51323,1.5136,2.35,1.00
2016.12.22 16:02:09.813,1.51323,1.51357,2.35,1.00
2016.12.22 16:02:09.965,1.51318,1.51355,1.00,1.00
2016.12.22 16:02:10.116,1.51319,1.51355,1.00,1.00
2016.12.22 16:02:10.332,1.51319,1.5136,1.00,1.00
2016.12.22 16:02:10.495,1.51321,1.51356,1.00,1.00
2016.12.22 16:02:10.987,1.51321,1.51355,1.00,1.00
2016.12.22 16:02:11.038,1.51321,1.51357,1.00,1.00
2016.12.22 16:02:11.088,1.51321,1.51354,1.00,1.00
2016.12.22 16:02:11.240,1.51321,1.51358,1.00,1.00
2016.12.22 16:02:11.391,1.51321,1.51355,1.50,1.00
2016.12.22 16:02:12.069,1.51316,1.51349,2.25,1.00
2016.12.22 16:02:12.322,1.51315,1.51346,1.00,1.00
2016.12.22 16:02:12.624,1.51319,1.51347,1.00,1.00
2016.12.22 16:02:12.776,1.51315,1.51347,1.00,1.00
2016.12.22 16:02:13.079,1.51315,1.51349,1.00,1.00
2016.12.22 16:02:13.808,1.51318,1.51349,1.00,1.00
2016.12.22 16:02:14.239,1.51318,1.51347,1.00,1.00
2016.12.22 16:02:14.290,1.51314,1.51345,1.00,1.00
2016.12.22 16:02:14.441,1.51313,1.51341,1.00,1.00
2016.12.22 16:02:14.542,1.51306,1.51337,1.00,1.00
2016.12.22 16:02:14.593,1.51309,1.51337,1.00,1.00
2016.12.22 16:02:14.701,1.51309,1.51344,1.00,1.00
2016.12.22 16:02:14.751,1.51309,1.51338,1.00,1.00
2016.12.22 16:02:14.852,1.51309,1.51344,1.00,1.00
2016.12.22 16:02:14.903,1.51307,1.51344,1.00,1.00
2016.12.22 16:02:15.054,1.51304,1.5134,1.00,1.00
2016.12.22 16:02:15.357,1.51303,1.51338,1.00,1.00
2016.12.22 16:02:15.687,1.51303,1.51331,1.00,1.00
2016.12.22 16:02:16.042,1.51296,1.51323,1.00,1.00
2016.12.22 16:02:16.093,1.51293,1.51323,1.50,1.00
2016.12.22 16:02:16.194,1.51293,1.51329,1.00,1.00
2016.12.22 16:02:16.296,1.51293,1.51324,1.00,1.00
2016.12.22 16:02:16.397,1.51293,1.51329,1.00,1.00
2016.12.22 16:02:16.852,1.51293,1.51327,1.00,1.00
2016.12.22 16:02:17.111,1.51284,1.51323,1.00,1.00
2016.12.22 16:02:17.162,1.51284,1.51319,1.00,1.00
2016.12.22 16:02:17.470,1.51286,1.51324,1.00,1.00
2016.12.22 16:02:17.954,1.51289,1.51324,1.00,1.00
2016.12.22 16:02:18.222,1.51288,1.51323,1.00,1.00
2016.12.22 16:02:18.368,1.51284,1.51317,2.25,1.00
2016.12.22 16:02:18.469,1.51284,1.51321,1.00,1.00
2016.12.22 16:02:18.622,1.51284,1.51319,1.50,1.00
2016.12.22 16:02:18.874,1.51284,1.51323,1.00,1.00
2016.12.22 16:02:18.975,1.51285,1.51323,1.00,1.00
2016.12.22 16:02:19.026,1.51285,1.51326,1.00,1.50
2016.12.22 16:02:19.278,1.51289,1.51326,1.00,1.00
2016.12.22 16:02:19.643,1.51289,1.51323,1.00,1.00
2016.12.22 16:02:19.845,1.51285,1.5132,1.00,1.60
2016.12.22 16:02:19.895,1.51285,1.51317,1.00,1.00
2016.12.22 16:02:20.047,1.51277,1.51316,1.00,1.00
2016.12.22 16:02:20.248,1.51274,1.51313,1.00,1.00
2016.12.22 16:02:20.551,1.51274,1.51311,1.00,1.00
2016.12.22 16:02:21.222,1.51274,1.51312,1.00,1.00
2016.12.22 16:02:21.579,1.51274,1.5131,2.50,1.00
2016.12.22 16:02:21.863,1.51275,1.51315,1.00,1.50
2016.12.22 16:02:21.914,1.5128,1.51316,1.00,1.12
2016.12.22 16:02:22.015,1.5128,1.51316,1.00,1.12
2016.12.22 16:02:22.180,1.51283,1.51316,1.00,1.12
2016.12.22 16:02:22.340,1.51288,1.51327,1.00,1.00
2016.12.22 16:02:22.441,1.51287,1.51327,1.50,1.00
2016.12.22 16:02:22.491,1.51287,1.51329,1.00,1.00
2016.12.22 16:02:22.542,1.51287,1.51332,2.50,1.00
2016.12.22 16:02:22.693,1.51291,1.51331,1.50,1.50
2016.12.22 16:02:22.894,1.51286,1.51326,1.00,1.50
2016.12.22 16:02:22.945,1.51283,1.5132,1.00,1.00
2016.12.22 16:02:23.314,1.51283,1.51324,1.00,1.00
2016.12.22 16:02:23.365,1.51283,1.5132,1.00,1.00
2016.12.22 16:02:23.869,1.51283,1.5132,1.00,1.00
2016.12.22 16:02:24.172,1.51283,1.51316,1.00,1.00
2016.12.22 16:02:24.323,1.51276,1.51316,1.00,1.00
2016.12.22 16:02:24.474,1.51276,1.51319,1.00,1.00
2016.12.22 16:02:25.044,1.51276,1.51319,1.00,1.00
2016.12.22 16:02:25.735,1.51276,1.51315,1.00,1.00
2016.12.22 16:02:26.054,1.51276,1.51309,1.00,1.00
2016.12.22 16:02:26.202,1.51272,1.51305,1.12,1.00
2016.12.22 16:02:26.666,1.5127,1.51303,1.00,1.00
2016.12.22 16:02:26.951,1.5127,1.51306,1.00,1.00
2016.12.22 16:02:27.213,1.51268,1.51303,1.00,1.00
2016.12.22 16:02:27.560,1.51268,1.51304,1.60,1.00
2016.12.22 16:02:27.712,1.51269,1.51312,1.60,1.00
2016.12.22 16:02:28.216,1.5127,1.51313,1.50,1.00
2016.12.22 16:02:29.195,1.51269,1.51309,2.10,1.00
2016.12.22 16:02:29.245,1.51269,1.51309,2.50,1.00
2016.12.22 16:02:29.346,1.51265,1.51305,1.00,1.50
2016.12.22 16:02:29.548,1.51265,1.51305,1.00,1.00
2016.12.22 16:02:29.800,1.51265,1.51304,1.00,1.00
2016.12.22 16:02:30.053,1.51265,1.51304,2.50,1.00
2016.12.22 16:02:30.227,1.51265,1.51304,1.00,1.87
2016.12.22 16:02:30.278,1.51265,1.51304,1.00,1.00
2016.12.22 16:02:30.329,1.51265,1.51307,1.00,1.00
2016.12.22 16:02:30.481,1.51265,1.51305,1.00,1.00
2016.12.22 16:02:31.065,1.51265,1.51306,1.50,1.00
2016.12.22 16:02:31.523,1.51265,1.51308,1.00,1.00
2016.12.22 16:02:31.767,1.51267,1.51309,1.50,1.00
2016.12.22 16:02:31.818,1.51269,1.51309,1.00,1.00
2016.12.22 16:02:32.321,1.51269,1.51309,1.00,1.00
2016.12.22 16:02:32.573,1.51269,1.51309,1.00,1.00
2016.12.22 16:02:33.074,1.51278,1.5131,1.00,1.00
2016.12.22 16:02:33.175,1.51278,1.51312,1.00,1.00
2016.12.22 16:02:33.226,1.51277,1.51315,1.00,1.00
2016.12.22 16:02:33.277,1.51277,1.51317,1.00,1.12
2016.12.22 16:02:33.479,1.51277,1.51314,1.00,1.00
2016.12.22 16:02:33.530,1.51275,1.51314,1.00,1.00
2016.12.22 16:02:33.631,1.51274,1.51309,1.50,1.00
2016.12.22 16:02:33.682,1.51274,1.51311,1.00,1.00
2016.12.22 16:02:33.934,1.51274,1.51314,2.12,1.00
2016.12.22 16:02:33.985,1.51276,1.51314,1.00,1.00
2016.12.22 16:02:34.036,1.51274,1.51315,1.00,1.00
2016.12.22 16:02:34.137,1.51274,1.51312,1.50,1.00
2016.12.22 16:02:34.467,1.51274,1.51315,1.50,1.00
2016.12.22 16:02:34.672,1.51274,1.51312,1.00,1.00
2016.12.22 16:02:35.175,1.51274,1.51311,1.00,1.00
2016.12.22 16:02:36.180,1.51274,1.5131,1.00,1.00
2016.12.22 16:02:36.383,1.51272,1.51312,1.50,1.50
2016.12.22 16:02:36.443,1.51272,1.51312,2.50,1.00
2016.12.22 16:02:36.980,1.51272,1.51313,1.00,1.00
2016.12.22 16:02:37.369,1.51272,1.51311,1.00,1.00
2016.12.22 16:02:37.988,1.51272,1.51313,1.00,1.00
2016.12.22 16:02:38.190,1.51272,1.51315,1.00,1.00
2016.12.22 16:02:38.511,1.51273,1.51312,2.25,1.00
2016.12.22 16:02:38.813,1.51275,1.51313,1.50,1.00
2016.12.22 16:02:39.136,1.51279,1.51313,2.50,1.00
2016.12.22 16:02:39.720,1.51279,1.51313,1.50,1.00
2016.12.22 16:02:40.217,1.51279,1.51312,1.00,1.00
2016.12.22 16:02:40.318,1.51279,1.51312,1.00,1.00
2016.12.22 16:02:40.506,1.51279,1.51312,1.00,1.00
2016.12.22 16:02:40.995,1.51279,1.51312,1.00,1.00
2016.12.22 16:02:41.410,1.51279,1.51311,1.00,1.00
2016.12.22 16:02:41.582,1.51279,1.51316,1.00,1.00
2016.12.22 16:02:41.633,1.51283,1.51321,1.00,1.50
2016.12.22 16:02:41.997,1.51283,1.51316,1.00,1.00
2016.12.22 16:02:42.641,1.51285,1.51321,1.00,1.00
2016.12.22 16:02:42.692,1.51288,1.51323,1.00,1.00
2016.12.22 16:02:42.794,1.51289,1.51327,1.00,1.00
2016.12.22 16:02:42.895,1.51288,1.51324,1.00,1.00
2016.12.22 16:02:43.248,1.51285,1.51321,1.00,1.00
2016.12.22 16:02:43.564,1.51284,1.51319,1.50,1.00
2016.12.22 16:02:43.616,1.51284,1.51324,1.00,1.00
2016.12.22 16:02:43.717,1.51289,1.51324,1.00,1.00
2016.12.22 16:02:43.768,1.51289,1.51326,1.00,1.00
2016.12.22 16:02:43.868,1.51289,1.51324,1.00,1.00
2016.12.22 16:02:43.919,1.51286,1.51326,1.00,2.25
2016.12.22 16:02:43.970,1.51286,1.51323,1.00,1.00
2016.12.22 16:02:44.436,1.51286,1.51319,1.00,1.00
2016.12.22 16:02:44.919,1.51283,1.51313,1.00,1.00
2016.12.22 16:02:44.969,1.51282,1.51322,1.00,1.37
2016.12.22 16:02:45.071,1.51281,1.51322,1.00,1.00
2016.12.22 16:02:45.122,1.51281,1.51323,1.00,2.25
2016.12.22 16:02:45.323,1.51284,1.5133,1.60,1.00
2016.12.22 16:02:45.424,1.51284,1.51326,1.60,1.00
2016.12.22 16:02:45.859,1.51284,1.51325,3.25,1.12
2016.12.22 16:02:45.910,1.51284,1.51325,1.50,1.37
2016.12.22 16:02:46.011,1.51284,1.51325,1.50,1.00
2016.12.22 16:02:46.061,1.51288,1.51325,1.00,1.00
2016.12.22 16:02:46.112,1.51287,1.51328,1.00,1.50
2016.12.22 16:02:46.264,1.51287,1.51331,1.00,1.35
2016.12.22 16:02:46.617,1.51289,1.51333,2.12,1.00
2016.12.22 16:02:46.768,1.51289,1.5133,1.00,1.00
2016.12.22 16:02:46.900,1.51286,1.51315,1.50,1.00
2016.12.22 16:02:47.051,1.51282,1.51317,1.00,1.00
2016.12.22 16:02:47.153,1.51282,1.51322,1.00,1.50
2016.12.22 16:02:47.912,1.51282,1.51318,1.00,1.00
2016.12.22 16:02:48.120,1.51278,1.51318,1.00,1.00
2016.12.22 16:02:48.242,1.51279,1.51317,1.00,1.00
2016.12.22 16:02:48.553,1.51278,1.5132,1.00,1.00
2016.12.22 16:02:48.855,1.51278,1.5132,1.00,1.00
2016.12.22 16:02:49.157,1.51278,1.51315,1.00,1.00
2016.12.22 16:02:49.502,1.51278,1.5132,1.00,1.00
2016.12.22 16:02:49.552,1.51288,1.51324,1.00,1.00
2016.12.22 16:02:49.603,1.51291,1.51329,1.00,1.00
2016.12.22 16:02:49.654,1.51293,1.51332,1.50,1.00
2016.12.22 16:02:49.810,1.51293,1.51333,1.50,1.00
2016.12.22 16:02:49.861,1.51293,1.51333,1.00,1.37
2016.12.22 16:02:50.381,1.51293,1.51333,1.00,1.37
2016.12.22 16:02:50.723,1.51293,1.51334,1.00,2.62
2016.12.22 16:02:51.227,1.51293,1.51332,1.00,1.37
2016.12.22 16:02:51.364,1.51292,1.51332,1.00,1.37
2016.12.22 16:02:51.656,1.51292,1.51332,1.00,1.00
2016.12.22 16:02:51.963,1.51292,1.51327,1.00,1.37
2016.12.22 16:02:52.501,1.51292,1.51327,1.00,1.00
2016.12.22 16:02:52.692,1.51285,1.51327,1.50,1.00
2016.12.22 16:02:52.776,1.51285,1.51328,1.00,1.00
2016.12.22 16:02:52.840,1.51285,1.5133,1.00,1.87
2016.12.22 16:02:52.964,1.51289,1.5133,1.00,1.12
2016.12.22 16:02:53.616,1.51289,1.5133,1.00,1.37
2016.12.22 16:02:53.919,1.51289,1.51327,1.00,1.00
2016.12.22 16:02:54.807,1.51289,1.51324,1.50,1.00
2016.12.22 16:02:56.094,1.5129,1.51325,1.00,1.00
2016.12.22 16:02:57.021,1.51292,1.51328,1.00,1.00
2016.12.22 16:02:57.223,1.51299,1.51328,1.00,1.00
2016.12.22 16:02:57.915,1.51295,1.51326,1.00,1.00
2016.12.22 16:02:58.943,1.51299,1.51324,1.00,1.00
2016.12.22 16:02:59.044,1.51294,1.51324,1.00,1.00
2016.12.22 16:02:59.366,1.51294,1.51328,1.00,1.00
2016.12.22 16:02:59.567,1.51294,1.51324,1.50,1.00
2016.12.22 16:03:00.032,1.51294,1.51326,1.00,1.00
2016.12.22 16:03:00.335,1.51298,1.51333,1.00,1.00
2016.12.22 16:03:00.385,1.51298,1.51333,1.00,1.00
2016.12.22 16:03:00.663,1.51299,1.51333,1.00,1.00
2016.12.22 16:03:01.683,1.51299,1.51332,1.00,1.00
2016.12.22 16:03:03.057,1.51299,1.5133,1.00,1.00
2016.12.22 16:03:03.261,1.51299,1.51334,1.50,1.00
2016.12.22 16:03:03.587,1.51309,1.51334,1.00,1.00
2016.12.22 16:03:03.638,1.51304,1.51334,1.50,1.00
2016.12.22 16:03:05.096,1.51304,1.51338,1.00,1.00
2016.12.22 16:03:05.422,1.51309,1.51338,1.00,1.00
2016.12.22 16:03:05.714,1.51308,1.51338,1.00,1.00
2016.12.22 16:03:05.823,1.51306,1.51336,1.00,1.00
2016.12.22 16:03:06.166,1.51309,1.5134,1.00,1.00
2016.12.22 16:03:06.418,1.51309,1.5134,1.00,1.00
2016.12.22 16:03:06.693,1.5131,1.51343,1.00,1.00
2016.12.22 16:03:07.218,1.51311,1.51344,1.00,1.00
2016.12.22 16:03:07.867,1.51313,1.51347,1.00,1.00
2016.12.22 16:03:07.971,1.51313,1.51345,1.00,1.00
2016.12.22 16:03:08.122,1.51313,1.51345,1.00,1.00
2016.12.22 16:03:08.273,1.51313,1.51346,1.00,1.00
2016.12.22 16:03:08.988,1.51313,1.51348,1.00,1.00
2016.12.22 16:03:09.366,1.51318,1.51346,1.00,1.00
2016.12.22 16:03:09.417,1.51319,1.51349,1.00,1.00
2016.12.22 16:03:09.518,1.51319,1.51352,1.00,1.00
2016.12.22 16:03:10.023,1.51319,1.51352,1.00,1.00
2016.12.22 16:03:10.575,1.51319,1.51352,1.50,1.00
2016.12.22 16:03:11.954,1.51319,1.51351,1.50,1.00
2016.12.22 16:03:13.685,1.51319,1.51353,1.50,1.00
2016.12.22 16:03:13.736,1.51319,1.5135,1.00,1.00
2016.12.22 16:03:14.254,1.51319,1.5135,1.50,1.00
2016.12.22 16:03:14.573,1.51319,1.51348,1.00,1.00
2016.12.22 16:03:14.724,1.51319,1.51355,1.00,1.00
2016.12.22 16:03:14.775,1.51317,1.5135,1.00,1.00
2016.12.22 16:03:14.826,1.51314,1.51345,1.50,1.00
2016.12.22 16:03:15.129,1.51318,1.51344,1.00,1.00
2016.12.22 16:03:15.180,1.51318,1.51349,1.00,1.00
2016.12.22 16:03:15.281,1.51318,1.51352,1.00,1.00
2016.12.22 16:03:15.820,1.51315,1.51349,1.00,1.00
2016.12.22 16:03:16.122,1.51319,1.51349,1.00,1.00
2016.12.22 16:03:17.078,1.51319,1.51351,1.00,1.00
2016.12.22 16:03:17.235,1.51318,1.51352,1.00,1.00
2016.12.22 16:03:17.336,1.51318,1.51357,1.00,1.00
2016.12.22 16:03:17.437,1.51318,1.51352,1.00,1.00
2016.12.22 16:03:18.396,1.51316,1.51352,1.00,1.00
2016.12.22 16:03:18.447,1.51315,1.51349,1.00,1.00
2016.12.22 16:03:18.561,1.51309,1.51344,1.00,1.35
2016.12.22 16:03:18.662,1.51309,1.51343,1.00,1.35
2016.12.22 16:03:18.814,1.51304,1.51338,1.87,1.60
2016.12.22 16:03:19.329,1.51304,1.51338,1.00,1.60
2016.12.22 16:03:20.058,1.51298,1.51336,1.50,1.60
2016.12.22 16:03:20.626,1.51299,1.51336,1.00,1.60
2016.12.22 16:03:20.910,1.51299,1.51337,1.00,1.00
2016.12.22 16:03:20.961,1.51299,1.51339,1.00,2.10
2016.12.22 16:03:21.115,1.51298,1.51335,1.00,1.00
2016.12.22 16:03:21.497,1.51299,1.51335,1.00,1.00
2016.12.22 16:03:21.885,1.51299,1.51337,1.00,1.35
2016.12.22 16:03:22.182,1.51299,1.51332,1.00,1.00
2016.12.22 16:03:22.659,1.51296,1.51328,1.00,1.00
2016.12.22 16:03:23.163,1.51296,1.51334,1.00,1.00
2016.12.22 16:03:23.264,1.51296,1.51331,1.00,1.00
2016.12.22 16:03:24.275,1.51296,1.51329,1.00,1.00
2016.12.22 16:03:26.735,1.51296,1.51326,1.00,1.60
2016.12.22 16:03:26.785,1.51293,1.51322,1.00,1.60
2016.12.22 16:03:26.836,1.51293,1.51322,1.00,1.00
2016.12.22 16:03:26.937,1.51289,1.51322,1.00,1.00
2016.12.22 16:03:27.515,1.51289,1.51322,1.00,1.00
2016.12.22 16:03:27.829,1.51288,1.51319,1.00,1.00
2016.12.22 16:03:28.565,1.51288,1.51317,1.00,1.00
2016.12.22 16:03:28.980,1.51287,1.51317,1.00,1.00
2016.12.22 16:03:29.082,1.51287,1.51315,1.00,1.00
2016.12.22 16:03:29.675,1.51286,1.51314,1.00,1.00
2016.12.22 16:03:30.115,1.51286,1.51316,1.00,1.00
2016.12.22 16:03:30.565,1.51286,1.51314,1.00,1.00
2016.12.22 16:03:30.867,1.51284,1.51311,1.50,1.00
2016.12.22 16:03:31.465,1.51283,1.51313,1.50,1.00
2016.12.22 16:03:32.705,1.51283,1.51312,1.00,1.00
2016.12.22 16:03:32.756,1.51283,1.51309,1.00,1.00
2016.12.22 16:03:32.971,1.51278,1.51309,1.00,1.00
2016.12.22 16:03:33.022,1.51276,1.51304,1.00,1.00
2016.12.22 16:03:33.073,1.51269,1.51301,1.00,1.00
2016.12.22 16:03:33.175,1.51269,1.51305,1.00,1.00
2016.12.22 16:03:33.327,1.51268,1.51301,1.00,1.00
2016.12.22 16:03:33.378,1.51268,1.51301,1.00,1.00
2016.12.22 16:03:33.530,1.51269,1.51305,1.00,1.00
2016.12.22 16:03:34.062,1.51269,1.51303,1.00,1.00
2016.12.22 16:03:34.511,1.51269,1.51305,1.00,1.00
2016.12.22 16:03:35.391,1.51269,1.51301,1.00,1.00
2016.12.22 16:03:35.912,1.51269,1.51301,1.00,1.00
2016.12.22 16:03:35.963,1.51269,1.51304,1.00,1.00
2016.12.22 16:03:36.064,1.51269,1.51306,1.00,1.00
2016.12.22 16:03:36.745,1.51269,1.51304,1.00,1.50
2016.12.22 16:03:37.258,1.51269,1.51303,1.00,1.00
2016.12.22 16:03:37.720,1.51269,1.51303,1.00,1.00
2016.12.22 16:03:37.806,1.51269,1.51303,1.00,1.00
2016.12.22 16:03:37.953,1.51269,1.513,1.00,1.00
2016.12.22 16:03:38.295,1.51269,1.513,1.00,1.00
2016.12.22 16:03:38.823,1.51269,1.513,1.00,1.00
2016.12.22 16:03:38.975,1.51269,1.51301,1.00,1.00
2016.12.22 16:03:39.323,1.5127,1.51304,2.12,1.00
2016.12.22 16:03:39.576,1.5127,1.51302,1.00,1.00
2016.12.22 16:03:39.727,1.5127,1.51301,1.00,1.00
2016.12.22 16:03:39.778,1.5127,1.51304,1.00,1.00
2016.12.22 16:03:39.879,1.5127,1.51307,1.00,2.25
2016.12.22 16:03:40.463,1.51271,1.51306,1.00,1.00
2016.12.22 16:03:40.613,1.51271,1.51303,1.00,1.00
2016.12.22 16:03:41.533,1.51271,1.51303,1.00,1.00
2016.12.22 16:03:41.835,1.51271,1.51304,1.00,1.00
2016.12.22 16:03:42.303,1.51278,1.51305,1.00,1.00
2016.12.22 16:03:42.353,1.51278,1.51311,1.00,1.00
2016.12.22 16:03:42.404,1.51278,1.51311,1.00,1.00
2016.12.22 16:03:42.506,1.51277,1.51308,1.00,1.00
2016.12.22 16:03:42.557,1.51275,1.51305,1.00,1.00
2016.12.22 16:03:42.607,1.51272,1.51305,1.00,1.00
2016.12.22 16:03:42.658,1.51268,1.51301,1.00,1.00
2016.12.22 16:03:42.968,1.51268,1.51306,1.00,1.00
2016.12.22 16:03:43.069,1.51269,1.51305,1.00,1.00
2016.12.22 16:03:43.502,1.51269,1.51307,1.00,1.00
2016.12.22 16:03:43.755,1.51269,1.51304,1.50,1.00
2016.12.22 16:03:44.261,1.51269,1.51303,1.00,1.00
2016.12.22 16:03:44.757,1.51278,1.51304,1.00,1.00
2016.12.22 16:03:44.858,1.51278,1.51308,1.00,1.00
2016.12.22 16:03:44.909,1.51278,1.5131,1.00,1.87
2016.12.22 16:03:45.423,1.51278,1.51309,2.50,1.00
2016.12.22 16:03:45.933,1.5128,1.51308,1.50,1.00
2016.12.22 16:03:46.283,1.5128,1.51307,1.00,1.00
2016.12.22 16:03:46.572,1.5128,1.51307,1.00,1.00
2016.12.22 16:03:46.927,1.5128,1.51305,1.00,1.00
2016.12.22 16:03:47.028,1.51277,1.51305,1.50,1.00
2016.12.22 16:03:47.157,1.51277,1.51307,1.00,1.00
2016.12.22 16:03:47.530,1.51277,1.51305,1.00,1.00
2016.12.22 16:03:48.070,1.51278,1.51305,1.00,1.00
2016.12.22 16:03:48.279,1.51278,1.51307,2.50,1.00
2016.12.22 16:03:48.566,1.51278,1.51307,1.50,1.00
2016.12.22 16:03:50.539,1.5128,1.5131,1.50,1.50
2016.12.22 16:03:50.590,1.5128,1.5131,1.50,1.00
2016.12.22 16:03:50.641,1.5128,1.5131,1.00,1.00
2016.12.22 16:03:50.692,1.51281,1.51313,1.50,1.00
2016.12.22 16:03:50.743,1.51283,1.51315,1.00,1.00
2016.12.22 16:03:51.046,1.51288,1.51316,2.50,1.00
2016.12.22 16:03:51.147,1.51288,1.5132,2.50,1.00
2016.12.22 16:03:51.349,1.51298,1.5132,1.00,1.00
2016.12.22 16:03:51.772,1.51294,1.5132,1.00,1.00
2016.12.22 16:03:51.823,1.51294,1.51327,1.00,1.00
2016.12.22 16:03:51.874,1.51294,1.51331,1.00,1.00
2016.12.22 16:03:51.925,1.51298,1.51331,1.00,1.00
2016.12.22 16:03:51.975,1.51298,1.51333,1.00,1.00
2016.12.22 16:03:52.127,1.51298,1.51333,1.00,1.87
2016.12.22 16:03:52.177,1.51298,1.51327,1.00,1.00
2016.12.22 16:03:52.228,1.51297,1.51327,1.00,1.00
2016.12.22 16:03:52.532,1.51294,1.51327,1.00,1.50
2016.12.22 16:03:52.684,1.51294,1.51321,1.00,1.00
2016.12.22 16:03:54.195,1.5129,1.5132,1.00,1.00
2016.12.22 16:03:54.246,1.5129,1.51318,1.00,1.00
2016.12.22 16:03:54.549,1.5129,1.51321,1.50,1.00
2016.12.22 16:03:55.200,1.5129,1.5132,1.00,1.00
2016.12.22 16:03:55.841,1.5129,1.51322,1.00,1.50
2016.12.22 16:03:55.993,1.5129,1.5132,1.50,1.00
2016.12.22 16:03:56.144,1.5129,1.51321,1.00,1.00
2016.12.22 16:03:56.296,1.5129,1.51323,1.50,1.00
2016.12.22 16:03:56.464,1.5129,1.51321,2.50,1.00
2016.12.22 16:03:56.837,1.51291,1.51325,1.00,1.00
2016.12.22 16:03:57.038,1.51291,1.51327,1.50,1.00
2016.12.22 16:03:57.089,1.51291,1.51324,1.00,1.00
2016.12.22 16:03:57.392,1.51291,1.51321,1.00,1.00
2016.12.22 16:03:57.557,1.51288,1.5132,1.00,1.00
2016.12.22 16:03:57.658,1.51288,1.51321,1.00,1.00
2016.12.22 16:03:57.960,1.51289,1.51323,2.50,1.00
2016.12.22 16:03:58.282,1.51289,1.51319,1.00,1.00
2016.12.22 16:03:59.102,1.51289,1.51321,1.00,1.50
2016.12.22 16:04:00.176,1.51289,1.5132,1.00,1.00
2016.12.22 16:04:00.226,1.51289,1.51318,1.00,1.00
2016.12.22 16:04:01.204,1.51289,1.5132,1.00,1.00
2016.12.22 16:04:03.109,1.51289,1.5132,1.00,1.00
2016.12.22 16:04:03.911,1.51289,1.5132,1.00,1.00
2016.12.22 16:04:04.077,1.51289,1.5132,2.50,1.00
2016.12.22 16:04:04.947,1.51289,1.51319,1.00,1.00
2016.12.22 16:04:05.109,1.51289,1.51319,1.00,1.00
2016.12.22 16:04:06.193,1.51289,1.51319,1.00,1.00
2016.12.22 16:04:06.404,1.51289,1.51321,1.50,1.00
2016.12.22 16:04:07.405,1.5129,1.51322,1.00,1.00
2016.12.22 16:04:07.803,1.5129,1.51322,1.00,1.00
2016.12.22 16:04:07.854,1.5129,1.5132,1.00,1.00
2016.12.22 16:04:09.020,1.5129,1.5132,1.00,1.00
2016.12.22 16:04:11.624,1.5129,1.5132,1.00,1.00
2016.12.22 16:04:12.296,1.5129,1.5132,1.00,1.00
2016.12.22 16:04:12.636,1.5129,1.5132,1.00,1.00
2016.12.22 16:04:14.022,1.5129,1.51318,1.00,1.00
2016.12.22 16:04:14.073,1.51286,1.51315,1.00,1.37
2016.12.22 16:04:14.745,1.51288,1.51315,1.00,1.87
2016.12.22 16:04:15.277,1.51288,1.51313,1.00,1.00
2016.12.22 16:04:16.529,1.51289,1.51313,1.00,1.00
2016.12.22 16:04:16.681,1.51289,1.51318,1.00,1.00
2016.12.22 16:04:17.241,1.51289,1.51316,1.00,1.00
2016.12.22 16:04:17.456,1.51289,1.51318,1.00,1.50
2016.12.22 16:04:17.507,1.51289,1.51321,1.00,1.00
2016.12.22 16:04:18.211,1.51299,1.51321,1.00,1.00
2016.12.22 16:04:18.785,1.51299,1.51322,1.00,1.00
2016.12.22 16:04:20.411,1.51299,1.51323,1.00,1.00
2016.12.22 16:04:20.714,1.51295,1.51323,1.00,1.00
2016.12.22 16:04:21.159,1.51293,1.5132,1.00,1.00
2016.12.22 16:04:21.662,1.51293,1.5132,1.00,1.00
2016.12.22 16:04:21.967,1.51298,1.5132,1.00,1.00
2016.12.22 16:04:22.018,1.51298,1.51323,1.00,1.00
2016.12.22 16:04:22.237,1.51296,1.51324,1.00,1.00
2016.12.22 16:04:23.513,1.51296,1.51328,1.00,1.50
2016.12.22 16:04:23.614,1.51299,1.51331,1.00,1.37
2016.12.22 16:04:23.715,1.51299,1.51332,1.00,1.00
2016.12.22 16:04:24.517,1.51298,1.51329,1.00,1.00
2016.12.22 16:04:24.618,1.51297,1.51327,1.00,1.00
2016.12.22 16:04:25.103,1.51295,1.51325,1.00,1.00
2016.12.22 16:04:25.640,1.51295,1.51325,1.00,1.00
2016.12.22 16:04:26.644,1.51295,1.51327,1.00,1.00
2016.12.22 16:04:27.077,1.51295,1.51325,1.00,1.00
2016.12.22 16:04:28.749,1.51295,1.51327,1.00,1.00
2016.12.22 16:04:28.800,1.51295,1.5133,1.00,1.00
2016.12.22 16:04:28.952,1.51295,1.51327,1.00,1.00
2016.12.22 16:04:29.915,1.51295,1.51327,1.00,1.00
2016.12.22 16:04:30.045,1.51295,1.51329,1.00,1.00
2016.12.22 16:04:30.294,1.51298,1.51329,1.00,1.00
2016.12.22 16:04:30.917,1.51298,1.5133,1.00,1.00
2016.12.22 16:04:31.795,1.51303,1.51335,1.00,1.00
2016.12.22 16:04:31.896,1.51303,1.51337,1.00,1.00
2016.12.22 16:04:31.947,1.51307,1.51341,1.00,1.00
2016.12.22 16:04:32.638,1.51307,1.51338,1.00,1.00
2016.12.22 16:04:32.840,1.51307,1.51335,1.00,1.00
2016.12.22 16:04:33.042,1.51298,1.51326,1.00,1.00
2016.12.22 16:04:33.244,1.51298,1.51328,1.00,1.00
2016.12.22 16:04:33.546,1.51298,1.51328,1.00,1.00
2016.12.22 16:04:34.008,1.51298,1.51331,1.00,1.00
2016.12.22 16:04:36.742,1.51304,1.51336,1.00,1.00
2016.12.22 16:04:36.944,1.51305,1.51339,1.00,1.00
2016.12.22 16:04:37.899,1.51305,1.5134,1.00,1.00
2016.12.22 16:04:38.076,1.51305,1.51342,1.00,1.00
2016.12.22 16:04:38.381,1.51309,1.51343,1.00,1.00
2016.12.22 16:04:38.917,1.51308,1.51338,1.00,1.00
2016.12.22 16:04:39.070,1.51308,1.51338,1.00,1.00
2016.12.22 16:04:39.380,1.51304,1.51336,1.50,1.00
2016.12.22 16:04:39.431,1.51304,1.51334,1.00,1.00
2016.12.22 16:04:39.749,1.51304,1.51331,1.00,1.00
2016.12.22 16:04:40.363,1.51297,1.51328,1.00,1.00
2016.12.22 16:04:41.376,1.51297,1.51329,1.00,1.00
2016.12.22 16:04:41.443,1.51299,1.51329,1.00,1.00
2016.12.22 16:04:42.087,1.51299,1.51327,1.00,1.00
2016.12.22 16:04:42.155,1.51299,1.51327,1.00,1.00
2016.12.22 16:04:43.949,1.51298,1.51326,1.00,1.00
2016.12.22 16:04:44.184,1.51299,1.5133,1.00,1.00
2016.12.22 16:04:44.235,1.51299,1.51334,1.50,1.50
2016.12.22 16:04:44.336,1.51299,1.51329,1.00,1.00
2016.12.22 16:04:44.872,1.51299,1.51329,1.00,1.00
2016.12.22 16:04:45.253,1.51299,1.51327,1.00,1.00
2016.12.22 16:04:45.774,1.51299,1.51328,1.00,1.00
2016.12.22 16:04:46.724,1.51299,1.51329,1.00,1.00
2016.12.22 16:04:48.828,1.51299,1.51329,1.00,1.00
2016.12.22 16:04:49.271,1.51299,1.51327,1.00,1.00
2016.12.22 16:04:49.812,1.51299,1.51326,1.00,1.00
2016.12.22 16:04:50.122,1.51297,1.51326,1.00,1.00
2016.12.22 16:04:50.232,1.51297,1.51324,1.00,1.00
2016.12.22 16:04:50.635,1.51299,1.51325,1.00,1.00
2016.12.22 16:04:51.341,1.51299,1.5133,1.00,1.50
2016.12.22 16:04:51.442,1.51299,1.51328,1.00,1.00
2016.12.22 16:04:52.623,1.51299,1.51328,1.00,1.00
2016.12.22 16:04:53.455,1.51299,1.51328,1.00,1.00
2016.12.22 16:04:53.544,1.51299,1.51328,1.00,1.00
2016.12.22 16:04:53.607,1.51299,1.5133,1.00,1.00
2016.12.22 16:04:53.909,1.51301,1.51333,1.00,1.00
2016.12.22 16:04:54.032,1.51304,1.51336,1.12,1.00
2016.12.22 16:04:54.094,1.51308,1.51336,1.00,1.00
2016.12.22 16:04:55.036,1.51308,1.51336,1.00,1.00
2016.12.22 16:04:55.137,1.51304,1.51334,1.50,1.00
2016.12.22 16:04:56.260,1.51304,1.51335,1.00,1.00
2016.12.22 16:04:56.596,1.51309,1.51335,1.00,1.00
2016.12.22 16:04:57.238,1.51309,1.51334,1.00,1.00
2016.12.22 16:04:58.027,1.51304,1.5133,1.00,1.00
2016.12.22 16:04:58.128,1.51309,1.51331,1.00,1.00
2016.12.22 16:04:58.380,1.51309,1.51334,1.00,1.00
2016.12.22 16:04:58.883,1.51305,1.51334,1.00,1.00
2016.12.22 16:04:59.025,1.51305,1.51338,1.00,1.00
2016.12.22 16:04:59.126,1.51309,1.51338,1.00,1.00
2016.12.22 16:04:59.278,1.51308,1.51338,1.00,1.00
2016.12.22 16:04:59.329,1.51308,1.51338,1.00,1.00
2016.12.22 16:04:59.380,1.51308,1.5134,1.00,1.00
2016.12.22 16:05:00.265,1.51309,1.51339,1.00,1.00
2016.12.22 16:05:00.316,1.51309,1.51337,1.00,1.00
2016.12.22 16:05:00.366,1.51309,1.51339,1.00,1.00
2016.12.22 16:05:00.468,1.51308,1.51339,1.00,1.00
2016.12.22 16:05:00.633,1.51309,1.51339,1.00,1.00
2016.12.22 16:05:00.684,1.51308,1.51339,1.00,1.00
2016.12.22 16:05:01.290,1.51308,1.5134,1.00,1.00
2016.12.22 16:05:01.844,1.51309,1.5134,1.00,1.00
2016.12.22 16:05:02.174,1.51309,1.51342,1.00,1.00
2016.12.22 16:05:02.314,1.51309,1.51342,1.00,1.00
2016.12.22 16:05:02.592,1.51309,1.51342,1.00,1.00
2016.12.22 16:05:04.017,1.51309,1.51338,1.00,1.00
2016.12.22 16:05:06.729,1.51309,1.5134,1.00,1.00
2016.12.22 16:05:07.171,1.51309,1.5134,1.60,1.00
2016.12.22 16:05:07.222,1.51309,1.51345,1.60,1.00
2016.12.22 16:05:07.272,1.51317,1.51352,1.00,1.12
2016.12.22 16:05:07.323,1.51317,1.51352,1.35,1.12
2016.12.22 16:05:07.374,1.51317,1.5135,1.00,1.00
2016.12.22 16:05:07.677,1.51319,1.5135,1.00,1.00
2016.12.22 16:05:11.448,1.51329,1.5135,1.00,1.00
2016.12.22 16:05:11.552,1.51319,1.51357,2.10,1.00
2016.12.22 16:05:11.653,1.51329,1.51353,1.00,1.00
2016.12.22 16:05:11.795,1.51329,1.51356,1.00,1.00
2016.12.22 16:05:11.846,1.51329,1.51353,1.00,1.00
2016.12.22 16:05:11.947,1.51323,1.5135,1.00,1.00
2016.12.22 16:05:12.514,1.51323,1.5135,1.00,1.00
2016.12.22 16:05:12.662,1.51323,1.51353,1.00,1.00
2016.12.22 16:05:13.502,1.51329,1.51353,1.00,1.00
2016.12.22 16:05:13.896,1.51323,1.51353,1.00,1.00
2016.12.22 16:05:14.679,1.51323,1.51354,1.50,1.00
2016.12.22 16:05:14.776,1.51323,1.51351,1.00,1.00
2016.12.22 16:05:15.028,1.51323,1.51355,1.00,1.00
2016.12.22 16:05:15.946,1.51323,1.51352,1.00,1.00
2016.12.22 16:05:16.276,1.51323,1.51349,1.00,1.00
2016.12.22 16:05:18.292,1.51323,1.51352,1.00,1.00
2016.12.22 16:05:18.342,1.51323,1.51354,1.00,1.00
2016.12.22 16:05:18.393,1.51323,1.51356,1.00,1.00
2016.12.22 16:05:18.444,1.51323,1.51354,1.00,1.00
2016.12.22 16:05:19.053,1.51323,1.51356,2.12,1.00
2016.12.22 16:05:19.568,1.51328,1.51356,1.00,1.00
2016.12.22 16:05:19.712,1.51328,1.51356,1.00,1.00
2016.12.22 16:05:19.763,1.51329,1.51358,1.00,1.00
2016.12.22 16:05:20.173,1.51325,1.51355,1.00,1.00
2016.12.22 16:05:21.073,1.51329,1.51355,1.00,1.00
2016.12.22 16:05:21.224,1.51326,1.51356,1.00,1.00
2016.12.22 16:05:22.048,1.51318,1.51336,1.00,1.00
2016.12.22 16:05:22.099,1.51313,1.51337,1.00,1.00
2016.12.22 16:05:22.199,1.51313,1.51344,1.00,1.60
2016.12.22 16:05:22.250,1.51313,1.51344,1.37,2.10
2016.12.22 16:05:22.552,1.51318,1.51345,1.00,1.00
2016.12.22 16:05:22.669,1.51319,1.51349,2.50,1.00
2016.12.22 16:05:23.127,1.51329,1.51349,1.00,1.00
2016.12.22 16:05:23.178,1.51329,1.51351,1.00,1.00
2016.12.22 16:05:23.279,1.51325,1.5135,1.00,1.00
2016.12.22 16:05:23.783,1.51321,1.51349,1.00,1.00
2016.12.22 16:05:23.884,1.51321,1.51344,1.00,1.00
2016.12.22 16:05:23.985,1.51314,1.51341,1.00,1.00
2016.12.22 16:05:24.343,1.51314,1.51343,2.50,1.00
2016.12.22 16:05:25.558,1.51314,1.51345,2.50,1.00
2016.12.22 16:05:26.152,1.51316,1.51348,1.00,1.00
2016.12.22 16:05:26.203,1.51317,1.51351,1.00,1.50
2016.12.22 16:05:26.354,1.51322,1.51351,1.50,1.00
2016.12.22 16:05:26.405,1.51322,1.51351,1.50,1.00
2016.12.22 16:05:26.711,1.51322,1.51351,1.00,1.00
2016.12.22 16:05:27.250,1.51322,1.51348,1.00,1.00
2016.12.22 16:05:28.048,1.51322,1.5135,2.50,1.00
2016.12.22 16:05:29.617,1.51322,1.51349,2.50,1.00
2016.12.22 16:05:30.571,1.51322,1.5135,1.00,1.00
2016.12.22 16:05:30.920,1.51322,1.51352,1.50,1.00
2016.12.22 16:05:31.072,1.5132,1.5135,1.50,1.00
2016.12.22 16:05:31.123,1.5132,1.5135,1.00,1.00
2016.12.22 16:05:31.174,1.5132,1.51354,1.50,1.00
2016.12.22 16:05:31.275,1.5132,1.51349,2.50,1.00
2016.12.22 16:05:31.628,1.5132,1.51349,2.50,1.00
2016.12.22 16:05:32.161,1.51323,1.51356,1.00,1.00
2016.12.22 16:05:32.212,1.51326,1.51356,1.00,1.00
2016.12.22 16:05:32.263,1.51326,1.51359,1.00,1.00
2016.12.22 16:05:32.313,1.51326,1.51357,1.00,1.00
2016.12.22 16:05:32.633,1.51329,1.51357,1.50,1.00
2016.12.22 16:05:32.885,1.51329,1.51357,1.00,1.00
2016.12.22 16:05:32.936,1.51329,1.51357,1.00,1.00
2016.12.22 16:05:33.439,1.51329,1.51357,2.50,1.00
2016.12.22 16:05:33.692,1.5133,1.5136,1.50,1.00
2016.12.22 16:05:34.572,1.51332,1.5136,1.50,1.00
2016.12.22 16:05:34.975,1.51332,1.51361,1.50,1.00
2016.12.22 16:05:35.026,1.51332,1.51359,1.00,1.00
2016.12.22 16:05:35.127,1.5133,1.51357,1.00,1.00
2016.12.22 16:05:35.328,1.5133,1.51357,1.00,1.00
2016.12.22 16:05:35.480,1.5133,1.51357,1.00,1.00
2016.12.22 16:05:35.530,1.5133,1.51352,1.00,1.00
2016.12.22 16:05:35.600,1.51324,1.51352,1.50,1.00
2016.12.22 16:05:35.650,1.51329,1.51357,1.00,1.00
2016.12.22 16:05:35.902,1.5133,1.51359,1.50,1.00
2016.12.22 16:05:37.216,1.5133,1.51359,2.50,1.00
2016.12.22 16:05:37.983,1.5133,1.51359,2.50,1.00
2016.12.22 16:05:38.034,1.5133,1.51361,1.50,1.00
2016.12.22 16:05:38.084,1.51331,1.51361,1.50,1.00
2016.12.22 16:05:38.185,1.51333,1.51363,1.50,1.00
2016.12.22 16:05:38.236,1.51339,1.51363,1.00,1.00
2016.12.22 16:05:38.293,1.51336,1.51363,1.00,1.00
2016.12.22 16:05:38.600,1.51338,1.51363,1.00,1.00
2016.12.22 16:05:38.701,1.51336,1.51363,1.00,1.00
2016.12.22 16:05:38.752,1.51336,1.51366,1.00,1.00
2016.12.22 16:05:38.803,1.51336,1.51366,1.00,1.00
2016.12.22 16:05:39.131,1.51335,1.51362,1.00,1.00
2016.12.22 16:05:39.659,1.51334,1.51356,1.50,1.00
2016.12.22 16:05:39.775,1.51334,1.51358,1.00,1.00
2016.12.22 16:05:39.828,1.51324,1.51351,1.12,1.00
2016.12.22 16:05:39.879,1.51324,1.51354,1.50,1.00
2016.12.22 16:05:40.030,1.51324,1.51354,2.50,1.00
2016.12.22 16:05:40.357,1.51329,1.51354,1.00,1.00
2016.12.22 16:05:40.862,1.51329,1.51354,1.00,1.00
2016.12.22 16:05:40.963,1.51329,1.51358,1.00,1.00
2016.12.22 16:05:41.014,1.51329,1.5136,1.00,1.00
2016.12.22 16:05:41.564,1.5133,1.51365,2.50,1.00
2016.12.22 16:05:41.744,1.5133,1.51362,1.00,1.00
2016.12.22 16:05:41.952,1.51327,1.51357,1.00,1.00
2016.12.22 16:05:42.053,1.51327,1.51361,1.00,1.00
2016.12.22 16:05:42.356,1.51329,1.51361,1.00,1.00
2016.12.22 16:05:42.884,1.51329,1.5136,1.00,1.00
2016.12.22 16:05:43.609,1.51329,1.51363,2.50,1.00
2016.12.22 16:05:43.660,1.51329,1.51359,2.50,1.00
2016.12.22 16:05:43.710,1.51329,1.51362,1.00,1.00
2016.12.22 16:05:44.381,1.51339,1.51362,1.00,1.00
2016.12.22 16:05:44.662,1.51339,1.51364,1.00,1.00
2016.12.22 16:05:44.859,1.51334,1.51364,1.50,1.00
2016.12.22 16:05:45.651,1.51334,1.51363,1.00,1.00
2016.12.22 16:05:45.702,1.51334,1.5136,1.00,1.00
2016.12.22 16:05:45.853,1.51334,1.51363,1.00,1.00
2016.12.22 16:05:45.904,1.51333,1.51363,1.50,1.00
2016.12.22 16:05:46.273,1.51334,1.51365,1.50,1.00
2016.12.22 16:05:46.576,1.51339,1.51365,1.00,1.00
2016.12.22 16:05:46.985,1.51335,1.51365,1.00,1.00
2016.12.22 16:05:47.476,1.51333,1.51365,1.50,1.00
2016.12.22 16:05:47.627,1.51331,1.51361,1.00,1.00
2016.12.22 16:05:47.946,1.51331,1.51354,1.00,1.00
2016.12.22 16:05:47.997,1.51324,1.51351,1.00,1.00
2016.12.22 16:05:48.098,1.51328,1.51357,1.00,1.00
2016.12.22 16:05:48.148,1.51328,1.5136,1.00,1.00
2016.12.22 16:05:48.199,1.51328,1.5136,1.00,1.00
2016.12.22 16:05:48.250,1.51328,1.5136,1.00,1.00
2016.12.22 16:05:48.614,1.51329,1.5136,1.00,1.00
2016.12.22 16:05:48.784,1.51329,1.51362,1.00,1.00
2016.12.22 16:05:48.835,1.51329,1.51362,1.00,1.00
2016.12.22 16:05:49.216,1.51338,1.51362,1.00,1.00
2016.12.22 16:05:49.583,1.51333,1.51362,1.00,1.00
2016.12.22 16:05:49.634,1.51333,1.51364,2.25,1.00
2016.12.22 16:05:49.835,1.51339,1.51364,1.00,1.00
2016.12.22 16:05:50.043,1.51334,1.51364,1.00,1.00
2016.12.22 16:05:51.516,1.51338,1.51364,1.00,1.00
2016.12.22 16:05:52.303,1.51338,1.51363,1.00,1.00
2016.12.22 16:05:52.684,1.51336,1.51368,1.00,1.00
2016.12.22 16:05:52.735,1.51336,1.51366,1.00,1.00
2016.12.22 16:05:52.937,1.51333,1.51364,1.00,1.00
2016.12.22 16:05:53.088,1.51333,1.5136,1.00,1.00
2016.12.22 16:05:53.628,1.51333,1.5136,1.00,1.00
2016.12.22 16:05:53.884,1.51333,1.51362,1.00,1.00
2016.12.22 16:05:54.661,1.51333,1.51361,1.00,1.00
2016.12.22 16:05:56.353,1.51339,1.51361,1.00,1.00
2016.12.22 16:05:56.481,1.51334,1.51361,1.00,1.00
2016.12.22 16:05:57.254,1.51334,1.51359,1.00,1.00
2016.12.22 16:05:57.773,1.51333,1.5136,1.00,1.00
2016.12.22 16:05:58.114,1.51323,1.51344,1.00,1.00
2016.12.22 16:05:59.272,1.51323,1.51345,1.00,1.00
2016.12.22 16:06:00.401,1.51316,1.5135,1.00,1.50
2016.12.22 16:06:00.452,1.51316,1.5135,1.00,1.50
2016.12.22 16:06:00.754,1.51314,1.51341,1.00,1.00
2016.12.22 16:06:01.084,1.51313,1.51338,1.00,1.00
2016.12.22 16:06:01.280,1.51313,1.5134,1.00,1.00
2016.12.22 16:06:01.798,1.51313,1.51339,1.00,1.00
2016.12.22 16:06:03.221,1.51313,1.51339,1.00,1.00
2016.12.22 16:06:03.767,1.51313,1.51339,1.00,1.00
2016.12.22 16:06:05.137,1.51313,1.5134,1.00,1.00
2016.12.22 16:06:08.060,1.51313,1.51341,1.00,1.00
2016.12.22 16:06:08.110,1.51313,1.51341,1.00,1.00
2016.12.22 16:06:08.756,1.51313,1.51339,1.00,1.00
2016.12.22 16:06:10.152,1.51313,1.51339,1.00,1.00
2016.12.22 16:06:12.289,1.51313,1.51341,1.00,1.00
2016.12.22 16:06:13.239,1.51313,1.51344,1.00,1.00
2016.12.22 16:06:13.290,1.51313,1.51343,2.50,1.00
2016.12.22 16:06:13.628,1.51318,1.51343,1.00,1.00
2016.12.22 16:06:14.339,1.51315,1.51345,1.00,1.00
2016.12.22 16:06:15.429,1.51318,1.51345,1.00,1.00
2016.12.22 16:06:15.734,1.51314,1.51341,1.00,1.00
2016.12.22 16:06:16.400,1.51314,1.51347,1.00,1.00
2016.12.22 16:06:16.501,1.51314,1.51347,2.50,1.00
2016.12.22 16:06:16.551,1.51314,1.51347,1.50,1.00
2016.12.22 16:06:16.652,1.51314,1.51346,1.50,1.00
2016.12.22 16:06:16.703,1.51319,1.51346,1.00,1.00
2016.12.22 16:06:17.649,1.51319,1.51345,1.00,1.00
2016.12.22 16:06:18.232,1.51314,1.51345,1.50,1.00
2016.12.22 16:06:18.282,1.51314,1.51347,2.50,1.00
2016.12.22 16:06:18.596,1.51319,1.51347,1.00,1.00
2016.12.22 16:06:19.314,1.51319,1.51346,1.00,1.00
2016.12.22 16:06:19.717,1.51315,1.51345,1.00,1.00
2016.12.22 16:06:20.108,1.51315,1.51347,1.00,1.00
2016.12.22 16:06:20.659,1.51316,1.51352,1.00,1.00
2016.12.22 16:06:20.760,1.51324,1.51361,1.35,1.87
2016.12.22 16:06:20.861,1.51324,1.51357,2.50,1.00
2016.12.22 16:06:21.163,1.51324,1.51354,1.00,1.00
2016.12.22 16:06:21.719,1.51324,1.51355,1.00,1.00
2016.12.22 16:06:22.121,1.51324,1.51353,1.00,1.00
2016.12.22 16:06:22.450,1.51324,1.51348,1.00,1.00
2016.12.22 16:06:22.963,1.51323,1.51348,1.00,1.00
2016.12.22 16:06:23.208,1.51317,1.51347,1.00,1.00
2016.12.22 16:06:23.472,1.51318,1.51347,1.00,1.00
2016.12.22 16:06:24.123,1.51318,1.51345,1.00,1.00
2016.12.22 16:06:24.180,1.51318,1.51347,1.00,1.00
2016.12.22 16:06:24.756,1.51319,1.51347,1.00,1.00
2016.12.22 16:06:25.520,1.51319,1.51347,1.00,1.00
2016.12.22 16:06:26.214,1.51319,1.51346,1.00,1.00
2016.12.22 16:06:26.416,1.51319,1.51342,1.00,1.00
2016.12.22 16:06:26.467,1.51313,1.51339,1.00,1.00
2016.12.22 16:06:27.008,1.51313,1.51339,1.00,1.00
2016.12.22 16:06:27.480,1.51313,1.51341,1.00,1.00
2016.12.22 16:06:28.172,1.51313,1.51338,1.00,1.00
2016.12.22 16:06:28.715,1.51313,1.51337,1.00,1.00
2016.12.22 16:06:29.426,1.51313,1.51334,1.00,1.00
2016.12.22 16:06:29.732,1.51304,1.51333,1.50,1.00
2016.12.22 16:06:30.038,1.51308,1.51333,1.00,1.00
2016.12.22 16:06:30.089,1.51304,1.51333,1.50,1.00
2016.12.22 16:06:30.258,1.51304,1.5133,1.00,1.00
2016.12.22 16:06:30.560,1.51303,1.51328,1.00,1.00
2016.12.22 16:06:31.172,1.51299,1.51328,1.00,1.00
2016.12.22 16:06:31.424,1.513,1.51329,1.50,1.00
2016.12.22 16:06:32.015,1.513,1.51329,1.00,1.00
2016.12.22 16:06:32.575,1.513,1.51329,1.00,1.00
2016.12.22 16:06:32.980,1.51298,1.51329,1.50,1.00
2016.12.22 16:06:33.247,1.51298,1.51329,2.50,1.00
2016.12.22 16:06:34.028,1.51312,1.51339,1.00,1.00
2016.12.22 16:06:34.079,1.51311,1.51342,1.00,1.50
2016.12.22 16:06:34.189,1.51311,1.51344,1.00,1.00
2016.12.22 16:06:34.290,1.51311,1.51347,1.00,1.00
2016.12.22 16:06:35.039,1.51313,1.51348,1.00,1.00
2016.12.22 16:06:35.459,1.51318,1.51348,1.00,1.00
2016.12.22 16:06:36.044,1.51318,1.51347,1.00,1.00
2016.12.22 16:06:37.223,1.51318,1.51343,1.00,1.00
2016.12.22 16:06:37.769,1.51318,1.51342,1.00,1.00
2016.12.22 16:06:38.586,1.51318,1.51341,1.00,1.00
2016.12.22 16:06:39.001,1.51314,1.51341,1.00,1.00
2016.12.22 16:06:39.324,1.51319,1.51341,1.00,1.00
2016.12.22 16:06:39.425,1.51313,1.51341,1.00,1.00
2016.12.22 16:06:39.678,1.51313,1.51346,1.00,1.00
2016.12.22 16:06:39.779,1.51313,1.51348,1.00,1.00
2016.12.22 16:06:40.081,1.51319,1.51348,1.00,1.00
2016.12.22 16:06:40.396,1.51319,1.51344,1.00,1.00
2016.12.22 16:06:40.743,1.51315,1.51344,1.00,1.00
2016.12.22 16:06:40.844,1.51314,1.51342,1.00,1.00
2016.12.22 16:06:40.995,1.51304,1.51334,1.00,1.00
2016.12.22 16:06:41.248,1.51309,1.51334,1.00,1.00
2016.12.22 16:06:41.349,1.51304,1.51334,1.50,1.00
2016.12.22 16:06:41.909,1.51308,1.51335,1.00,1.00
2016.12.22 16:06:42.428,1.51308,1.51336,1.00,1.00
2016.12.22 16:06:42.478,1.51309,1.51338,1.00,1.00
2016.12.22 16:06:43.198,1.51309,1.51337,1.00,1.00
2016.12.22 16:06:43.249,1.51305,1.51335,1.00,1.00
2016.12.22 16:06:43.351,1.51305,1.51332,1.00,1.00
2016.12.22 16:06:43.403,1.51303,1.51332,1.00,1.00
2016.12.22 16:06:45.454,1.51308,1.51338,1.00,1.00
2016.12.22 16:06:45.505,1.51308,1.51343,1.00,1.00
2016.12.22 16:06:45.858,1.51313,1.51347,1.20,1.00
2016.12.22 16:06:46.009,1.51328,1.51367,1.35,1.00
2016.12.22 16:06:46.060,1.51329,1.51363,1.00,1.00
2016.12.22 16:06:46.576,1.5133,1.51363,1.35,1.00
2016.12.22 16:06:48.432,1.5133,1.51363,1.00,1.00
2016.12.22 16:06:48.769,1.5133,1.51361,1.00,1.00
2016.12.22 16:06:49.125,1.5133,1.51366,1.00,1.00
2016.12.22 16:06:51.410,1.5133,1.51366,1.00,1.00
2016.12.22 16:06:51.980,1.5133,1.51367,1.50,1.00
2016.12.22 16:06:53.509,1.51331,1.51363,1.35,1.00
2016.12.22 16:06:55.011,1.51331,1.51368,1.50,1.50
2016.12.22 16:06:55.162,1.51332,1.51368,1.00,1.50
2016.12.22 16:06:55.686,1.51332,1.51366,1.00,1.00
2016.12.22 16:06:56.017,1.51332,1.51362,1.00,1.00
2016.12.22 16:06:56.801,1.51332,1.51361,1.00,1.00
2016.12.22 16:06:57.354,1.51332,1.51362,1.00,1.00
2016.12.22 16:06:58.261,1.51332,1.51367,1.00,1.00
2016.12.22 16:06:58.327,1.51332,1.51367,1.00,1.00
2016.12.22 16:06:59.317,1.51332,1.51367,1.00,1.00
2016.12.22 16:06:59.687,1.51332,1.51364,1.00,1.00
2016.12.22 16:07:00.347,1.51332,1.51364,1.00,1.00
2016.12.22 16:07:02.727,1.51345,1.51369,1.60,1.00
2016.12.22 16:07:02.828,1.51349,1.51376,2.35,1.00
2016.12.22 16:07:02.879,1.51349,1.51384,3.10,1.00
2016.12.22 16:07:02.930,1.51347,1.5138,1.60,1.00
2016.12.22 16:07:03.031,1.51345,1.51376,1.00,1.00
2016.12.22 16:07:03.668,1.51344,1.51374,1.00,1.00
2016.12.22 16:07:04.257,1.51344,1.51375,1.50,1.00
2016.12.22 16:07:04.599,1.51338,1.51367,1.00,1.00
2016.12.22 16:07:05.108,1.51335,1.51365,1.00,1.00
2016.12.22 16:07:07.420,1.51334,1.51372,1.50,1.50
2016.12.22 16:07:07.471,1.51336,1.5137,1.00,1.00
2016.12.22 16:07:07.773,1.51336,1.51368,1.00,1.00
2016.12.22 16:07:08.081,1.51336,1.51365,1.00,1.00
2016.12.22 16:07:08.414,1.51336,1.51368,1.00,1.00
2016.12.22 16:07:08.946,1.51336,1.51369,1.00,1.00
2016.12.22 16:07:09.262,1.51339,1.51369,1.00,1.00
2016.12.22 16:07:10.901,1.51339,1.51367,1.00,1.00
2016.12.22 16:07:11.368,1.51339,1.51368,1.00,1.00
2016.12.22 16:07:11.419,1.51339,1.51371,1.00,1.00
2016.12.22 16:07:11.571,1.51339,1.51368,1.00,1.00
2016.12.22 16:07:11.622,1.51339,1.51372,1.00,1.00
2016.12.22 16:07:11.874,1.51339,1.51372,1.00,1.00
2016.12.22 16:07:12.417,1.51339,1.51373,2.50,1.00
2016.12.22 16:07:13.457,1.5134,1.51374,1.00,1.50
2016.12.22 16:07:13.759,1.51348,1.51374,1.00,1.00
2016.12.22 16:07:13.961,1.51346,1.51374,1.00,1.00
2016.12.22 16:07:14.112,1.51345,1.51372,1.00,1.00
2016.12.22 16:07:14.314,1.51345,1.51374,1.00,1.00
2016.12.22 16:07:14.530,1.51345,1.51376,1.00,1.50
2016.12.22 16:07:14.581,1.51348,1.51375,1.00,1.00
2016.12.22 16:07:15.326,1.51348,1.51376,1.00,1.00
2016.12.22 16:07:15.842,1.51348,1.51375,1.00,1.00
2016.12.22 16:07:16.102,1.51344,1.51375,1.50,1.00
2016.12.22 16:07:16.153,1.51344,1.51377,1.00,1.00
2016.12.22 16:07:16.254,1.51344,1.5138,1.00,1.00
2016.12.22 16:07:16.304,1.51344,1.51376,1.00,1.00
2016.12.22 16:07:16.621,1.51349,1.51375,1.00,1.00
2016.12.22 16:07:18.417,1.51349,1.51376,1.00,1.00
2016.12.22 16:07:18.569,1.51344,1.51373,1.00,1.00
2016.12.22 16:07:18.720,1.51344,1.51369,1.00,1.00
2016.12.22 16:07:18.922,1.51344,1.51372,1.00,1.00
2016.12.22 16:07:19.451,1.51343,1.51372,1.00,1.00
2016.12.22 16:07:20.104,1.51343,1.51373,1.00,1.00
2016.12.22 16:07:20.635,1.51343,1.51372,1.00,1.00
2016.12.22 16:07:21.311,1.51343,1.5137,1.00,1.00
2016.12.22 16:07:21.485,1.51338,1.51367,1.00,1.00
2016.12.22 16:07:21.536,1.51338,1.51367,1.00,1.00
2016.12.22 16:07:25.047,1.51338,1.51369,1.00,1.00
2016.12.22 16:07:25.986,1.51338,1.5137,1.00,1.00
2016.12.22 16:07:26.555,1.51342,1.51373,1.00,1.00
2016.12.22 16:07:26.740,1.51342,1.51376,1.00,1.00
2016.12.22 16:07:27.043,1.51342,1.51374,1.00,1.00
2016.12.22 16:07:27.364,1.51343,1.51377,1.00,1.00
2016.12.22 16:07:27.465,1.51343,1.51375,1.00,1.50
2016.12.22 16:07:27.828,1.51343,1.51367,1.00,1.00
2016.12.22 16:07:28.030,1.51338,1.51367,1.00,1.00
2016.12.22 16:07:28.181,1.51335,1.51364,1.00,1.00
2016.12.22 16:07:31.514,1.51338,1.51368,1.00,1.00
2016.12.22 16:07:31.665,1.51338,1.51368,1.00,1.00
2016.12.22 16:07:31.817,1.51338,1.51372,1.00,1.00
2016.12.22 16:07:31.868,1.51336,1.51366,1.00,1.00
2016.12.22 16:07:32.019,1.51336,1.5137,1.00,1.00
2016.12.22 16:07:32.171,1.51338,1.5137,1.00,1.00
2016.12.22 16:07:32.523,1.5134,1.51373,1.50,1.00
2016.12.22 16:07:32.591,1.51348,1.51373,1.00,1.00
2016.12.22 16:07:32.692,1.51344,1.51373,1.50,1.00
2016.12.22 16:07:33.160,1.51344,1.51379,1.00,1.50
2016.12.22 16:07:33.261,1.51344,1.51375,1.00,1.00
2016.12.22 16:07:33.767,1.51349,1.51375,1.00,1.00
2016.12.22 16:07:34.288,1.51349,1.51376,1.00,1.00
2016.12.22 16:07:34.740,1.51345,1.51376,1.00,1.00
2016.12.22 16:07:34.973,1.51349,1.51376,1.00,1.00
2016.12.22 16:07:35.240,1.51346,1.5138,1.00,1.00
2016.12.22 16:07:35.291,1.51348,1.51383,1.00,1.00
2016.12.22 16:07:35.593,1.51348,1.5138,1.00,1.00
2016.12.22 16:07:36.249,1.51348,1.51384,1.50,1.00
2016.12.22 16:07:36.919,1.51348,1.51381,1.00,1.00
2016.12.22 16:07:36.970,1.51348,1.51377,1.00,1.00
2016.12.22 16:07:37.025,1.51348,1.51378,1.00,1.00
2016.12.22 16:07:37.331,1.51348,1.51378,1.00,1.00
2016.12.22 16:07:37.482,1.51348,1.51378,1.00,1.00
2016.12.22 16:07:37.983,1.51348,1.51379,1.00,1.00
2016.12.22 16:07:38.735,1.51349,1.51379,1.00,1.00
2016.12.22 16:07:38.786,1.51349,1.51381,1.00,1.00
2016.12.22 16:07:38.886,1.51349,1.51381,1.00,1.00
2016.12.22 16:07:39.036,1.51349,1.51383,1.00,1.00
2016.12.22 16:07:39.339,1.51349,1.51379,1.00,1.00
2016.12.22 16:07:39.862,1.51349,1.51379,1.00,1.00
2016.12.22 16:07:39.963,1.51349,1.51381,1.00,1.00
2016.12.22 16:07:40.603,1.51349,1.51382,1.50,1.00
2016.12.22 16:07:40.905,1.51349,1.51375,1.00,1.00
2016.12.22 16:07:40.956,1.51347,1.51375,1.00,1.00
2016.12.22 16:07:41.473,1.51349,1.51375,1.00,1.00
2016.12.22 16:07:41.890,1.51349,1.51377,1.00,1.00
2016.12.22 16:07:42.413,1.51349,1.51377,1.00,1.00
2016.12.22 16:07:43.050,1.51349,1.51376,1.00,1.00
2016.12.22 16:07:43.101,1.51349,1.5137,1.00,1.00
2016.12.22 16:07:43.151,1.51344,1.5137,1.00,1.00
2016.12.22 16:07:43.202,1.51344,1.51373,1.00,1.00
2016.12.22 16:07:43.253,1.51338,1.5137,1.00,1.00
2016.12.22 16:07:43.303,1.51339,1.5137,1.00,1.00
2016.12.22 16:07:43.829,1.51339,1.51371,1.00,1.00
2016.12.22 16:07:44.155,1.51339,1.51369,1.00,1.00
2016.12.22 16:07:44.701,1.51339,1.51369,1.00,1.00
2016.12.22 16:07:45.117,1.51339,1.5137,1.00,1.00
2016.12.22 16:07:45.167,1.51339,1.51372,1.00,1.00
2016.12.22 16:07:45.218,1.51339,1.51374,1.00,1.00
2016.12.22 16:07:45.587,1.51339,1.51372,1.50,1.00
2016.12.22 16:07:46.143,1.51339,1.51371,1.00,1.00
2016.12.22 16:07:46.713,1.51339,1.5137,1.00,1.00
2016.12.22 16:07:48.356,1.51339,1.51371,1.00,1.50
2016.12.22 16:07:48.871,1.51339,1.5137,1.00,1.00
2016.12.22 16:07:49.376,1.51339,1.51375,2.50,1.00
2016.12.22 16:07:49.427,1.51339,1.51373,1.50,1.00
2016.12.22 16:07:49.752,1.51349,1.51373,1.00,1.00
2016.12.22 16:07:50.282,1.51349,1.51373,1.00,1.00
2016.12.22 16:07:50.402,1.51349,1.51376,1.00,1.00
2016.12.22 16:07:50.722,1.51349,1.51374,1.00,1.00
2016.12.22 16:07:51.127,1.51349,1.51376,1.00,1.00
2016.12.22 16:07:51.767,1.51349,1.51377,1.00,1.50
2016.12.22 16:07:52.284,1.51349,1.51377,1.00,1.00
2016.12.22 16:07:52.412,1.51349,1.51377,1.00,1.00
2016.12.22 16:07:52.827,1.51348,1.51379,1.00,1.50
2016.12.22 16:07:52.878,1.51346,1.51375,1.00,1.00
2016.12.22 16:07:53.192,1.51349,1.51375,1.00,1.00
2016.12.22 16:07:55.142,1.51349,1.51376,1.00,1.00
2016.12.22 16:07:55.797,1.51349,1.51375,1.00,1.00
2016.12.22 16:07:56.125,1.51349,1.51373,1.00,1.00
2016.12.22 16:07:57.109,1.51349,1.51375,1.00,1.00
2016.12.22 16:07:58.133,1.51349,1.51379,1.00,1.00
2016.12.22 16:07:59.119,1.51349,1.5138,1.00,1.00
2016.12.22 16:08:02.094,1.51349,1.5138,1.00,1.00
2016.12.22 16:08:02.271,1.51349,1.51382,1.00,1.00
2016.12.22 16:08:02.657,1.51349,1.5138,1.00,1.00
2016.12.22 16:08:03.210,1.51349,1.51381,1.00,1.50
2016.12.22 16:08:03.518,1.51349,1.51379,1.00,1.00
2016.12.22 16:08:04.261,1.51349,1.51379,1.00,1.00
2016.12.22 16:08:04.578,1.51349,1.51374,1.00,1.00
2016.12.22 16:08:06.672,1.51349,1.51373,1.00,1.00
2016.12.22 16:08:06.723,1.51344,1.51373,1.00,1.00
2016.12.22 16:08:06.864,1.51344,1.51371,1.00,1.00
2016.12.22 16:08:07.093,1.51344,1.51373,1.00,1.00
2016.12.22 16:08:07.791,1.51348,1.51375,1.00,1.50
2016.12.22 16:08:07.942,1.51346,1.51373,1.00,1.00
2016.12.22 16:08:08.245,1.51348,1.51373,1.00,1.00
2016.12.22 16:08:08.911,1.51349,1.51373,1.00,1.00
2016.12.22 16:08:09.447,1.51343,1.51373,1.50,1.00
2016.12.22 16:08:09.498,1.51343,1.51369,1.00,1.00
2016.12.22 16:08:09.815,1.51343,1.51371,1.50,1.00
2016.12.22 16:08:10.067,1.51349,1.51371,1.00,1.00
2016.12.22 16:08:10.245,1.51343,1.51367,1.00,1.00
2016.12.22 16:08:10.548,1.51343,1.51364,1.00,1.00
2016.12.22 16:08:10.862,1.51334,1.51357,1.00,1.00
2016.12.22 16:08:11.079,1.51333,1.51361,1.00,1.00
2016.12.22 16:08:11.331,1.51333,1.51359,1.00,1.00
2016.12.22 16:08:11.382,1.51333,1.51363,1.00,1.50
2016.12.22 16:08:11.483,1.51333,1.51359,1.00,1.00
2016.12.22 16:08:12.041,1.51333,1.51359,1.00,1.00
2016.12.22 16:08:12.229,1.51333,1.51366,1.50,1.00
2016.12.22 16:08:12.280,1.51338,1.51368,1.72,1.00
2016.12.22 16:08:12.331,1.51339,1.51373,1.00,1.00
2016.12.22 16:08:12.433,1.51348,1.51373,1.00,1.00
2016.12.22 16:08:12.534,1.51348,1.51375,1.00,1.00
2016.12.22 16:08:12.585,1.51344,1.51375,2.25,1.00
2016.12.22 16:08:12.686,1.51349,1.51375,1.00,1.00
2016.12.22 16:08:13.210,1.51349,1.51376,1.00,1.00
2016.12.22 16:08:13.312,1.51349,1.51378,1.00,1.00
2016.12.22 16:08:13.514,1.51349,1.51376,1.00,1.00
2016.12.22 16:08:14.507,1.51349,1.51374,1.00,1.00
2016.12.22 16:08:14.658,1.51349,1.51377,1.00,1.50
2016.12.22 16:08:15.212,1.51349,1.51377,1.00,1.50
2016.12.22 16:08:15.536,1.51347,1.51377,1.00,1.00
2016.12.22 16:08:15.668,1.51347,1.51375,1.00,1.00
2016.12.22 16:08:15.719,1.51345,1.51375,1.00,1.00
2016.12.22 16:08:16.417,1.51345,1.51377,1.00,1.00
2016.12.22 16:08:16.468,1.51345,1.51379,1.00,1.00
2016.12.22 16:08:16.569,1.51344,1.51375,1.00,1.00
2016.12.22 16:08:16.748,1.51344,1.51367,1.00,1.00
2016.12.22 16:08:17.789,1.51344,1.51369,1.00,1.00
2016.12.22 16:08:18.289,1.51344,1.51367,1.00,1.00
2016.12.22 16:08:18.884,1.51344,1.51366,1.00,1.00
2016.12.22 16:08:19.812,1.51344,1.51368,1.00,1.00
2016.12.22 16:08:19.953,1.51342,1.51369,1.00,1.00
2016.12.22 16:08:20.004,1.51342,1.51369,1.00,1.00
2016.12.22 16:08:20.055,1.51342,1.51372,1.00,1.00
2016.12.22 16:08:20.156,1.51342,1.51368,1.00,1.00
2016.12.22 16:08:20.812,1.5134,1.51372,1.00,1.00
2016.12.22 16:08:20.863,1.5134,1.51372,1.00,1.00
2016.12.22 16:08:21.403,1.5134,1.51371,1.00,1.00
2016.12.22 16:08:21.555,1.5134,1.51371,1.00,1.00
2016.12.22 16:08:21.606,1.51335,1.51367,1.00,1.00
2016.12.22 16:08:21.656,1.51334,1.51364,1.00,1.00
2016.12.22 16:08:21.997,1.51339,1.51364,1.00,1.00
2016.12.22 16:08:22.193,1.51339,1.51367,1.00,1.00
2016.12.22 16:08:22.405,1.51335,1.51367,1.00,1.00
2016.12.22 16:08:22.506,1.51334,1.51364,1.00,1.00
2016.12.22 16:08:22.828,1.51334,1.51358,1.00,1.00
2016.12.22 16:08:23.517,1.51326,1.51358,1.00,1.00
2016.12.22 16:08:23.618,1.51329,1.51358,1.00,1.00
2016.12.22 16:08:25.013,1.51326,1.51358,1.00,1.00
2016.12.22 16:08:25.446,1.51329,1.51358,1.00,1.00
2016.12.22 16:08:25.841,1.51329,1.51356,1.00,1.00
2016.12.22 16:08:27.133,1.51329,1.51358,1.00,1.00
2016.12.22 16:08:29.773,1.51329,1.51359,1.00,1.00
2016.12.22 16:08:30.052,1.51329,1.51361,1.00,1.00
2016.12.22 16:08:30.153,1.51333,1.51366,1.00,1.00
2016.12.22 16:08:30.688,1.51333,1.51367,1.00,1.00
2016.12.22 16:08:30.739,1.51333,1.51362,1.00,1.00
2016.12.22 16:08:31.142,1.51333,1.51366,1.00,1.00
2016.12.22 16:08:31.344,1.51333,1.51363,1.50,1.00
2016.12.22 16:08:31.395,1.51333,1.51364,1.00,1.00
2016.12.22 16:08:31.496,1.51333,1.51364,1.00,1.00
2016.12.22 16:08:31.698,1.51333,1.51362,1.00,1.00
2016.12.22 16:08:32.209,1.51333,1.51363,1.00,1.00
2016.12.22 16:08:32.671,1.51333,1.51365,1.00,1.00
2016.12.22 16:08:33.483,1.51333,1.51365,1.00,1.00
2016.12.22 16:08:33.533,1.51333,1.51363,1.00,1.00
2016.12.22 16:08:33.836,1.51333,1.51359,1.00,1.00
2016.12.22 16:08:34.488,1.51333,1.51361,1.00,1.00
2016.12.22 16:08:34.539,1.51333,1.51358,1.00,1.00
2016.12.22 16:08:34.829,1.51333,1.5136,1.00,1.00
2016.12.22 16:08:35.473,1.51333,1.51361,1.00,1.00
2016.12.22 16:08:36.008,1.51333,1.5136,1.00,1.00
2016.12.22 16:08:36.735,1.51333,1.5136,1.00,1.00
2016.12.22 16:08:36.836,1.51333,1.51363,1.00,1.00
2016.12.22 16:08:36.887,1.51333,1.51365,1.00,1.00
2016.12.22 16:08:37.548,1.51333,1.51364,1.00,1.00
2016.12.22 16:08:37.599,1.51333,1.51362,1.00,1.00
2016.12.22 16:08:38.318,1.51333,1.5136,1.00,1.00
2016.12.22 16:08:38.369,1.51333,1.51363,1.00,1.00
2016.12.22 16:08:38.828,1.51333,1.51361,1.00,1.00
2016.12.22 16:08:39.371,1.51333,1.5136,1.00,1.00
2016.12.22 16:08:42.353,1.51333,1.51357,1.00,1.00
2016.12.22 16:08:42.832,1.51333,1.51359,1.00,1.00
2016.12.22 16:08:42.933,1.51333,1.51362,1.50,1.00
2016.12.22 16:08:43.597,1.51333,1.51367,1.00,1.50
2016.12.22 16:08:43.648,1.51336,1.51369,1.00,2.25
2016.12.22 16:08:43.799,1.51336,1.51369,1.00,1.00
2016.12.22 16:08:43.850,1.51338,1.51369,1.00,1.00
2016.12.22 16:08:44.002,1.51337,1.51364,1.00,1.00
2016.12.22 16:08:44.832,1.51339,1.51364,1.00,1.00
2016.12.22 16:08:45.286,1.51339,1.51367,1.00,1.00
2016.12.22 16:08:45.825,1.51339,1.5137,1.00,1.00
2016.12.22 16:08:45.876,1.5134,1.51372,1.00,1.00
2016.12.22 16:08:45.926,1.5134,1.51375,1.00,1.00
2016.12.22 16:08:46.179,1.51349,1.51376,1.00,1.00
2016.12.22 16:08:46.380,1.51344,1.51372,1.00,1.00
2016.12.22 16:08:46.683,1.51344,1.51374,1.00,1.00
2016.12.22 16:08:46.909,1.51344,1.51377,1.50,1.00
2016.12.22 16:08:47.314,1.51349,1.51377,1.00,1.00
2016.12.22 16:08:47.516,1.51343,1.51374,1.50,1.00
2016.12.22 16:08:47.667,1.51349,1.5138,1.00,1.50
2016.12.22 16:08:47.970,1.51349,1.51378,1.00,1.00
2016.12.22 16:08:48.554,1.51349,1.51379,1.00,1.50
2016.12.22 16:08:48.826,1.51344,1.51375,1.50,1.00
2016.12.22 16:08:48.977,1.51349,1.51377,1.00,1.00
2016.12.22 16:08:49.230,1.51346,1.51377,1.00,1.50
2016.12.22 16:08:49.281,1.51346,1.51375,1.00,1.00
2016.12.22 16:08:49.593,1.51349,1.51377,1.00,1.00
2016.12.22 16:08:49.970,1.51349,1.51375,1.00,1.00
2016.12.22 16:08:50.074,1.51344,1.51375,1.50,1.00
2016.12.22 16:08:50.376,1.51344,1.51378,1.00,1.00
2016.12.22 16:08:50.477,1.51344,1.51376,1.00,1.00
2016.12.22 16:08:50.780,1.51348,1.51376,1.00,1.00
2016.12.22 16:08:52.742,1.51348,1.51375,1.00,1.00
2016.12.22 16:08:52.880,1.51348,1.51377,1.00,1.00
2016.12.22 16:08:52.931,1.51348,1.51377,1.00,1.00
2016.12.22 16:08:53.032,1.51345,1.51376,1.00,1.00
2016.12.22 16:08:53.767,1.51345,1.51375,1.00,1.00
2016.12.22 16:08:55.870,1.51345,1.51375,1.60,1.00
2016.12.22 16:08:55.921,1.51345,1.51382,1.60,1.00
2016.12.22 16:08:55.972,1.51344,1.51375,1.60,1.00
2016.12.22 16:08:56.224,1.51342,1.51371,1.00,1.00
2016.12.22 16:08:56.376,1.51342,1.51374,1.00,1.00
2016.12.22 16:08:56.628,1.51342,1.5137,1.00,1.00
2016.12.22 16:08:57.116,1.51342,1.51374,1.00,1.00
2016.12.22 16:08:57.167,1.51342,1.51376,1.00,1.00
2016.12.22 16:08:57.268,1.51342,1.51371,1.00,1.00
2016.12.22 16:08:57.570,1.51349,1.51371,1.00,1.00
2016.12.22 16:08:57.671,1.51349,1.51373,1.00,1.00
2016.12.22 16:08:58.824,1.51349,1.51373,1.00,1.00
2016.12.22 16:08:59.331,1.51344,1.51371,1.00,1.00
2016.12.22 16:08:59.382,1.51349,1.51368,1.00,1.00
2016.12.22 16:08:59.433,1.51339,1.51368,1.00,1.00
2016.12.22 16:08:59.585,1.51339,1.51368,1.00,1.00
2016.12.22 16:09:00.331,1.51343,1.51369,1.00,1.00
2016.12.22 16:09:00.381,1.51343,1.51375,1.00,1.00
2016.12.22 16:09:00.483,1.51349,1.51379,1.00,1.00
2016.12.22 16:09:00.936,1.51349,1.51376,1.00,1.00
2016.12.22 16:09:01.138,1.51348,1.51376,1.00,1.00
2016.12.22 16:09:01.251,1.51344,1.51378,1.00,1.00
2016.12.22 16:09:01.305,1.51348,1.51378,1.00,1.00
2016.12.22 16:09:01.357,1.51343,1.51379,1.00,1.50
2016.12.22 16:09:01.514,1.51343,1.51379,1.00,1.50
2016.12.22 16:09:01.817,1.51343,1.51376,1.00,1.50
2016.12.22 16:09:02.623,1.51343,1.51375,1.00,1.00
2016.12.22 16:09:02.949,1.51343,1.51371,1.00,1.00
2016.12.22 16:09:03.815,1.51343,1.51369,1.00,1.00
2016.12.22 16:09:04.479,1.51343,1.51368,1.00,1.00
2016.12.22 16:09:05.369,1.51343,1.5137,1.00,1.00
2016.12.22 16:09:09.964,1.51343,1.51371,1.00,1.00
2016.12.22 16:09:10.500,1.51343,1.51372,1.00,1.50
2016.12.22 16:09:10.920,1.51343,1.5137,1.00,1.00
2016.12.22 16:09:11.539,1.51343,1.51371,1.00,1.00
2016.12.22 16:09:11.983,1.51348,1.5137,1.00,1.00
2016.12.22 16:09:12.034,1.51344,1.5137,1.00,1.00
2016.12.22 16:09:12.135,1.51344,1.51372,1.00,1.00
2016.12.22 16:09:12.185,1.51344,1.51375,1.00,1.00
2016.12.22 16:09:12.337,1.51344,1.51377,1.00,1.00
2016.12.22 16:09:12.388,1.51349,1.51377,1.00,1.00
2016.12.22 16:09:13.059,1.51349,1.51379,1.00,1.00
2016.12.22 16:09:13.329,1.51349,1.5138,1.00,1.00
2016.12.22 16:09:13.431,1.51349,1.51379,1.00,1.00
2016.12.22 16:09:13.635,1.51349,1.51378,1.00,1.00
2016.12.22 16:09:14.047,1.51349,1.51375,1.00,1.00
2016.12.22 16:09:14.098,1.51347,1.51375,1.00,1.00
2016.12.22 16:09:14.258,1.51349,1.51375,1.00,1.00
2016.12.22 16:09:14.810,1.51349,1.51375,1.00,1.00
2016.12.22 16:09:15.362,1.51349,1.51378,1.00,1.50
2016.12.22 16:09:15.867,1.51349,1.51377,1.00,1.00
2016.12.22 16:09:16.387,1.51349,1.51376,1.00,1.00
2016.12.22 16:09:16.735,1.51358,1.51379,1.00,1.00
2016.12.22 16:09:16.786,1.51354,1.51379,1.00,1.00
2016.12.22 16:09:17.379,1.51354,1.51378,1.00,1.00
2016.12.22 16:09:17.936,1.51354,1.51379,1.00,1.00
2016.12.22 16:09:18.107,1.51354,1.51382,1.00,1.00
2016.12.22 16:09:18.158,1.51359,1.51381,1.00,1.00
2016.12.22 16:09:18.209,1.51357,1.51391,1.00,2.25
2016.12.22 16:09:18.310,1.51357,1.51386,1.00,1.00
2016.12.22 16:09:18.838,1.51357,1.51385,1.00,1.00
2016.12.22 16:09:19.413,1.51356,1.51386,1.00,1.50
2016.12.22 16:09:19.564,1.51354,1.51384,1.00,1.00
2016.12.22 16:09:20.725,1.51354,1.51384,1.00,1.00
2016.12.22 16:09:21.236,1.51354,1.51385,1.00,1.00
2016.12.22 16:09:21.612,1.51354,1.51383,1.00,1.00
2016.12.22 16:09:22.154,1.51353,1.51384,1.00,1.00
2016.12.22 16:09:22.205,1.51352,1.5138,1.00,1.00
2016.12.22 16:09:22.457,1.51347,1.51377,1.00,1.00
2016.12.22 16:09:22.608,1.51348,1.51381,1.00,1.00
2016.12.22 16:09:22.952,1.51348,1.51383,3.00,1.00
2016.12.22 16:09:23.579,1.51349,1.51384,1.00,1.00
2016.12.22 16:09:23.950,1.51349,1.51386,1.50,1.50
2016.12.22 16:09:25.226,1.51352,1.51384,1.50,1.00
2016.12.22 16:09:25.327,1.51351,1.51383,1.00,1.00
2016.12.22 16:09:25.693,1.51351,1.51383,1.00,1.00
2016.12.22 16:09:26.032,1.51351,1.51383,1.00,1.00
2016.12.22 16:09:26.242,1.51351,1.51383,1.00,1.00
2016.12.22 16:09:26.915,1.51351,1.51383,1.00,1.00
2016.12.22 16:09:27.474,1.51351,1.51384,1.00,1.00
2016.12.22 16:09:27.980,1.51353,1.51385,1.50,1.00
2016.12.22 16:09:28.282,1.51353,1.51386,2.50,1.50
2016.12.22 16:09:28.434,1.51354,1.51388,1.50,1.00
2016.12.22 16:09:28.865,1.51358,1.51388,1.00,1.00
2016.12.22 16:09:28.966,1.51359,1.51391,1.50,1.00
2016.12.22 16:09:29.067,1.51359,1.51393,1.50,1.00
2016.12.22 16:09:29.712,1.51359,1.51392,1.00,1.00
2016.12.22 16:09:30.233,1.51359,1.51392,1.00,1.50
2016.12.22 16:09:30.977,1.51359,1.5139,1.00,1.00
2016.12.22 16:09:32.260,1.51359,1.51392,1.50,1.00
2016.12.22 16:09:32.832,1.51359,1.51394,1.00,1.00
2016.12.22 16:09:32.882,1.51359,1.51392,1.00,1.00
2016.12.22 16:09:33.785,1.51359,1.51392,1.00,1.00
2016.12.22 16:09:34.037,1.51359,1.51393,1.00,1.00
2016.12.22 16:09:35.026,1.51359,1.51394,1.00,1.00
2016.12.22 16:09:35.997,1.51359,1.51393,1.00,1.00
2016.12.22 16:09:36.523,1.51359,1.51393,1.00,1.00
2016.12.22 16:09:37.213,1.51359,1.51393,1.00,1.00
2016.12.22 16:09:38.090,1.51359,1.51394,1.00,1.50
2016.12.22 16:09:38.191,1.5136,1.51397,1.00,1.00
2016.12.22 16:09:38.242,1.5136,1.51395,1.00,1.00
2016.12.22 16:09:38.545,1.51359,1.5139,1.00,1.00
2016.12.22 16:09:38.853,1.51359,1.5139,1.00,1.00
2016.12.22 16:09:39.519,1.51359,1.51393,1.00,1.00
2016.12.22 16:09:39.720,1.51359,1.51391,1.00,1.00
2016.12.22 16:09:40.355,1.51358,1.51389,1.00,1.00
2016.12.22 16:09:40.805,1.51359,1.5139,1.00,1.00
2016.12.22 16:09:41.108,1.51359,1.51387,1.00,1.00
2016.12.22 16:09:41.390,1.51355,1.51384,1.00,1.00
2016.12.22 16:09:42.096,1.51355,1.51385,1.00,1.00
2016.12.22 16:09:42.326,1.51355,1.51389,1.00,1.50
2016.12.22 16:09:43.065,1.51355,1.51387,1.00,1.00
2016.12.22 16:09:43.386,1.51358,1.51394,1.00,1.00
2016.12.22 16:09:43.437,1.51358,1.51397,1.00,1.00
2016.12.22 16:09:43.538,1.51358,1.51388,1.00,1.00
2016.12.22 16:09:44.119,1.51358,1.51388,1.00,1.00
2016.12.22 16:09:44.496,1.51358,1.51392,1.00,1.00
2016.12.22 16:09:44.547,1.51358,1.51395,2.50,1.00
2016.12.22 16:09:44.597,1.51359,1.51393,1.00,1.00
2016.12.22 16:09:44.648,1.51359,1.51393,1.00,1.00
2016.12.22 16:09:45.049,1.5136,1.51394,1.00,1.00
2016.12.22 16:09:45.100,1.5136,1.514,1.00,1.00
2016.12.22 16:09:45.431,1.5136,1.51395,1.00,1.00
2016.12.22 16:09:45.784,1.5136,1.51393,1.00,1.00
2016.12.22 16:09:45.835,1.5136,1.51393,1.00,1.00
2016.12.22 16:09:46.024,1.5136,1.51393,1.00,1.00
2016.12.22 16:09:46.277,1.5136,1.51396,1.00,1.00
2016.12.22 16:09:46.556,1.5136,1.51396,1.00,1.00
2016.12.22 16:09:46.981,1.5136,1.51393,1.00,1.00
2016.12.22 16:09:47.031,1.51362,1.51398,1.35,1.00
2016.12.22 16:09:47.233,1.51362,1.51402,2.35,1.50
2016.12.22 16:09:47.806,1.51363,1.51401,3.25,1.00
2016.12.22 16:09:48.346,1.51365,1.51399,1.00,1.00
2016.12.22 16:09:48.831,1.51365,1.51399,1.00,1.00
2016.12.22 16:09:49.690,1.51365,1.51397,1.00,1.00
2016.12.22 16:09:51.826,1.51365,1.51398,1.00,1.00
2016.12.22 16:09:52.612,1.51364,1.51395,1.00,1.00
2016.12.22 16:09:52.915,1.51362,1.51393,1.35,1.00
2016.12.22 16:09:55.177,1.51361,1.51392,1.60,1.00
2016.12.22 16:09:56.291,1.51361,1.51393,1.00,1.00
2016.12.22 16:09:56.725,1.51362,1.51396,2.35,1.00
2016.12.22 16:09:57.329,1.51362,1.51395,1.00,1.00
2016.12.22 16:09:57.687,1.51362,1.51394,1.00,1.00
2016.12.22 16:10:00.108,1.51362,1.51395,1.00,1.00
2016.12.22 16:10:00.716,1.51362,1.51395,1.00,1.00
2016.12.22 16:10:00.767,1.51363,1.51396,1.00,1.50
2016.12.22 16:10:00.898,1.51363,1.51397,1.00,1.00
2016.12.22 16:10:00.948,1.51361,1.51387,1.00,1.00
2016.12.22 16:10:00.999,1.51359,1.51387,1.00,1.00
2016.12.22 16:10:01.050,1.51354,1.51383,1.37,1.00
2016.12.22 16:10:01.101,1.51349,1.51379,1.00,1.00
2016.12.22 16:10:01.406,1.51349,1.51382,1.00,1.00
2016.12.22 16:10:01.923,1.51349,1.51383,1.00,1.50
2016.12.22 16:10:02.409,1.51351,1.51384,1.00,1.00
2016.12.22 16:10:02.935,1.51351,1.51385,1.00,1.00
2016.12.22 16:10:03.394,1.51351,1.51383,1.00,1.00
2016.12.22 16:10:03.750,1.51342,1.51371,1.00,1.00
2016.12.22 16:10:04.536,1.51342,1.51374,1.00,1.00
2016.12.22 16:10:04.587,1.51343,1.51379,1.00,1.00
2016.12.22 16:10:04.637,1.51343,1.51384,1.00,1.00
2016.12.22 16:10:04.688,1.51347,1.5138,1.00,1.00
2016.12.22 16:10:04.739,1.51347,1.51386,1.00,1.50
2016.12.22 16:10:04.789,1.51347,1.5138,1.00,1.00
2016.12.22 16:10:05.699,1.51347,1.51379,1.00,1.00
2016.12.22 16:10:06.219,1.51347,1.51378,1.00,1.00
2016.12.22 16:10:06.779,1.51347,1.51377,1.00,1.00
2016.12.22 16:10:06.880,1.51345,1.51376,1.00,1.00
2016.12.22 16:10:07.132,1.51346,1.51379,1.00,1.00
2016.12.22 16:10:07.233,1.51346,1.51379,1.00,1.00
2016.12.22 16:10:07.435,1.51345,1.51376,1.00,1.00
2016.12.22 16:10:07.894,1.51345,1.51379,1.00,1.00
2016.12.22 16:10:08.199,1.51345,1.51375,1.00,1.00
2016.12.22 16:10:08.249,1.51341,1.51372,1.00,1.00
2016.12.22 16:10:08.753,1.51341,1.51373,1.00,1.00
2016.12.22 16:10:09.235,1.51341,1.51375,1.00,1.00
2016.12.22 16:10:10.388,1.51341,1.51374,1.00,1.00
2016.12.22 16:10:10.693,1.5134,1.51369,1.00,1.00
2016.12.22 16:10:11.296,1.5134,1.51373,1.00,1.00
2016.12.22 16:10:11.972,1.51339,1.51368,1.00,1.00
2016.12.22 16:10:12.691,1.51339,1.5137,1.00,1.00
2016.12.22 16:10:13.243,1.51343,1.5138,1.00,1.00
2016.12.22 16:10:13.294,1.51343,1.51376,1.00,1.00
2016.12.22 16:10:13.547,1.51341,1.51372,1.00,1.00
2016.12.22 16:10:13.849,1.51343,1.51378,1.00,1.00
2016.12.22 16:10:14.423,1.51343,1.51375,1.50,1.00
2016.12.22 16:10:14.675,1.51343,1.51379,1.00,1.00
2016.12.22 16:10:14.725,1.51344,1.5138,1.00,1.00
2016.12.22 16:10:15.028,1.51344,1.51384,1.00,1.00
2016.12.22 16:10:15.078,1.51346,1.5138,1.00,1.00
2016.12.22 16:10:16.131,1.5135,1.51384,1.00,1.00
2016.12.22 16:10:16.232,1.51352,1.51388,1.00,1.00
2016.12.22 16:10:16.333,1.51354,1.51395,2.10,1.00
2016.12.22 16:10:16.384,1.51357,1.51395,1.50,1.00
2016.12.22 16:10:17.076,1.51358,1.51392,1.50,1.00
2016.12.22 16:10:18.322,1.51359,1.51392,2.50,1.00
2016.12.22 16:10:18.428,1.51359,1.51392,1.00,1.00
2016.12.22 16:10:18.662,1.51359,1.51392,2.50,1.00
2016.12.22 16:10:18.859,1.51359,1.51392,1.00,1.00
2016.12.22 16:10:19.649,1.51359,1.51391,1.00,1.00
2016.12.22 16:10:21.273,1.51362,1.51393,1.35,1.00
2016.12.22 16:10:21.323,1.51362,1.51393,1.00,1.00
2016.12.22 16:10:21.374,1.5136,1.5139,1.00,1.00
2016.12.22 16:10:21.526,1.5136,1.51393,1.00,1.00
2016.12.22 16:10:21.627,1.51361,1.51395,1.00,1.00
2016.12.22 16:10:22.623,1.51361,1.51397,1.00,1.00
2016.12.22 16:10:23.144,1.51361,1.51396,1.00,1.00
2016.12.22 16:10:23.806,1.51361,1.51395,1.00,1.00
2016.12.22 16:10:24.631,1.51359,1.5139,1.50,1.00
2016.12.22 16:10:24.847,1.51363,1.51398,1.50,1.00
2016.12.22 16:10:24.898,1.51364,1.51398,1.00,1.00
2016.12.22 16:10:24.949,1.51364,1.51403,1.00,1.00
2016.12.22 16:10:25.610,1.51364,1.514,1.00,1.00
2016.12.22 16:10:26.304,1.51364,1.51398,1.00,1.00
2016.12.22 16:10:26.355,1.51362,1.51397,1.50,1.00
2016.12.22 16:10:26.406,1.51362,1.51399,1.00,1.00
2016.12.22 16:10:26.708,1.51362,1.51395,1.00,1.00
2016.12.22 16:10:27.750,1.51362,1.51395,1.00,1.00
2016.12.22 16:10:28.356,1.51362,1.51394,1.00,1.00
2016.12.22 16:10:28.840,1.51362,1.51392,1.00,1.00
2016.12.22 16:10:28.910,1.5136,1.5139,1.00,1.00
2016.12.22 16:10:29.095,1.5136,1.51397,1.00,1.00
2016.12.22 16:10:29.146,1.51362,1.51401,1.00,1.00
2016.12.22 16:10:29.584,1.51362,1.51396,1.00,1.00
2016.12.22 16:10:30.214,1.51364,1.51398,1.00,1.00
2016.12.22 16:10:30.628,1.51364,1.51396,1.00,1.00
2016.12.22 16:10:30.745,1.51364,1.51395,1.00,1.00
2016.12.22 16:10:30.846,1.51358,1.51392,1.00,1.00
2016.12.22 16:10:30.896,1.51358,1.51395,1.00,1.60
2016.12.22 16:10:31.199,1.5136,1.51397,1.00,1.00
2016.12.22 16:10:31.854,1.5136,1.51395,1.50,1.00
2016.12.22 16:10:32.169,1.51359,1.51392,1.00,1.00
2016.12.22 16:10:32.475,1.51357,1.51392,1.00,1.00
2016.12.22 16:10:32.954,1.51357,1.51392,1.00,1.00
2016.12.22 16:10:33.454,1.51357,1.51395,1.00,1.00
2016.12.22 16:10:33.555,1.51358,1.51395,1.00,1.00
2016.12.22 16:10:33.861,1.51358,1.51395,1.00,1.00
2016.12.22 16:10:34.458,1.51358,1.51396,1.00,1.00
2016.12.22 16:10:35.030,1.51359,1.51396,1.00,1.00
2016.12.22 16:10:36.729,1.51362,1.51399,2.50,1.00
2016.12.22 16:10:37.241,1.51364,1.51397,1.50,1.00
2016.12.22 16:10:37.342,1.51364,1.51397,1.50,1.00
2016.12.22 16:10:37.463,1.51364,1.51397,2.50,1.00
2016.12.22 16:10:37.564,1.51364,1.51397,1.50,1.00
2016.12.22 16:10:37.615,1.51364,1.51393,1.00,1.00
2016.12.22 16:10:37.665,1.51364,1.51398,1.00,1.50
2016.12.22 16:10:37.716,1.51364,1.51398,1.00,1.00
2016.12.22 16:10:38.078,1.5137,1.51407,1.00,1.00
2016.12.22 16:10:38.481,1.5137,1.51404,1.00,1.00
2016.12.22 16:10:39.016,1.5137,1.51407,1.00,1.00
2016.12.22 16:10:39.116,1.5137,1.51404,1.00,1.00
2016.12.22 16:10:39.268,1.51369,1.51403,1.00,1.00
2016.12.22 16:10:39.419,1.51369,1.51405,1.00,1.00
2016.12.22 16:10:39.767,1.51368,1.514,1.00,1.00
2016.12.22 16:10:39.968,1.51361,1.51394,1.50,1.00
2016.12.22 16:10:40.019,1.51361,1.51392,1.00,1.00
2016.12.22 16:10:40.170,1.51358,1.5139,1.00,1.00
2016.12.22 16:10:40.604,1.51358,1.5139,1.00,1.00
2016.12.22 16:10:40.756,1.51358,1.5139,1.00,1.00
2016.12.22 16:10:40.857,1.51358,1.51392,1.00,1.00
2016.12.22 16:10:41.989,1.51358,1.51392,2.50,1.00
2016.12.22 16:10:42.040,1.51358,1.51394,2.50,1.00
2016.12.22 16:10:42.551,1.51358,1.51394,1.50,1.00
2016.12.22 16:10:43.002,1.51358,1.5139,1.00,1.00
2016.12.22 16:10:43.583,1.51361,1.51397,1.50,1.00
2016.12.22 16:10:43.633,1.51361,1.51397,1.00,1.00
2016.12.22 16:10:44.036,1.51361,1.51396,1.00,1.00
2016.12.22 16:10:44.238,1.51361,1.51393,1.00,1.00
2016.12.22 16:10:45.117,1.51361,1.51396,1.00,1.00
2016.12.22 16:10:45.621,1.51361,1.51395,1.00,1.00
2016.12.22 16:10:45.823,1.51361,1.51393,1.00,1.00
2016.12.22 16:10:46.823,1.51361,1.51394,1.50,1.00
2016.12.22 16:10:49.007,1.51361,1.51391,1.00,1.00
2016.12.22 16:10:49.975,1.51361,1.5139,1.00,1.00
2016.12.22 16:10:52.042,1.51361,1.51393,1.00,1.00
2016.12.22 16:10:53.076,1.51358,1.51386,1.00,1.00
2016.12.22 16:10:53.632,1.51353,1.51381,1.50,1.00
2016.12.22 16:10:53.985,1.51353,1.51385,1.00,1.00
2016.12.22 16:10:54.564,1.51353,1.51384,1.00,1.00
2016.12.22 16:10:55.082,1.51353,1.51383,1.00,1.00
2016.12.22 16:10:57.873,1.51352,1.51382,1.00,1.00
2016.12.22 16:11:00.233,1.51351,1.51381,1.00,1.00
2016.12.22 16:11:00.822,1.51351,1.51384,1.00,1.00
2016.12.22 16:11:01.421,1.51351,1.51385,1.00,1.00
2016.12.22 16:11:01.990,1.51351,1.51383,1.00,1.00
2016.12.22 16:11:03.410,1.5135,1.5138,1.00,1.00
2016.12.22 16:11:04.760,1.51349,1.51378,1.00,1.00
2016.12.22 16:11:05.085,1.51349,1.51381,1.00,1.00
2016.12.22 16:11:05.709,1.51349,1.51381,1.00,1.00
2016.12.22 16:11:06.820,1.51349,1.51378,1.00,1.00
2016.12.22 16:11:07.265,1.51346,1.51377,1.00,1.00
2016.12.22 16:11:07.619,1.51346,1.51378,1.00,1.00
2016.12.22 16:11:08.375,1.51346,1.51379,1.00,1.00
2016.12.22 16:11:11.168,1.51346,1.51374,1.00,1.00
2016.12.22 16:11:11.269,1.51342,1.51372,1.00,1.00
2016.12.22 16:11:11.319,1.51342,1.51374,1.00,1.00
2016.12.22 16:11:12.244,1.51342,1.51372,1.00,1.00
2016.12.22 16:11:12.866,1.51342,1.51374,1.00,1.00
2016.12.22 16:11:13.967,1.51342,1.51372,1.00,1.00
2016.12.22 16:11:14.618,1.51341,1.51369,1.00,1.00
2016.12.22 16:11:14.920,1.51347,1.51381,1.00,1.00
2016.12.22 16:11:15.619,1.51349,1.51383,1.00,1.00
2016.12.22 16:11:16.034,1.51351,1.51384,1.00,1.00
2016.12.22 16:11:16.696,1.51352,1.51385,1.00,1.00
2016.12.22 16:11:19.769,1.51352,1.51387,2.50,1.00
2016.12.22 16:11:20.809,1.51353,1.51387,1.50,1.00
2016.12.22 16:11:22.605,1.51354,1.51387,1.00,1.00
2016.12.22 16:11:25.876,1.51354,1.51387,1.00,1.00
2016.12.22 16:11:25.978,1.51351,1.51387,1.00,1.00
2016.12.22 16:11:26.029,1.51351,1.51385,1.00,1.00
2016.12.22 16:11:26.331,1.51351,1.51381,1.00,1.00
2016.12.22 16:11:26.649,1.5135,1.51378,1.00,1.00
2016.12.22 16:11:27.154,1.51349,1.51377,1.00,1.00
2016.12.22 16:11:27.457,1.51347,1.51375,1.00,1.00
2016.12.22 16:11:27.921,1.51347,1.51379,1.00,1.00
2016.12.22 16:11:28.532,1.51347,1.5138,1.00,1.00
2016.12.22 16:11:28.951,1.51348,1.51381,1.00,1.00
2016.12.22 16:11:29.549,1.51348,1.5138,1.00,1.00
2016.12.22 16:11:30.503,1.51348,1.51381,1.00,1.00
2016.12.22 16:11:31.550,1.51348,1.51381,1.00,1.00
2016.12.22 16:11:34.516,1.51352,1.51385,1.00,1.00
2016.12.22 16:11:34.718,1.51354,1.51389,1.00,1.00
2016.12.22 16:11:35.707,1.51354,1.51389,1.00,1.00
2016.12.22 16:11:35.757,1.51354,1.51384,1.00,1.00
2016.12.22 16:11:35.808,1.51351,1.51386,1.00,1.00
2016.12.22 16:11:35.859,1.51351,1.5138,1.00,1.00
2016.12.22 16:11:36.661,1.51348,1.51377,1.00,1.00
2016.12.22 16:11:37.631,1.51347,1.51377,1.00,1.00
2016.12.22 16:11:37.682,1.51347,1.51381,1.00,1.00
2016.12.22 16:11:37.884,1.51347,1.51383,1.00,1.00
2016.12.22 16:11:38.402,1.51347,1.51382,1.00,1.00
2016.12.22 16:11:39.300,1.51348,1.51383,1.00,1.00
2016.12.22 16:11:40.376,1.51348,1.5138,1.00,1.00
2016.12.22 16:11:41.307,1.51351,1.51384,1.00,1.50
2016.12.22 16:11:41.560,1.51351,1.51384,1.00,1.00
2016.12.22 16:11:41.610,1.5135,1.51378,1.50,1.00
2016.12.22 16:11:41.950,1.51347,1.51375,1.00,1.00
2016.12.22 16:11:42.649,1.51347,1.51376,1.00,1.00
2016.12.22 16:11:43.002,1.51347,1.5138,1.00,1.00
2016.12.22 16:11:43.053,1.51347,1.51376,1.00,1.00
2016.12.22 16:11:43.376,1.51347,1.51379,1.00,1.00
2016.12.22 16:11:43.427,1.51348,1.51384,1.00,2.25
2016.12.22 16:11:43.680,1.51348,1.51379,1.00,1.00
2016.12.22 16:11:44.769,1.51348,1.5138,1.00,1.00
2016.12.22 16:11:44.902,1.51348,1.5138,1.00,1.00
2016.12.22 16:11:44.952,1.51347,1.51375,1.00,1.50
2016.12.22 16:11:45.104,1.51342,1.51371,1.00,1.00
2016.12.22 16:11:45.155,1.51342,1.51372,1.00,1.00
2016.12.22 16:11:45.457,1.51344,1.51377,1.00,1.00
2016.12.22 16:11:45.914,1.51347,1.5138,1.00,1.00
2016.12.22 16:11:46.315,1.51349,1.5138,1.00,1.00
2016.12.22 16:11:46.824,1.51349,1.51381,1.00,1.00
2016.12.22 16:11:47.366,1.51349,1.5138,1.00,1.00
2016.12.22 16:11:50.906,1.51349,1.5138,1.00,1.00
2016.12.22 16:11:51.433,1.51349,1.51379,1.00,1.00
2016.12.22 16:11:51.686,1.51349,1.51377,1.00,1.00
2016.12.22 16:11:51.993,1.5134,1.5137,2.85,1.00
2016.12.22 16:11:52.044,1.5134,1.5137,1.00,1.00
2016.12.22 16:11:52.223,1.51338,1.51366,1.00,1.00
2016.12.22 16:11:52.829,1.51339,1.51369,1.00,1.00
2016.12.22 16:11:52.879,1.5134,1.51372,1.00,1.00
2016.12.22 16:11:53.031,1.51343,1.51372,1.00,1.00
2016.12.22 16:11:53.081,1.51343,1.51376,1.00,1.00
2016.12.22 16:11:53.132,1.51343,1.51378,1.00,1.50
2016.12.22 16:11:53.891,1.51343,1.51376,1.00,1.00
2016.12.22 16:11:54.821,1.51343,1.51374,1.00,1.00
2016.12.22 16:11:55.211,1.51343,1.51371,1.50,1.00
2016.12.22 16:11:55.775,1.51343,1.5137,1.00,1.00
2016.12.22 16:11:56.757,1.51342,1.5137,1.00,1.00
2016.12.22 16:11:57.372,1.51342,1.5137,1.00,1.00
2016.12.22 16:11:57.796,1.51342,1.51372,1.00,1.00
2016.12.22 16:11:58.000,1.51339,1.51367,1.00,1.00
2016.12.22 16:11:58.302,1.5134,1.51372,1.00,1.50
2016.12.22 16:11:58.403,1.51343,1.51378,1.00,1.00
2016.12.22 16:11:59.056,1.51346,1.5138,1.35,1.00
2016.12.22 16:11:59.359,1.51349,1.51382,1.35,1.00
2016.12.22 16:11:59.769,1.5135,1.5138,1.50,1.00
2016.12.22 16:12:00.120,1.51349,1.51379,2.10,1.00
2016.12.22 16:12:00.423,1.51349,1.51376,1.00,1.00
2016.12.22 16:12:00.473,1.51346,1.51374,1.00,1.00
2016.12.22 16:12:00.524,1.51344,1.51373,1.50,1.00
2016.12.22 16:12:00.575,1.51341,1.5137,1.00,1.00
2016.12.22 16:12:00.676,1.51341,1.51375,1.00,1.00
2016.12.22 16:12:00.726,1.51341,1.51369,1.00,1.00
2016.12.22 16:12:00.777,1.5134,1.51369,1.00,1.00
2016.12.22 16:12:00.928,1.5134,1.51369,1.00,1.00
2016.12.22 16:12:01.029,1.5134,1.51374,1.00,1.00
2016.12.22 16:12:01.348,1.51341,1.51373,1.00,1.00
2016.12.22 16:12:01.701,1.51341,1.51378,1.00,1.00
2016.12.22 16:12:01.752,1.51342,1.51375,1.00,1.00
2016.12.22 16:12:01.854,1.51342,1.51374,1.00,1.00
2016.12.22 16:12:02.208,1.5134,1.51371,1.00,1.00
2016.12.22 16:12:02.259,1.51338,1.51371,1.50,1.00
2016.12.22 16:12:02.491,1.51338,1.51375,1.00,1.00
2016.12.22 16:12:02.542,1.51339,1.51375,1.00,1.00
2016.12.22 16:12:02.693,1.51339,1.51377,1.00,1.00
2016.12.22 16:12:02.744,1.51339,1.51374,1.00,1.00
2016.12.22 16:12:02.795,1.51339,1.51376,1.00,1.00
2016.12.22 16:12:02.946,1.51338,1.51374,1.50,1.00
2016.12.22 16:12:02.997,1.51338,1.51376,1.50,1.00
2016.12.22 16:12:03.048,1.51338,1.51376,1.00,1.00
2016.12.22 16:12:03.249,1.51338,1.51377,1.00,1.50
2016.12.22 16:12:03.521,1.51339,1.51377,1.00,1.50
2016.12.22 16:12:03.991,1.51339,1.51375,1.00,1.00
2016.12.22 16:12:04.041,1.51339,1.51374,1.00,1.00
2016.12.22 16:12:04.092,1.51336,1.51374,1.87,1.00
2016.12.22 16:12:04.143,1.51336,1.51374,2.12,1.00
2016.12.22 16:12:04.445,1.51337,1.51376,1.35,1.00
2016.12.22 16:12:04.748,1.51337,1.51379,1.50,1.00
2016.12.22 16:12:04.949,1.51339,1.5138,1.00,1.00
2016.12.22 16:12:05.470,1.51339,1.51379,1.00,1.50
2016.12.22 16:12:05.747,1.51339,1.51379,1.00,1.00
2016.12.22 16:12:06.318,1.51339,1.51379,1.00,1.50
2016.12.22 16:12:06.418,1.5134,1.51376,1.00,1.00
2016.12.22 16:12:06.519,1.5134,1.51376,1.00,1.50
2016.12.22 16:12:06.570,1.51338,1.51376,1.00,1.50
2016.12.22 16:12:06.621,1.51338,1.51372,1.00,1.00
2016.12.22 16:12:06.923,1.51339,1.51373,1.00,1.00
2016.12.22 16:12:07.024,1.51339,1.51377,1.00,1.00
2016.12.22 16:12:07.628,1.51339,1.51376,1.50,1.00
2016.12.22 16:12:07.908,1.51341,1.51376,1.00,1.00
2016.12.22 16:12:08.915,1.51341,1.51375,1.50,1.00
2016.12.22 16:12:08.965,1.51339,1.5137,1.50,1.00
2016.12.22 16:12:09.267,1.51338,1.51368,1.00,1.00
2016.12.22 16:12:09.576,1.51338,1.51368,1.00,1.00
2016.12.22 16:12:09.895,1.51338,1.51371,2.50,1.00
2016.12.22 16:12:10.114,1.51338,1.51373,2.50,1.00
2016.12.22 16:12:11.099,1.51338,1.51372,1.00,1.00
2016.12.22 16:12:11.150,1.51338,1.51369,1.00,1.00
2016.12.22 16:12:11.656,1.51338,1.51369,1.00,1.00
2016.12.22 16:12:11.977,1.51338,1.51367,1.00,1.00
2016.12.22 16:12:12.078,1.51338,1.5137,1.00,1.00
2016.12.22 16:12:12.380,1.51338,1.51373,1.00,1.00
2016.12.22 16:12:13.206,1.51339,1.51374,1.00,1.00
2016.12.22 16:12:13.743,1.51339,1.51375,1.50,1.00
2016.12.22 16:12:13.794,1.51342,1.51379,2.35,1.00
2016.12.22 16:12:14.305,1.51342,1.5138,2.85,1.00
2016.12.22 16:12:14.672,1.51344,1.5138,2.50,1.00
2016.12.22 16:12:15.029,1.51345,1.51378,1.00,1.00
2016.12.22 16:12:15.781,1.51345,1.51377,1.00,1.00
2016.12.22 16:12:16.313,1.51345,1.51378,1.00,1.00
2016.12.22 16:12:16.714,1.51348,1.51381,1.00,1.00
2016.12.22 16:12:17.117,1.51348,1.5138,1.00,1.00
2016.12.22 16:12:17.399,1.51348,1.51377,1.00,1.00
2016.12.22 16:12:17.886,1.51347,1.51377,1.00,1.00
2016.12.22 16:12:18.421,1.51347,1.51377,1.00,1.00
2016.12.22 16:12:20.533,1.51347,1.51376,1.00,1.00
2016.12.22 16:12:21.718,1.51347,1.51377,1.00,1.00
2016.12.22 16:12:22.219,1.51347,1.51378,1.00,1.00
2016.12.22 16:12:23.617,1.51347,1.51379,1.00,1.00
2016.12.22 16:12:24.591,1.51347,1.51382,1.00,1.00
2016.12.22 16:12:25.483,1.51347,1.5138,1.00,1.00
2016.12.22 16:12:26.028,1.51347,1.51381,1.00,1.00
2016.12.22 16:12:26.495,1.51347,1.51381,1.00,1.00
2016.12.22 16:12:26.702,1.51347,1.51381,1.00,1.00
2016.12.22 16:12:27.485,1.51347,1.51381,1.00,1.00
2016.12.22 16:12:27.594,1.51347,1.51381,1.00,1.00
2016.12.22 16:12:27.711,1.51347,1.51381,1.00,1.00
2016.12.22 16:12:28.488,1.51347,1.51378,1.00,1.00
2016.12.22 16:12:29.003,1.51347,1.51381,1.00,1.00
2016.12.22 16:12:29.205,1.51347,1.5138,1.00,1.00
2016.12.22 16:12:29.478,1.51349,1.5138,1.00,1.00
2016.12.22 16:12:29.579,1.51349,1.51385,1.50,1.50
2016.12.22 16:12:29.630,1.51349,1.51379,1.00,1.00
2016.12.22 16:12:30.551,1.51349,1.51381,1.00,1.00
2016.12.22 16:12:31.552,1.51349,1.51382,1.00,1.00
2016.12.22 16:12:31.999,1.51349,1.51384,1.00,1.00
2016.12.22 16:12:32.391,1.51353,1.51385,1.00,1.00
2016.12.22 16:12:32.492,1.51354,1.51389,1.00,1.00
2016.12.22 16:12:32.734,1.51358,1.51391,1.00,1.00
2016.12.22 16:12:32.835,1.51354,1.51392,1.00,1.00
2016.12.22 16:12:32.886,1.51351,1.51383,1.00,1.00
2016.12.22 16:12:33.189,1.51343,1.51376,1.87,1.00
2016.12.22 16:12:33.240,1.51343,1.51376,1.00,1.00
2016.12.22 16:12:33.492,1.51344,1.51379,1.50,1.00
2016.12.22 16:12:33.795,1.51347,1.51383,1.00,1.00
2016.12.22 16:12:34.123,1.51347,1.5138,1.00,1.00
2016.12.22 16:12:35.368,1.51347,1.51379,1.00,1.00
2016.12.22 16:12:36.870,1.51347,1.5138,1.00,1.00
2016.12.22 16:12:37.496,1.51347,1.51379,1.00,1.00
2016.12.22 16:12:38.189,1.51348,1.51382,1.00,1.00
2016.12.22 16:12:38.240,1.51351,1.51384,1.00,1.00
2016.12.22 16:12:39.196,1.51353,1.51386,1.00,1.00
2016.12.22 16:12:39.297,1.51352,1.51382,1.00,1.00
2016.12.22 16:12:39.359,1.51349,1.51379,1.00,1.00
2016.12.22 16:12:40.279,1.51349,1.5138,1.00,1.00
2016.12.22 16:12:41.912,1.51349,1.51381,1.00,1.00
2016.12.22 16:12:42.214,1.51352,1.51387,1.00,1.00
2016.12.22 16:12:42.517,1.51356,1.51388,1.00,1.00
2016.12.22 16:12:43.301,1.51356,1.51388,1.00,1.00
2016.12.22 16:12:45.440,1.51356,1.51387,1.00,1.00
2016.12.22 16:12:48.202,1.51358,1.51387,1.00,1.00
2016.12.22 16:12:49.129,1.51358,1.51388,1.00,1.00
2016.12.22 16:12:50.165,1.51354,1.51382,1.50,1.00
2016.12.22 16:12:50.216,1.51354,1.51383,1.00,1.00
2016.12.22 16:12:50.266,1.51354,1.51385,1.50,1.00
2016.12.22 16:12:51.130,1.51354,1.51387,1.00,1.00
2016.12.22 16:12:51.231,1.51354,1.5139,1.00,1.00
2016.12.22 16:12:51.332,1.51358,1.51391,2.35,1.00
2016.12.22 16:12:52.284,1.51358,1.51391,1.00,1.00
2016.12.22 16:12:53.566,1.51358,1.5139,1.00,1.00
2016.12.22 16:12:55.443,1.51358,1.51387,1.00,1.00
2016.12.22 16:12:56.010,1.51358,1.51387,1.00,1.00
2016.12.22 16:12:56.361,1.51358,1.51389,1.00,1.00
2016.12.22 16:12:56.704,1.51363,1.51395,1.00,1.00
2016.12.22 16:12:56.755,1.51363,1.51398,1.00,1.50
2016.12.22 16:12:57.331,1.51363,1.51397,1.00,1.00
2016.12.22 16:12:57.909,1.51363,1.51398,1.00,1.00
2016.12.22 16:12:58.129,1.51363,1.51395,1.00,1.00
2016.12.22 16:12:59.078,1.51363,1.51394,1.00,1.00
2016.12.22 16:13:00.215,1.51363,1.51396,1.00,1.00
2016.12.22 16:13:00.366,1.51365,1.51397,1.00,1.00
2016.12.22 16:13:02.648,1.51365,1.51397,1.00,1.00
2016.12.22 16:13:02.749,1.51365,1.51395,1.00,1.00
2016.12.22 16:13:03.051,1.51362,1.5139,1.00,1.00
2016.12.22 16:13:03.203,1.5136,1.51389,1.00,1.00
2016.12.22 16:13:03.556,1.51358,1.51386,1.00,1.00
2016.12.22 16:13:03.978,1.51356,1.51384,1.00,1.00
2016.12.22 16:13:05.532,1.51354,1.51384,1.00,1.00
2016.12.22 16:13:06.463,1.51354,1.51385,1.00,1.50
2016.12.22 16:13:08.127,1.51354,1.51383,1.00,1.00
2016.12.22 16:13:09.084,1.51354,1.51384,1.00,1.00
2016.12.22 16:13:11.193,1.51354,1.51385,1.00,1.00
2016.12.22 16:13:11.491,1.51356,1.5139,1.00,1.50
2016.12.22 16:13:12.242,1.51356,1.51388,1.00,1.00
2016.12.22 16:13:13.340,1.51356,1.5139,1.00,1.00
2016.12.22 16:13:13.632,1.51356,1.51387,1.00,1.00
2016.12.22 16:13:14.193,1.51356,1.51386,1.00,1.00
2016.12.22 16:13:14.703,1.51356,1.51387,1.00,1.00
2016.12.22 16:13:15.132,1.51356,1.51386,1.00,1.00
2016.12.22 16:13:15.637,1.51356,1.51387,1.00,1.00
2016.12.22 16:13:18.486,1.51356,1.51386,1.00,1.00
2016.12.22 16:13:18.537,1.51356,1.51387,1.00,1.00
2016.12.22 16:13:18.663,1.51356,1.5139,1.00,1.00
2016.12.22 16:13:18.865,1.51356,1.51387,1.00,1.00
2016.12.22 16:13:19.167,1.51356,1.51384,1.00,1.00
2016.12.22 16:13:19.904,1.51354,1.51384,1.00,1.00
2016.12.22 16:13:20.097,1.51354,1.51384,1.00,1.00
2016.12.22 16:13:20.148,1.51354,1.51386,1.00,1.00
2016.12.22 16:13:20.721,1.51354,1.51387,2.50,1.00
2016.12.22 16:13:21.516,1.51354,1.51386,1.00,1.00
2016.12.22 16:13:21.567,1.51355,1.51388,1.00,1.00
2016.12.22 16:13:21.745,1.5136,1.51394,1.00,1.00
2016.12.22 16:13:21.796,1.51354,1.51381,1.00,1.00
2016.12.22 16:13:22.048,1.51349,1.51377,1.00,1.00
2016.12.22 16:13:23.053,1.51349,1.51378,1.00,1.00
2016.12.22 16:13:24.062,1.51349,1.51378,1.00,1.00
2016.12.22 16:13:27.851,1.51349,1.5138,1.00,1.00
2016.12.22 16:13:28.136,1.51349,1.51381,1.00,1.00
2016.12.22 16:13:29.137,1.51349,1.51381,1.00,1.00
2016.12.22 16:13:31.021,1.51349,1.51382,1.00,1.00
2016.12.22 16:13:31.072,1.51349,1.51382,1.00,1.00
2016.12.22 16:13:31.775,1.51349,1.5138,1.00,1.00
2016.12.22 16:13:32.947,1.51349,1.51382,1.00,1.00
2016.12.22 16:13:33.230,1.51353,1.51387,1.00,1.00
2016.12.22 16:13:33.281,1.51353,1.51382,1.00,1.00
2016.12.22 16:13:33.432,1.5135,1.5138,1.50,1.00
2016.12.22 16:13:34.422,1.5135,1.51381,1.00,1.00
2016.12.22 16:13:34.949,1.5135,1.51378,1.00,1.00
2016.12.22 16:13:35.412,1.5135,1.5138,1.00,1.00
2016.12.22 16:13:35.462,1.5135,1.51382,1.00,1.00
2016.12.22 16:13:35.765,1.5135,1.51382,1.00,1.00
2016.12.22 16:13:36.376,1.51351,1.51383,1.50,1.00
2016.12.22 16:13:37.569,1.51352,1.51385,2.50,1.00
2016.12.22 16:13:37.620,1.51352,1.51387,2.50,1.00
2016.12.22 16:13:37.922,1.51354,1.51389,1.00,1.00
2016.12.22 16:13:38.245,1.51354,1.51385,1.00,1.00
2016.12.22 16:13:38.548,1.51358,1.51388,1.50,1.00
2016.12.22 16:13:39.103,1.51358,1.5139,1.00,1.00
2016.12.22 16:13:39.457,1.5136,1.51392,1.00,1.00
2016.12.22 16:13:39.570,1.51357,1.51385,1.50,1.00
2016.12.22 16:13:40.467,1.51357,1.51387,1.00,1.00
2016.12.22 16:13:41.014,1.51357,1.51385,1.00,1.00
2016.12.22 16:13:42.102,1.51356,1.51384,1.00,1.00
2016.12.22 16:13:43.072,1.51356,1.51386,1.00,1.00
2016.12.22 16:13:43.211,1.51356,1.51387,1.00,1.00
2016.12.22 16:13:43.514,1.51357,1.5139,1.00,1.00
2016.12.22 16:13:44.164,1.51358,1.51391,1.00,1.00
2016.12.22 16:13:44.465,1.51358,1.51388,1.00,1.00
2016.12.22 16:13:44.767,1.51358,1.51386,1.00,1.00
2016.12.22 16:13:44.939,1.51358,1.5139,1.00,1.00
2016.12.22 16:13:45.417,1.51358,1.51392,2.50,1.00
2016.12.22 16:13:45.690,1.51359,1.51394,1.00,1.00
2016.12.22 16:13:45.992,1.51361,1.51396,2.50,1.00
2016.12.22 16:13:46.850,1.51361,1.51394,1.00,1.00
2016.12.22 16:13:47.173,1.51362,1.51397,1.00,1.00
2016.12.22 16:13:47.374,1.51365,1.51398,1.00,1.00
2016.12.22 16:13:48.649,1.51364,1.51396,1.50,1.00
2016.12.22 16:13:48.951,1.51364,1.51394,1.00,1.00
2016.12.22 16:13:49.497,1.51363,1.51393,1.00,1.00
2016.12.22 16:13:49.829,1.51364,1.51397,1.00,1.50
2016.12.22 16:13:50.771,1.51364,1.51398,1.00,1.00
2016.12.22 16:13:50.822,1.51364,1.51395,1.00,1.00
2016.12.22 16:13:51.125,1.51367,1.514,1.00,1.00
2016.12.22 16:13:51.913,1.51367,1.51399,1.00,1.00
2016.12.22 16:13:52.165,1.5137,1.51405,1.00,1.00
2016.12.22 16:13:52.669,1.5137,1.51402,1.00,1.00
2016.12.22 16:13:52.994,1.5137,1.51401,1.00,1.00
2016.12.22 16:13:53.045,1.5137,1.51403,1.00,1.00
2016.12.22 16:13:53.510,1.5137,1.51406,1.00,1.50
2016.12.22 16:13:53.563,1.5137,1.51401,1.00,1.00
2016.12.22 16:13:53.866,1.5137,1.51398,1.00,1.00
2016.12.22 16:13:54.770,1.5137,1.51398,1.00,1.00
2016.12.22 16:13:56.461,1.51368,1.51398,1.00,1.00
2016.12.22 16:13:56.663,1.51368,1.514,1.00,1.50
2016.12.22 16:13:57.020,1.51368,1.51401,1.00,1.00
2016.12.22 16:13:57.655,1.51368,1.51402,1.00,1.00
2016.12.22 16:13:58.094,1.51368,1.514,1.00,1.00
2016.12.22 16:13:58.403,1.51368,1.51401,1.00,1.00
2016.12.22 16:14:00.638,1.51369,1.51402,1.00,1.00
2016.12.22 16:14:01.221,1.51374,1.51408,1.00,1.00
2016.12.22 16:14:01.322,1.51374,1.51401,1.00,1.00
2016.12.22 16:14:01.423,1.51371,1.51401,1.00,1.00
2016.12.22 16:14:01.990,1.51371,1.51401,1.00,1.00
2016.12.22 16:14:04.135,1.5137,1.51397,1.00,1.00
2016.12.22 16:14:04.337,1.5137,1.514,1.00,1.00
2016.12.22 16:14:05.356,1.5137,1.51399,1.00,1.00
2016.12.22 16:14:05.630,1.5137,1.514,1.00,1.00
2016.12.22 16:14:05.681,1.5137,1.51403,1.00,1.00
2016.12.22 16:14:05.883,1.51372,1.51405,1.00,1.00
2016.12.22 16:14:05.984,1.51372,1.51404,1.00,1.00
2016.12.22 16:14:06.507,1.51372,1.51403,1.00,1.00
2016.12.22 16:14:06.647,1.51372,1.51402,1.00,1.00
2016.12.22 16:14:06.906,1.51372,1.51404,1.00,1.00
2016.12.22 16:14:07.309,1.51375,1.51408,1.50,1.00
2016.12.22 16:14:07.576,1.51375,1.51405,1.50,1.00
2016.12.22 16:14:08.151,1.51375,1.51404,1.00,1.00
2016.12.22 16:14:08.681,1.51375,1.51405,1.00,1.00
2016.12.22 16:14:08.996,1.51375,1.5141,1.00,1.50
2016.12.22 16:14:09.882,1.51377,1.5141,1.00,1.00
2016.12.22 16:14:11.077,1.51377,1.51409,1.00,1.00
2016.12.22 16:14:11.258,1.51382,1.51417,1.00,1.00
2016.12.22 16:14:11.359,1.51389,1.51422,1.00,1.00
2016.12.22 16:14:11.507,1.5139,1.51425,1.00,1.00
2016.12.22 16:14:11.608,1.5139,1.51427,1.00,1.00
2016.12.22 16:14:11.709,1.51389,1.51422,1.00,1.00
2016.12.22 16:14:12.119,1.51384,1.51415,1.00,1.00
2016.12.22 16:14:12.169,1.5138,1.51412,1.50,1.00
2016.12.22 16:14:12.371,1.51377,1.51407,1.00,1.00
2016.12.22 16:14:12.727,1.51374,1.51404,1.50,1.00
2016.12.22 16:14:12.779,1.51374,1.51408,1.00,1.00
2016.12.22 16:14:13.134,1.51373,1.51405,1.00,1.00
2016.12.22 16:14:13.644,1.51373,1.51405,1.00,1.00
2016.12.22 16:14:14.160,1.51372,1.51405,1.00,1.00
2016.12.22 16:14:14.211,1.51372,1.51407,1.00,1.00
2016.12.22 16:14:14.541,1.51371,1.51403,1.00,1.00
2016.12.22 16:14:14.853,1.51367,1.51397,1.00,1.00
2016.12.22 16:14:15.156,1.51367,1.51399,1.00,1.00
2016.12.22 16:14:15.514,1.51368,1.51403,1.00,1.00
2016.12.22 16:14:16.232,1.51368,1.51402,1.00,1.00
2016.12.22 16:14:16.558,1.51369,1.51404,1.00,1.00
2016.12.22 16:14:17.414,1.51369,1.51402,1.00,1.00
2016.12.22 16:14:18.084,1.51369,1.514,1.00,1.00
2016.12.22 16:14:19.131,1.51369,1.51401,1.00,1.00
2016.12.22 16:14:19.949,1.51369,1.51403,1.00,1.00
2016.12.22 16:14:20.106,1.51372,1.51407,1.00,1.00
2016.12.22 16:14:20.459,1.51372,1.51405,1.00,1.00
2016.12.22 16:14:20.829,1.51372,1.51402,1.00,1.00
2016.12.22 16:14:21.088,1.51372,1.51404,1.00,1.00
2016.12.22 16:14:21.408,1.51372,1.51406,1.00,1.00
2016.12.22 16:14:21.735,1.51374,1.51407,2.50,1.00
2016.12.22 16:14:22.713,1.51374,1.51409,1.00,1.00
2016.12.22 16:14:23.075,1.51377,1.51411,1.00,1.00
2016.12.22 16:14:23.901,1.51376,1.51407,1.00,1.00
2016.12.22 16:14:24.002,1.51376,1.51405,1.00,1.00
2016.12.22 16:14:24.531,1.51375,1.51406,1.00,1.00
2016.12.22 16:14:25.167,1.51375,1.51406,1.00,1.00
2016.12.22 16:14:25.268,1.51375,1.51408,1.00,1.00
2016.12.22 16:14:27.587,1.51375,1.51403,1.00,1.00
2016.12.22 16:14:28.581,1.51374,1.51405,1.50,1.00
2016.12.22 16:14:29.341,1.51374,1.51405,1.00,1.00
2016.12.22 16:14:29.950,1.51374,1.51407,1.00,1.50
2016.12.22 16:14:30.993,1.51374,1.51407,1.00,1.00
2016.12.22 16:14:31.972,1.51374,1.51406,1.00,1.00
2016.12.22 16:14:32.477,1.51372,1.51403,1.00,1.00
2016.12.22 16:14:32.528,1.5137,1.514,1.00,1.00
2016.12.22 16:14:32.929,1.51371,1.51405,1.00,1.00
2016.12.22 16:14:33.080,1.51369,1.51399,1.00,1.00
2016.12.22 16:14:33.483,1.51367,1.51396,1.00,1.00
2016.12.22 16:14:34.066,1.51367,1.51397,1.00,1.00
2016.12.22 16:14:34.471,1.51366,1.51395,1.00,1.00
2016.12.22 16:14:35.038,1.51366,1.51396,1.00,1.00
2016.12.22 16:14:35.377,1.51366,1.51394,1.00,1.00
2016.12.22 16:14:35.679,1.51366,1.51396,1.00,1.50
2016.12.22 16:14:37.011,1.51365,1.51395,1.00,1.00
2016.12.22 16:14:37.980,1.51364,1.51394,1.00,1.00
2016.12.22 16:14:38.380,1.51364,1.51396,1.00,1.00
2016.12.22 16:14:38.790,1.51364,1.51397,1.00,1.00
2016.12.22 16:14:40.175,1.51364,1.51395,1.00,1.00
2016.12.22 16:14:42.929,1.51364,1.51396,1.00,1.00
2016.12.22 16:14:43.285,1.51364,1.51395,1.50,1.00
2016.12.22 16:14:44.078,1.51364,1.51394,1.00,1.00
2016.12.22 16:14:45.809,1.51364,1.5139,1.00,1.00
2016.12.22 16:14:46.061,1.51364,1.51395,1.00,1.00
2016.12.22 16:14:47.076,1.51364,1.51395,1.00,1.00
2016.12.22 16:14:47.611,1.51364,1.51397,1.00,1.00
2016.12.22 16:14:47.924,1.51361,1.51386,1.00,1.00
2016.12.22 16:14:48.704,1.5136,1.51386,1.00,1.00
2016.12.22 16:14:49.014,1.5136,1.51388,1.00,1.00
2016.12.22 16:14:49.065,1.5136,1.51391,1.00,1.00
2016.12.22 16:14:49.998,1.5136,1.5139,1.00,1.00
2016.12.22 16:14:50.996,1.5136,1.5139,1.00,1.00
2016.12.22 16:14:52.085,1.5136,1.51388,1.00,1.00
2016.12.22 16:14:54.318,1.5136,1.51391,1.00,1.00
2016.12.22 16:14:54.368,1.51361,1.51393,1.00,1.00
2016.12.22 16:14:55.015,1.51361,1.51394,1.00,1.00
2016.12.22 16:14:55.325,1.51361,1.51393,1.00,1.00
2016.12.22 16:15:00.625,1.51361,1.51393,1.00,1.00
2016.12.22 16:15:01.827,1.51363,1.51396,1.50,1.00
2016.12.22 16:15:02.908,1.51364,1.51397,1.00,1.00
2016.12.22 16:15:02.959,1.51365,1.514,1.00,1.00
2016.12.22 16:15:03.764,1.51365,1.51401,1.00,1.50
2016.12.22 16:15:03.865,1.51365,1.51399,1.00,1.00
2016.12.22 16:15:04.194,1.51365,1.51397,1.00,1.00
2016.12.22 16:15:04.245,1.51365,1.51398,1.00,1.00
2016.12.22 16:15:04.346,1.51364,1.51392,1.00,1.00
2016.12.22 16:15:04.540,1.51364,1.51395,1.00,1.00
2016.12.22 16:15:04.591,1.51364,1.51397,1.00,2.25
2016.12.22 16:15:05.105,1.51364,1.51396,1.00,1.00
2016.12.22 16:15:05.357,1.51364,1.51394,1.00,1.00
2016.12.22 16:15:05.621,1.51362,1.51393,1.00,1.00
2016.12.22 16:15:05.672,1.51364,1.51394,1.00,1.00
2016.12.22 16:15:05.723,1.51364,1.51396,1.00,1.00
2016.12.22 16:15:05.847,1.51364,1.51398,1.00,1.00
2016.12.22 16:15:05.897,1.51364,1.51394,1.00,1.00
2016.12.22 16:15:06.099,1.51361,1.51391,1.00,1.00
2016.12.22 16:15:06.200,1.51357,1.51385,1.00,1.00
2016.12.22 16:15:09.346,1.51354,1.51382,1.00,1.00
2016.12.22 16:15:10.341,1.51354,1.51384,1.00,1.50
2016.12.22 16:15:10.738,1.51352,1.51382,1.00,1.00
2016.12.22 16:15:11.052,1.51352,1.51383,1.00,1.00
2016.12.22 16:15:11.355,1.51349,1.51377,1.00,1.00
2016.12.22 16:15:12.240,1.51348,1.51379,1.00,1.00
2016.12.22 16:15:12.710,1.51348,1.5138,1.00,1.00
2016.12.22 16:15:13.353,1.51349,1.51382,1.00,1.00
2016.12.22 16:15:13.660,1.51349,1.5138,1.00,1.00
2016.12.22 16:15:14.310,1.51349,1.51379,1.00,1.00
2016.12.22 16:15:14.613,1.51353,1.51386,1.00,1.00
2016.12.22 16:15:15.280,1.51355,1.51389,2.50,1.00
2016.12.22 16:15:15.556,1.51359,1.51389,1.00,1.00
2016.12.22 16:15:15.818,1.51359,1.51389,1.00,1.00
2016.12.22 16:15:16.353,1.51359,1.51389,1.00,1.00
2016.12.22 16:15:17.037,1.51356,1.51386,1.00,1.00
2016.12.22 16:15:18.221,1.51356,1.51388,1.00,1.00
2016.12.22 16:15:18.700,1.51355,1.51382,1.00,1.00
2016.12.22 16:15:18.751,1.51352,1.51382,1.00,1.00
2016.12.22 16:15:18.953,1.51352,1.51385,1.00,1.00
2016.12.22 16:15:19.611,1.51352,1.51382,1.00,1.00
2016.12.22 16:15:20.089,1.51352,1.51385,1.00,1.00
2016.12.22 16:15:21.193,1.51353,1.51386,1.00,1.00
2016.12.22 16:15:22.540,1.51353,1.51386,1.00,1.00
2016.12.22 16:15:22.793,1.51353,1.51384,1.00,1.00
2016.12.22 16:15:23.738,1.51352,1.5138,1.00,1.00
2016.12.22 16:15:24.583,1.51352,1.5138,1.00,1.00
2016.12.22 16:15:25.720,1.51351,1.5138,1.00,1.00
2016.12.22 16:15:25.771,1.51348,1.51376,1.00,1.00
2016.12.22 16:15:26.608,1.51346,1.51373,1.00,1.00
2016.12.22 16:15:28.397,1.51346,1.51376,1.00,1.00
2016.12.22 16:15:29.778,1.51344,1.51373,1.00,1.00
2016.12.22 16:15:30.287,1.51344,1.51373,1.00,1.00
2016.12.22 16:15:30.540,1.51344,1.51377,1.00,1.00
2016.12.22 16:15:31.519,1.51344,1.51377,1.00,1.00
2016.12.22 16:15:32.696,1.51344,1.51377,1.00,1.00
2016.12.22 16:15:32.747,1.51344,1.51372,1.00,1.00
2016.12.22 16:15:33.076,1.51344,1.51375,1.00,1.00
2016.12.22 16:15:33.655,1.51344,1.51379,1.00,1.00
2016.12.22 16:15:33.757,1.51344,1.51376,1.00,1.00
2016.12.22 16:15:33.807,1.51344,1.51374,1.00,1.00
2016.12.22 16:15:34.812,1.51344,1.51375,1.00,1.00
2016.12.22 16:15:35.319,1.51344,1.51377,1.00,1.00
2016.12.22 16:15:35.395,1.51344,1.51376,1.00,1.00
2016.12.22 16:15:36.313,1.51344,1.51377,1.00,1.00
2016.12.22 16:15:37.687,1.51344,1.51375,1.00,1.00
2016.12.22 16:15:38.895,1.51344,1.51375,1.00,1.00
2016.12.22 16:15:39.810,1.51344,1.51379,1.00,1.00
2016.12.22 16:15:41.556,1.51347,1.51382,1.00,1.00
2016.12.22 16:15:42.443,1.51349,1.51382,1.00,1.00
2016.12.22 16:15:44.665,1.51349,1.51381,1.00,1.00
2016.12.22 16:15:45.382,1.51349,1.5138,1.00,1.00
2016.12.22 16:15:46.085,1.51349,1.51381,1.00,1.00
2016.12.22 16:15:47.471,1.51349,1.51379,1.00,1.00
2016.12.22 16:15:48.458,1.51349,1.51378,1.00,1.00
2016.12.22 16:15:48.740,1.51349,1.51376,1.00,1.00
2016.12.22 16:15:48.791,1.51345,1.51375,1.00,1.00
2016.12.22 16:15:49.782,1.51345,1.51375,1.00,1.00
2016.12.22 16:15:50.312,1.51345,1.51376,1.00,1.00
2016.12.22 16:15:53.959,1.51345,1.51377,1.00,1.00
2016.12.22 16:16:00.626,1.51345,1.51375,1.00,1.00
2016.12.22 16:16:01.178,1.51343,1.51372,1.00,1.00
2016.12.22 16:16:01.228,1.5134,1.51368,1.00,1.00
2016.12.22 16:16:01.329,1.51337,1.51366,1.00,1.00
2016.12.22 16:16:01.732,1.51337,1.5137,1.00,1.00
2016.12.22 16:16:01.833,1.51338,1.51372,1.00,1.00
2016.12.22 16:16:02.840,1.51339,1.51372,1.00,1.00
2016.12.22 16:16:03.410,1.51339,1.51372,1.50,1.00
2016.12.22 16:16:04.439,1.51339,1.51371,1.50,1.00
2016.12.22 16:16:05.337,1.51339,1.51373,1.00,1.00
2016.12.22 16:16:10.747,1.51339,1.51371,1.00,1.00
2016.12.22 16:16:10.798,1.51337,1.5137,1.00,1.00
2016.12.22 16:16:11.100,1.51337,1.5137,1.00,1.00
2016.12.22 16:16:11.430,1.51337,1.51368,1.00,1.00
2016.12.22 16:16:13.464,1.51337,1.51368,1.00,1.00
2016.12.22 16:16:17.979,1.51337,1.51368,1.00,1.00
2016.12.22 16:16:18.560,1.51337,1.51371,1.00,1.00
2016.12.22 16:16:18.610,1.51337,1.51369,1.00,1.00
2016.12.22 16:16:18.661,1.51338,1.51371,1.00,1.00
2016.12.22 16:16:19.352,1.51338,1.51367,1.00,1.00
2016.12.22 16:16:19.611,1.51341,1.51374,1.50,1.00
2016.12.22 16:16:20.446,1.51341,1.51376,2.50,1.00
2016.12.22 16:16:20.897,1.51343,1.51378,1.00,1.00
2016.12.22 16:16:21.618,1.51343,1.51377,2.50,1.00
2016.12.22 16:16:21.989,1.51343,1.51375,1.00,1.00
2016.12.22 16:16:22.362,1.51344,1.51377,1.00,1.00
2016.12.22 16:16:22.614,1.51344,1.51375,1.50,1.00
2016.12.22 16:16:24.253,1.51343,1.51373,1.50,1.00
2016.12.22 16:16:24.632,1.51339,1.51371,1.00,1.00
2016.12.22 16:16:25.886,1.51339,1.51373,1.00,1.00
2016.12.22 16:16:26.213,1.51339,1.5137,1.00,1.00
2016.12.22 16:16:26.823,1.51339,1.51366,1.00,1.00
2016.12.22 16:16:26.873,1.51339,1.51372,1.00,1.00
2016.12.22 16:16:26.924,1.51339,1.51368,1.00,1.00
2016.12.22 16:16:27.473,1.51339,1.51373,1.00,1.00
2016.12.22 16:16:27.915,1.51337,1.51365,1.50,1.00
2016.12.22 16:16:28.245,1.51337,1.51368,1.00,1.00
2016.12.22 16:16:29.161,1.51337,1.51366,1.00,1.00
2016.12.22 16:16:29.778,1.51336,1.51364,1.00,1.00
2016.12.22 16:16:30.166,1.51334,1.51362,1.00,1.00
2016.12.22 16:16:30.490,1.51334,1.51364,1.00,1.00
2016.12.22 16:16:30.749,1.51338,1.51372,1.00,1.00
2016.12.22 16:16:30.951,1.5134,1.51375,1.00,1.00
2016.12.22 16:16:31.371,1.51342,1.51377,1.00,1.00
2016.12.22 16:16:31.768,1.51345,1.51378,1.00,1.00
2016.12.22 16:16:32.094,1.51345,1.51375,1.00,1.00
2016.12.22 16:16:32.349,1.51345,1.5138,1.00,1.00
2016.12.22 16:16:32.400,1.5135,1.51383,1.00,1.00
2016.12.22 16:16:32.703,1.5135,1.5138,1.00,1.00
2016.12.22 16:16:32.804,1.51347,1.51375,1.00,1.00
2016.12.22 16:16:33.005,1.51347,1.51378,1.00,1.00
2016.12.22 16:16:33.803,1.51347,1.51376,1.00,1.00
2016.12.22 16:16:37.924,1.51343,1.51368,1.00,1.00
2016.12.22 16:16:37.975,1.51338,1.51368,1.00,1.00
2016.12.22 16:16:38.126,1.51337,1.51365,1.00,1.00
2016.12.22 16:16:39.109,1.51337,1.51368,1.00,1.00
2016.12.22 16:16:39.612,1.51336,1.51366,1.00,1.00
2016.12.22 16:16:39.915,1.51336,1.51366,1.00,1.00
2016.12.22 16:16:40.652,1.51336,1.51367,1.00,1.00
2016.12.22 16:16:42.932,1.51336,1.51368,1.00,1.00
2016.12.22 16:16:43.460,1.51338,1.51368,1.00,1.00
2016.12.22 16:16:43.932,1.51338,1.51372,1.00,1.00
2016.12.22 16:16:45.017,1.51338,1.51371,1.00,1.00
2016.12.22 16:16:46.294,1.51339,1.51372,1.00,1.00
2016.12.22 16:16:50.726,1.51339,1.5137,1.00,1.00
2016.12.22 16:16:51.494,1.51339,1.51372,1.00,1.00
2016.12.22 16:16:51.595,1.51333,1.51363,1.50,1.00
2016.12.22 16:16:51.906,1.5133,1.51358,1.00,1.00
2016.12.22 16:16:54.232,1.5133,1.5136,1.00,1.00
2016.12.22 16:16:54.593,1.5133,1.51361,1.00,1.00
2016.12.22 16:16:55.107,1.5133,1.51361,1.00,1.00
2016.12.22 16:16:55.229,1.5133,1.51364,1.00,1.00
2016.12.22 16:16:56.219,1.5133,1.51363,1.00,1.00
2016.12.22 16:16:57.419,1.51333,1.51366,1.00,1.00
2016.12.22 16:16:58.409,1.51333,1.51368,1.00,1.50
2016.12.22 16:16:59.393,1.51334,1.51367,1.50,1.00
2016.12.22 16:17:00.426,1.51334,1.51367,1.00,1.00
2016.12.22 16:17:00.761,1.51334,1.51365,2.50,1.00
2016.12.22 16:17:01.117,1.51334,1.51364,1.00,1.00
2016.12.22 16:17:01.319,1.51332,1.51362,1.00,1.00
2016.12.22 16:17:01.679,1.51333,1.51366,1.00,1.00
2016.12.22 16:17:02.576,1.51333,1.51365,1.00,1.00
2016.12.22 16:17:02.822,1.51333,1.51363,1.00,1.50
2016.12.22 16:17:02.873,1.51332,1.5136,1.00,1.00
2016.12.22 16:17:03.209,1.51327,1.51355,1.00,1.00
2016.12.22 16:17:03.936,1.51323,1.51353,1.50,1.00
2016.12.22 16:17:05.464,1.51322,1.51352,1.00,1.00
2016.12.22 16:17:09.062,1.51322,1.51354,1.00,1.00
2016.12.22 16:17:09.112,1.5132,1.51348,1.00,1.00
2016.12.22 16:17:09.163,1.5132,1.51351,1.00,1.00
2016.12.22 16:17:09.966,1.5132,1.51355,1.00,1.00
2016.12.22 16:17:10.067,1.51324,1.51359,1.00,1.00
2016.12.22 16:17:13.207,1.51326,1.51358,1.00,1.00
2016.12.22 16:17:13.628,1.51326,1.51357,1.00,1.00
2016.12.22 16:17:14.986,1.51326,1.51358,1.00,1.00
2016.12.22 16:17:15.072,1.51329,1.51362,1.00,1.00
2016.12.22 16:17:15.122,1.51331,1.51367,1.00,1.12
2016.12.22 16:17:15.525,1.51331,1.51359,1.50,1.00
2016.12.22 16:17:16.014,1.51326,1.51354,1.00,1.00
2016.12.22 16:17:16.340,1.51326,1.51356,1.00,1.00
2016.12.22 16:17:16.660,1.51326,1.51358,1.00,1.00
2016.12.22 16:17:18.063,1.51326,1.51358,1.00,1.00
2016.12.22 16:17:18.114,1.51326,1.51356,1.00,1.00
2016.12.22 16:17:18.248,1.51324,1.51355,1.00,1.00
2016.12.22 16:17:19.319,1.51323,1.51351,1.00,1.00
2016.12.22 16:17:20.529,1.5132,1.5135,1.00,1.00
2016.12.22 16:17:20.580,1.51319,1.51348,1.00,1.00
2016.12.22 16:17:21.046,1.51319,1.51351,1.00,1.00
2016.12.22 16:17:22.729,1.51319,1.5135,1.00,1.00
2016.12.22 16:17:23.152,1.51318,1.51346,1.00,1.00
2016.12.22 16:17:24.183,1.51317,1.51345,1.00,1.00
2016.12.22 16:17:24.519,1.51317,1.51347,1.00,1.00
2016.12.22 16:17:26.263,1.51317,1.51345,1.00,1.00
2016.12.22 16:17:26.817,1.51317,1.51347,1.00,1.00
2016.12.22 16:17:27.886,1.51317,1.51348,1.00,1.00
2016.12.22 16:17:28.628,1.51317,1.51349,1.00,1.00
2016.12.22 16:17:29.076,1.51317,1.51351,1.00,1.00
2016.12.22 16:17:29.448,1.51319,1.51351,1.00,1.00
2016.12.22 16:17:29.843,1.51319,1.51351,1.00,1.00
2016.12.22 16:17:30.041,1.51319,1.51348,1.00,1.00
2016.12.22 16:17:30.193,1.51319,1.51352,1.00,1.00
2016.12.22 16:17:30.770,1.51319,1.51352,1.00,1.00
2016.12.22 16:17:31.326,1.51321,1.51354,1.00,1.00
2016.12.22 16:17:31.729,1.51321,1.51353,1.00,1.00
2016.12.22 16:17:32.719,1.51321,1.51356,1.00,1.00
2016.12.22 16:17:33.724,1.51321,1.51354,1.00,1.00
2016.12.22 16:17:34.348,1.51321,1.5135,1.00,1.00
2016.12.22 16:17:34.707,1.51319,1.51346,1.00,1.00
2016.12.22 16:17:34.758,1.51319,1.51349,1.00,1.00
2016.12.22 16:17:35.135,1.51319,1.51352,1.00,1.00
2016.12.22 16:17:35.286,1.51319,1.51356,1.00,1.00
2016.12.22 16:17:35.745,1.51319,1.51354,1.00,1.00
2016.12.22 16:17:36.048,1.51319,1.51351,1.00,1.00
2016.12.22 16:17:36.694,1.5132,1.51354,1.00,1.00
2016.12.22 16:17:37.197,1.51321,1.51355,1.00,1.00
2016.12.22 16:17:37.725,1.51321,1.51354,1.00,1.00
2016.12.22 16:17:39.170,1.51321,1.51354,1.00,1.00
2016.12.22 16:17:39.479,1.51321,1.51356,1.00,1.50
2016.12.22 16:17:39.580,1.51322,1.51355,1.00,1.00
2016.12.22 16:17:40.590,1.51322,1.51354,1.00,1.00
2016.12.22 16:17:42.345,1.51322,1.51353,1.00,1.00
2016.12.22 16:17:42.849,1.51322,1.51357,1.00,1.00
2016.12.22 16:17:43.376,1.51323,1.51358,1.50,1.00
2016.12.22 16:17:43.644,1.51324,1.51358,1.50,1.00
2016.12.22 16:17:45.683,1.51326,1.51361,1.00,1.00
2016.12.22 16:17:45.985,1.51329,1.51362,1.00,1.00
2016.12.22 16:17:46.713,1.5133,1.51363,1.00,1.00
2016.12.22 16:17:47.083,1.5133,1.5136,1.00,1.00
2016.12.22 16:17:48.162,1.5133,1.51359,1.00,1.00
2016.12.22 16:17:48.625,1.5133,1.51359,1.00,1.00
2016.12.22 16:17:48.729,1.51326,1.51354,1.00,1.00
2016.12.22 16:17:48.931,1.51324,1.51351,1.00,1.00
2016.12.22 16:17:49.696,1.51324,1.51354,1.00,1.00
2016.12.22 16:17:50.561,1.51324,1.51354,1.00,1.00
2016.12.22 16:17:50.862,1.51331,1.51364,1.00,1.00
2016.12.22 16:17:51.740,1.51331,1.51362,1.00,1.00
2016.12.22 16:17:53.374,1.51331,1.51362,1.00,1.00
2016.12.22 16:17:53.684,1.5133,1.51358,1.00,1.00
2016.12.22 16:17:55.121,1.5133,1.5136,1.00,1.00
2016.12.22 16:17:55.222,1.5133,1.5136,1.00,1.00
2016.12.22 16:17:56.195,1.5133,1.5136,1.00,1.00
2016.12.22 16:17:56.990,1.5133,1.51361,1.00,1.00
2016.12.22 16:17:58.674,1.5133,1.5136,1.00,1.00
2016.12.22 16:18:00.473,1.51331,1.51364,1.00,1.00
2016.12.22 16:18:00.775,1.51331,1.51361,1.00,1.00
2016.12.22 16:18:00.826,1.5133,1.5136,1.00,1.00
2016.12.22 16:18:01.458,1.5133,1.51358,1.00,1.00
2016.12.22 16:18:02.547,1.51328,1.51357,1.00,1.00
2016.12.22 16:18:02.597,1.51328,1.51357,1.00,1.00
2016.12.22 16:18:02.900,1.51328,1.5136,1.00,1.00
2016.12.22 16:18:03.001,1.51328,1.51363,1.00,1.00
2016.12.22 16:18:03.919,1.51328,1.51364,1.00,1.00
2016.12.22 16:18:04.899,1.51329,1.51362,1.50,1.00
2016.12.22 16:18:05.621,1.51331,1.51364,1.00,1.00
2016.12.22 16:18:05.910,1.51331,1.51363,1.50,1.00
2016.12.22 16:18:07.000,1.51336,1.5137,1.00,1.00
2016.12.22 16:18:07.336,1.51338,1.5137,1.00,1.00
2016.12.22 16:18:07.487,1.51338,1.51368,1.00,1.00
2016.12.22 16:18:08.142,1.51338,1.51366,1.00,1.00
2016.12.22 16:18:12.584,1.51338,1.51368,1.00,1.00
2016.12.22 16:18:12.925,1.51338,1.51366,1.00,1.00
2016.12.22 16:18:13.970,1.51338,1.51366,1.00,1.00
2016.12.22 16:18:15.274,1.51338,1.51366,1.00,1.00
2016.12.22 16:18:15.375,1.51337,1.51365,1.00,1.00
2016.12.22 16:18:15.426,1.51337,1.51368,1.00,1.00
2016.12.22 16:18:16.444,1.51337,1.51367,1.00,1.00
2016.12.22 16:18:17.187,1.51337,1.51368,1.00,1.00
2016.12.22 16:18:18.138,1.51337,1.51366,1.00,1.00
2016.12.22 16:18:18.290,1.51337,1.51371,1.00,1.00
2016.12.22 16:18:18.994,1.51337,1.51367,1.00,1.00
2016.12.22 16:18:19.044,1.51337,1.5137,1.00,1.00
2016.12.22 16:18:19.563,1.51337,1.51369,1.00,1.00
2016.12.22 16:18:20.078,1.51338,1.5137,1.00,1.00
2016.12.22 16:18:25.054,1.51339,1.51371,1.00,1.00
2016.12.22 16:18:25.366,1.51339,1.51368,1.00,1.00
2016.12.22 16:18:25.417,1.51339,1.51368,1.00,1.00
2016.12.22 16:18:26.991,1.51338,1.51366,1.00,1.00
2016.12.22 16:18:27.875,1.51336,1.51366,1.00,1.00
2016.12.22 16:18:27.926,1.51336,1.51367,1.00,1.00
2016.12.22 16:18:28.246,1.51337,1.51369,1.00,1.00
2016.12.22 16:18:28.736,1.51337,1.51367,1.00,1.00
2016.12.22 16:18:31.130,1.51337,1.51367,1.00,1.00
2016.12.22 16:18:33.404,1.51337,1.51367,1.00,1.00
2016.12.22 16:18:34.044,1.51337,1.51365,1.00,1.00
2016.12.22 16:18:34.434,1.51335,1.51363,1.00,1.00
2016.12.22 16:18:34.737,1.51335,1.51364,1.00,1.00
2016.12.22 16:18:35.323,1.51335,1.51366,1.00,1.00
2016.12.22 16:18:35.776,1.51335,1.51364,1.00,1.00
2016.12.22 16:18:36.672,1.51334,1.51361,1.50,1.00
2016.12.22 16:18:37.877,1.51332,1.51361,1.00,1.00
2016.12.22 16:18:38.268,1.51331,1.51358,1.00,1.00
2016.12.22 16:18:38.318,1.51329,1.51357,1.00,1.00
2016.12.22 16:18:38.420,1.51329,1.51361,1.00,1.00
2016.12.22 16:18:38.470,1.5133,1.51362,1.00,1.50
2016.12.22 16:18:41.315,1.5133,1.51359,1.00,1.00
2016.12.22 16:18:41.668,1.5133,1.51359,1.00,1.00
2016.12.22 16:18:42.090,1.51328,1.51355,1.00,1.00
2016.12.22 16:18:42.353,1.51328,1.51358,1.00,1.00
2016.12.22 16:18:42.454,1.51328,1.51359,1.00,1.00
2016.12.22 16:18:43.580,1.51326,1.51355,1.00,1.00
2016.12.22 16:18:43.631,1.51323,1.51352,1.00,1.00
2016.12.22 16:18:43.933,1.51323,1.51354,1.00,1.00
2016.12.22 16:18:44.035,1.51323,1.51356,1.00,1.00
2016.12.22 16:18:44.606,1.51323,1.51353,1.00,1.00
2016.12.22 16:18:45.065,1.51323,1.51357,1.00,1.00
2016.12.22 16:18:46.066,1.51323,1.51355,1.00,1.00
2016.12.22 16:18:47.077,1.51323,1.51354,1.00,1.00
2016.12.22 16:18:47.973,1.51323,1.51355,1.00,1.00
2016.12.22 16:18:48.073,1.51323,1.51358,1.00,1.00
2016.12.22 16:18:48.986,1.51323,1.51353,1.00,1.00
2016.12.22 16:18:49.036,1.51323,1.51352,1.00,1.00
2016.12.22 16:18:49.581,1.51323,1.51352,1.00,1.00
2016.12.22 16:18:49.732,1.51322,1.51352,1.00,1.00
2016.12.22 16:18:49.833,1.5132,1.51351,1.00,1.00
2016.12.22 16:18:50.532,1.5132,1.51349,1.00,1.00
2016.12.22 16:18:50.683,1.51317,1.51347,1.00,1.00
2016.12.22 16:18:50.834,1.51317,1.51347,1.00,1.00
2016.12.22 16:18:50.885,1.51318,1.51351,1.00,1.50
2016.12.22 16:18:51.594,1.51319,1.51351,1.00,1.00
2016.12.22 16:18:51.701,1.5132,1.51353,1.00,1.00
2016.12.22 16:18:52.671,1.5132,1.51353,1.00,1.00
2016.12.22 16:18:57.141,1.5132,1.51353,1.50,1.00
2016.12.22 16:18:57.242,1.5132,1.51353,1.00,1.00
2016.12.22 16:19:01.956,1.51321,1.51353,1.00,1.00
2016.12.22 16:19:02.705,1.51322,1.51355,1.00,1.00
2016.12.22 16:19:02.957,1.51325,1.51357,1.00,1.00
2016.12.22 16:19:03.007,1.51327,1.51362,1.00,1.00
2016.12.22 16:19:03.159,1.5133,1.51365,1.00,1.00
2016.12.22 16:19:03.568,1.5133,1.51362,1.00,1.00
2016.12.22 16:19:03.990,1.51332,1.51366,1.00,1.00
2016.12.22 16:19:04.293,1.51332,1.51364,1.00,1.00
2016.12.22 16:19:05.224,1.51333,1.51363,1.50,1.00
2016.12.22 16:19:05.613,1.51333,1.51365,1.00,1.00
2016.12.22 16:19:07.484,1.51333,1.51367,2.50,1.00
2016.12.22 16:19:07.869,1.51333,1.51363,1.00,1.00
2016.12.22 16:19:08.221,1.51334,1.51368,1.00,1.50
2016.12.22 16:19:08.524,1.51334,1.51365,1.00,1.00
2016.12.22 16:19:08.675,1.51333,1.51363,1.00,1.00
2016.12.22 16:19:09.211,1.51333,1.51363,1.00,1.00
2016.12.22 16:19:10.275,1.51333,1.51363,1.00,1.00
2016.12.22 16:19:10.889,1.51333,1.51364,1.00,1.00
2016.12.22 16:19:13.857,1.51333,1.51364,1.00,1.00
2016.12.22 16:19:14.708,1.51333,1.51366,1.00,1.00
2016.12.22 16:19:15.453,1.51333,1.51367,1.00,1.00
2016.12.22 16:19:16.208,1.51336,1.51369,1.00,1.00
2016.12.22 16:19:17.163,1.51337,1.5137,1.00,1.00
2016.12.22 16:19:19.456,1.51339,1.51372,1.00,1.00
2016.12.22 16:19:20.180,1.51339,1.51371,1.00,1.00
2016.12.22 16:19:20.332,1.51339,1.51371,1.00,1.00
2016.12.22 16:19:20.746,1.51339,1.5137,1.00,1.00
2016.12.22 16:19:21.079,1.51339,1.51372,1.00,1.00
2016.12.22 16:19:22.081,1.51339,1.51371,1.00,1.00
2016.12.22 16:19:22.407,1.51339,1.51371,1.00,1.00
2016.12.22 16:19:22.861,1.51339,1.51371,1.00,1.00
2016.12.22 16:19:23.097,1.51339,1.51373,1.00,1.00
2016.12.22 16:19:24.544,1.51339,1.51373,1.00,1.00
2016.12.22 16:19:25.435,1.51339,1.51371,1.00,1.00
2016.12.22 16:19:28.855,1.51339,1.5137,1.00,1.00
2016.12.22 16:19:31.268,1.51339,1.5137,1.00,1.00
2016.12.22 16:19:34.306,1.51339,1.51369,1.00,1.00
2016.12.22 16:19:34.357,1.51339,1.51373,1.00,1.00
2016.12.22 16:19:35.358,1.51339,1.51371,1.50,1.00
2016.12.22 16:19:36.754,1.51339,1.51366,1.00,1.00
2016.12.22 16:19:36.805,1.51335,1.51365,1.50,1.00
2016.12.22 16:19:37.751,1.51335,1.51366,1.00,1.00
2016.12.22 16:19:38.215,1.51334,1.51364,1.00,1.00
2016.12.22 16:19:38.439,1.5133,1.5136,1.00,1.00
2016.12.22 16:19:38.972,1.5133,1.51361,1.00,1.00
2016.12.22 16:19:39.881,1.51335,1.51363,1.00,1.00
2016.12.22 16:19:39.932,1.51338,1.51368,1.00,1.00
2016.12.22 16:19:40.033,1.51341,1.51376,1.00,1.50
2016.12.22 16:19:41.189,1.51342,1.51375,1.00,1.00
2016.12.22 16:19:41.571,1.51339,1.51366,1.00,1.00
2016.12.22 16:19:41.621,1.51336,1.51366,1.00,1.00
2016.12.22 16:19:41.722,1.51328,1.51358,1.50,1.00
2016.12.22 16:19:42.025,1.51328,1.51361,1.00,1.00
2016.12.22 16:19:42.749,1.51328,1.51361,1.00,1.00
2016.12.22 16:19:43.020,1.51328,1.51361,1.00,1.00
2016.12.22 16:19:43.122,1.51329,1.51364,1.00,1.00
2016.12.22 16:19:43.223,1.51329,1.51361,1.00,1.00
2016.12.22 16:19:44.918,1.51329,1.51363,1.00,1.00
2016.12.22 16:19:44.968,1.51332,1.51365,1.00,1.00
2016.12.22 16:19:47.150,1.51332,1.51367,2.50,1.00
2016.12.22 16:19:48.112,1.51333,1.51365,2.50,1.00
2016.12.22 16:19:49.869,1.51333,1.51364,1.00,1.00
2016.12.22 16:19:50.657,1.51333,1.51363,1.00,1.00
2016.12.22 16:19:51.640,1.51333,1.51362,1.00,1.00
2016.12.22 16:19:53.211,1.51333,1.51361,1.00,1.00
2016.12.22 16:19:54.174,1.51333,1.51362,1.00,1.00
2016.12.22 16:19:55.175,1.51333,1.51362,1.00,1.00
2016.12.22 16:19:57.814,1.51333,1.51362,1.00,1.00
2016.12.22 16:19:58.067,1.51331,1.5136,1.00,1.00
2016.12.22 16:19:58.369,1.51329,1.51358,1.00,1.00
2016.12.22 16:19:58.746,1.51329,1.51362,1.00,1.00
2016.12.22 16:19:59.112,1.51329,1.5136,1.00,1.00
2016.12.22 16:20:00.312,1.51329,1.51362,1.00,1.00
2016.12.22 16:20:00.363,1.51329,1.51359,1.00,1.00
2016.12.22 16:20:00.664,1.51329,1.5136,1.00,1.00
2016.12.22 16:20:00.765,1.51329,1.51364,1.00,1.00
2016.12.22 16:20:00.815,1.51333,1.51366,1.00,1.00
2016.12.22 16:20:01.017,1.51331,1.51361,1.50,1.00
2016.12.22 16:20:01.068,1.51328,1.51357,1.50,1.00
2016.12.22 16:20:01.219,1.51323,1.51356,1.00,1.00
2016.12.22 16:20:01.522,1.51323,1.5136,1.00,1.00
2016.12.22 16:20:01.940,1.51324,1.51363,2.50,1.00
2016.12.22 16:20:02.942,1.51326,1.51362,1.00,1.00
2016.12.22 16:20:03.296,1.51329,1.51363,1.00,1.00
2016.12.22 16:20:03.975,1.51331,1.51367,1.00,1.00
2016.12.22 16:20:04.025,1.51335,1.51369,1.00,1.00
2016.12.22 16:20:04.358,1.51337,1.51371,1.00,1.00
2016.12.22 16:20:04.670,1.51335,1.51363,1.00,1.00
2016.12.22 16:20:06.181,1.51332,1.51364,1.00,1.00
2016.12.22 16:20:06.232,1.51329,1.51359,1.00,1.00
2016.12.22 16:20:07.739,1.51329,1.51361,1.00,1.00
2016.12.22 16:20:09.081,1.51329,1.51361,1.00,1.00
2016.12.22 16:20:11.608,1.51329,1.51359,1.00,1.00
2016.12.22 16:20:11.709,1.5133,1.51364,1.00,1.00
2016.12.22 16:20:11.760,1.51332,1.51367,1.00,1.00
2016.12.22 16:20:12.085,1.51337,1.5137,1.00,1.00
2016.12.22 16:20:12.410,1.5134,1.51373,1.00,1.00
2016.12.22 16:20:13.063,1.5134,1.51373,1.00,1.00
2016.12.22 16:20:13.113,1.5134,1.51373,1.00,1.00
2016.12.22 16:20:13.420,1.5134,1.51371,1.50,1.00
2016.12.22 16:20:14.116,1.5134,1.51374,2.50,1.00
2016.12.22 16:20:14.167,1.51342,1.51377,1.00,1.00
2016.12.22 16:20:14.468,1.51345,1.51379,1.00,1.00
2016.12.22 16:20:14.800,1.51345,1.51376,1.00,1.00
2016.12.22 16:20:15.187,1.51345,1.51375,1.00,1.00
2016.12.22 16:20:20.382,1.51344,1.51372,1.00,1.00
2016.12.22 16:20:20.433,1.51344,1.51375,1.00,1.00
2016.12.22 16:20:20.534,1.51341,1.51369,1.00,1.00
2016.12.22 16:20:21.578,1.51341,1.5137,1.00,1.00
2016.12.22 16:20:21.629,1.51341,1.51374,1.00,1.00
2016.12.22 16:20:21.679,1.51341,1.5137,1.00,1.00
2016.12.22 16:20:21.730,1.51339,1.51369,1.00,1.00
2016.12.22 16:20:22.728,1.51338,1.51369,1.00,1.00
2016.12.22 16:20:22.930,1.51338,1.51372,1.00,1.00
2016.12.22 16:20:22.981,1.51338,1.51374,1.00,1.00
2016.12.22 16:20:23.740,1.51335,1.51365,1.00,1.00
2016.12.22 16:20:23.941,1.51335,1.51367,1.00,1.00
2016.12.22 16:20:24.317,1.51335,1.51363,1.00,1.00
2016.12.22 16:20:24.895,1.51335,1.51364,1.00,1.00
2016.12.22 16:20:25.430,1.51335,1.51366,1.00,1.00
2016.12.22 16:20:25.673,1.51333,1.51363,1.00,1.00
2016.12.22 16:20:25.739,1.51333,1.51365,1.00,1.00
2016.12.22 16:20:25.941,1.51334,1.51368,1.00,1.00
2016.12.22 16:20:26.587,1.51336,1.5137,1.00,1.00
2016.12.22 16:20:26.952,1.51334,1.51363,1.00,1.00
2016.12.22 16:20:27.275,1.51333,1.51361,1.00,1.00
2016.12.22 16:20:27.578,1.51333,1.51363,1.00,1.00
2016.12.22 16:20:28.733,1.51332,1.51362,1.00,1.00
2016.12.22 16:20:29.297,1.51331,1.51361,1.00,1.00
2016.12.22 16:20:29.898,1.5133,1.51358,1.00,1.00
2016.12.22 16:20:30.250,1.51329,1.5136,1.00,1.00
2016.12.22 16:20:30.402,1.51329,1.51363,1.00,1.00
2016.12.22 16:20:30.728,1.51333,1.51366,2.50,1.00
2016.12.22 16:20:31.471,1.51333,1.51364,1.00,1.00
2016.12.22 16:20:31.642,1.51333,1.51366,1.00,1.00
2016.12.22 16:20:31.693,1.51333,1.51368,1.00,1.00
2016.12.22 16:20:32.327,1.51338,1.51371,1.00,1.00
2016.12.22 16:20:32.679,1.51338,1.51369,1.00,1.00
2016.12.22 16:20:33.185,1.51338,1.51372,1.00,1.00
2016.12.22 16:20:33.706,1.51339,1.51372,1.00,1.00
2016.12.22 16:20:33.991,1.51339,1.51372,1.00,1.00
2016.12.22 16:20:34.445,1.51344,1.51379,1.00,1.00
2016.12.22 16:20:34.496,1.51346,1.51382,1.00,1.00
2016.12.22 16:20:35.201,1.51346,1.51377,1.00,1.00
2016.12.22 16:20:37.294,1.51346,1.51377,1.00,1.00
2016.12.22 16:20:41.004,1.51346,1.51378,1.00,1.00
2016.12.22 16:20:42.006,1.51346,1.51377,1.00,1.00
2016.12.22 16:20:44.160,1.51346,1.51377,1.00,1.00
2016.12.22 16:20:45.161,1.51346,1.51378,1.00,1.00
2016.12.22 16:20:46.171,1.51346,1.51379,1.00,1.00
2016.12.22 16:20:50.571,1.51344,1.51375,1.00,1.00
2016.12.22 16:20:51.181,1.51344,1.51378,1.00,1.00
2016.12.22 16:20:51.512,1.51344,1.51373,1.00,1.00
2016.12.22 16:20:51.663,1.51341,1.51371,1.00,1.00
2016.12.22 16:20:51.915,1.51341,1.51371,1.00,1.00
2016.12.22 16:20:52.168,1.51341,1.51373,1.50,1.00
2016.12.22 16:20:53.211,1.51341,1.51371,1.50,1.00
2016.12.22 16:20:54.065,1.51341,1.51374,1.00,1.00
2016.12.22 16:20:56.529,1.51341,1.51373,1.00,1.00
2016.12.22 16:20:56.834,1.51341,1.51371,1.00,1.00
2016.12.22 16:20:56.885,1.51341,1.51375,1.00,1.00
2016.12.22 16:20:57.541,1.51341,1.51371,1.00,1.00
2016.12.22 16:20:57.843,1.51341,1.51369,1.00,1.00
2016.12.22 16:20:58.759,1.5134,1.51368,1.00,1.00
2016.12.22 16:20:59.825,1.5134,1.51369,1.00,1.00
2016.12.22 16:21:00.820,1.5134,1.51371,1.00,1.00
2016.12.22 16:21:01.863,1.5134,1.5137,1.00,1.00
2016.12.22 16:21:02.847,1.5134,1.51369,1.00,1.00
2016.12.22 16:21:03.166,1.51339,1.51367,1.00,1.00
2016.12.22 16:21:03.568,1.51339,1.51369,1.00,1.00
2016.12.22 16:21:05.900,1.51339,1.5137,1.00,1.00
2016.12.22 16:21:06.848,1.51339,1.51369,1.00,1.00
2016.12.22 16:21:08.763,1.51339,1.51371,1.00,1.00
2016.12.22 16:21:09.284,1.51339,1.51372,1.00,1.00
2016.12.22 16:21:09.938,1.51339,1.51372,1.00,1.00
2016.12.22 16:21:12.620,1.51338,1.51372,1.00,1.00
2016.12.22 16:21:12.671,1.5134,1.51377,1.00,1.00
2016.12.22 16:21:12.973,1.5134,1.51373,1.00,1.00
2016.12.22 16:21:14.084,1.5134,1.51373,1.00,1.00
2016.12.22 16:21:15.068,1.51341,1.51374,1.00,1.00
2016.12.22 16:21:15.170,1.51341,1.51374,1.00,1.00
2016.12.22 16:21:15.422,1.51341,1.51374,1.00,1.00
2016.12.22 16:21:16.151,1.51342,1.51376,1.00,1.00
2016.12.22 16:21:17.013,1.51343,1.51377,1.00,1.00
2016.12.22 16:21:20.968,1.51343,1.51378,1.00,1.00
2016.12.22 16:21:24.586,1.51345,1.51377,1.00,1.00
2016.12.22 16:21:29.111,1.51345,1.51378,1.00,1.00
2016.12.22 16:21:30.114,1.51345,1.51378,1.00,1.00
2016.12.22 16:21:32.798,1.51345,1.51377,1.00,1.00
2016.12.22 16:21:33.768,1.51345,1.51376,1.00,1.00
2016.12.22 16:21:34.252,1.51344,1.51372,1.00,1.00
2016.12.22 16:21:34.404,1.51344,1.51374,1.00,1.00
2016.12.22 16:21:35.384,1.51344,1.51374,1.00,1.00
2016.12.22 16:21:37.851,1.51343,1.5137,1.00,1.00
2016.12.22 16:21:37.952,1.51346,1.51379,1.00,1.00
2016.12.22 16:21:38.053,1.51349,1.51379,1.00,1.00
2016.12.22 16:21:38.478,1.5135,1.51385,1.00,1.00
2016.12.22 16:21:39.466,1.51351,1.51385,1.00,1.00
2016.12.22 16:21:39.618,1.51354,1.51386,1.00,1.00
2016.12.22 16:21:39.668,1.51354,1.51389,1.00,1.00
2016.12.22 16:21:40.596,1.51357,1.5139,1.00,1.00
2016.12.22 16:21:41.595,1.51357,1.5139,1.00,1.00
2016.12.22 16:21:42.865,1.51357,1.51388,1.00,1.00
2016.12.22 16:21:43.178,1.51356,1.51384,1.00,1.00
2016.12.22 16:21:43.869,1.51354,1.51384,1.00,1.00
2016.12.22 16:21:44.284,1.51354,1.51387,1.00,1.00
2016.12.22 16:21:44.587,1.51354,1.51384,1.00,1.00
2016.12.22 16:21:45.338,1.51354,1.51386,1.00,1.00
2016.12.22 16:21:46.004,1.51358,1.51386,1.00,1.00
2016.12.22 16:21:46.336,1.51358,1.51389,1.00,1.00
2016.12.22 16:21:46.604,1.51358,1.51389,1.00,1.00
2016.12.22 16:21:47.318,1.51358,1.5139,1.00,1.00
2016.12.22 16:21:47.849,1.51358,1.5139,1.00,1.00
2016.12.22 16:21:48.392,1.51358,1.51389,1.00,1.00
2016.12.22 16:21:50.574,1.51358,1.51389,1.00,1.00
2016.12.22 16:21:51.050,1.51358,1.51387,1.00,1.00
2016.12.22 16:21:51.151,1.51358,1.51389,1.00,1.00
2016.12.22 16:21:51.367,1.51358,1.51389,1.00,1.00
2016.12.22 16:21:54.646,1.51358,1.5139,1.00,1.00
2016.12.22 16:21:55.146,1.51358,1.51388,1.00,1.00
2016.12.22 16:21:55.608,1.51358,1.51386,1.00,1.00
2016.12.22 16:21:55.860,1.51355,1.51385,1.00,1.00
2016.12.22 16:21:56.188,1.51354,1.51383,1.00,1.00
2016.12.22 16:21:57.735,1.51354,1.51388,1.00,1.00
2016.12.22 16:21:57.836,1.51354,1.51382,1.00,1.00
2016.12.22 16:21:58.208,1.51353,1.51382,1.00,1.00
2016.12.22 16:21:59.172,1.51353,1.51384,1.00,1.00
2016.12.22 16:22:02.323,1.51352,1.5138,1.00,1.00
2016.12.22 16:22:02.626,1.51352,1.51382,1.00,1.00
2016.12.22 16:22:03.275,1.51352,1.51383,1.00,1.00
2016.12.22 16:22:04.284,1.51352,1.51384,1.00,1.00
2016.12.22 16:22:05.693,1.51352,1.51384,1.00,1.00
2016.12.22 16:22:05.844,1.51347,1.51379,1.00,1.00
2016.12.22 16:22:06.212,1.51347,1.51376,1.00,1.00
2016.12.22 16:22:06.869,1.51345,1.51374,1.00,1.00
2016.12.22 16:22:07.070,1.51344,1.51372,1.50,1.00
2016.12.22 16:22:07.372,1.51342,1.5137,1.00,1.00
2016.12.22 16:22:08.059,1.51342,1.5137,1.00,1.00
2016.12.22 16:22:08.160,1.51343,1.51376,1.00,1.00
2016.12.22 16:22:08.564,1.51346,1.51381,1.00,1.00
2016.12.22 16:22:09.609,1.51346,1.51379,1.00,1.00
2016.12.22 16:22:13.033,1.51346,1.51377,1.00,1.00
2016.12.22 16:22:13.781,1.51345,1.51373,1.00,1.00
2016.12.22 16:22:14.286,1.51344,1.51372,1.50,1.00
2016.12.22 16:22:14.711,1.51344,1.51374,1.00,1.00
2016.12.22 16:22:15.715,1.51343,1.51373,1.50,1.00
2016.12.22 16:22:16.311,1.51341,1.5137,1.00,1.00
2016.12.22 16:22:17.286,1.5134,1.5137,1.00,1.00
2016.12.22 16:22:17.739,1.5134,1.5137,1.00,1.00
2016.12.22 16:22:18.910,1.5134,1.51371,1.00,1.00
2016.12.22 16:22:19.163,1.51346,1.51381,1.00,1.00
2016.12.22 16:22:19.214,1.51346,1.51376,1.00,1.00
2016.12.22 16:22:19.967,1.51337,1.51364,1.00,1.00
2016.12.22 16:22:20.219,1.51331,1.5136,1.00,1.00
2016.12.22 16:22:20.270,1.51328,1.51355,1.00,1.00
2016.12.22 16:22:21.226,1.51328,1.51358,1.00,1.00
2016.12.22 16:22:21.327,1.51327,1.51356,1.00,1.00
2016.12.22 16:22:21.377,1.51328,1.51358,1.00,1.00
2016.12.22 16:22:21.692,1.51328,1.51358,1.00,1.00
2016.12.22 16:22:22.087,1.51329,1.51358,1.00,1.00
2016.12.22 16:22:22.238,1.51329,1.51358,1.00,1.00
2016.12.22 16:22:22.389,1.51327,1.51354,1.00,1.00
2016.12.22 16:22:23.381,1.51327,1.51355,1.00,1.00
2016.12.22 16:22:24.454,1.51327,1.51356,1.00,1.00
2016.12.22 16:22:24.555,1.51326,1.51354,1.00,1.00
2016.12.22 16:22:24.605,1.51326,1.51356,1.00,1.00
2016.12.22 16:22:24.807,1.51325,1.51354,1.00,1.00
2016.12.22 16:22:25.795,1.51324,1.51353,1.00,1.00
2016.12.22 16:22:26.766,1.51324,1.51353,1.37,1.00
2016.12.22 16:22:27.109,1.51322,1.51351,1.37,1.00
2016.12.22 16:22:27.433,1.51316,1.51344,1.37,1.00
2016.12.22 16:22:27.887,1.51316,1.51347,1.37,1.00
2016.12.22 16:22:27.937,1.51328,1.51355,1.00,1.00
2016.12.22 16:22:28.242,1.51321,1.51347,1.37,1.00
2016.12.22 16:22:28.293,1.51317,1.51347,1.37,1.00
2016.12.22 16:22:28.803,1.51316,1.51347,1.37,1.00
2016.12.22 16:22:28.904,1.51313,1.51345,1.37,1.00
2016.12.22 16:22:29.075,1.51313,1.5134,1.37,1.00
2016.12.22 16:22:29.125,1.51313,1.5134,1.00,1.00
2016.12.22 16:22:29.226,1.51311,1.51345,1.37,1.00
2016.12.22 16:22:29.277,1.51311,1.51345,1.00,1.00
2016.12.22 16:22:29.327,1.51311,1.51346,2.62,1.00
2016.12.22 16:22:29.668,1.51311,1.51343,2.50,1.00
2016.12.22 16:22:29.802,1.51311,1.51343,2.87,1.00
2016.12.22 16:22:30.054,1.51311,1.51343,1.37,1.00
2016.12.22 16:22:30.618,1.51311,1.51342,1.00,1.00
2016.12.22 16:22:31.073,1.51315,1.51343,1.50,1.00
2016.12.22 16:22:31.174,1.51315,1.51343,1.00,1.00
2016.12.22 16:22:31.680,1.51315,1.51342,1.00,1.00
2016.12.22 16:22:32.074,1.51314,1.51342,1.50,1.00
2016.12.22 16:22:32.764,1.51313,1.51342,1.50,1.00
2016.12.22 16:22:33.629,1.51313,1.51342,1.87,1.00
2016.12.22 16:22:33.680,1.51313,1.51342,1.00,1.00
2016.12.22 16:22:34.724,1.51312,1.5134,1.00,1.00
2016.12.22 16:22:36.118,1.51312,1.51341,1.00,1.00
2016.12.22 16:22:38.221,1.51312,1.51337,1.00,1.00
2016.12.22 16:22:39.416,1.51309,1.5134,1.00,1.00
2016.12.22 16:22:39.567,1.51307,1.51336,1.00,1.00
2016.12.22 16:22:40.463,1.51307,1.51337,1.00,1.00
2016.12.22 16:22:40.816,1.51307,1.51336,1.00,1.50
2016.12.22 16:22:41.270,1.51307,1.51336,1.00,1.00
2016.12.22 16:22:41.371,1.51307,1.51339,1.00,1.00
2016.12.22 16:22:41.556,1.51307,1.51346,1.00,1.00
2016.12.22 16:22:41.658,1.51313,1.51347,2.25,1.00
2016.12.22 16:22:41.961,1.51308,1.51336,1.00,1.50
2016.12.22 16:22:42.589,1.51306,1.51334,1.00,1.00
2016.12.22 16:22:42.746,1.51306,1.51336,1.00,1.50
2016.12.22 16:22:43.570,1.51306,1.51336,1.00,1.50
2016.12.22 16:22:46.831,1.51306,1.51336,1.00,1.00
2016.12.22 16:22:47.364,1.51306,1.51336,1.00,1.50
2016.12.22 16:22:47.580,1.51307,1.51342,1.00,1.00
2016.12.22 16:22:47.682,1.51307,1.5134,1.00,1.35
2016.12.22 16:22:48.001,1.51313,1.51346,1.00,1.00
2016.12.22 16:22:48.916,1.51313,1.51346,1.00,1.00
2016.12.22 16:22:49.181,1.51313,1.51344,1.00,1.00
2016.12.22 16:22:57.087,1.51313,1.51341,1.00,1.00
2016.12.22 16:22:57.138,1.5131,1.5134,1.00,1.00
2016.12.22 16:22:57.188,1.51309,1.51337,1.00,1.00
2016.12.22 16:22:57.340,1.51306,1.51336,1.00,1.00
2016.12.22 16:22:57.978,1.51303,1.51333,1.00,1.00
2016.12.22 16:22:58.666,1.51303,1.51334,1.00,1.00
2016.12.22 16:22:59.267,1.51303,1.51336,1.00,1.50
2016.12.22 16:22:59.570,1.51308,1.51341,1.00,1.00
2016.12.22 16:23:00.144,1.51311,1.51344,1.00,1.00
2016.12.22 16:23:00.779,1.51311,1.51343,1.00,1.00
2016.12.22 16:23:01.180,1.51312,1.51345,1.00,1.00
2016.12.22 16:23:01.792,1.51312,1.51345,1.00,1.00
2016.12.22 16:23:02.780,1.51312,1.51345,1.00,1.00
2016.12.22 16:23:05.003,1.51314,1.51347,1.00,1.00
2016.12.22 16:23:05.305,1.51317,1.5135,1.00,1.00
2016.12.22 16:23:06.069,1.51317,1.51346,1.00,1.00
2016.12.22 16:23:06.786,1.51317,1.51346,1.00,1.00
2016.12.22 16:23:07.194,1.51317,1.5135,1.00,1.00
2016.12.22 16:23:07.245,1.51318,1.51352,1.00,1.00
2016.12.22 16:23:07.396,1.51323,1.51356,1.00,1.50
2016.12.22 16:23:08.392,1.51323,1.51356,1.00,1.00
2016.12.22 16:23:08.951,1.51322,1.51352,1.00,1.00
2016.12.22 16:23:09.254,1.51305,1.51335,1.00,1.00
2016.12.22 16:23:10.008,1.51305,1.51337,1.00,1.00
2016.12.22 16:23:11.141,1.51305,1.51338,1.00,1.00
2016.12.22 16:23:13.114,1.51305,1.51337,1.00,1.00
2016.12.22 16:23:13.616,1.51305,1.51338,1.00,1.00
2016.12.22 16:23:14.344,1.51305,1.51337,1.00,1.00
2016.12.22 16:23:14.656,1.51308,1.51341,1.00,1.00
2016.12.22 16:23:15.210,1.51308,1.51342,1.00,1.00
2016.12.22 16:23:15.412,1.51308,1.51346,1.00,1.00
2016.12.22 16:23:15.543,1.51308,1.51343,1.00,1.00
2016.12.22 16:23:15.645,1.51308,1.51346,1.00,1.00
2016.12.22 16:23:15.695,1.51308,1.51342,1.00,1.00
2016.12.22 16:23:16.300,1.51311,1.51345,1.00,1.00
2016.12.22 16:23:16.687,1.51311,1.51344,1.00,1.00
2016.12.22 16:23:17.639,1.51311,1.51343,1.00,1.00
2016.12.22 16:23:17.745,1.51311,1.51344,1.00,1.00
2016.12.22 16:23:17.796,1.51315,1.5135,1.00,1.00
2016.12.22 16:23:17.897,1.51314,1.51346,1.00,1.00
2016.12.22 16:23:18.351,1.51311,1.51341,1.00,1.00
2016.12.22 16:23:18.824,1.51303,1.51341,1.50,1.60
2016.12.22 16:23:18.925,1.51303,1.51336,1.00,1.00
2016.12.22 16:23:19.227,1.51301,1.51331,1.00,1.00
2016.12.22 16:23:19.927,1.513,1.5133,1.00,1.00
2016.12.22 16:23:20.253,1.513,1.51333,1.00,1.00
2016.12.22 16:23:20.402,1.513,1.51335,1.00,1.00
2016.12.22 16:23:20.705,1.513,1.51332,1.00,1.00
2016.12.22 16:23:24.825,1.513,1.51332,1.00,1.00
2016.12.22 16:23:25.975,1.513,1.51331,1.00,1.00
2016.12.22 16:23:26.977,1.513,1.51332,1.00,1.00
2016.12.22 16:23:29.210,1.513,1.51332,1.00,1.00
2016.12.22 16:23:30.146,1.51286,1.51324,1.87,1.60
2016.12.22 16:23:30.197,1.51286,1.51321,2.25,1.60
2016.12.22 16:23:30.248,1.5129,1.51325,1.00,1.60
2016.12.22 16:23:30.349,1.5129,1.51326,1.00,1.00
2016.12.22 16:23:30.500,1.5129,1.51323,1.00,1.00
2016.12.22 16:23:30.601,1.51291,1.51328,1.00,1.50
2016.12.22 16:23:30.904,1.51297,1.51332,1.00,1.00
2016.12.22 16:23:31.087,1.513,1.51337,1.00,1.00
2016.12.22 16:23:31.490,1.51303,1.51338,1.00,1.00
2016.12.22 16:23:31.799,1.51303,1.51335,1.00,1.00
2016.12.22 16:23:32.101,1.51304,1.51338,1.00,1.00
2016.12.22 16:23:32.386,1.51308,1.51345,1.00,1.00
2016.12.22 16:23:33.146,1.51308,1.51342,1.00,1.00
2016.12.22 16:23:35.347,1.51308,1.51345,1.00,1.00
2016.12.22 16:23:35.491,1.51311,1.51348,1.00,1.00
2016.12.22 16:23:35.794,1.51311,1.5134,1.00,1.00
2016.12.22 16:23:36.784,1.5131,1.51342,1.00,1.00
2016.12.22 16:23:37.151,1.51308,1.51338,1.00,1.00
2016.12.22 16:23:37.454,1.51294,1.51326,1.37,1.00
2016.12.22 16:23:37.969,1.51294,1.51326,1.37,1.00
2016.12.22 16:23:38.422,1.51293,1.51323,1.37,1.00
2016.12.22 16:23:39.046,1.51293,1.51324,1.37,1.00
2016.12.22 16:23:39.097,1.51293,1.51326,1.37,1.00
2016.12.22 16:23:39.630,1.51293,1.51327,1.37,1.50
2016.12.22 16:23:41.987,1.51298,1.5133,1.37,1.00
2016.12.22 16:23:42.566,1.51298,1.51329,1.37,1.00
2016.12.22 16:23:43.033,1.51298,1.51331,1.37,1.00
2016.12.22 16:23:43.509,1.51297,1.51328,1.37,1.00
2016.12.22 16:23:43.991,1.51296,1.51326,1.37,1.00
2016.12.22 16:23:46.569,1.51296,1.51327,1.37,1.00
2016.12.22 16:23:49.371,1.51296,1.51327,1.37,1.00
2016.12.22 16:23:49.963,1.51296,1.51326,1.37,1.00
2016.12.22 16:23:50.631,1.51296,1.51327,1.37,1.00
2016.12.22 16:23:51.324,1.51295,1.51327,1.37,1.00
2016.12.22 16:23:52.937,1.51295,1.51329,1.37,1.00
2016.12.22 16:23:53.243,1.51295,1.51326,1.37,1.00
2016.12.22 16:23:53.799,1.51295,1.51326,1.37,1.00
2016.12.22 16:23:54.318,1.51295,1.51325,1.37,1.00
2016.12.22 16:23:54.844,1.5129,1.5132,1.37,1.00
2016.12.22 16:23:55.247,1.5129,1.51322,1.87,1.00
2016.12.22 16:23:55.298,1.51291,1.51324,1.37,1.00
2016.12.22 16:23:55.349,1.51291,1.51327,1.37,1.00
2016.12.22 16:23:55.400,1.51291,1.51327,1.37,1.00
2016.12.22 16:23:55.889,1.51295,1.51329,1.00,1.00
2016.12.22 16:23:56.682,1.51301,1.51333,1.00,1.00
2016.12.22 16:23:56.783,1.51301,1.51335,1.00,1.50
2016.12.22 16:23:57.695,1.51301,1.51334,1.00,1.00
2016.12.22 16:23:58.689,1.51301,1.51334,1.50,1.00
2016.12.22 16:23:58.740,1.51298,1.5133,1.12,1.00
2016.12.22 16:23:58.841,1.51296,1.51325,1.37,1.00
2016.12.22 16:23:59.345,1.51293,1.51324,1.87,1.00
2016.12.22 16:24:00.122,1.51293,1.51323,1.37,1.00
2016.12.22 16:24:01.139,1.51293,1.51324,1.37,1.00
2016.12.22 16:24:01.719,1.51298,1.51324,1.00,1.00
2016.12.22 16:24:02.521,1.51299,1.51324,1.00,1.00
2016.12.22 16:24:03.841,1.51294,1.51325,1.37,1.00
2016.12.22 16:24:04.818,1.51294,1.51323,1.37,1.00
2016.12.22 16:24:05.747,1.51294,1.51323,1.87,1.00
2016.12.22 16:24:06.557,1.51294,1.51324,1.37,1.00
2016.12.22 16:24:06.920,1.51294,1.51322,1.37,1.00
2016.12.22 16:24:07.720,1.51294,1.51322,1.37,1.00
2016.12.22 16:24:08.257,1.51294,1.51321,1.37,1.00
2016.12.22 16:24:08.555,1.51293,1.51319,1.00,1.00
2016.12.22 16:24:08.707,1.51299,1.51325,1.00,1.00
2016.12.22 16:24:08.758,1.51299,1.51329,1.00,1.00
2016.12.22 16:24:08.808,1.51306,1.51332,1.00,1.00
2016.12.22 16:24:08.859,1.51306,1.5134,1.00,1.00
2016.12.22 16:24:09.672,1.51306,1.51339,1.00,1.00
2016.12.22 16:24:10.719,1.51306,1.51339,1.00,1.00
2016.12.22 16:24:12.025,1.51308,1.51342,1.00,1.00
2016.12.22 16:24:12.227,1.51308,1.5134,1.00,1.00
2016.12.22 16:24:13.073,1.51308,1.51337,1.00,1.00
2016.12.22 16:24:14.634,1.51305,1.51336,1.00,1.00
2016.12.22 16:24:14.785,1.51301,1.51333,1.37,1.00
2016.12.22 16:24:15.089,1.51301,1.51334,1.75,1.00
2016.12.22 16:24:15.400,1.51304,1.51337,1.50,1.00
2016.12.22 16:24:16.099,1.51304,1.51337,2.49,1.00
2016.12.22 16:24:16.360,1.51311,1.51345,1.00,1.00
2016.12.22 16:24:16.662,1.51314,1.51348,1.00,1.00
2016.12.22 16:24:17.336,1.51314,1.51346,1.37,1.00
2016.12.22 16:24:17.869,1.51314,1.51348,1.37,1.00
2016.12.22 16:24:17.970,1.51315,1.5135,1.12,1.00
2016.12.22 16:24:18.890,1.51315,1.51351,1.00,1.00
2016.12.22 16:24:19.431,1.51315,1.5135,1.12,1.00
2016.12.22 16:24:19.932,1.51315,1.51351,1.00,1.00
2016.12.22 16:24:21.381,1.51315,1.51351,1.37,1.00
2016.12.22 16:24:21.897,1.51316,1.5135,1.37,1.00
2016.12.22 16:24:23.472,1.51316,1.5135,1.37,1.60
2016.12.22 16:24:23.523,1.51316,1.51342,1.00,1.50
2016.12.22 16:24:23.624,1.51309,1.51342,1.00,1.60
2016.12.22 16:24:23.725,1.51308,1.51343,1.00,1.00
2016.12.22 16:24:23.776,1.51307,1.51341,1.00,1.00
2016.12.22 16:24:24.097,1.51308,1.51341,2.62,1.00
2016.12.22 16:24:24.470,1.51311,1.51349,1.12,1.00
2016.12.22 16:24:25.107,1.51312,1.51348,1.50,1.00
2016.12.22 16:24:25.208,1.51312,1.51345,2.50,1.00
2016.12.22 16:24:25.900,1.51312,1.51346,1.50,1.00
2016.12.22 16:24:26.303,1.51313,1.5135,1.50,1.00
2016.12.22 16:24:26.404,1.51315,1.5135,1.12,1.00
2016.12.22 16:24:26.753,1.51315,1.5135,1.12,1.00
2016.12.22 16:24:27.091,1.51316,1.5135,1.12,1.00
2016.12.22 16:24:27.671,1.51316,1.51349,1.37,1.00
2016.12.22 16:24:27.973,1.5132,1.51351,1.00,1.00
2016.12.22 16:24:28.276,1.5132,1.51344,1.00,1.00
2016.12.22 16:24:28.326,1.51316,1.51349,1.87,1.00
2016.12.22 16:24:28.427,1.51316,1.51349,1.87,1.00
2016.12.22 16:24:28.755,1.51316,1.51347,1.12,1.00
2016.12.22 16:24:29.191,1.51316,1.51347,1.00,1.00
2016.12.22 16:24:29.343,1.51316,1.51345,1.12,1.00
2016.12.22 16:24:30.369,1.51315,1.51345,1.00,1.00
2016.12.22 16:24:33.517,1.51315,1.51343,1.00,1.00
2016.12.22 16:24:34.156,1.51315,1.51343,1.00,1.00
2016.12.22 16:24:34.308,1.51313,1.51343,1.00,1.00
2016.12.22 16:24:35.636,1.51313,1.51343,1.00,1.00
2016.12.22 16:24:36.246,1.51313,1.51342,1.00,1.00
2016.12.22 16:24:36.817,1.51313,1.51342,1.00,1.00
2016.12.22 16:24:37.183,1.51313,1.5134,1.00,1.00
2016.12.22 16:24:37.233,1.51308,1.5134,1.00,1.00
2016.12.22 16:24:37.335,1.51306,1.51336,1.50,1.00
2016.12.22 16:24:37.637,1.51306,1.51339,1.00,1.00
2016.12.22 16:24:37.788,1.51307,1.51342,1.00,1.00
2016.12.22 16:24:37.990,1.51312,1.51349,1.00,1.00
2016.12.22 16:24:38.287,1.51318,1.51352,1.00,1.00
2016.12.22 16:24:38.338,1.51318,1.5135,1.00,1.00
2016.12.22 16:24:38.389,1.51318,1.51344,1.00,1.00
2016.12.22 16:24:38.490,1.51318,1.51344,1.00,1.00
2016.12.22 16:24:38.742,1.51318,1.51346,1.00,1.00
2016.12.22 16:24:39.044,1.51317,1.51348,1.00,1.00
2016.12.22 16:24:39.095,1.51317,1.51349,1.00,1.00
2016.12.22 16:24:39.145,1.51315,1.51347,1.00,1.00
2016.12.22 16:24:39.297,1.51315,1.51349,2.50,1.00
2016.12.22 16:24:39.526,1.51319,1.51353,1.12,1.00
2016.12.22 16:24:40.908,1.51319,1.51354,1.00,1.00
2016.12.22 16:24:41.124,1.51321,1.51356,1.00,1.00
2016.12.22 16:24:42.213,1.51321,1.51355,1.50,1.00
2016.12.22 16:24:43.449,1.51321,1.51354,1.00,1.00
2016.12.22 16:24:43.752,1.51323,1.51357,1.00,1.00
2016.12.22 16:24:44.320,1.51323,1.51357,1.00,1.00
2016.12.22 16:24:44.629,1.51323,1.51353,1.00,1.00
2016.12.22 16:24:45.755,1.51323,1.51357,2.62,1.50
2016.12.22 16:24:45.807,1.51324,1.51357,1.12,1.50
2016.12.22 16:24:46.392,1.51324,1.51357,1.50,1.00
2016.12.22 16:24:46.937,1.51324,1.51356,1.00,1.50
2016.12.22 16:24:47.338,1.51324,1.51354,1.00,1.00
2016.12.22 16:24:48.451,1.51324,1.51351,1.00,1.00
2016.12.22 16:24:48.929,1.51322,1.51351,1.00,1.00
2016.12.22 16:24:49.803,1.51322,1.51351,1.00,1.00
2016.12.22 16:24:49.854,1.51322,1.51348,1.00,1.00
2016.12.22 16:24:49.955,1.51322,1.51351,1.50,1.00
2016.12.22 16:24:51.319,1.51321,1.5135,1.50,1.00
2016.12.22 16:24:51.910,1.51321,1.5135,1.00,1.00
2016.12.22 16:24:52.757,1.51321,1.51352,1.00,1.00
2016.12.22 16:24:52.858,1.51321,1.5135,1.00,1.00
2016.12.22 16:24:54.043,1.51321,1.51351,1.00,1.00
2016.12.22 16:24:55.051,1.51321,1.51348,1.00,1.00
2016.12.22 16:24:55.629,1.51321,1.51346,1.00,1.00
2016.12.22 16:24:55.830,1.51321,1.51346,1.00,1.00
2016.12.22 16:24:56.402,1.51321,1.51346,1.00,1.00
2016.12.22 16:24:56.924,1.51321,1.51349,1.00,1.00
2016.12.22 16:24:56.975,1.5132,1.51349,1.00,1.00
2016.12.22 16:24:57.238,1.5132,1.51353,1.00,1.00
2016.12.22 16:24:57.289,1.5132,1.51353,2.12,1.00
2016.12.22 16:24:57.801,1.5132,1.51353,1.12,1.00
2016.12.22 16:24:58.187,1.51322,1.51355,1.12,1.00
2016.12.22 16:24:58.880,1.51322,1.51353,1.00,1.00
2016.12.22 16:24:59.388,1.51322,1.51354,2.12,1.00
2016.12.22 16:24:59.837,1.51323,1.51356,1.12,1.50
2016.12.22 16:25:00.165,1.51323,1.51354,1.87,1.00
2016.12.22 16:25:00.517,1.51324,1.51354,1.50,1.00
2016.12.22 16:25:00.567,1.51324,1.51354,1.12,1.00
2016.12.22 16:25:01.081,1.51324,1.51355,1.87,1.00
2016.12.22 16:25:01.645,1.51324,1.51355,1.12,1.00
2016.12.22 16:25:02.679,1.51324,1.51355,1.50,1.00
2016.12.22 16:25:03.361,1.51324,1.51356,1.87,1.00
2016.12.22 16:25:03.876,1.51326,1.51357,1.12,1.00
2016.12.22 16:25:04.421,1.51327,1.51357,1.12,1.00
2016.12.22 16:25:05.826,1.51327,1.51357,1.00,1.00
2016.12.22 16:25:06.239,1.51328,1.5136,1.12,1.00
2016.12.22 16:25:06.390,1.5133,1.51361,1.12,1.00
2016.12.22 16:25:06.642,1.51334,1.51365,1.12,1.00
2016.12.22 16:25:06.793,1.5133,1.51362,1.12,1.00
2016.12.22 16:25:06.895,1.5133,1.51362,1.00,1.00
2016.12.22 16:25:07.248,1.51329,1.51358,1.00,1.00
2016.12.22 16:25:07.817,1.51328,1.51359,1.00,1.00
2016.12.22 16:25:08.159,1.51326,1.51357,1.00,1.00
2016.12.22 16:25:08.990,1.51326,1.51356,1.00,1.00
2016.12.22 16:25:09.320,1.51326,1.51358,1.07,1.00
2016.12.22 16:25:09.834,1.51326,1.51358,1.10,1.50
2016.12.22 16:25:09.885,1.51324,1.51354,1.57,1.00
2016.12.22 16:25:10.533,1.51324,1.51354,1.50,1.00
2016.12.22 16:25:10.583,1.51324,1.51354,1.57,1.00
2016.12.22 16:25:11.100,1.51324,1.51353,1.57,1.00
2016.12.22 16:25:12.330,1.51324,1.51356,1.00,1.00
2016.12.22 16:25:12.381,1.51324,1.51351,1.00,1.00
2016.12.22 16:25:12.431,1.51317,1.51346,1.00,1.00
2016.12.22 16:25:12.482,1.51314,1.51343,1.87,1.00
2016.12.22 16:25:12.583,1.51305,1.51336,1.45,1.00
2016.12.22 16:25:12.634,1.51305,1.51336,1.00,1.00
2016.12.22 16:25:13.523,1.51304,1.51333,1.87,1.00
2016.12.22 16:25:14.598,1.51304,1.51334,1.12,1.00
2016.12.22 16:25:15.526,1.51304,1.51336,1.37,1.00
2016.12.22 16:25:16.445,1.51304,1.51336,1.95,1.00
2016.12.22 16:25:16.750,1.51304,1.51334,1.20,1.00
2016.12.22 16:25:16.801,1.51304,1.51334,1.20,1.00
2016.12.22 16:25:17.387,1.51304,1.51333,1.45,1.00
2016.12.22 16:25:17.488,1.51304,1.51337,1.00,1.00
2016.12.22 16:25:20.030,1.51304,1.51337,1.07,1.00
2016.12.22 16:25:21.487,1.51304,1.51338,1.07,1.00
2016.12.22 16:25:21.828,1.51304,1.5134,2.19,1.00
2016.12.22 16:25:21.879,1.51304,1.51338,2.19,1.00
2016.12.22 16:25:22.283,1.51304,1.51338,2.19,1.00
2016.12.22 16:25:22.847,1.51308,1.51338,1.10,1.00
2016.12.22 16:25:23.664,1.51308,1.51338,1.07,1.00
2016.12.22 16:25:24.200,1.51307,1.51336,1.07,1.00
2016.12.22 16:25:24.978,1.51307,1.51337,1.07,1.00
2016.12.22 16:25:25.028,1.51307,1.51337,1.07,1.00
2016.12.22 16:25:25.532,1.51306,1.51336,1.07,1.00
2016.12.22 16:25:26.250,1.51304,1.51335,1.20,1.00
2016.12.22 16:25:26.999,1.51304,1.51335,1.20,1.00
2016.12.22 16:25:28.989,1.51304,1.51335,1.45,1.00
2016.12.22 16:25:30.104,1.51304,1.51335,1.20,1.00
2016.12.22 16:25:31.646,1.51304,1.51335,1.20,1.00
2016.12.22 16:25:31.898,1.51304,1.51333,1.45,1.00
2016.12.22 16:25:32.535,1.51304,1.51333,1.37,1.00
2016.12.22 16:25:33.205,1.51295,1.51327,1.45,1.00
2016.12.22 16:25:33.356,1.51295,1.51327,1.10,1.00
2016.12.22 16:25:33.796,1.51294,1.51325,1.07,1.00
2016.12.22 16:25:34.179,1.51299,1.51325,1.00,1.00
2016.12.22 16:25:34.347,1.51294,1.51325,1.10,1.00
2016.12.22 16:25:34.397,1.51294,1.51325,1.07,1.00
2016.12.22 16:25:34.909,1.51294,1.51325,1.07,1.00
2016.12.22 16:25:35.701,1.51294,1.51324,1.07,1.00
2016.12.22 16:25:36.415,1.51294,1.51324,1.07,1.00
2016.12.22 16:25:37.478,1.51294,1.51323,1.07,1.00
2016.12.22 16:25:37.997,1.51294,1.51323,1.07,1.00
2016.12.22 16:25:38.329,1.51298,1.51323,1.00,1.00
2016.12.22 16:25:38.532,1.51294,1.51323,1.07,1.00
2016.12.22 16:25:39.171,1.51294,1.51323,1.07,1.00
2016.12.22 16:25:39.450,1.51294,1.51325,1.07,1.00
2016.12.22 16:25:40.032,1.51294,1.51325,1.07,1.00
2016.12.22 16:25:40.567,1.51294,1.51325,1.57,1.00
2016.12.22 16:25:41.193,1.51294,1.5132,1.07,1.00
2016.12.22 16:25:41.244,1.51294,1.5132,1.00,1.00
2016.12.22 16:25:41.446,1.51289,1.5132,1.20,1.00
2016.12.22 16:25:41.496,1.51289,1.5132,2.20,1.00
2016.12.22 16:25:42.193,1.51289,1.51318,2.20,1.00
2016.12.22 16:25:42.294,1.51289,1.51321,2.20,1.00
2016.12.22 16:25:42.395,1.5129,1.51325,2.20,1.00
2016.12.22 16:25:42.697,1.51299,1.51328,1.00,1.00
2016.12.22 16:25:42.798,1.51299,1.51333,1.00,1.00
2016.12.22 16:25:43.201,1.51299,1.51333,1.07,1.00
2016.12.22 16:25:43.738,1.51299,1.51335,1.57,1.00
2016.12.22 16:25:43.789,1.51299,1.51335,1.57,1.00
2016.12.22 16:25:44.617,1.51299,1.51334,1.00,1.00
2016.12.22 16:25:44.718,1.51299,1.51329,1.07,1.00
2016.12.22 16:25:44.847,1.51299,1.51332,1.10,1.00
2016.12.22 16:25:45.100,1.51299,1.51334,1.07,1.00
2016.12.22 16:25:45.251,1.51299,1.51333,1.50,1.00
2016.12.22 16:25:45.648,1.51299,1.51331,1.00,1.00
2016.12.22 16:25:46.172,1.51299,1.51331,1.00,1.00
2016.12.22 16:25:46.711,1.51299,1.5133,1.00,1.00
2016.12.22 16:25:47.343,1.51299,1.51329,1.00,1.00
2016.12.22 16:25:49.837,1.5129,1.51316,1.00,1.12
2016.12.22 16:25:50.077,1.51283,1.51315,1.00,1.00
2016.12.22 16:25:50.128,1.51283,1.51309,1.00,1.00
2016.12.22 16:25:50.229,1.51283,1.51318,1.00,2.85
2016.12.22 16:25:50.633,1.51282,1.51312,1.00,1.00
2016.12.22 16:25:50.734,1.51282,1.51312,1.00,1.00
2016.12.22 16:25:50.937,1.51282,1.51315,1.50,1.00
2016.12.22 16:25:51.643,1.51282,1.51312,1.00,1.00
2016.12.22 16:25:52.184,1.51282,1.51313,1.50,1.00
2016.12.22 16:25:52.405,1.51282,1.51316,1.00,1.00
2016.12.22 16:25:53.006,1.51282,1.5131,1.00,1.00
2016.12.22 16:25:53.941,1.51282,1.51314,1.50,1.00
2016.12.22 16:25:53.998,1.51283,1.51317,1.00,1.50
2016.12.22 16:25:54.301,1.51298,1.51328,1.00,1.00
2016.12.22 16:25:54.946,1.51298,1.51331,1.00,1.00
2016.12.22 16:25:54.998,1.51298,1.51333,1.50,1.00
2016.12.22 16:25:55.149,1.51295,1.51323,1.50,1.00
2016.12.22 16:25:55.451,1.51293,1.5132,1.00,1.00
2016.12.22 16:25:56.099,1.51293,1.5133,1.00,1.00
2016.12.22 16:25:56.553,1.51299,1.51331,1.00,1.00
2016.12.22 16:25:56.755,1.51299,1.51334,1.00,1.00
2016.12.22 16:25:57.005,1.51299,1.51336,1.00,1.00
2016.12.22 16:25:57.372,1.51299,1.51339,1.00,1.50
2016.12.22 16:25:57.633,1.51302,1.51338,1.00,1.00
2016.12.22 16:25:58.409,1.51302,1.51336,1.00,1.00
2016.12.22 16:25:59.186,1.51302,1.51334,1.00,1.00
2016.12.22 16:25:59.527,1.51302,1.51332,1.00,1.00
2016.12.22 16:26:00.052,1.51302,1.51332,1.00,1.00
2016.12.22 16:26:04.580,1.51302,1.51332,1.50,1.00
2016.12.22 16:26:06.057,1.51302,1.5133,1.00,1.00
2016.12.22 16:26:06.108,1.51301,1.5133,1.00,1.00
2016.12.22 16:26:06.360,1.51301,1.51329,1.00,1.00
2016.12.22 16:26:06.413,1.513,1.51329,1.00,1.00
2016.12.22 16:26:06.565,1.51297,1.51328,1.00,1.00
2016.12.22 16:26:07.202,1.51296,1.51327,1.00,1.00
2016.12.22 16:26:07.363,1.51296,1.51325,1.00,1.00
2016.12.22 16:26:08.068,1.51298,1.51329,1.00,1.00
2016.12.22 16:26:08.454,1.51299,1.51326,1.00,1.00
2016.12.22 16:26:08.555,1.51296,1.51324,1.00,1.00
2016.12.22 16:26:08.605,1.51298,1.51324,1.00,1.00
2016.12.22 16:26:08.710,1.51296,1.51324,1.00,1.00
2016.12.22 16:26:09.164,1.51294,1.51322,1.50,1.00
2016.12.22 16:26:10.981,1.51294,1.51321,1.00,1.00
2016.12.22 16:26:11.233,1.51292,1.5132,1.12,1.00
2016.12.22 16:26:11.334,1.5129,1.51318,1.37,1.00
2016.12.22 16:26:11.843,1.5129,1.51318,2.12,1.00
2016.12.22 16:26:11.945,1.51285,1.51313,1.12,1.00
2016.12.22 16:26:12.197,1.51284,1.51311,1.87,1.00
2016.12.22 16:26:12.328,1.51283,1.51313,1.37,1.00
2016.12.22 16:26:13.300,1.51283,1.51314,1.87,1.00
2016.12.22 16:26:13.555,1.51284,1.51316,1.12,1.00
2016.12.22 16:26:14.344,1.51284,1.51313,2.12,1.00
2016.12.22 16:26:14.663,1.51284,1.51316,2.12,1.00
2016.12.22 16:26:17.827,1.51284,1.51315,2.12,1.00
2016.12.22 16:26:20.186,1.51284,1.51314,1.87,1.00
2016.12.22 16:26:20.713,1.51284,1.51314,1.87,1.00
2016.12.22 16:26:21.065,1.51284,1.51315,1.00,1.00
2016.12.22 16:26:22.379,1.51284,1.51315,2.12,1.00
2016.12.22 16:26:23.913,1.51284,1.5131,1.12,1.00
2016.12.22 16:26:24.273,1.51284,1.51308,1.12,1.00
2016.12.22 16:26:24.793,1.51284,1.51312,1.12,1.00
2016.12.22 16:26:25.096,1.51284,1.51315,2.12,1.00
2016.12.22 16:26:25.447,1.51289,1.51315,1.00,1.00
2016.12.22 16:26:25.498,1.51289,1.51317,1.00,1.00
2016.12.22 16:26:25.750,1.51287,1.51317,1.00,1.00
2016.12.22 16:26:25.801,1.51289,1.5132,1.00,1.00
2016.12.22 16:26:26.358,1.51289,1.51315,1.00,1.00
2016.12.22 16:26:26.459,1.51287,1.51315,1.00,1.00
2016.12.22 16:26:26.560,1.51289,1.51315,1.00,1.00
2016.12.22 16:26:26.812,1.51289,1.51317,1.00,1.00
2016.12.22 16:26:28.935,1.51289,1.51315,1.00,1.00
2016.12.22 16:26:29.041,1.51284,1.51315,1.87,1.00
2016.12.22 16:26:29.352,1.51289,1.51318,1.00,1.00
2016.12.22 16:26:29.503,1.51289,1.5132,1.00,1.00
2016.12.22 16:26:29.655,1.51289,1.51318,1.00,1.00
2016.12.22 16:26:29.806,1.51288,1.51318,1.00,1.00
2016.12.22 16:26:29.907,1.51287,1.51315,1.00,1.00
2016.12.22 16:26:30.257,1.51289,1.51315,1.00,1.00
2016.12.22 16:26:34.458,1.51285,1.51315,1.12,1.00
2016.12.22 16:26:34.833,1.51285,1.51317,1.00,1.00
2016.12.22 16:26:35.810,1.51285,1.51317,1.00,1.00
2016.12.22 16:26:37.640,1.51285,1.51318,1.00,1.00
2016.12.22 16:26:38.011,1.51288,1.51321,1.50,1.00
2016.12.22 16:26:38.313,1.51289,1.51319,1.00,1.00
2016.12.22 16:26:38.991,1.51287,1.51315,1.00,1.00
2016.12.22 16:26:39.042,1.51285,1.51313,1.12,1.00
2016.12.22 16:26:39.962,1.51285,1.51314,1.00,1.00
2016.12.22 16:26:42.737,1.51281,1.51311,1.37,1.00
2016.12.22 16:26:42.939,1.51277,1.51307,1.00,1.00
2016.12.22 16:26:44.724,1.51277,1.51308,1.00,1.00
2016.12.22 16:26:45.640,1.51273,1.513,1.00,1.00
2016.12.22 16:26:46.280,1.51273,1.51299,1.00,1.00
2016.12.22 16:26:47.118,1.51273,1.51298,1.00,1.00
2016.12.22 16:26:48.642,1.51275,1.51304,1.00,1.00
2016.12.22 16:26:48.793,1.51281,1.51314,1.00,1.00
2016.12.22 16:26:48.997,1.51281,1.51311,1.00,1.00
2016.12.22 16:26:49.528,1.51281,1.51311,1.50,1.00
2016.12.22 16:26:50.194,1.51281,1.5131,1.00,1.00
2016.12.22 16:26:50.699,1.51281,1.5131,1.00,1.00
2016.12.22 16:26:51.492,1.51281,1.5131,1.00,1.00
2016.12.22 16:26:52.026,1.51281,1.51311,1.00,1.00
2016.12.22 16:26:52.077,1.51281,1.51314,1.50,1.00
2016.12.22 16:26:53.691,1.51281,1.51314,2.50,1.00
2016.12.22 16:26:54.160,1.51281,1.51312,1.00,1.00
2016.12.22 16:26:54.520,1.51284,1.51315,1.50,1.00
2016.12.22 16:26:55.507,1.51284,1.51316,2.50,1.00
2016.12.22 16:26:55.714,1.51284,1.51318,2.50,1.00
2016.12.22 16:26:55.815,1.51288,1.51318,1.00,1.00
2016.12.22 16:26:56.735,1.51288,1.51316,1.00,1.00
2016.12.22 16:26:58.523,1.51288,1.51315,1.00,1.00
2016.12.22 16:26:58.674,1.51287,1.51315,1.00,1.00
2016.12.22 16:26:59.201,1.51286,1.51314,1.00,1.00
2016.12.22 16:26:59.633,1.51284,1.51311,1.00,1.00
2016.12.22 16:27:00.116,1.51284,1.51309,1.00,1.00
2016.12.22 16:27:00.167,1.51284,1.51311,1.00,1.00
2016.12.22 16:27:00.268,1.51283,1.51305,1.00,1.00
2016.12.22 16:27:00.318,1.51277,1.51305,1.00,1.00
2016.12.22 16:27:00.593,1.51274,1.51304,1.50,1.00
2016.12.22 16:27:00.833,1.51274,1.51307,2.50,1.00
2016.12.22 16:27:01.136,1.5128,1.51313,1.00,1.00
2016.12.22 16:27:01.237,1.51283,1.51318,1.00,1.12
2016.12.22 16:27:01.338,1.51283,1.51315,1.00,1.00
2016.12.22 16:27:02.102,1.51283,1.51313,1.00,1.00
2016.12.22 16:27:03.065,1.51283,1.51313,1.00,1.00
2016.12.22 16:27:03.989,1.51283,1.51313,1.00,1.00
2016.12.22 16:27:04.140,1.51274,1.51309,1.00,1.00
2016.12.22 16:27:04.242,1.51274,1.51307,1.00,1.00
2016.12.22 16:27:04.545,1.51278,1.51313,1.50,1.00
2016.12.22 16:27:04.646,1.51284,1.51317,1.00,1.00
2016.12.22 16:27:05.610,1.51284,1.51316,1.00,1.00
2016.12.22 16:27:06.664,1.51284,1.51316,1.00,1.00
2016.12.22 16:27:06.715,1.51286,1.51319,2.12,1.00
2016.12.22 16:27:07.051,1.51286,1.51317,1.00,1.00
2016.12.22 16:27:07.399,1.51288,1.51317,1.00,1.00
2016.12.22 16:27:07.822,1.51288,1.51315,1.00,1.00
2016.12.22 16:27:08.233,1.51287,1.51315,1.00,1.00
2016.12.22 16:27:08.817,1.51286,1.51317,1.00,1.00
2016.12.22 16:27:12.251,1.51286,1.51314,1.00,1.00
2016.12.22 16:27:12.570,1.51284,1.51311,1.00,1.00
2016.12.22 16:27:12.722,1.51284,1.51315,1.00,1.00
2016.12.22 16:27:12.823,1.51284,1.51317,1.00,1.00
2016.12.22 16:27:13.250,1.51286,1.5132,1.50,1.00
2016.12.22 16:27:14.182,1.51289,1.5132,1.00,1.00
2016.12.22 16:27:14.784,1.51289,1.51321,1.00,1.00
2016.12.22 16:27:16.038,1.51288,1.51314,1.00,1.00
2016.12.22 16:27:16.142,1.51288,1.51318,1.00,1.00
2016.12.22 16:27:16.500,1.51288,1.51317,1.00,1.00
2016.12.22 16:27:16.713,1.51288,1.5132,1.00,1.00
2016.12.22 16:27:17.017,1.51289,1.5132,1.00,1.00
2016.12.22 16:27:17.253,1.51288,1.51317,1.00,1.00
2016.12.22 16:27:17.354,1.51288,1.51319,1.00,1.00
2016.12.22 16:27:17.767,1.51288,1.51318,1.00,1.00
2016.12.22 16:27:17.919,1.51289,1.51318,1.00,1.00
2016.12.22 16:27:18.477,1.51289,1.51317,1.00,1.00
2016.12.22 16:27:18.738,1.51287,1.51317,1.00,1.00
2016.12.22 16:27:20.067,1.51287,1.51316,1.00,1.00
2016.12.22 16:27:21.091,1.51286,1.51316,1.00,1.00
2016.12.22 16:27:22.120,1.51286,1.51316,1.00,1.00
2016.12.22 16:27:23.357,1.51288,1.51318,1.00,1.00
2016.12.22 16:27:23.407,1.51288,1.51318,1.00,1.00
2016.12.22 16:27:23.760,1.51288,1.51315,1.00,1.00
2016.12.22 16:27:24.172,1.51289,1.51315,1.00,1.00
2016.12.22 16:27:24.323,1.51289,1.51318,1.00,1.00
2016.12.22 16:27:24.484,1.51289,1.51318,1.00,1.00
2016.12.22 16:27:24.821,1.51289,1.51318,1.00,1.00
2016.12.22 16:27:25.280,1.51289,1.5132,1.00,1.00
2016.12.22 16:27:25.514,1.51288,1.51317,1.00,1.00
2016.12.22 16:27:26.513,1.51288,1.51317,1.00,1.00
2016.12.22 16:27:26.814,1.51289,1.51317,1.00,1.00
2016.12.22 16:27:27.954,1.51289,1.51317,1.00,1.00
2016.12.22 16:27:31.858,1.51288,1.51317,1.00,1.00
2016.12.22 16:27:32.823,1.51288,1.51316,1.00,1.00
2016.12.22 16:27:35.525,1.51288,1.51315,1.00,1.00
2016.12.22 16:27:35.727,1.51286,1.51313,1.00,1.00
2016.12.22 16:27:37.089,1.51283,1.51311,1.00,1.00
2016.12.22 16:27:37.763,1.51283,1.51311,2.12,1.00
2016.12.22 16:27:38.065,1.51283,1.51313,1.87,1.00
2016.12.22 16:27:38.588,1.51281,1.5131,1.37,1.00
2016.12.22 16:27:39.167,1.51281,1.5131,1.37,1.00
2016.12.22 16:27:40.020,1.51282,1.51315,1.00,1.00
2016.12.22 16:27:40.071,1.51283,1.51318,1.00,1.00
2016.12.22 16:27:40.122,1.51283,1.51312,1.12,1.00
2016.12.22 16:27:40.426,1.51283,1.51308,1.00,1.00
2016.12.22 16:27:40.527,1.51283,1.51312,1.50,1.00
2016.12.22 16:27:41.015,1.51283,1.51315,1.00,1.00
2016.12.22 16:27:41.769,1.51283,1.51309,1.00,1.00
2016.12.22 16:27:41.819,1.51283,1.51313,2.12,1.00
2016.12.22 16:27:42.809,1.51283,1.51311,1.50,1.00
2016.12.22 16:27:44.870,1.51283,1.51313,2.12,1.00
2016.12.22 16:27:45.552,1.51283,1.51312,1.00,1.00
2016.12.22 16:27:46.267,1.51283,1.51311,1.00,1.00
2016.12.22 16:27:46.651,1.51283,1.51308,1.00,1.00
2016.12.22 16:27:46.702,1.51283,1.51311,1.00,1.00
2016.12.22 16:27:46.854,1.51282,1.51311,1.12,1.00
2016.12.22 16:27:46.955,1.51282,1.51313,1.00,1.00
2016.12.22 16:27:48.791,1.51282,1.51312,2.12,1.00
2016.12.22 16:27:50.260,1.51282,1.51312,1.00,1.00
2016.12.22 16:27:50.311,1.51282,1.51315,2.12,1.00
2016.12.22 16:27:50.462,1.51284,1.51316,1.00,1.00
2016.12.22 16:27:51.455,1.51284,1.51316,2.50,1.00
2016.12.22 16:27:52.077,1.51284,1.51317,2.50,1.00
2016.12.22 16:27:52.490,1.51288,1.51317,1.00,1.00
2016.12.22 16:27:52.749,1.51288,1.51319,1.00,1.00
2016.12.22 16:27:54.802,1.51289,1.51317,1.00,1.00
2016.12.22 16:27:54.852,1.51289,1.51319,1.00,1.00
2016.12.22 16:27:55.004,1.51289,1.51317,1.00,1.00
2016.12.22 16:27:55.054,1.51289,1.5132,1.00,1.00
2016.12.22 16:27:55.763,1.51289,1.5132,1.00,1.00
2016.12.22 16:27:55.991,1.51289,1.51318,1.00,1.00
2016.12.22 16:27:56.092,1.51289,1.5132,1.00,1.00
2016.12.22 16:27:56.603,1.51289,1.5132,1.00,1.00
2016.12.22 16:27:56.731,1.51289,1.5132,1.00,1.00
2016.12.22 16:27:57.049,1.51289,1.51321,1.00,1.00
2016.12.22 16:27:58.533,1.51289,1.5132,1.00,1.00
2016.12.22 16:27:58.879,1.51289,1.51316,1.00,1.00
2016.12.22 16:27:58.930,1.51287,1.51316,1.00,1.00
2016.12.22 16:27:59.799,1.51287,1.51316,1.00,1.00
2016.12.22 16:28:00.796,1.51285,1.51317,1.00,1.00
2016.12.22 16:28:00.847,1.51285,1.51313,1.00,1.00
2016.12.22 16:28:01.250,1.51285,1.51317,1.00,1.00
2016.12.22 16:28:01.614,1.51285,1.51314,1.00,1.00
2016.12.22 16:28:01.995,1.51285,1.51314,1.37,1.00
2016.12.22 16:28:02.531,1.51285,1.51315,1.37,1.00
2016.12.22 16:28:03.011,1.51287,1.51319,1.00,1.00
2016.12.22 16:28:03.112,1.51287,1.51323,1.00,1.00
2016.12.22 16:28:03.793,1.5129,1.51323,1.12,1.00
2016.12.22 16:28:04.072,1.5129,1.51323,1.00,1.00
2016.12.22 16:28:04.584,1.5129,1.51323,1.50,1.00
2016.12.22 16:28:04.635,1.51291,1.51326,1.00,1.00
2016.12.22 16:28:05.181,1.51291,1.5132,1.00,1.00
2016.12.22 16:28:05.484,1.51286,1.51315,1.37,1.00
2016.12.22 16:28:06.815,1.51286,1.51313,1.37,1.00
2016.12.22 16:28:07.109,1.51288,1.51317,1.00,1.00
2016.12.22 16:28:07.261,1.51288,1.51318,1.00,1.00
2016.12.22 16:28:07.564,1.51289,1.51318,2.12,1.00
2016.12.22 16:28:08.127,1.51289,1.5132,2.12,1.00
2016.12.22 16:28:08.269,1.51289,1.51317,1.12,1.00
2016.12.22 16:28:08.521,1.51289,1.51317,2.12,1.00
2016.12.22 16:28:08.623,1.51289,1.51317,1.12,1.00
2016.12.22 16:28:08.885,1.51289,1.5132,1.00,1.00
2016.12.22 16:28:08.986,1.51289,1.51323,1.50,1.00
2016.12.22 16:28:09.520,1.51289,1.51322,1.50,1.00
2016.12.22 16:28:09.574,1.51292,1.51326,1.00,1.00
2016.12.22 16:28:09.826,1.51292,1.51322,1.50,1.00
2016.12.22 16:28:10.135,1.51292,1.51325,1.00,1.00
2016.12.22 16:28:10.617,1.51292,1.51322,1.00,1.00
2016.12.22 16:28:11.019,1.51292,1.51325,1.00,1.00
2016.12.22 16:28:11.221,1.51294,1.51326,1.00,1.00
2016.12.22 16:28:11.574,1.51295,1.51328,1.00,1.00
2016.12.22 16:28:11.675,1.51294,1.51323,1.50,1.00
2016.12.22 16:28:11.725,1.51291,1.51319,1.00,1.00
2016.12.22 16:28:12.043,1.51288,1.51315,1.37,1.00
2016.12.22 16:28:12.346,1.51285,1.51313,1.37,1.00
2016.12.22 16:28:13.733,1.51285,1.51313,1.37,1.00
2016.12.22 16:28:14.324,1.51285,1.51314,1.37,1.00
2016.12.22 16:28:14.904,1.51285,1.51313,1.37,1.00
2016.12.22 16:28:15.417,1.51282,1.5131,1.37,1.00
2016.12.22 16:28:15.569,1.5129,1.51318,1.12,1.50
2016.12.22 16:28:15.620,1.5129,1.51318,1.12,1.50
2016.12.22 16:28:15.721,1.5129,1.51323,1.00,1.00
2016.12.22 16:28:15.772,1.5129,1.51327,1.00,1.00
2016.12.22 16:28:15.923,1.5129,1.51323,1.00,1.00
2016.12.22 16:28:16.443,1.5129,1.51323,1.00,1.00
2016.12.22 16:28:16.594,1.5129,1.5132,1.12,1.00
2016.12.22 16:28:16.719,1.5129,1.51322,2.12,1.00
2016.12.22 16:28:16.922,1.5129,1.51322,1.12,1.00
2016.12.22 16:28:16.972,1.51291,1.51327,1.00,1.00
2016.12.22 16:28:17.275,1.51291,1.51324,1.00,1.00
2016.12.22 16:28:17.527,1.51291,1.51324,1.00,1.00
2016.12.22 16:28:17.628,1.51291,1.51327,1.00,1.00
2016.12.22 16:28:18.261,1.51291,1.51325,1.00,1.00
2016.12.22 16:28:18.312,1.51289,1.5132,1.12,1.00
2016.12.22 16:28:18.614,1.51289,1.5132,2.12,1.00
2016.12.22 16:28:18.716,1.51289,1.51324,2.12,1.00
2016.12.22 16:28:19.034,1.51289,1.51326,1.50,1.00
2016.12.22 16:28:19.665,1.5129,1.51325,1.12,1.00
2016.12.22 16:28:19.715,1.5129,1.5132,1.00,1.00
2016.12.22 16:28:19.948,1.5129,1.51322,2.12,1.00
2016.12.22 16:28:21.174,1.5129,1.5132,2.12,1.00
2016.12.22 16:28:22.948,1.5129,1.51318,1.00,1.00
2016.12.22 16:28:23.049,1.51289,1.51318,1.37,1.00
2016.12.22 16:28:23.423,1.51288,1.51316,1.37,1.00
2016.12.22 16:28:23.955,1.51288,1.51316,1.37,1.00
2016.12.22 16:28:29.440,1.51286,1.51316,1.37,1.00
2016.12.22 16:28:29.984,1.51286,1.51317,1.37,1.00
2016.12.22 16:28:30.300,1.51276,1.51307,1.37,1.00
2016.12.22 16:28:30.401,1.51276,1.51309,1.37,1.00
2016.12.22 16:28:31.193,1.51276,1.51308,1.37,1.00
2016.12.22 16:28:32.643,1.5128,1.51308,1.12,1.00
2016.12.22 16:28:33.020,1.5128,1.51305,1.12,1.00
2016.12.22 16:28:33.070,1.5128,1.51308,1.00,1.00
2016.12.22 16:28:33.333,1.51275,1.51303,1.37,1.00
2016.12.22 16:28:33.655,1.51274,1.513,1.37,1.00
2016.12.22 16:28:34.192,1.51274,1.513,1.37,1.00
2016.12.22 16:28:34.293,1.51274,1.51302,1.37,1.00
2016.12.22 16:28:34.344,1.51274,1.51306,1.37,1.00
2016.12.22 16:28:34.445,1.51279,1.51306,1.00,1.00
2016.12.22 16:28:34.684,1.5128,1.51308,1.12,1.00
2016.12.22 16:28:35.252,1.51282,1.51311,1.12,1.00
2016.12.22 16:28:35.303,1.51282,1.51313,1.50,1.00
2016.12.22 16:28:35.744,1.51283,1.51315,1.00,1.00
2016.12.22 16:28:36.888,1.51283,1.51308,1.00,1.00
2016.12.22 16:28:37.876,1.51283,1.5131,1.00,1.00
2016.12.22 16:28:38.476,1.51283,1.51309,1.00,1.00
2016.12.22 16:28:38.892,1.51283,1.51312,1.00,1.00
2016.12.22 16:28:39.194,1.51283,1.5131,1.00,1.00
2016.12.22 16:28:40.455,1.51283,1.51309,1.12,1.00
2016.12.22 16:28:40.869,1.51283,1.51311,2.12,1.00
2016.12.22 16:28:40.996,1.51283,1.51313,2.12,1.00
2016.12.22 16:28:42.030,1.51283,1.51313,1.87,1.00
2016.12.22 16:28:42.569,1.51283,1.51312,1.50,1.00
2016.12.22 16:28:43.073,1.51283,1.51311,1.00,1.00
2016.12.22 16:28:43.174,1.51283,1.51309,1.00,1.00
2016.12.22 16:28:43.491,1.51283,1.51306,1.12,1.00
2016.12.22 16:28:44.233,1.51283,1.51305,1.00,1.00
2016.12.22 16:28:44.964,1.51283,1.51304,1.12,1.00
2016.12.22 16:28:53.067,1.51277,1.51304,1.37,1.00
2016.12.22 16:28:53.481,1.51279,1.51304,1.00,1.00
2016.12.22 16:28:53.612,1.51276,1.51304,1.37,1.00
2016.12.22 16:28:53.663,1.51275,1.51302,1.37,1.00
2016.12.22 16:28:54.454,1.51275,1.51302,1.37,1.00
2016.12.22 16:28:54.835,1.51275,1.51305,1.37,1.00
2016.12.22 16:28:54.886,1.51275,1.51307,1.37,1.00
2016.12.22 16:28:54.987,1.51278,1.5131,1.00,1.00
2016.12.22 16:28:55.787,1.51283,1.51312,1.12,1.00
2016.12.22 16:28:57.930,1.51283,1.51315,1.00,1.00
2016.12.22 16:28:58.232,1.51288,1.51315,1.00,1.00
2016.12.22 16:28:58.734,1.51288,1.51319,1.00,1.00
2016.12.22 16:28:59.249,1.51289,1.51318,1.00,1.00
2016.12.22 16:28:59.753,1.51289,1.51321,1.00,1.00
2016.12.22 16:29:01.807,1.51289,1.51322,1.00,1.00
2016.12.22 16:29:01.910,1.51292,1.51325,1.00,1.00
2016.12.22 16:29:01.960,1.51292,1.51324,1.00,1.00
2016.12.22 16:29:02.364,1.5129,1.51317,1.00,1.00
2016.12.22 16:29:03.180,1.5129,1.51317,1.00,1.00
2016.12.22 16:29:03.230,1.5129,1.51321,1.00,1.00
2016.12.22 16:29:04.175,1.5129,1.5132,1.00,1.00
2016.12.22 16:29:04.377,1.5129,1.5132,1.00,1.00
2016.12.22 16:29:04.852,1.5129,1.51327,1.60,1.00
2016.12.22 16:29:04.902,1.51299,1.51328,1.00,1.00
2016.12.22 16:29:04.953,1.51288,1.51322,1.00,1.12
2016.12.22 16:29:05.004,1.5129,1.51329,1.00,1.00
2016.12.22 16:29:05.306,1.51294,1.51325,1.35,1.00
2016.12.22 16:29:05.943,1.51298,1.51329,1.00,1.00
2016.12.22 16:29:06.044,1.51298,1.51329,1.00,1.00
2016.12.22 16:29:06.375,1.51297,1.51327,1.00,1.00
2016.12.22 16:29:08.141,1.51297,1.51329,1.00,1.00
2016.12.22 16:29:08.451,1.51299,1.51329,1.00,1.00
2016.12.22 16:29:09.114,1.51299,1.51329,1.00,1.00
2016.12.22 16:29:09.650,1.51299,1.51329,1.00,1.00
2016.12.22 16:29:09.953,1.51299,1.51331,1.00,1.00
2016.12.22 16:29:10.234,1.513,1.51335,1.00,1.00
2016.12.22 16:29:10.436,1.513,1.51332,1.00,1.00
2016.12.22 16:29:11.400,1.51301,1.51336,1.00,1.00
2016.12.22 16:29:11.520,1.51301,1.51333,1.50,1.00
2016.12.22 16:29:12.380,1.51301,1.51337,1.00,1.00
2016.12.22 16:29:12.531,1.51301,1.51332,1.00,1.00
2016.12.22 16:29:12.942,1.51304,1.51336,1.00,1.00
2016.12.22 16:29:13.396,1.51309,1.51336,1.00,1.00
2016.12.22 16:29:13.567,1.51309,1.5134,1.00,1.00
2016.12.22 16:29:13.718,1.51309,1.51337,1.00,1.00
2016.12.22 16:29:14.023,1.51309,1.51337,1.00,1.00
2016.12.22 16:29:14.124,1.51309,1.51337,1.00,1.00
2016.12.22 16:29:14.671,1.51309,1.51337,1.00,1.00
2016.12.22 16:29:15.175,1.51309,1.51338,1.00,1.00
2016.12.22 16:29:15.715,1.51309,1.51335,1.00,1.00
2016.12.22 16:29:15.930,1.51309,1.51338,1.00,1.00
2016.12.22 16:29:17.190,1.51309,1.51337,1.00,1.00
2016.12.22 16:29:17.342,1.51306,1.51335,1.00,1.00
2016.12.22 16:29:17.645,1.51309,1.51335,1.00,1.00
2016.12.22 16:29:17.737,1.51309,1.51338,1.00,1.00
2016.12.22 16:29:19.020,1.51308,1.51338,1.00,1.00
2016.12.22 16:29:19.172,1.51306,1.51335,1.00,1.00
2016.12.22 16:29:19.475,1.51308,1.51335,1.00,1.00
2016.12.22 16:29:19.527,1.51308,1.51337,1.00,1.00
2016.12.22 16:29:20.980,1.51308,1.51337,1.00,1.00
2016.12.22 16:29:21.082,1.51305,1.51335,1.00,1.00
2016.12.22 16:29:21.434,1.51305,1.51337,1.00,1.00
2016.12.22 16:29:22.018,1.51309,1.51337,1.00,1.00
2016.12.22 16:29:23.145,1.51308,1.51337,1.00,1.00
2016.12.22 16:29:23.427,1.51308,1.51339,1.00,1.00
2016.12.22 16:29:23.752,1.51309,1.51339,1.00,1.00
2016.12.22 16:29:25.725,1.51309,1.51337,1.00,1.00
2016.12.22 16:29:26.747,1.51309,1.51334,1.00,1.00
2016.12.22 16:29:26.798,1.51308,1.51335,1.00,1.00
2016.12.22 16:29:26.940,1.51309,1.51335,1.00,1.00
2016.12.22 16:29:26.991,1.51309,1.51338,1.00,1.00
2016.12.22 16:29:27.295,1.51309,1.51341,1.00,1.00
2016.12.22 16:29:27.346,1.51309,1.51337,1.00,1.00
2016.12.22 16:29:28.849,1.51309,1.51337,1.00,1.00
2016.12.22 16:29:29.426,1.51306,1.51336,1.00,1.00
2016.12.22 16:29:29.650,1.51304,1.51334,1.50,1.00
2016.12.22 16:29:29.700,1.51304,1.51337,1.00,1.00
2016.12.22 16:29:29.751,1.51304,1.51334,1.00,1.00
2016.12.22 16:29:30.097,1.51304,1.51336,1.00,1.00
2016.12.22 16:29:30.500,1.51304,1.51334,1.50,1.00
2016.12.22 16:29:30.550,1.51304,1.51329,1.00,1.00
2016.12.22 16:29:30.702,1.51304,1.51331,1.00,1.00
2016.12.22 16:29:30.803,1.51303,1.51333,1.00,1.00
2016.12.22 16:29:30.854,1.51303,1.51329,1.00,1.00
2016.12.22 16:29:31.156,1.51303,1.51327,1.00,1.00
2016.12.22 16:29:31.408,1.51303,1.51329,1.00,1.00
2016.12.22 16:29:32.016,1.51303,1.51327,1.00,1.00
2016.12.22 16:29:32.526,1.51303,1.51327,1.00,1.00
2016.12.22 16:29:32.829,1.513,1.51327,1.00,1.00
2016.12.22 16:29:33.080,1.51298,1.51325,1.00,1.00
2016.12.22 16:29:33.401,1.51298,1.51325,1.00,1.00
2016.12.22 16:29:33.653,1.51298,1.51325,1.00,1.00
2016.12.22 16:29:33.986,1.51299,1.51325,1.00,1.00
2016.12.22 16:29:34.603,1.51298,1.51325,1.00,1.00
2016.12.22 16:29:34.793,1.51299,1.51325,1.00,1.00
2016.12.22 16:29:35.401,1.51298,1.51326,1.00,1.00
2016.12.22 16:29:36.350,1.51299,1.51326,1.00,1.00
2016.12.22 16:29:36.836,1.51298,1.51325,1.00,1.00
2016.12.22 16:29:37.408,1.51296,1.51326,1.00,1.00
2016.12.22 16:29:39.142,1.51296,1.5133,1.00,1.00
2016.12.22 16:29:39.443,1.513,1.51333,1.00,1.00
2016.12.22 16:29:40.587,1.513,1.51332,1.00,1.00
2016.12.22 16:29:43.196,1.513,1.51334,1.00,1.00
2016.12.22 16:29:43.970,1.513,1.51332,1.50,1.00
2016.12.22 16:29:44.224,1.513,1.51334,1.00,1.00
2016.12.22 16:29:44.426,1.51304,1.51336,1.00,1.00
2016.12.22 16:29:44.477,1.51304,1.51335,1.00,1.00
2016.12.22 16:29:44.695,1.51304,1.51333,1.00,1.00
2016.12.22 16:29:45.080,1.51304,1.51329,1.00,1.00
2016.12.22 16:29:46.176,1.51304,1.51328,1.00,1.00
2016.12.22 16:29:46.924,1.51304,1.51334,1.00,1.00
2016.12.22 16:29:47.961,1.51304,1.51333,1.00,1.00
2016.12.22 16:29:48.462,1.51304,1.51336,1.00,1.00
2016.12.22 16:29:48.563,1.51309,1.51336,1.00,1.00
2016.12.22 16:29:48.679,1.51309,1.51338,1.00,1.00
2016.12.22 16:29:48.780,1.51309,1.51339,1.00,1.00
2016.12.22 16:29:49.035,1.5131,1.51342,1.00,1.50
2016.12.22 16:29:49.337,1.51309,1.51336,1.00,1.00
2016.12.22 16:29:49.690,1.51306,1.51334,1.00,1.00
2016.12.22 16:29:50.622,1.51306,1.51335,1.00,1.00
2016.12.22 16:29:50.931,1.51304,1.51329,1.00,1.00
2016.12.22 16:29:51.233,1.51299,1.51326,1.00,1.00
2016.12.22 16:29:51.997,1.51298,1.51325,1.00,1.00
2016.12.22 16:29:52.964,1.51297,1.51328,1.00,1.50
2016.12.22 16:29:53.015,1.51297,1.51325,1.00,1.00
2016.12.22 16:29:53.261,1.51297,1.5133,1.00,1.50
2016.12.22 16:29:53.312,1.51297,1.51325,1.00,1.00
2016.12.22 16:29:53.627,1.51299,1.51325,1.00,1.00
2016.12.22 16:29:54.196,1.51299,1.51328,1.00,1.00
2016.12.22 16:29:54.448,1.51299,1.51331,1.00,1.00
2016.12.22 16:29:55.185,1.51299,1.5133,1.00,1.00
2016.12.22 16:29:56.016,1.51302,1.51334,2.12,1.00
2016.12.22 16:29:56.168,1.51308,1.51334,1.00,1.00
2016.12.22 16:29:56.319,1.51307,1.51334,1.00,1.00
2016.12.22 16:29:56.899,1.51307,1.51336,1.00,1.00
2016.12.22 16:29:57.211,1.51308,1.51338,1.00,1.00
2016.12.22 16:29:57.492,1.51308,1.51338,1.00,1.00
2016.12.22 16:29:57.670,1.51308,1.51338,1.00,1.00
2016.12.22 16:29:58.966,1.51308,1.51337,1.00,1.00
2016.12.22 16:30:00.149,1.51308,1.51338,1.00,1.00
2016.12.22 16:30:00.673,1.51308,1.51337,1.00,1.00
2016.12.22 16:30:00.925,1.51308,1.51341,1.50,1.00
2016.12.22 16:30:01.731,1.51308,1.51343,1.50,1.00
2016.12.22 16:30:01.882,1.5131,1.51345,1.00,1.00
2016.12.22 16:30:02.185,1.5131,1.51342,1.00,1.00
2016.12.22 16:30:02.872,1.5131,1.51341,1.50,1.00
2016.12.22 16:30:09.008,1.5131,1.51338,1.00,1.00
2016.12.22 16:30:15.145,1.5131,1.51337,1.00,1.00
2016.12.22 16:30:16.085,1.5131,1.51342,1.00,1.00
2016.12.22 16:30:16.136,1.5131,1.5134,1.00,1.00
2016.12.22 16:30:16.237,1.51308,1.51336,1.00,1.00
2016.12.22 16:30:16.589,1.51305,1.51333,1.00,1.00
2016.12.22 16:30:20.030,1.51308,1.51333,1.00,1.00
2016.12.22 16:30:20.196,1.51308,1.51336,1.00,1.00
2016.12.22 16:30:20.247,1.51308,1.51338,1.00,1.00
2016.12.22 16:30:20.347,1.51309,1.51338,1.00,1.00
2016.12.22 16:30:20.716,1.51309,1.51338,1.00,1.00
2016.12.22 16:30:20.975,1.51309,1.5134,1.00,1.00
2016.12.22 16:30:21.230,1.51309,1.51338,1.00,1.00
2016.12.22 16:30:21.281,1.51305,1.51333,1.00,1.00
2016.12.22 16:30:21.784,1.51309,1.51335,1.00,1.00
2016.12.22 16:30:21.835,1.51307,1.51335,1.00,1.00
2016.12.22 16:30:21.936,1.51307,1.51338,1.00,1.00
2016.12.22 16:30:21.987,1.51309,1.51338,1.00,1.00
2016.12.22 16:30:22.289,1.51309,1.5134,1.00,1.00
2016.12.22 16:30:23.447,1.51309,1.51339,1.00,1.00
2016.12.22 16:30:24.112,1.51309,1.51339,1.00,1.00
2016.12.22 16:30:25.700,1.51309,1.51341,1.00,1.00
2016.12.22 16:30:27.612,1.51312,1.51347,1.00,1.00
2016.12.22 16:30:27.662,1.51318,1.51347,1.00,1.00
2016.12.22 16:30:27.713,1.51317,1.51347,1.00,1.00
2016.12.22 16:30:28.016,1.51313,1.51342,1.50,1.00
2016.12.22 16:30:28.532,1.51313,1.51342,1.00,1.00
2016.12.22 16:30:28.835,1.51311,1.51341,1.00,1.00
2016.12.22 16:30:28.987,1.51311,1.51341,1.00,1.00
2016.12.22 16:30:29.339,1.51311,1.51341,1.00,1.00
2016.12.22 16:30:29.466,1.51311,1.51341,1.00,1.00
2016.12.22 16:30:30.003,1.51311,1.5134,1.00,1.00
2016.12.22 16:30:30.345,1.51311,1.51338,1.00,1.00
2016.12.22 16:30:32.359,1.51311,1.51336,1.00,1.00
2016.12.22 16:30:32.460,1.51305,1.51333,1.00,1.00
2016.12.22 16:30:32.561,1.51309,1.51333,1.00,1.00
2016.12.22 16:30:32.662,1.51305,1.51333,1.00,1.00
2016.12.22 16:30:32.965,1.51308,1.51333,1.00,1.00
2016.12.22 16:30:33.449,1.51305,1.51335,1.00,1.00
2016.12.22 16:30:33.550,1.51304,1.51332,1.50,1.00
2016.12.22 16:30:33.944,1.51304,1.51335,1.00,1.00
2016.12.22 16:30:34.328,1.51308,1.51335,1.00,1.00
2016.12.22 16:30:34.567,1.51308,1.51336,1.00,1.00
2016.12.22 16:30:34.870,1.51309,1.51336,1.00,1.00
2016.12.22 16:30:34.926,1.51309,1.51338,1.00,1.00
2016.12.22 16:30:36.217,1.51309,1.51339,1.00,1.00
2016.12.22 16:30:36.775,1.51309,1.5134,1.00,1.00
2016.12.22 16:30:37.301,1.51309,1.5134,1.00,1.00
2016.12.22 16:30:37.779,1.51309,1.51338,1.00,1.00
2016.12.22 16:30:38.728,1.51309,1.51338,1.00,1.00
2016.12.22 16:30:38.880,1.51309,1.51341,1.00,1.00
2016.12.22 16:30:39.025,1.51309,1.51343,1.50,1.00
2016.12.22 16:30:39.552,1.51309,1.51343,1.00,1.00
2016.12.22 16:30:40.116,1.51309,1.51344,1.50,1.00
2016.12.22 16:30:41.488,1.51318,1.51349,1.00,1.00
2016.12.22 16:30:41.691,1.51318,1.51346,1.00,1.00
2016.12.22 16:30:41.742,1.51315,1.51343,1.00,1.00
2016.12.22 16:30:42.198,1.51319,1.51343,1.00,1.00
2016.12.22 16:30:44.305,1.51319,1.51345,1.00,1.00
2016.12.22 16:30:44.539,1.51319,1.5135,1.00,1.00
2016.12.22 16:30:44.741,1.51319,1.51352,1.00,1.00
2016.12.22 16:30:45.544,1.51319,1.51354,1.50,1.00
2016.12.22 16:30:45.645,1.51319,1.5135,1.00,1.00
2016.12.22 16:30:48.212,1.51319,1.51349,1.00,1.00
2016.12.22 16:30:49.372,1.51319,1.51352,1.00,1.00
2016.12.22 16:30:50.039,1.51319,1.51353,1.00,1.00
2016.12.22 16:30:50.873,1.51319,1.51352,1.00,1.00
2016.12.22 16:30:51.214,1.51319,1.51354,1.50,1.00
2016.12.22 16:30:51.316,1.51323,1.51356,1.00,1.00
2016.12.22 16:30:51.618,1.51328,1.51354,1.00,1.00
2016.12.22 16:30:52.402,1.51328,1.51356,1.00,1.00
2016.12.22 16:30:52.504,1.51328,1.51358,1.00,1.00
2016.12.22 16:30:52.554,1.51328,1.51356,1.00,1.00
2016.12.22 16:30:53.327,1.51328,1.51352,1.00,1.00
2016.12.22 16:30:53.485,1.51323,1.5135,1.00,1.00
2016.12.22 16:30:54.363,1.51323,1.51352,1.00,1.00
2016.12.22 16:30:54.870,1.51323,1.51353,1.00,1.00
2016.12.22 16:30:55.388,1.51323,1.51353,1.00,1.00
2016.12.22 16:30:56.123,1.51323,1.51351,1.00,1.00
2016.12.22 16:30:56.438,1.51323,1.51347,1.00,1.00
2016.12.22 16:30:57.090,1.51323,1.51347,1.00,1.00
2016.12.22 16:30:57.185,1.51323,1.51349,1.00,1.00
2016.12.22 16:30:57.347,1.51323,1.51351,1.00,1.00
2016.12.22 16:30:57.397,1.51328,1.51351,1.00,1.00
2016.12.22 16:30:57.903,1.51329,1.51351,1.00,1.00
2016.12.22 16:30:58.654,1.51329,1.51352,1.00,1.00
2016.12.22 16:31:00.183,1.51324,1.51352,1.00,1.00
2016.12.22 16:31:00.839,1.51324,1.51353,1.00,1.00
2016.12.22 16:31:01.362,1.51324,1.51352,1.50,1.00
2016.12.22 16:31:01.478,1.51324,1.51349,1.00,1.00
2016.12.22 16:31:01.781,1.51324,1.51347,1.00,1.00
2016.12.22 16:31:02.310,1.51324,1.51349,1.00,1.00
2016.12.22 16:31:03.319,1.51324,1.5135,1.00,1.00
2016.12.22 16:31:04.164,1.51323,1.5135,1.00,1.00
2016.12.22 16:31:04.471,1.51328,1.5135,1.00,1.00
2016.12.22 16:31:04.640,1.51323,1.5135,1.00,1.00
2016.12.22 16:31:04.944,1.51328,1.5135,1.00,1.00
2016.12.22 16:31:05.050,1.51328,1.51355,1.00,1.50
2016.12.22 16:31:05.102,1.51324,1.51354,1.00,1.00
2016.12.22 16:31:05.204,1.51329,1.51354,1.00,1.00
2016.12.22 16:31:05.305,1.51329,1.51356,1.00,1.00
2016.12.22 16:31:05.784,1.51329,1.51354,1.00,1.00
2016.12.22 16:31:06.353,1.51324,1.51353,1.00,1.00
2016.12.22 16:31:06.554,1.51323,1.5135,1.00,1.00
2016.12.22 16:31:07.067,1.51323,1.5135,1.00,1.00
2016.12.22 16:31:08.399,1.51323,1.51347,1.00,1.00
2016.12.22 16:31:08.581,1.51321,1.51349,1.00,1.00
2016.12.22 16:31:08.682,1.51321,1.51349,1.00,1.00
2016.12.22 16:31:09.235,1.51321,1.51347,1.00,1.00
2016.12.22 16:31:10.035,1.51321,1.51351,1.00,1.00
2016.12.22 16:31:10.186,1.51321,1.51351,1.00,1.00
2016.12.22 16:31:10.491,1.51321,1.51347,1.00,1.00
2016.12.22 16:31:11.721,1.5132,1.5135,1.00,1.00
2016.12.22 16:31:11.771,1.5132,1.51351,1.00,1.00
2016.12.22 16:31:12.023,1.5132,1.51349,1.00,1.00
2016.12.22 16:31:12.242,1.5132,1.51349,1.00,1.00
2016.12.22 16:31:12.838,1.5132,1.51349,1.00,1.00
2016.12.22 16:31:13.544,1.5132,1.51349,1.00,1.00
2016.12.22 16:31:13.645,1.5132,1.51349,1.00,1.00
2016.12.22 16:31:14.253,1.5132,1.51349,1.00,1.00
2016.12.22 16:31:14.619,1.5132,1.51352,1.00,1.00
2016.12.22 16:31:15.617,1.5132,1.5135,1.00,1.00
2016.12.22 16:31:16.629,1.5132,1.51351,1.00,1.00
2016.12.22 16:31:17.772,1.51319,1.51347,1.00,1.00
2016.12.22 16:31:17.823,1.51319,1.51349,1.00,1.00
2016.12.22 16:31:17.924,1.51319,1.51353,1.00,1.00
2016.12.22 16:31:18.459,1.51319,1.51349,1.00,1.00
2016.12.22 16:31:18.661,1.51317,1.51344,1.00,1.00
2016.12.22 16:31:19.775,1.51317,1.51346,1.00,1.00
2016.12.22 16:31:19.825,1.51318,1.51346,1.00,1.00
2016.12.22 16:31:20.030,1.51318,1.51348,1.00,1.00
2016.12.22 16:31:20.629,1.51318,1.51347,1.00,1.00
2016.12.22 16:31:21.481,1.51318,1.51349,1.00,1.00
2016.12.22 16:31:21.979,1.51318,1.51348,1.00,1.00
2016.12.22 16:31:22.096,1.51318,1.51351,1.00,1.00
2016.12.22 16:31:22.399,1.51319,1.51348,1.00,1.00
2016.12.22 16:31:22.730,1.51319,1.51346,1.00,1.00
2016.12.22 16:31:23.282,1.51318,1.51346,1.00,1.00
2016.12.22 16:31:23.519,1.51319,1.51346,1.00,1.00
2016.12.22 16:31:24.118,1.51319,1.51346,1.00,1.00
2016.12.22 16:31:26.257,1.51319,1.51347,1.00,1.00
2016.12.22 16:31:27.242,1.51314,1.51347,1.50,1.00
2016.12.22 16:31:27.293,1.51314,1.51342,1.50,1.00
2016.12.22 16:31:27.696,1.51318,1.51344,1.00,1.00
2016.12.22 16:31:28.026,1.51316,1.51344,1.00,1.00
2016.12.22 16:31:28.127,1.51316,1.51348,1.00,1.00
2016.12.22 16:31:28.279,1.51316,1.5135,1.00,1.00
2016.12.22 16:31:28.584,1.51318,1.5135,1.00,1.00
2016.12.22 16:31:28.785,1.51318,1.5135,1.00,1.00
2016.12.22 16:31:29.049,1.51319,1.5135,1.00,1.00
2016.12.22 16:31:29.727,1.51319,1.51351,1.00,1.00
2016.12.22 16:31:30.104,1.51319,1.51345,1.00,1.00
2016.12.22 16:31:30.155,1.51316,1.51344,1.00,1.00
2016.12.22 16:31:30.205,1.51318,1.51346,1.00,1.00
2016.12.22 16:31:30.709,1.51319,1.51346,1.00,1.00
2016.12.22 16:31:31.166,1.51319,1.51348,1.00,1.00
2016.12.22 16:31:31.328,1.51319,1.51348,1.00,1.00
2016.12.22 16:31:31.898,1.51319,1.5135,1.50,1.00
2016.12.22 16:31:31.948,1.51319,1.51353,1.00,1.00
2016.12.22 16:31:31.999,1.51323,1.51357,1.00,1.00
2016.12.22 16:31:32.100,1.51322,1.51352,1.00,1.00
2016.12.22 16:31:33.051,1.5132,1.51347,1.00,1.00
2016.12.22 16:31:33.152,1.51317,1.51346,1.00,1.00
2016.12.22 16:31:33.353,1.51317,1.51348,1.00,1.00
2016.12.22 16:31:33.666,1.51318,1.51348,1.00,1.00
2016.12.22 16:31:34.003,1.51318,1.51348,1.00,1.00
2016.12.22 16:31:34.255,1.51318,1.51346,1.00,1.00
2016.12.22 16:31:34.441,1.51318,1.51349,1.00,1.00
2016.12.22 16:31:35.289,1.51319,1.51349,1.00,1.00
2016.12.22 16:31:35.661,1.51319,1.5135,1.00,1.00
2016.12.22 16:31:36.157,1.51319,1.51353,1.50,1.00
2016.12.22 16:31:36.555,1.51319,1.51351,1.00,1.00
2016.12.22 16:31:37.246,1.51319,1.51351,1.50,1.00
2016.12.22 16:31:37.818,1.51319,1.5135,1.50,1.00
2016.12.22 16:31:38.133,1.51319,1.51346,1.00,1.00
2016.12.22 16:31:38.991,1.51319,1.51344,1.00,1.00
2016.12.22 16:31:39.123,1.51319,1.51346,1.00,1.00
2016.12.22 16:31:39.224,1.51316,1.51346,1.00,1.00
2016.12.22 16:31:39.425,1.51316,1.51354,1.60,1.00
2016.12.22 16:31:39.476,1.51316,1.51348,1.00,1.00
2016.12.22 16:31:39.779,1.51319,1.51348,1.00,1.00
2016.12.22 16:31:40.209,1.51319,1.51351,1.00,1.00
2016.12.22 16:31:40.418,1.51319,1.51351,1.00,1.00
2016.12.22 16:31:40.670,1.51319,1.51351,1.00,1.00
2016.12.22 16:31:41.247,1.51319,1.51351,1.00,1.00
2016.12.22 16:31:41.734,1.51319,1.51348,1.00,1.00
2016.12.22 16:31:42.238,1.51317,1.51347,1.00,1.00
2016.12.22 16:31:42.341,1.51319,1.51347,1.00,1.00
2016.12.22 16:31:42.392,1.51319,1.51349,1.00,1.00
2016.12.22 16:31:43.359,1.51319,1.51348,1.00,1.00
2016.12.22 16:31:44.046,1.51319,1.51348,1.00,1.00
2016.12.22 16:31:44.097,1.51317,1.51345,1.00,1.00
2016.12.22 16:31:44.399,1.51319,1.51348,1.00,1.00
2016.12.22 16:31:44.450,1.51319,1.51348,1.00,1.00
2016.12.22 16:31:44.501,1.51319,1.5135,1.00,1.00
2016.12.22 16:31:45.004,1.51319,1.5135,1.00,1.00
2016.12.22 16:31:45.528,1.51319,1.51349,1.00,1.00
2016.12.22 16:31:46.418,1.51319,1.5135,1.00,1.00
2016.12.22 16:31:46.722,1.51319,1.51348,1.00,1.00
2016.12.22 16:31:47.575,1.51319,1.51349,1.00,1.00
2016.12.22 16:31:47.943,1.51319,1.51347,1.00,1.00
2016.12.22 16:31:48.144,1.51319,1.51349,1.00,1.00
2016.12.22 16:31:49.938,1.51319,1.51349,1.00,1.00
2016.12.22 16:31:50.442,1.51319,1.51351,1.00,1.00
2016.12.22 16:31:51.091,1.51319,1.51351,1.00,1.00
2016.12.22 16:31:51.993,1.51319,1.51352,1.00,1.00
2016.12.22 16:31:52.313,1.51319,1.51347,1.00,1.00
2016.12.22 16:31:52.835,1.51319,1.51349,1.00,1.00
2016.12.22 16:31:53.345,1.51319,1.51349,1.00,1.00
2016.12.22 16:31:53.653,1.51315,1.51349,1.00,1.00
2016.12.22 16:31:53.703,1.51315,1.5135,1.00,1.00
2016.12.22 16:31:54.032,1.51319,1.5135,1.00,1.00
2016.12.22 16:31:54.910,1.51319,1.5135,1.00,1.00
2016.12.22 16:31:54.961,1.51317,1.51348,1.00,1.00
2016.12.22 16:31:55.012,1.51317,1.51349,1.00,1.00
2016.12.22 16:31:55.379,1.51319,1.51349,1.00,1.00
2016.12.22 16:31:56.157,1.51318,1.51347,1.00,1.00
2016.12.22 16:31:56.359,1.51318,1.51347,1.00,1.00
2016.12.22 16:31:56.693,1.51318,1.51344,1.00,1.00
2016.12.22 16:31:56.917,1.51317,1.51344,1.00,1.00
2016.12.22 16:31:57.705,1.51317,1.51346,1.00,1.00
2016.12.22 16:31:57.756,1.51318,1.51349,1.00,1.00
2016.12.22 16:31:57.857,1.51318,1.51349,1.00,1.00
2016.12.22 16:31:57.958,1.51319,1.51349,1.00,1.00
2016.12.22 16:31:58.297,1.51319,1.51351,1.00,1.00
2016.12.22 16:31:59.341,1.51319,1.51353,1.00,1.00
2016.12.22 16:32:00.245,1.51319,1.51351,1.00,1.00
2016.12.22 16:32:00.776,1.51319,1.5135,1.00,1.00
2016.12.22 16:32:01.248,1.51319,1.51352,1.00,1.00
2016.12.22 16:32:01.762,1.51319,1.51352,1.00,1.00
2016.12.22 16:32:01.872,1.51319,1.51352,1.00,1.00
2016.12.22 16:32:02.822,1.51319,1.5135,1.00,1.00
2016.12.22 16:32:03.074,1.51319,1.5135,1.00,1.00
2016.12.22 16:32:04.810,1.51319,1.51349,1.00,1.00
2016.12.22 16:32:05.814,1.51319,1.5135,1.00,1.00
2016.12.22 16:32:06.577,1.51319,1.5135,1.00,1.00
2016.12.22 16:32:07.258,1.51319,1.51349,1.00,1.00
2016.12.22 16:32:07.965,1.51319,1.51349,1.00,1.00
2016.12.22 16:32:09.259,1.51319,1.51349,1.00,1.00
2016.12.22 16:32:09.761,1.51317,1.51348,1.00,1.00
2016.12.22 16:32:10.016,1.51317,1.5135,1.00,1.00
2016.12.22 16:32:11.098,1.51318,1.5135,1.00,1.00
2016.12.22 16:32:14.388,1.51318,1.51351,1.00,1.00
2016.12.22 16:32:15.264,1.51319,1.51351,1.00,1.00
2016.12.22 16:32:15.909,1.51319,1.51352,1.50,1.00
2016.12.22 16:32:16.916,1.51319,1.51353,1.00,1.00
2016.12.22 16:32:20.551,1.51319,1.51353,1.60,1.00
2016.12.22 16:32:20.602,1.51319,1.5136,3.10,1.00
2016.12.22 16:32:20.653,1.51322,1.5136,2.25,1.00
2016.12.22 16:32:20.767,1.51328,1.51363,1.50,1.00
2016.12.22 16:32:22.749,1.51329,1.51361,1.00,1.00
2016.12.22 16:32:22.850,1.5133,1.51366,1.00,1.00
2016.12.22 16:32:23.102,1.51338,1.51366,1.00,1.00
2016.12.22 16:32:23.333,1.51335,1.51366,1.00,1.00
2016.12.22 16:32:23.830,1.51335,1.51365,1.00,1.00
2016.12.22 16:32:25.458,1.51335,1.51366,1.00,1.00
2016.12.22 16:32:27.054,1.51338,1.51366,1.00,1.00
2016.12.22 16:32:27.759,1.51337,1.51366,1.00,1.00
2016.12.22 16:32:28.580,1.51336,1.51364,1.00,1.00
2016.12.22 16:32:29.080,1.51336,1.51366,1.00,1.00
2016.12.22 16:32:34.342,1.51332,1.51371,1.00,1.00
2016.12.22 16:32:34.425,1.51332,1.51361,1.00,1.00
2016.12.22 16:32:34.744,1.51332,1.51364,1.00,1.00
2016.12.22 16:32:35.046,1.51334,1.51367,1.00,1.00
2016.12.22 16:32:36.375,1.51334,1.51367,1.00,1.00
2016.12.22 16:32:37.375,1.51334,1.51366,1.00,1.00
2016.12.22 16:32:38.266,1.51339,1.51366,1.00,1.00
2016.12.22 16:32:38.905,1.51339,1.51367,1.00,1.00
2016.12.22 16:32:38.955,1.51336,1.51364,1.00,1.00
2016.12.22 16:32:39.006,1.51334,1.51363,1.00,1.00
2016.12.22 16:32:41.161,1.51334,1.51364,1.00,1.00
2016.12.22 16:32:41.413,1.51333,1.51361,1.00,1.00
2016.12.22 16:32:42.437,1.51333,1.51359,1.00,1.00
2016.12.22 16:32:43.081,1.51333,1.51359,1.00,1.00
2016.12.22 16:32:43.414,1.51333,1.51361,1.00,1.00
2016.12.22 16:32:45.458,1.51333,1.51359,1.00,1.00
2016.12.22 16:32:46.733,1.51333,1.51362,1.00,1.00
2016.12.22 16:32:51.893,1.51333,1.51359,1.00,1.00
2016.12.22 16:32:52.934,1.51333,1.51358,1.00,1.00
2016.12.22 16:32:53.535,1.51333,1.51359,1.00,1.00
2016.12.22 16:32:54.998,1.51333,1.51356,1.00,1.00
2016.12.22 16:32:55.077,1.51328,1.51356,1.00,1.00
2016.12.22 16:32:55.178,1.51328,1.51358,1.00,1.00
2016.12.22 16:32:55.279,1.51329,1.51358,1.00,1.00
2016.12.22 16:32:55.380,1.51329,1.5136,1.00,1.00
2016.12.22 16:32:56.165,1.51329,1.51361,1.00,1.00
2016.12.22 16:32:57.913,1.51329,1.51362,1.00,1.00
2016.12.22 16:32:58.100,1.51329,1.51364,1.00,1.00
2016.12.22 16:33:00.475,1.51329,1.51365,1.50,1.00
2016.12.22 16:33:02.054,1.51339,1.51365,1.00,1.00
2016.12.22 16:33:02.205,1.51336,1.51365,1.00,1.00
2016.12.22 16:33:02.810,1.51334,1.51364,1.50,1.00
2016.12.22 16:33:02.911,1.51334,1.51366,1.00,1.00
2016.12.22 16:33:04.533,1.51339,1.51366,1.00,1.00
2016.12.22 16:33:06.930,1.51339,1.51368,1.00,1.00
2016.12.22 16:33:07.031,1.51338,1.51368,1.00,1.00
2016.12.22 16:33:07.182,1.51339,1.51368,1.00,1.00
2016.12.22 16:33:07.233,1.51339,1.51371,1.00,1.00
2016.12.22 16:33:07.352,1.5134,1.51373,1.00,1.00
2016.12.22 16:33:07.453,1.5134,1.51372,1.00,1.00
2016.12.22 16:33:07.554,1.5134,1.51372,1.00,1.00
2016.12.22 16:33:07.605,1.5134,1.51374,1.00,1.00
2016.12.22 16:33:08.186,1.5134,1.51374,1.50,1.00
2016.12.22 16:33:10.996,1.5134,1.51374,1.00,1.00
2016.12.22 16:33:12.000,1.5134,1.51376,1.00,1.00
2016.12.22 16:33:13.002,1.51343,1.51375,1.00,1.00
2016.12.22 16:33:13.543,1.51343,1.51373,1.00,1.00
2016.12.22 16:33:13.879,1.51343,1.51376,1.00,1.00
2016.12.22 16:33:14.635,1.51343,1.51373,1.50,1.00
2016.12.22 16:33:14.998,1.51343,1.51376,1.00,1.00
2016.12.22 16:33:15.517,1.51343,1.51377,1.00,1.00
2016.12.22 16:33:15.858,1.51343,1.51374,1.00,1.00
2016.12.22 16:33:16.161,1.51342,1.5137,1.00,1.00
2016.12.22 16:33:16.479,1.51339,1.51367,1.00,1.00
2016.12.22 16:33:16.781,1.51339,1.51369,1.00,1.00
2016.12.22 16:33:17.295,1.51339,1.51369,1.00,1.00
2016.12.22 16:33:17.449,1.51339,1.51369,1.00,1.00
2016.12.22 16:33:17.500,1.51339,1.51372,1.00,1.00
2016.12.22 16:33:17.600,1.51339,1.51369,1.00,1.00
2016.12.22 16:33:17.957,1.51339,1.51369,1.00,1.00
2016.12.22 16:33:18.008,1.51339,1.51371,1.00,1.00
2016.12.22 16:33:18.109,1.51339,1.51371,1.00,1.00
2016.12.22 16:33:18.244,1.51339,1.51371,1.00,1.00
2016.12.22 16:33:18.315,1.51339,1.51371,1.00,1.00
2016.12.22 16:33:18.444,1.51339,1.51371,1.00,1.00
2016.12.22 16:33:18.545,1.51339,1.5137,1.00,1.00
2016.12.22 16:33:18.743,1.51339,1.5137,1.00,1.00
2016.12.22 16:33:19.538,1.51339,1.51369,1.00,1.00
2016.12.22 16:33:19.875,1.51339,1.51366,1.00,1.00
2016.12.22 16:33:19.976,1.51339,1.51369,1.00,1.00
2016.12.22 16:33:20.214,1.51339,1.51369,1.00,1.00
2016.12.22 16:33:20.707,1.51339,1.51367,1.00,1.00
2016.12.22 16:33:21.009,1.51339,1.51366,1.00,1.00
2016.12.22 16:33:21.294,1.51338,1.51366,1.00,1.00
2016.12.22 16:33:21.760,1.51338,1.51369,1.00,1.00
2016.12.22 16:33:23.014,1.51339,1.51369,1.00,1.00
2016.12.22 16:33:23.064,1.51339,1.51371,1.00,1.00
2016.12.22 16:33:23.340,1.51339,1.51369,1.00,1.00
2016.12.22 16:33:24.190,1.51348,1.51369,1.00,1.00
2016.12.22 16:33:24.314,1.51343,1.51369,1.00,1.00
2016.12.22 16:33:25.355,1.51343,1.51369,1.00,1.00
2016.12.22 16:33:25.958,1.51343,1.51367,1.00,1.00
2016.12.22 16:33:26.059,1.51336,1.51371,1.00,1.00
2016.12.22 16:33:26.160,1.51336,1.51369,1.00,1.00
2016.12.22 16:33:26.462,1.51339,1.51369,1.00,1.00
2016.12.22 16:33:26.563,1.51339,1.51371,1.00,1.00
2016.12.22 16:33:26.614,1.51339,1.51371,1.00,1.00
2016.12.22 16:33:26.958,1.51333,1.51356,1.00,1.00
2016.12.22 16:33:27.284,1.51333,1.51353,1.00,1.00
2016.12.22 16:33:27.385,1.51324,1.51353,1.00,1.00
2016.12.22 16:33:27.537,1.51324,1.51356,1.00,1.00
2016.12.22 16:33:27.869,1.51329,1.5136,1.00,1.00
2016.12.22 16:33:27.940,1.51329,1.51364,1.00,1.00
2016.12.22 16:33:27.990,1.51329,1.5136,1.00,1.00
2016.12.22 16:33:28.252,1.51329,1.51363,1.00,1.00
2016.12.22 16:33:28.414,1.51329,1.51361,1.50,1.00
2016.12.22 16:33:28.515,1.51329,1.51367,1.00,1.00
2016.12.22 16:33:28.566,1.5133,1.51364,1.00,1.00
2016.12.22 16:33:28.616,1.5133,1.51369,1.00,1.00
2016.12.22 16:33:28.818,1.5133,1.51364,2.50,1.00
2016.12.22 16:33:28.922,1.5133,1.51367,1.50,1.00
2016.12.22 16:33:29.030,1.51331,1.51363,1.00,1.00
2016.12.22 16:33:30.534,1.51332,1.51364,1.00,1.00
2016.12.22 16:33:31.815,1.51332,1.51364,1.50,1.00
2016.12.22 16:33:31.865,1.51332,1.51362,1.00,1.00
2016.12.22 16:33:32.017,1.51329,1.51359,1.00,1.00
2016.12.22 16:33:32.787,1.51329,1.5136,1.00,1.00
2016.12.22 16:33:33.566,1.51329,1.5136,1.00,1.00
2016.12.22 16:33:33.667,1.51329,1.51362,1.50,1.00
2016.12.22 16:33:34.434,1.51329,1.51361,1.00,1.00
2016.12.22 16:33:35.791,1.51329,1.51361,1.00,1.00
2016.12.22 16:33:37.440,1.5133,1.51362,1.00,1.00
2016.12.22 16:33:37.989,1.51331,1.51363,1.00,1.00
2016.12.22 16:33:38.292,1.51324,1.51351,1.50,1.00
2016.12.22 16:33:40.562,1.51323,1.51351,1.00,1.00
2016.12.22 16:33:41.143,1.51322,1.51351,1.00,1.00
2016.12.22 16:33:41.518,1.51322,1.51352,1.00,1.00
2016.12.22 16:33:42.524,1.51322,1.51352,1.00,1.00
2016.12.22 16:33:45.565,1.51322,1.51352,1.00,1.00
2016.12.22 16:33:46.433,1.51322,1.51352,1.00,1.00
2016.12.22 16:33:46.533,1.51322,1.51356,1.00,1.00
2016.12.22 16:33:46.584,1.51323,1.51358,1.00,1.00
2016.12.22 16:33:46.886,1.51323,1.51355,1.00,1.00
2016.12.22 16:33:47.220,1.51323,1.51352,1.00,1.00
2016.12.22 16:33:47.572,1.51323,1.51355,1.00,1.00
2016.12.22 16:33:48.197,1.51323,1.51354,1.00,1.00
2016.12.22 16:33:48.499,1.51323,1.51355,1.00,1.00
2016.12.22 16:33:48.752,1.51323,1.51353,1.00,1.00
2016.12.22 16:33:49.206,1.51323,1.51351,1.00,1.00
2016.12.22 16:33:50.196,1.51323,1.51353,1.00,1.00
2016.12.22 16:33:50.288,1.51323,1.51351,1.00,1.00
2016.12.22 16:33:50.591,1.51323,1.51348,1.00,1.00
2016.12.22 16:33:51.295,1.51323,1.5135,1.00,1.00
2016.12.22 16:33:51.655,1.51323,1.51354,1.00,1.00
2016.12.22 16:33:52.148,1.51323,1.51351,1.00,1.00
2016.12.22 16:33:52.711,1.51323,1.51351,1.50,1.00
2016.12.22 16:33:53.275,1.51323,1.5135,1.00,1.00
2016.12.22 16:33:54.769,1.51323,1.51349,1.00,1.00
2016.12.22 16:33:57.089,1.51323,1.51351,1.00,1.00
2016.12.22 16:33:58.016,1.51328,1.51351,1.00,1.00
2016.12.22 16:33:58.520,1.51324,1.51351,1.00,1.00
2016.12.22 16:33:58.621,1.51329,1.51354,1.00,1.00
2016.12.22 16:33:59.604,1.51329,1.51355,1.00,1.00
2016.12.22 16:34:00.166,1.51325,1.51355,1.00,1.00
2016.12.22 16:34:00.706,1.51325,1.51354,1.00,1.00
2016.12.22 16:34:02.137,1.51328,1.51354,1.00,1.00
2016.12.22 16:34:02.238,1.51328,1.51356,1.00,1.00
2016.12.22 16:34:02.340,1.51325,1.51352,1.00,1.00
2016.12.22 16:34:03.319,1.51324,1.51352,1.50,1.00
2016.12.22 16:34:07.498,1.51324,1.51352,1.00,1.00
2016.12.22 16:34:11.116,1.51324,1.51353,1.00,1.00
2016.12.22 16:34:12.126,1.51324,1.51355,1.00,1.00
2016.12.22 16:34:12.546,1.51328,1.51355,1.00,1.00
2016.12.22 16:34:12.597,1.51325,1.51355,1.00,1.00
2016.12.22 16:34:12.825,1.51329,1.51355,1.00,1.00
2016.12.22 16:34:14.095,1.51325,1.51355,1.00,1.00
2016.12.22 16:34:15.625,1.51325,1.51354,1.00,1.00
2016.12.22 16:34:15.726,1.51325,1.51356,1.00,1.00
2016.12.22 16:34:15.954,1.51328,1.51356,1.00,1.00
2016.12.22 16:34:23.037,1.51326,1.51356,1.00,1.00
2016.12.22 16:34:23.364,1.51329,1.51356,1.00,1.00
2016.12.22 16:34:23.947,1.51329,1.51355,1.00,1.00
2016.12.22 16:34:24.549,1.51329,1.51355,1.00,1.00
2016.12.22 16:34:29.333,1.51329,1.51358,1.00,1.00
2016.12.22 16:34:29.449,1.51329,1.5136,1.50,1.00
2016.12.22 16:34:29.500,1.51329,1.51365,1.50,1.00
2016.12.22 16:34:29.551,1.51338,1.51371,1.00,1.50
2016.12.22 16:34:29.862,1.51341,1.51373,1.00,1.00
2016.12.22 16:34:33.138,1.51341,1.51374,1.50,1.00
2016.12.22 16:34:33.189,1.51341,1.51368,1.00,1.00
2016.12.22 16:34:33.716,1.51341,1.51368,1.00,1.00
2016.12.22 16:34:34.264,1.51341,1.51367,1.00,1.00
2016.12.22 16:34:34.326,1.51341,1.51369,1.00,1.00
2016.12.22 16:34:35.345,1.51341,1.51371,1.00,1.00
2016.12.22 16:34:37.558,1.51341,1.51372,1.00,1.00
2016.12.22 16:34:38.020,1.51335,1.5136,1.00,1.00
2016.12.22 16:34:38.322,1.5133,1.51358,1.00,1.00
2016.12.22 16:34:38.473,1.51324,1.51357,1.50,1.00
2016.12.22 16:34:38.599,1.51324,1.51356,1.00,1.00
2016.12.22 16:34:39.718,1.51329,1.51356,1.00,1.00
2016.12.22 16:34:41.176,1.51329,1.51358,1.00,1.00
2016.12.22 16:34:43.805,1.51328,1.51357,1.00,1.00
2016.12.22 16:34:43.856,1.51329,1.51362,1.00,1.00
2016.12.22 16:34:43.906,1.51335,1.51369,1.00,1.00
2016.12.22 16:34:44.058,1.51339,1.51369,1.00,1.00
2016.12.22 16:34:44.898,1.51339,1.51367,1.00,1.00
2016.12.22 16:34:45.684,1.51339,1.51369,1.00,1.00
2016.12.22 16:34:45.792,1.51339,1.51369,1.00,1.00
2016.12.22 16:34:45.843,1.51339,1.51369,1.00,1.00
2016.12.22 16:34:46.459,1.51339,1.51368,1.00,1.00
2016.12.22 16:34:46.711,1.51336,1.51365,1.00,1.00
2016.12.22 16:34:47.136,1.51334,1.51363,1.00,1.00
2016.12.22 16:34:47.439,1.51334,1.51358,1.00,1.00
2016.12.22 16:34:47.540,1.51331,1.51358,1.00,1.00
2016.12.22 16:34:47.642,1.51328,1.51357,1.00,1.00
2016.12.22 16:34:47.748,1.51326,1.51355,1.00,1.00
2016.12.22 16:34:48.427,1.51323,1.51353,1.50,1.00
2016.12.22 16:34:48.937,1.51323,1.51353,1.00,1.00
2016.12.22 16:34:49.728,1.51323,1.51352,1.00,1.00
2016.12.22 16:34:50.247,1.51323,1.51352,1.00,1.00
2016.12.22 16:34:51.215,1.51323,1.51352,1.00,1.00
2016.12.22 16:34:51.265,1.51323,1.51347,1.00,1.00
2016.12.22 16:34:51.786,1.51323,1.51346,1.00,1.00
2016.12.22 16:34:52.814,1.51323,1.51346,1.00,1.00
2016.12.22 16:34:53.326,1.51323,1.51347,1.00,1.00
2016.12.22 16:34:54.322,1.51319,1.51353,1.00,1.00
2016.12.22 16:34:54.394,1.51319,1.51353,1.00,1.00
2016.12.22 16:34:54.727,1.51321,1.51354,1.00,1.00
2016.12.22 16:34:55.220,1.51329,1.51354,1.00,1.00
2016.12.22 16:34:55.695,1.51326,1.51353,1.00,1.00
2016.12.22 16:34:56.384,1.51324,1.51354,1.50,1.00
2016.12.22 16:34:59.721,1.51324,1.51351,1.50,1.00
2016.12.22 16:34:59.997,1.51324,1.51354,1.00,1.00
2016.12.22 16:35:00.783,1.51324,1.51351,1.00,1.00
2016.12.22 16:35:01.303,1.51323,1.51351,1.50,1.00
2016.12.22 16:35:01.935,1.51323,1.51352,1.00,1.00
2016.12.22 16:35:03.864,1.51323,1.51354,1.50,1.00
2016.12.22 16:35:04.849,1.51323,1.51354,1.00,1.00
2016.12.22 16:35:05.787,1.51323,1.51352,1.50,1.00
2016.12.22 16:35:06.090,1.51329,1.51363,1.50,1.00
2016.12.22 16:35:06.889,1.51329,1.51362,1.00,1.00
2016.12.22 16:35:07.246,1.51329,1.51364,1.00,1.00
2016.12.22 16:35:07.347,1.5133,1.51366,1.00,1.00
2016.12.22 16:35:07.668,1.5133,1.51362,1.50,1.00
2016.12.22 16:35:07.999,1.5133,1.51358,1.00,1.00
2016.12.22 16:35:08.309,1.51324,1.51357,1.00,1.00
2016.12.22 16:35:09.272,1.51323,1.51356,1.50,1.00
2016.12.22 16:35:09.850,1.51323,1.51355,1.00,1.00
2016.12.22 16:35:10.556,1.51323,1.51355,1.00,1.00
2016.12.22 16:35:11.055,1.51329,1.51355,1.00,1.00
2016.12.22 16:35:11.550,1.51328,1.51355,1.00,1.00
2016.12.22 16:35:11.624,1.51328,1.51355,1.00,1.00
2016.12.22 16:35:12.169,1.51328,1.51354,1.00,1.00
2016.12.22 16:35:12.682,1.51329,1.51353,1.00,1.00
2016.12.22 16:35:13.233,1.51329,1.51354,1.00,1.00
2016.12.22 16:35:13.523,1.51326,1.51354,1.00,1.00
2016.12.22 16:35:13.716,1.51326,1.51356,1.00,1.00
2016.12.22 16:35:15.745,1.51326,1.51355,1.00,1.00
2016.12.22 16:35:16.714,1.51329,1.51355,1.00,1.00
2016.12.22 16:35:18.260,1.51333,1.51365,1.00,1.50
2016.12.22 16:35:18.411,1.51335,1.51368,1.00,1.00
2016.12.22 16:35:18.513,1.51338,1.51368,1.00,1.00
2016.12.22 16:35:18.765,1.51339,1.51372,1.00,1.00
2016.12.22 16:35:18.816,1.51341,1.51375,1.00,1.00
2016.12.22 16:35:20.419,1.51349,1.51375,1.00,1.00
2016.12.22 16:35:21.781,1.51349,1.51374,1.00,1.00
2016.12.22 16:35:21.832,1.51341,1.51369,1.00,1.00
2016.12.22 16:35:21.883,1.51341,1.5137,1.00,1.00
2016.12.22 16:35:21.933,1.51338,1.51365,1.00,1.00
2016.12.22 16:35:22.344,1.51338,1.51365,1.00,1.00
2016.12.22 16:35:22.928,1.51338,1.51366,1.00,1.00
2016.12.22 16:35:23.194,1.51334,1.51362,1.00,1.00
2016.12.22 16:35:23.496,1.51334,1.51365,1.00,1.00
2016.12.22 16:35:24.078,1.51334,1.51367,1.00,1.00
2016.12.22 16:35:24.341,1.51328,1.51361,1.00,1.00
2016.12.22 16:35:24.492,1.51328,1.51358,1.00,1.00
2016.12.22 16:35:25.276,1.51328,1.51359,1.00,1.00
2016.12.22 16:35:25.821,1.51328,1.51363,1.50,1.00
2016.12.22 16:35:26.550,1.51329,1.51363,1.00,1.00
2016.12.22 16:35:27.482,1.51329,1.51356,1.00,1.00
2016.12.22 16:35:27.533,1.51324,1.51348,1.00,1.00
2016.12.22 16:35:27.734,1.51321,1.51354,1.00,1.00
2016.12.22 16:35:27.785,1.51324,1.5136,1.00,1.00
2016.12.22 16:35:28.109,1.51329,1.5136,1.00,1.00
2016.12.22 16:35:28.615,1.51329,1.51359,1.00,1.00
2016.12.22 16:35:29.144,1.51329,1.51359,1.00,1.00
2016.12.22 16:35:29.701,1.51329,1.51363,1.50,1.00
2016.12.22 16:35:29.953,1.51329,1.5136,1.00,1.00
2016.12.22 16:35:30.357,1.51329,1.51361,1.00,1.00
2016.12.22 16:35:30.774,1.51329,1.51358,1.00,1.00
2016.12.22 16:35:31.118,1.51327,1.51356,1.00,1.00
2016.12.22 16:35:31.637,1.51324,1.51352,1.00,1.00
2016.12.22 16:35:31.788,1.51314,1.51346,1.50,1.00
2016.12.22 16:35:31.990,1.51308,1.5134,1.50,1.00
2016.12.22 16:35:32.294,1.51309,1.51343,1.00,1.00
2016.12.22 16:35:32.835,1.51309,1.51342,1.00,1.00
2016.12.22 16:35:32.886,1.5131,1.51345,1.00,1.00
2016.12.22 16:35:33.089,1.51308,1.51342,1.00,1.00
2016.12.22 16:35:33.140,1.51309,1.51342,1.00,1.00
2016.12.22 16:35:33.525,1.51309,1.51339,1.00,1.00
2016.12.22 16:35:33.575,1.5131,1.51345,1.00,1.00
2016.12.22 16:35:34.084,1.5131,1.51347,2.50,1.00
2016.12.22 16:35:34.604,1.51312,1.51348,1.00,1.00
2016.12.22 16:35:34.705,1.51313,1.51351,1.00,1.00
2016.12.22 16:35:35.036,1.51313,1.51347,1.00,1.00
2016.12.22 16:35:36.137,1.51313,1.51348,1.00,1.00
2016.12.22 16:35:36.809,1.51313,1.5135,1.00,1.00
2016.12.22 16:35:36.960,1.51319,1.51351,1.00,1.00
2016.12.22 16:35:37.516,1.51319,1.51352,1.00,1.00
2016.12.22 16:35:37.718,1.51316,1.51348,1.00,1.00
2016.12.22 16:35:38.021,1.51313,1.51346,1.50,1.00
2016.12.22 16:35:38.071,1.51313,1.51346,1.00,1.00
2016.12.22 16:35:38.374,1.51318,1.5135,1.00,1.00
2016.12.22 16:35:38.912,1.51319,1.5135,1.00,1.00
2016.12.22 16:35:39.039,1.51319,1.51352,1.00,1.00
2016.12.22 16:35:39.389,1.51319,1.5135,1.00,1.00
2016.12.22 16:35:39.972,1.51319,1.5135,1.00,1.00
2016.12.22 16:35:40.080,1.51319,1.51351,1.00,1.00
2016.12.22 16:35:40.181,1.51319,1.51354,1.00,1.00
2016.12.22 16:35:40.696,1.51319,1.51356,1.50,1.00
2016.12.22 16:35:41.510,1.51319,1.51356,1.00,1.00
2016.12.22 16:35:41.812,1.51321,1.51358,1.00,1.00
2016.12.22 16:35:42.013,1.51322,1.5136,1.00,1.00
2016.12.22 16:35:43.381,1.51324,1.51361,1.00,1.00
2016.12.22 16:35:43.707,1.51329,1.51361,1.00,1.00
2016.12.22 16:35:44.337,1.51329,1.5136,1.00,1.00
2016.12.22 16:35:44.721,1.51329,1.51358,1.00,1.00
2016.12.22 16:35:45.229,1.51329,1.51358,1.00,1.00
2016.12.22 16:35:45.577,1.51324,1.51359,1.00,1.00
2016.12.22 16:35:45.628,1.51324,1.51353,1.00,1.00
2016.12.22 16:35:46.182,1.51323,1.51352,1.00,1.00
2016.12.22 16:35:46.524,1.51329,1.51353,1.00,1.00
2016.12.22 16:35:47.131,1.51329,1.51353,1.00,1.00
2016.12.22 16:35:47.681,1.51329,1.51354,1.00,1.00
2016.12.22 16:35:48.112,1.51329,1.51351,1.00,1.00
2016.12.22 16:35:48.395,1.51324,1.51351,1.00,1.00
2016.12.22 16:35:48.508,1.51324,1.51353,1.50,1.00
2016.12.22 16:35:48.558,1.51324,1.51354,1.00,1.00
2016.12.22 16:35:49.073,1.51328,1.51354,1.00,1.00
2016.12.22 16:35:49.123,1.51329,1.51356,1.00,1.00
2016.12.22 16:35:49.275,1.51329,1.51352,1.00,1.00
2016.12.22 16:35:49.788,1.51329,1.51351,1.00,1.00
2016.12.22 16:35:49.839,1.51324,1.51351,1.00,1.00
2016.12.22 16:35:50.534,1.51324,1.51352,1.00,1.00
2016.12.22 16:35:50.585,1.51329,1.51352,1.00,1.00
2016.12.22 16:35:51.980,1.51329,1.51359,1.00,1.00
2016.12.22 16:35:52.081,1.51329,1.51362,1.00,1.00
2016.12.22 16:35:52.988,1.51329,1.51361,1.00,1.00
2016.12.22 16:35:53.961,1.51329,1.51361,1.00,1.00
2016.12.22 16:35:54.055,1.51329,1.51358,1.00,1.00
2016.12.22 16:35:54.655,1.51329,1.51358,1.00,1.00
2016.12.22 16:35:55.090,1.51329,1.51357,1.00,1.00
2016.12.22 16:35:55.411,1.51323,1.51356,1.50,1.00
2016.12.22 16:35:55.765,1.51323,1.51354,1.00,1.00
2016.12.22 16:35:56.729,1.51323,1.51353,1.00,1.00
2016.12.22 16:35:57.378,1.51323,1.51358,1.00,1.00
2016.12.22 16:35:57.587,1.51323,1.51351,1.00,1.00
2016.12.22 16:35:57.913,1.51323,1.51348,1.00,1.00
2016.12.22 16:35:58.534,1.51323,1.51348,1.00,1.00
2016.12.22 16:35:58.894,1.51323,1.51346,1.00,1.00
2016.12.22 16:35:59.500,1.51323,1.51348,1.00,1.00
2016.12.22 16:36:00.112,1.51323,1.51347,1.00,1.00
2016.12.22 16:36:00.334,1.51317,1.51347,1.00,1.00
2016.12.22 16:36:00.454,1.51317,1.51345,1.00,1.00
2016.12.22 16:36:00.756,1.51319,1.51351,1.00,1.00
2016.12.22 16:36:01.460,1.51319,1.51349,1.00,1.00
2016.12.22 16:36:02.042,1.51319,1.51349,1.00,1.00
2016.12.22 16:36:02.569,1.51319,1.51349,1.00,1.00
2016.12.22 16:36:03.579,1.51319,1.5135,1.00,1.00
2016.12.22 16:36:04.093,1.51319,1.5135,1.00,1.00
2016.12.22 16:36:04.144,1.51319,1.51352,1.00,1.00
2016.12.22 16:36:06.261,1.51319,1.5135,1.00,1.00
2016.12.22 16:36:07.263,1.51319,1.51351,1.00,1.00
2016.12.22 16:36:07.787,1.51319,1.51352,1.50,1.00
2016.12.22 16:36:08.089,1.51319,1.51347,1.00,1.00
2016.12.22 16:36:08.399,1.51316,1.51346,1.00,1.00
2016.12.22 16:36:09.178,1.51319,1.51346,1.00,1.00
2016.12.22 16:36:09.243,1.51316,1.51346,1.00,1.00
2016.12.22 16:36:09.495,1.51314,1.51344,1.50,1.00
2016.12.22 16:36:10.067,1.51314,1.51342,1.00,1.00
2016.12.22 16:36:10.387,1.51319,1.51344,1.00,1.00
2016.12.22 16:36:10.474,1.51314,1.51343,1.00,1.00
2016.12.22 16:36:10.953,1.51318,1.51343,1.00,1.00
2016.12.22 16:36:11.629,1.51318,1.51344,1.00,1.00
2016.12.22 16:36:12.263,1.51318,1.51345,1.00,1.00
2016.12.22 16:36:12.316,1.51315,1.51345,1.00,1.00
2016.12.22 16:36:12.700,1.51319,1.51345,1.00,1.00
2016.12.22 16:36:12.851,1.51319,1.5135,1.00,1.00
2016.12.22 16:36:12.902,1.51319,1.51352,1.50,1.00
2016.12.22 16:36:13.053,1.51318,1.51348,1.00,1.00
2016.12.22 16:36:13.104,1.51319,1.51348,1.00,1.00
2016.12.22 16:36:13.644,1.51319,1.51348,1.00,1.00
2016.12.22 16:36:14.192,1.51319,1.51347,1.00,1.00
2016.12.22 16:36:14.979,1.51319,1.51345,1.00,1.00
2016.12.22 16:36:15.257,1.51317,1.51345,1.00,1.00
2016.12.22 16:36:15.865,1.51317,1.51346,1.00,1.00
2016.12.22 16:36:18.057,1.51317,1.51348,1.00,1.00
2016.12.22 16:36:18.309,1.51316,1.51346,1.00,1.00
2016.12.22 16:36:18.683,1.51313,1.5134,1.00,1.00
2016.12.22 16:36:19.292,1.51313,1.51338,1.00,1.00
2016.12.22 16:36:21.301,1.5131,1.51338,1.00,1.00
2016.12.22 16:36:21.403,1.5131,1.5134,1.00,1.00
2016.12.22 16:36:21.562,1.5131,1.5134,1.00,1.00
2016.12.22 16:36:22.304,1.5131,1.5134,1.00,1.00
2016.12.22 16:36:22.711,1.5131,1.51337,1.00,1.00
2016.12.22 16:36:23.065,1.5131,1.51334,1.00,1.00
2016.12.22 16:36:23.166,1.5131,1.51338,1.00,1.00
2016.12.22 16:36:24.262,1.5131,1.5134,1.00,1.00
2016.12.22 16:36:24.464,1.5131,1.51343,1.00,1.00
2016.12.22 16:36:25.052,1.5131,1.51341,1.00,1.00
2016.12.22 16:36:25.652,1.5131,1.51341,1.50,1.00
2016.12.22 16:36:27.022,1.5131,1.5134,1.00,1.00
2016.12.22 16:36:28.020,1.5131,1.51339,1.00,1.00
2016.12.22 16:36:29.905,1.5131,1.5134,1.00,1.00
2016.12.22 16:36:30.569,1.5131,1.5134,1.00,1.00
2016.12.22 16:36:31.030,1.5131,1.51342,1.00,1.00
2016.12.22 16:36:31.408,1.5131,1.51346,1.00,1.00
2016.12.22 16:36:31.458,1.5131,1.51342,1.50,1.00
2016.12.22 16:36:32.300,1.51319,1.51348,1.00,1.00
2016.12.22 16:36:32.351,1.51317,1.51348,1.00,1.00
2016.12.22 16:36:32.653,1.51319,1.51348,1.00,1.00
2016.12.22 16:36:33.189,1.51319,1.51349,1.00,1.00
2016.12.22 16:36:34.044,1.51317,1.51346,1.00,1.00
2016.12.22 16:36:34.095,1.51317,1.5135,1.00,1.00
2016.12.22 16:36:34.399,1.51319,1.5135,1.00,1.00
2016.12.22 16:36:34.452,1.51319,1.51357,1.00,1.50
2016.12.22 16:36:35.014,1.51319,1.51357,1.00,1.00
2016.12.22 16:36:35.599,1.51319,1.51355,1.00,1.00
2016.12.22 16:36:37.493,1.51319,1.51353,1.00,1.00
2016.12.22 16:36:41.935,1.51319,1.51355,1.00,1.00
2016.12.22 16:36:42.086,1.51319,1.51357,2.35,1.00
2016.12.22 16:36:42.137,1.51321,1.51359,1.00,1.00
2016.12.22 16:36:42.631,1.51329,1.51359,1.00,1.00
2016.12.22 16:36:42.845,1.51326,1.51359,1.00,1.00
2016.12.22 16:36:43.188,1.51328,1.51359,1.00,1.00
2016.12.22 16:36:44.138,1.51328,1.51361,1.00,1.00
2016.12.22 16:36:44.761,1.51324,1.51351,1.00,1.00
2016.12.22 16:36:44.912,1.51324,1.51353,1.00,1.00
2016.12.22 16:36:44.963,1.51321,1.51353,1.00,1.00
2016.12.22 16:36:45.064,1.51321,1.51355,1.00,1.00
2016.12.22 16:36:45.239,1.51319,1.51355,1.00,1.00
2016.12.22 16:36:45.441,1.51319,1.51355,1.00,1.00
2016.12.22 16:36:45.767,1.51319,1.51352,1.00,1.00
2016.12.22 16:36:45.868,1.51319,1.51352,1.00,1.00
2016.12.22 16:36:45.919,1.51319,1.51354,1.00,1.00
2016.12.22 16:36:46.171,1.51319,1.51354,1.00,1.00
2016.12.22 16:36:46.767,1.51319,1.51354,1.00,1.00
2016.12.22 16:36:47.098,1.51319,1.51352,1.00,1.00
2016.12.22 16:36:47.149,1.51319,1.51355,1.50,1.50
2016.12.22 16:36:47.669,1.51319,1.51355,1.00,1.00
2016.12.22 16:36:48.453,1.51319,1.51353,1.00,1.00
2016.12.22 16:36:49.026,1.51319,1.51353,1.00,1.00
2016.12.22 16:36:50.210,1.51319,1.51355,1.50,1.00
2016.12.22 16:36:50.261,1.51321,1.51355,1.00,1.00
2016.12.22 16:36:50.563,1.51328,1.51361,1.00,1.00
2016.12.22 16:36:51.684,1.51328,1.51364,1.00,1.00
2016.12.22 16:36:52.215,1.51329,1.51364,1.00,1.00
2016.12.22 16:36:52.318,1.5133,1.51367,1.00,1.00
2016.12.22 16:36:52.419,1.5133,1.51364,1.00,1.00
2016.12.22 16:36:52.995,1.5133,1.51364,1.00,1.00
2016.12.22 16:36:53.317,1.5133,1.51361,1.00,1.00
2016.12.22 16:36:54.170,1.51328,1.51361,1.00,1.00
2016.12.22 16:36:54.313,1.51328,1.51361,1.00,1.00
2016.12.22 16:36:54.514,1.51328,1.51361,1.00,1.00
2016.12.22 16:36:55.944,1.51328,1.51363,1.00,1.00
2016.12.22 16:36:56.198,1.51328,1.51363,1.00,1.00
2016.12.22 16:36:56.439,1.51328,1.51363,1.00,1.00
2016.12.22 16:36:56.615,1.51328,1.51363,1.00,1.00
2016.12.22 16:36:57.221,1.51328,1.5136,1.00,1.00
2016.12.22 16:36:58.269,1.51327,1.5136,1.00,1.00
2016.12.22 16:36:59.012,1.51326,1.5136,1.00,1.00
2016.12.22 16:36:59.844,1.51326,1.51361,1.00,1.00
2016.12.22 16:37:00.147,1.51329,1.51361,1.00,1.00
2016.12.22 16:37:00.328,1.51326,1.51358,1.00,1.12
2016.12.22 16:37:00.400,1.51324,1.51359,1.00,1.00
2016.12.22 16:37:00.451,1.51322,1.51359,1.00,1.00
2016.12.22 16:37:00.502,1.51323,1.51359,1.00,1.00
2016.12.22 16:37:00.575,1.51323,1.51363,1.00,1.50
2016.12.22 16:37:00.643,1.51324,1.51363,1.00,1.00
2016.12.22 16:37:00.971,1.51328,1.51364,1.00,1.00
2016.12.22 16:37:01.635,1.51328,1.51365,1.00,1.50
2016.12.22 16:37:02.137,1.51328,1.51364,1.00,1.00
2016.12.22 16:37:02.595,1.51328,1.51364,1.00,1.00
2016.12.22 16:37:02.646,1.51327,1.51361,1.00,1.00
2016.12.22 16:37:02.950,1.51327,1.51363,1.00,1.00
2016.12.22 16:37:03.436,1.51327,1.51361,1.00,1.00
2016.12.22 16:37:03.739,1.51324,1.51358,1.50,1.00
2016.12.22 16:37:04.109,1.51326,1.51364,1.00,1.50
2016.12.22 16:37:04.827,1.51326,1.51363,1.00,1.00
2016.12.22 16:37:05.029,1.51327,1.51364,1.00,1.00
2016.12.22 16:37:05.335,1.51329,1.51364,1.00,1.00
2016.12.22 16:37:06.023,1.51329,1.51363,1.00,1.00
2016.12.22 16:37:06.322,1.51329,1.51363,1.00,1.00
2016.12.22 16:37:06.423,1.51327,1.5136,1.00,1.00
2016.12.22 16:37:06.524,1.5132,1.51352,1.00,1.37
2016.12.22 16:37:06.625,1.51317,1.51349,1.00,1.00
2016.12.22 16:37:06.726,1.51315,1.51347,1.00,1.00
2016.12.22 16:37:06.827,1.51315,1.51353,1.00,1.50
2016.12.22 16:37:07.028,1.51319,1.51353,1.00,1.50
2016.12.22 16:37:07.495,1.51319,1.51355,1.00,1.00
2016.12.22 16:37:07.667,1.51319,1.51355,1.00,1.00
2016.12.22 16:37:07.886,1.51319,1.51353,1.00,1.00
2016.12.22 16:37:08.632,1.51314,1.51346,1.00,1.00
2016.12.22 16:37:09.947,1.51312,1.51337,1.00,1.00
2016.12.22 16:37:10.323,1.51312,1.51336,1.00,1.00
2016.12.22 16:37:11.761,1.51312,1.51336,1.00,1.00
2016.12.22 16:37:12.789,1.51311,1.51336,1.00,1.00
2016.12.22 16:37:12.941,1.51313,1.51343,1.00,1.00
2016.12.22 16:37:12.991,1.51313,1.51347,1.00,1.00
2016.12.22 16:37:13.180,1.51313,1.51336,1.00,1.00
2016.12.22 16:37:13.953,1.51312,1.51336,1.12,1.00
2016.12.22 16:37:14.057,1.51312,1.51346,1.12,1.00
2016.12.22 16:37:14.392,1.51312,1.51346,1.00,1.00
2016.12.22 16:37:15.029,1.51312,1.51346,1.00,1.50
2016.12.22 16:37:15.079,1.51311,1.51346,1.37,2.25
2016.12.22 16:37:15.597,1.51311,1.51346,1.00,1.00
2016.12.22 16:37:15.985,1.51311,1.51345,1.00,1.00
2016.12.22 16:37:16.827,1.51311,1.51336,1.00,1.00
2016.12.22 16:37:16.880,1.51311,1.51336,1.00,1.00
2016.12.22 16:37:16.931,1.51309,1.51336,1.00,1.00
2016.12.22 16:37:17.636,1.51308,1.51336,1.00,1.00
2016.12.22 16:37:18.264,1.51307,1.51336,1.00,1.00
2016.12.22 16:37:18.773,1.51307,1.51337,1.00,1.00
2016.12.22 16:37:19.310,1.51307,1.51337,1.00,1.00
2016.12.22 16:37:19.826,1.51307,1.51336,1.00,1.00
2016.12.22 16:37:20.818,1.51307,1.51336,1.00,1.00
2016.12.22 16:37:20.919,1.51307,1.51342,1.00,1.00
2016.12.22 16:37:21.700,1.51307,1.51341,1.00,1.00
2016.12.22 16:37:22.225,1.51307,1.51342,1.00,1.00
2016.12.22 16:37:22.769,1.51307,1.51343,1.00,1.00
2016.12.22 16:37:22.888,1.51308,1.51345,1.00,1.50
2016.12.22 16:37:23.124,1.51308,1.51336,1.00,1.00
2016.12.22 16:37:23.225,1.51305,1.51336,1.00,1.00
2016.12.22 16:37:23.675,1.51305,1.51334,1.00,1.00
2016.12.22 16:37:23.726,1.51305,1.51336,1.00,1.00
2016.12.22 16:37:24.342,1.51305,1.51335,1.00,1.00
2016.12.22 16:37:24.818,1.51305,1.51326,1.00,1.00
2016.12.22 16:37:25.928,1.51305,1.51327,1.00,1.00
2016.12.22 16:37:26.235,1.51305,1.51337,1.00,1.00
2016.12.22 16:37:26.989,1.51305,1.51337,1.00,1.50
2016.12.22 16:37:27.510,1.51306,1.51336,1.00,1.00
2016.12.22 16:37:29.448,1.51308,1.51337,1.00,1.00
2016.12.22 16:37:30.117,1.51308,1.51336,1.00,1.00
2016.12.22 16:37:30.730,1.51308,1.51337,1.00,1.00
2016.12.22 16:37:31.286,1.51308,1.51336,1.00,1.00
2016.12.22 16:37:32.531,1.5131,1.51336,1.00,1.00
2016.12.22 16:37:33.782,1.5131,1.51336,1.00,1.00
2016.12.22 16:37:34.502,1.5131,1.51336,1.00,1.00
2016.12.22 16:37:35.140,1.5131,1.51337,1.00,1.00
2016.12.22 16:37:35.682,1.5131,1.51336,1.00,1.00
2016.12.22 16:37:35.932,1.5131,1.51336,1.00,1.00
2016.12.22 16:37:36.454,1.5131,1.51336,1.00,1.00
2016.12.22 16:37:37.208,1.5131,1.51337,1.00,1.00
2016.12.22 16:37:37.755,1.5131,1.51337,1.00,1.00
2016.12.22 16:37:39.113,1.5131,1.51337,1.00,1.00
2016.12.22 16:37:40.091,1.5131,1.51336,1.00,1.00
2016.12.22 16:37:40.991,1.5131,1.51336,1.00,1.00
2016.12.22 16:37:41.633,1.5131,1.51337,1.00,1.00
2016.12.22 16:37:42.184,1.5131,1.51336,1.00,1.00
2016.12.22 16:37:42.730,1.5131,1.51337,1.00,1.00
2016.12.22 16:37:42.781,1.5131,1.51337,1.00,1.00
2016.12.22 16:37:43.708,1.51312,1.51337,1.00,1.00
2016.12.22 16:37:44.212,1.51312,1.51336,1.00,1.00
2016.12.22 16:37:46.581,1.51312,1.51326,1.00,1.00
2016.12.22 16:37:47.608,1.51311,1.51326,1.00,1.00
2016.12.22 16:37:48.116,1.51311,1.51337,1.00,1.00
2016.12.22 16:37:48.167,1.51308,1.51336,1.00,1.00
2016.12.22 16:37:48.945,1.51307,1.51336,1.00,1.50
2016.12.22 16:37:49.521,1.51306,1.51326,1.00,1.00
2016.12.22 16:37:50.314,1.51306,1.51335,1.00,1.00
2016.12.22 16:37:50.365,1.51306,1.51332,1.00,1.00
2016.12.22 16:37:50.715,1.51302,1.51317,1.00,1.00
2016.12.22 16:37:51.813,1.513,1.51317,1.00,1.00
2016.12.22 16:37:52.084,1.513,1.51326,1.00,1.50
2016.12.22 16:37:52.135,1.513,1.51317,1.00,1.00
2016.12.22 16:37:55.072,1.51292,1.51317,1.00,1.00
2016.12.22 16:37:55.374,1.51292,1.51306,1.00,1.00
2016.12.22 16:37:56.037,1.5129,1.51306,1.37,1.00
2016.12.22 16:37:56.088,1.5129,1.51316,1.37,1.00
2016.12.22 16:37:57.362,1.5129,1.51316,1.00,1.00
2016.12.22 16:37:58.084,1.5129,1.51317,1.00,1.00
2016.12.22 16:37:58.791,1.5129,1.51316,1.00,1.00
2016.12.22 16:37:59.393,1.5129,1.51316,1.00,1.00
2016.12.22 16:38:00.084,1.5129,1.51317,1.00,1.00
2016.12.22 16:38:02.496,1.51288,1.51306,1.37,1.00
2016.12.22 16:38:02.647,1.51291,1.51317,1.00,1.00
2016.12.22 16:38:02.748,1.51291,1.5132,1.00,1.00
2016.12.22 16:38:02.871,1.51292,1.51327,1.12,1.00
2016.12.22 16:38:03.022,1.51292,1.51317,1.00,1.00
2016.12.22 16:38:03.366,1.51296,1.51317,1.00,1.00
2016.12.22 16:38:03.668,1.51298,1.51317,1.00,1.00
2016.12.22 16:38:04.218,1.51298,1.51316,1.00,1.00
2016.12.22 16:38:04.571,1.51298,1.51317,1.35,1.00
2016.12.22 16:38:04.622,1.51298,1.51317,1.00,1.00
2016.12.22 16:38:05.127,1.51298,1.51316,1.35,1.00
2016.12.22 16:38:05.812,1.51298,1.51309,1.35,1.00
2016.12.22 16:38:05.955,1.51298,1.51316,1.00,1.00
2016.12.22 16:38:06.006,1.51299,1.51316,1.00,1.00
2016.12.22 16:38:06.601,1.51299,1.51316,1.00,1.00
2016.12.22 16:38:07.969,1.513,1.51316,1.00,1.00
2016.12.22 16:38:08.020,1.51302,1.51326,1.00,1.00
2016.12.22 16:38:08.522,1.51302,1.51326,1.00,1.00
2016.12.22 16:38:08.830,1.51303,1.51327,1.00,1.00
2016.12.22 16:38:08.881,1.51303,1.51327,1.00,1.00
2016.12.22 16:38:09.033,1.51302,1.51317,1.00,1.00
2016.12.22 16:38:09.335,1.51302,1.51326,1.00,1.00
2016.12.22 16:38:09.837,1.513,1.51326,1.00,1.00
2016.12.22 16:38:10.355,1.513,1.51327,1.00,1.00
2016.12.22 16:38:10.405,1.513,1.51317,1.00,1.00
2016.12.22 16:38:11.962,1.513,1.51326,1.00,1.00
2016.12.22 16:38:12.013,1.513,1.51326,1.00,1.00
2016.12.22 16:38:12.445,1.513,1.51317,1.00,1.00
2016.12.22 16:38:13.019,1.513,1.51317,1.00,1.00
2016.12.22 16:38:17.842,1.513,1.51317,1.00,1.00
2016.12.22 16:38:18.077,1.513,1.51327,1.00,1.00
2016.12.22 16:38:18.185,1.51298,1.51316,1.00,1.00
2016.12.22 16:38:18.236,1.51296,1.51325,1.00,1.00
2016.12.22 16:38:18.287,1.51296,1.51326,1.00,1.00
2016.12.22 16:38:18.590,1.51296,1.51316,1.00,1.00
2016.12.22 16:38:19.267,1.51296,1.51316,1.00,1.00
2016.12.22 16:38:19.335,1.51296,1.51326,1.00,1.00
2016.12.22 16:38:19.659,1.51296,1.51326,1.00,1.00
2016.12.22 16:38:19.962,1.51299,1.51326,1.00,1.00
2016.12.22 16:38:21.794,1.51299,1.51327,1.00,1.00
2016.12.22 16:38:22.630,1.51299,1.51326,1.00,1.00
2016.12.22 16:38:23.286,1.51299,1.51326,1.00,1.00
2016.12.22 16:38:23.461,1.51299,1.51327,1.00,1.00
2016.12.22 16:38:23.764,1.51298,1.51316,1.00,1.00
2016.12.22 16:38:24.419,1.51298,1.51316,1.00,1.00
2016.12.22 16:38:24.520,1.51297,1.51317,1.00,1.00
2016.12.22 16:38:25.671,1.51297,1.51317,1.00,1.00
2016.12.22 16:38:26.334,1.51297,1.51316,1.00,1.00
2016.12.22 16:38:26.385,1.51297,1.51317,1.00,1.00
2016.12.22 16:38:26.895,1.51297,1.51316,1.00,1.00
2016.12.22 16:38:27.167,1.51297,1.51316,1.00,1.00
2016.12.22 16:38:27.469,1.51299,1.51317,1.00,1.00
2016.12.22 16:38:28.189,1.51299,1.51316,1.00,1.00
2016.12.22 16:38:28.239,1.51299,1.51327,1.00,1.00
2016.12.22 16:38:28.533,1.51301,1.51326,1.00,1.00
2016.12.22 16:38:29.218,1.51301,1.51327,1.00,1.00
2016.12.22 16:38:29.533,1.51305,1.51326,1.00,1.00
2016.12.22 16:38:29.584,1.51305,1.51327,1.00,1.00
2016.12.22 16:38:30.108,1.51305,1.51327,1.00,1.00
2016.12.22 16:38:30.362,1.51301,1.51327,1.00,1.00
2016.12.22 16:38:30.664,1.51298,1.51317,1.00,1.00
2016.12.22 16:38:30.754,1.51298,1.51327,1.00,1.00
2016.12.22 16:38:30.855,1.51296,1.51316,1.00,1.00
2016.12.22 16:38:31.690,1.51293,1.51317,1.00,1.00
2016.12.22 16:38:32.200,1.51293,1.51316,1.00,1.00
2016.12.22 16:38:32.582,1.51291,1.51317,1.00,1.00
2016.12.22 16:38:33.151,1.51291,1.51317,1.00,1.00
2016.12.22 16:38:33.202,1.51291,1.51317,1.00,1.00
2016.12.22 16:38:34.340,1.51291,1.51317,1.00,1.00
2016.12.22 16:38:34.868,1.51291,1.51316,1.00,1.00
2016.12.22 16:38:34.996,1.51291,1.51316,1.00,1.00
2016.12.22 16:38:35.047,1.51291,1.51326,1.00,1.00
2016.12.22 16:38:35.148,1.51295,1.51327,1.00,1.00
2016.12.22 16:38:35.199,1.51295,1.51327,1.00,1.00
2016.12.22 16:38:35.317,1.51295,1.51329,1.00,1.00
2016.12.22 16:38:35.368,1.51295,1.51316,1.00,1.00
2016.12.22 16:38:35.570,1.51295,1.51326,1.00,1.00
2016.12.22 16:38:35.772,1.513,1.51327,1.00,1.00
2016.12.22 16:38:36.644,1.513,1.51326,1.00,1.00
2016.12.22 16:38:36.796,1.513,1.51327,1.00,1.00
2016.12.22 16:38:36.893,1.513,1.51327,1.00,1.00
2016.12.22 16:38:37.819,1.51301,1.51327,1.00,1.00
2016.12.22 16:38:38.620,1.51302,1.51327,1.00,1.00
2016.12.22 16:38:39.262,1.51302,1.51327,1.00,1.00
2016.12.22 16:38:40.136,1.51302,1.51326,1.00,1.00
2016.12.22 16:38:40.667,1.51302,1.51326,1.00,1.00
2016.12.22 16:38:42.103,1.51302,1.51326,1.00,1.00
2016.12.22 16:38:43.350,1.51302,1.51336,1.00,1.00
2016.12.22 16:38:43.401,1.51302,1.51335,1.00,1.00
2016.12.22 16:38:43.451,1.51302,1.51326,1.00,1.00
2016.12.22 16:38:43.979,1.51304,1.51326,1.00,1.00
2016.12.22 16:38:44.232,1.51304,1.51337,1.00,1.00
2016.12.22 16:38:44.495,1.51304,1.51326,1.00,1.00
2016.12.22 16:38:45.128,1.51304,1.51327,1.00,1.00
2016.12.22 16:38:45.518,1.51304,1.51326,1.00,1.00
2016.12.22 16:38:45.631,1.51304,1.51326,1.00,1.00
2016.12.22 16:38:46.002,1.51305,1.51326,1.00,1.00
2016.12.22 16:38:46.052,1.51305,1.51327,1.00,1.00
2016.12.22 16:38:46.103,1.51305,1.51337,1.00,1.00
2016.12.22 16:38:46.154,1.51304,1.51335,1.00,1.00
2016.12.22 16:38:46.457,1.51304,1.51326,1.00,1.00
2016.12.22 16:38:46.527,1.51304,1.51335,1.00,1.00
2016.12.22 16:38:46.679,1.51302,1.51326,1.00,1.00
2016.12.22 16:38:46.932,1.51298,1.51327,1.00,1.00
2016.12.22 16:38:47.285,1.51298,1.51316,1.00,1.00
2016.12.22 16:38:49.208,1.51298,1.51327,1.00,1.00
2016.12.22 16:38:49.309,1.51298,1.51327,1.00,1.00
2016.12.22 16:38:49.682,1.51298,1.51316,1.00,1.00
2016.12.22 16:38:49.833,1.51298,1.51316,1.00,1.00
2016.12.22 16:38:49.884,1.51298,1.51327,1.00,1.00
2016.12.22 16:38:50.085,1.51298,1.51326,1.00,1.00
2016.12.22 16:38:50.388,1.51298,1.51316,1.00,1.00
2016.12.22 16:38:50.901,1.51298,1.51317,1.00,1.00
2016.12.22 16:38:50.952,1.51298,1.51317,1.00,1.00
2016.12.22 16:38:51.397,1.51298,1.51326,1.00,1.00
2016.12.22 16:38:51.448,1.51298,1.51327,1.00,1.50
2016.12.22 16:38:51.599,1.51296,1.51326,1.00,1.00
2016.12.22 16:38:51.650,1.51296,1.51316,1.00,1.00
2016.12.22 16:38:52.512,1.51296,1.51317,1.00,1.00
2016.12.22 16:38:52.562,1.51294,1.51317,1.00,1.00
2016.12.22 16:38:53.450,1.51294,1.51316,1.00,1.00
2016.12.22 16:38:53.960,1.51294,1.51316,1.00,1.00
2016.12.22 16:38:55.016,1.51294,1.51317,1.00,1.00
2016.12.22 16:38:55.544,1.51294,1.51317,1.00,1.00
2016.12.22 16:38:56.093,1.51294,1.51317,1.00,1.00
2016.12.22 16:38:59.416,1.51294,1.51316,1.00,1.00
2016.12.22 16:39:04.366,1.51294,1.51317,1.00,1.00
2016.12.22 16:39:06.114,1.51294,1.51316,1.00,1.00
2016.12.22 16:39:07.496,1.51294,1.51317,1.00,1.00
2016.12.22 16:39:08.098,1.51294,1.51317,1.00,1.00
2016.12.22 16:39:11.906,1.51294,1.51317,1.00,1.00
2016.12.22 16:39:12.312,1.51294,1.51317,1.00,1.00
2016.12.22 16:39:12.827,1.51294,1.51316,1.00,1.00
2016.12.22 16:39:13.066,1.51294,1.51316,1.00,1.00
2016.12.22 16:39:13.947,1.51293,1.51316,1.00,1.00
2016.12.22 16:39:16.126,1.51293,1.51316,1.00,1.00
2016.12.22 16:39:17.694,1.51293,1.51317,1.00,1.00
2016.12.22 16:39:18.223,1.51293,1.51317,1.00,1.00
2016.12.22 16:39:18.783,1.51292,1.51317,1.00,1.00
2016.12.22 16:39:19.598,1.51291,1.51317,1.12,1.00
2016.12.22 16:39:19.835,1.51291,1.51306,1.12,1.00
2016.12.22 16:39:20.681,1.5129,1.51306,1.12,1.00
2016.12.22 16:39:21.204,1.51288,1.51307,1.37,1.00
2016.12.22 16:39:21.714,1.51288,1.51306,1.37,1.00
2016.12.22 16:39:22.358,1.51288,1.51307,1.37,1.00
2016.12.22 16:39:23.630,1.51288,1.51306,1.12,1.00
2016.12.22 16:39:24.427,1.51288,1.51307,1.12,1.00
2016.12.22 16:39:24.629,1.51283,1.51307,1.00,1.00
2016.12.22 16:39:24.931,1.51283,1.51297,1.00,1.00
2016.12.22 16:39:25.276,1.51283,1.51307,1.00,1.00
2016.12.22 16:39:25.326,1.51283,1.51307,1.00,1.00
2016.12.22 16:39:27.036,1.51283,1.51306,1.00,1.00
2016.12.22 16:39:27.343,1.51283,1.51306,1.00,1.00
2016.12.22 16:39:28.111,1.51283,1.51306,1.00,1.00
2016.12.22 16:39:31.005,1.51283,1.51306,1.12,1.00
2016.12.22 16:39:31.267,1.51283,1.51306,1.00,1.00
2016.12.22 16:39:31.519,1.51283,1.51307,1.00,1.00
2016.12.22 16:39:32.204,1.51283,1.51306,1.00,1.00
2016.12.22 16:39:33.649,1.51282,1.51306,1.12,1.00
2016.12.22 16:39:34.349,1.51282,1.51306,1.37,1.00
2016.12.22 16:39:36.954,1.51282,1.51307,1.37,1.00
2016.12.22 16:39:38.158,1.51282,1.51307,1.00,1.00
2016.12.22 16:39:39.254,1.51282,1.51306,1.00,1.00
2016.12.22 16:39:39.867,1.51282,1.51306,1.00,1.00
2016.12.22 16:39:40.414,1.51282,1.51307,2.12,1.00
2016.12.22 16:39:41.104,1.51282,1.51307,2.12,1.00
2016.12.22 16:39:41.815,1.51282,1.51306,2.12,1.00
2016.12.22 16:39:42.117,1.51283,1.51306,1.00,1.00
2016.12.22 16:39:44.194,1.51283,1.51307,1.00,1.00
2016.12.22 16:39:48.204,1.51283,1.51306,2.12,1.00
2016.12.22 16:39:48.357,1.51285,1.51316,1.00,1.00
2016.12.22 16:39:48.408,1.51288,1.51316,1.00,1.00
2016.12.22 16:39:48.818,1.51288,1.51307,1.00,1.00
2016.12.22 16:39:49.232,1.51288,1.51307,1.00,1.00
2016.12.22 16:39:49.335,1.51288,1.51316,1.00,1.00
2016.12.22 16:39:50.095,1.51288,1.51306,1.00,1.00
2016.12.22 16:39:50.246,1.51288,1.51316,1.00,1.00
2016.12.22 16:39:50.397,1.51291,1.51316,1.00,1.00
2016.12.22 16:39:50.763,1.51291,1.51306,1.00,1.00
2016.12.22 16:39:50.813,1.51291,1.51317,1.00,1.00
2016.12.22 16:39:51.060,1.51291,1.51307,1.00,1.00
2016.12.22 16:39:51.462,1.51291,1.51316,1.00,1.00
2016.12.22 16:39:51.563,1.51291,1.51307,1.00,1.00
2016.12.22 16:39:52.207,1.51291,1.51307,1.00,1.00
2016.12.22 16:39:52.459,1.5129,1.51316,1.00,1.00
2016.12.22 16:39:52.560,1.5129,1.51307,1.00,1.00
2016.12.22 16:39:52.968,1.51286,1.51307,1.00,1.00
2016.12.22 16:39:53.459,1.51286,1.51307,1.00,1.00
2016.12.22 16:39:53.611,1.51286,1.51307,1.00,1.00
2016.12.22 16:39:53.812,1.51285,1.51307,1.00,1.00
2016.12.22 16:39:54.447,1.51285,1.51316,1.00,1.00
2016.12.22 16:39:54.535,1.51285,1.51306,1.00,1.00
2016.12.22 16:39:55.039,1.51285,1.51307,1.00,1.00
2016.12.22 16:39:55.354,1.51285,1.51316,1.00,1.00
2016.12.22 16:39:55.455,1.51286,1.51307,1.00,1.00
2016.12.22 16:39:55.556,1.51286,1.51306,1.00,1.00
2016.12.22 16:39:56.098,1.51286,1.51307,1.00,1.00
2016.12.22 16:39:56.543,1.51286,1.51307,1.00,1.00
2016.12.22 16:39:57.602,1.51286,1.51306,1.00,1.00
2016.12.22 16:39:57.955,1.51286,1.51316,1.00,1.00
2016.12.22 16:39:58.365,1.51286,1.51307,1.00,1.00
2016.12.22 16:39:58.416,1.51286,1.51307,1.00,1.00
2016.12.22 16:39:58.733,1.51286,1.51316,1.00,1.00
2016.12.22 16:39:59.036,1.51286,1.51316,1.00,1.00
2016.12.22 16:39:59.158,1.51286,1.51316,1.00,1.00
2016.12.22 16:39:59.561,1.51286,1.51317,1.00,1.00
2016.12.22 16:39:59.881,1.51286,1.51307,1.00,1.00
2016.12.22 16:40:00.177,1.51284,1.51307,1.00,1.00
2016.12.22 16:40:00.649,1.51284,1.51307,1.00,1.00
2016.12.22 16:40:00.847,1.51282,1.51306,1.12,1.00
2016.12.22 16:40:00.928,1.51282,1.51311,1.12,1.37
2016.12.22 16:40:01.029,1.51277,1.51308,1.37,1.00
2016.12.22 16:40:01.130,1.51277,1.51306,1.00,1.00
2016.12.22 16:40:01.586,1.51277,1.51306,1.00,1.00
2016.12.22 16:40:01.889,1.51277,1.5131,1.00,1.00
2016.12.22 16:40:02.371,1.51278,1.51312,1.00,1.00
2016.12.22 16:40:03.141,1.51278,1.51307,1.00,1.00
2016.12.22 16:40:03.683,1.51279,1.51307,1.00,1.00
2016.12.22 16:40:04.403,1.51279,1.51313,1.00,1.00
2016.12.22 16:40:04.966,1.51279,1.51306,1.00,1.00
2016.12.22 16:40:05.074,1.51279,1.51313,1.00,1.00
2016.12.22 16:40:05.125,1.51281,1.51315,1.00,1.00
2016.12.22 16:40:05.428,1.51283,1.51316,1.00,1.00
2016.12.22 16:40:05.875,1.51283,1.51306,1.00,1.00
2016.12.22 16:40:05.959,1.51283,1.51316,1.00,1.00
2016.12.22 16:40:06.137,1.51281,1.5131,1.00,1.00
2016.12.22 16:40:06.188,1.51278,1.51307,1.00,1.00
2016.12.22 16:40:06.901,1.51278,1.51312,1.00,1.50
2016.12.22 16:40:07.103,1.5128,1.51316,1.00,1.00
2016.12.22 16:40:07.708,1.5128,1.51313,1.00,1.00
2016.12.22 16:40:08.011,1.51288,1.51324,1.00,1.00
2016.12.22 16:40:08.704,1.51292,1.51326,1.00,1.50
2016.12.22 16:40:09.723,1.51292,1.51324,1.00,1.00
2016.12.22 16:40:10.344,1.51292,1.51326,1.00,1.00
2016.12.22 16:40:10.395,1.51293,1.51326,1.00,1.00
2016.12.22 16:40:10.905,1.51293,1.51322,1.00,1.00
2016.12.22 16:40:10.956,1.51291,1.51316,1.00,1.00
2016.12.22 16:40:11.939,1.5129,1.51316,1.00,1.00
2016.12.22 16:40:12.159,1.51287,1.51316,1.00,1.00
2016.12.22 16:40:12.402,1.51287,1.51318,1.00,1.00
2016.12.22 16:40:12.728,1.51287,1.51317,1.00,1.00
2016.12.22 16:40:13.136,1.51287,1.51316,1.00,1.00
2016.12.22 16:40:13.621,1.51287,1.51321,1.00,1.00
2016.12.22 16:40:14.099,1.51287,1.51319,1.00,1.00
2016.12.22 16:40:14.500,1.51287,1.5132,1.00,1.00
2016.12.22 16:40:15.451,1.51288,1.51316,1.00,1.00
2016.12.22 16:40:15.603,1.5129,1.51323,1.00,1.00
2016.12.22 16:40:16.642,1.5129,1.51325,1.00,1.00
2016.12.22 16:40:17.613,1.51291,1.51325,1.00,1.00
2016.12.22 16:40:18.601,1.51291,1.51325,1.00,1.00
2016.12.22 16:40:20.390,1.51293,1.51326,1.00,1.00
2016.12.22 16:40:21.335,1.51294,1.51326,1.00,1.00
2016.12.22 16:40:23.249,1.51294,1.51326,1.00,1.00
2016.12.22 16:40:23.402,1.51294,1.51326,1.00,1.50
2016.12.22 16:40:23.453,1.51294,1.51323,1.00,1.00
2016.12.22 16:40:24.420,1.51291,1.51322,1.00,1.00
2016.12.22 16:40:24.531,1.51291,1.51317,1.00,1.00
2016.12.22 16:40:25.037,1.5129,1.51316,1.00,1.00
2016.12.22 16:40:27.531,1.5129,1.51316,1.00,1.00
2016.12.22 16:40:27.682,1.5129,1.51316,1.00,1.00
2016.12.22 16:40:28.422,1.5129,1.51317,1.00,1.00
2016.12.22 16:40:28.675,1.5129,1.51323,1.00,1.00
2016.12.22 16:40:29.546,1.5129,1.51324,1.00,1.00
2016.12.22 16:40:30.067,1.51291,1.51325,1.00,1.00
2016.12.22 16:40:30.225,1.51291,1.51324,1.00,1.00
2016.12.22 16:40:31.250,1.51291,1.51324,1.00,1.00
2016.12.22 16:40:33.774,1.51291,1.51323,1.00,1.00
2016.12.22 16:40:34.026,1.51294,1.51326,1.00,1.50
2016.12.22 16:40:34.345,1.51296,1.51327,1.00,1.00
2016.12.22 16:40:34.858,1.51296,1.51326,1.00,1.00
2016.12.22 16:40:35.067,1.51296,1.51326,1.00,1.00
2016.12.22 16:40:35.118,1.51296,1.51329,1.00,1.00
2016.12.22 16:40:35.169,1.51296,1.51326,1.00,1.00
2016.12.22 16:40:35.421,1.51296,1.51332,1.00,1.50
2016.12.22 16:40:35.636,1.51296,1.51326,1.00,1.00
2016.12.22 16:40:36.131,1.51296,1.51332,1.00,1.00
2016.12.22 16:40:38.299,1.51296,1.51331,1.00,1.00
2016.12.22 16:40:40.681,1.51298,1.51332,1.00,1.00
2016.12.22 16:40:41.135,1.513,1.51334,1.00,1.00
2016.12.22 16:40:42.445,1.513,1.51335,1.00,1.00
2016.12.22 16:40:42.753,1.51303,1.51336,1.00,1.00
2016.12.22 16:40:43.426,1.51303,1.51334,1.00,1.00
2016.12.22 16:40:43.527,1.51303,1.51332,1.00,1.00
2016.12.22 16:40:44.255,1.51303,1.51333,1.00,1.00
2016.12.22 16:40:44.557,1.51309,1.51339,1.00,1.00
2016.12.22 16:40:44.608,1.51309,1.51344,1.00,1.00
2016.12.22 16:40:45.287,1.51309,1.51336,1.00,1.00
2016.12.22 16:40:45.594,1.51309,1.51336,1.00,1.00
2016.12.22 16:40:51.160,1.51309,1.51336,1.00,1.00
2016.12.22 16:40:51.261,1.51309,1.51342,1.00,1.00
2016.12.22 16:40:52.005,1.51313,1.51347,1.00,1.50
2016.12.22 16:40:52.340,1.51313,1.51345,1.00,1.00
2016.12.22 16:40:52.391,1.51313,1.51349,1.00,1.00
2016.12.22 16:40:52.847,1.51313,1.51347,1.00,1.00
2016.12.22 16:40:52.948,1.51313,1.51349,1.00,1.00
2016.12.22 16:40:53.049,1.51313,1.51346,1.00,1.00
2016.12.22 16:40:55.403,1.51313,1.51347,1.00,1.00
2016.12.22 16:40:55.752,1.51312,1.51337,1.00,1.00
2016.12.22 16:40:56.004,1.51312,1.51341,1.00,1.00
2016.12.22 16:40:56.262,1.51312,1.51345,1.00,1.00
2016.12.22 16:40:56.363,1.51312,1.51345,1.00,1.00
2016.12.22 16:40:56.515,1.51316,1.51352,1.00,1.50
2016.12.22 16:40:56.616,1.5132,1.51353,1.00,1.00
2016.12.22 16:40:56.667,1.5132,1.51352,1.00,1.00
2016.12.22 16:40:56.767,1.5132,1.51347,1.00,1.00
2016.12.22 16:40:56.818,1.51319,1.51347,1.00,1.00
2016.12.22 16:40:57.920,1.51319,1.51347,1.00,1.00
2016.12.22 16:40:59.384,1.51317,1.51346,1.00,1.00
2016.12.22 16:40:59.485,1.51313,1.51344,1.00,1.00
2016.12.22 16:41:00.033,1.51313,1.51343,1.00,1.00
2016.12.22 16:41:00.508,1.51313,1.51336,1.00,1.00
2016.12.22 16:41:00.810,1.51313,1.51337,1.00,1.00
2016.12.22 16:41:01.435,1.51313,1.51337,1.00,1.00
2016.12.22 16:41:01.955,1.51313,1.51336,1.00,1.00
2016.12.22 16:41:02.006,1.51313,1.51336,1.00,1.00
2016.12.22 16:41:02.208,1.51313,1.51336,1.00,1.00
2016.12.22 16:41:03.872,1.51313,1.51336,1.00,1.00
2016.12.22 16:41:03.922,1.51313,1.51336,1.00,1.00
2016.12.22 16:41:07.174,1.51315,1.51336,1.00,1.00
2016.12.22 16:41:07.428,1.51315,1.51346,1.00,1.00
2016.12.22 16:41:07.547,1.51315,1.51336,1.00,1.00
2016.12.22 16:41:08.239,1.51315,1.51337,1.00,1.00
2016.12.22 16:41:08.340,1.51317,1.51346,1.00,1.00
2016.12.22 16:41:08.390,1.51323,1.51346,1.00,1.00
2016.12.22 16:41:08.542,1.51323,1.51356,1.00,1.50
2016.12.22 16:41:08.693,1.51323,1.51346,1.00,1.00
2016.12.22 16:41:09.223,1.51323,1.51347,1.00,1.00
2016.12.22 16:41:09.273,1.51323,1.51347,1.00,1.00
2016.12.22 16:41:09.406,1.51323,1.51336,1.00,1.00
2016.12.22 16:41:09.609,1.51323,1.51346,1.00,1.00
2016.12.22 16:41:10.124,1.51323,1.51347,1.00,1.00
2016.12.22 16:41:10.333,1.51323,1.51353,1.00,1.00
2016.12.22 16:41:10.484,1.51323,1.51346,1.00,1.00
2016.12.22 16:41:10.823,1.51324,1.51347,1.00,1.00
2016.12.22 16:41:11.329,1.51324,1.51347,1.00,1.00
2016.12.22 16:41:13.421,1.51324,1.51347,1.00,1.00
2016.12.22 16:41:13.999,1.51324,1.51346,1.00,1.00
2016.12.22 16:41:14.789,1.51323,1.51346,1.00,1.00
2016.12.22 16:41:14.839,1.51323,1.51347,1.00,1.00
2016.12.22 16:41:15.379,1.51323,1.51346,1.00,1.00
2016.12.22 16:41:15.788,1.51325,1.51346,1.00,1.00
2016.12.22 16:41:16.332,1.51325,1.51347,1.00,1.00
2016.12.22 16:41:16.506,1.51325,1.51346,1.00,1.00
2016.12.22 16:41:17.414,1.51325,1.51347,1.00,1.00
2016.12.22 16:41:18.182,1.51325,1.51346,1.00,1.00
2016.12.22 16:41:18.796,1.51325,1.51347,1.00,1.00
2016.12.22 16:41:19.633,1.51318,1.51345,1.00,1.00
2016.12.22 16:41:19.683,1.51318,1.51336,1.00,1.00
2016.12.22 16:41:19.734,1.51317,1.51336,1.00,1.00
2016.12.22 16:41:19.845,1.51314,1.51336,1.50,1.00
2016.12.22 16:41:20.709,1.51314,1.51336,1.00,1.00
2016.12.22 16:41:21.221,1.51314,1.51337,1.00,1.00
2016.12.22 16:41:23.391,1.51314,1.51337,1.00,1.00
2016.12.22 16:41:24.731,1.51314,1.51337,1.00,1.00
2016.12.22 16:41:25.133,1.51314,1.51337,1.00,1.00
2016.12.22 16:41:25.838,1.51314,1.51337,1.00,1.00
2016.12.22 16:41:26.987,1.51314,1.51337,1.00,1.00
2016.12.22 16:41:27.635,1.51314,1.51336,1.00,1.00
2016.12.22 16:41:27.976,1.51314,1.51336,1.00,1.00
2016.12.22 16:41:28.165,1.51314,1.51336,1.00,1.00
2016.12.22 16:41:28.763,1.51314,1.51326,1.00,1.00
2016.12.22 16:41:28.864,1.51314,1.51326,1.00,1.00
2016.12.22 16:41:29.701,1.51314,1.51336,1.00,1.00
2016.12.22 16:41:29.829,1.51318,1.51346,1.00,1.00
2016.12.22 16:41:29.945,1.5132,1.51347,1.00,1.00
2016.12.22 16:41:30.364,1.5132,1.51346,1.00,1.00
2016.12.22 16:41:30.913,1.5132,1.51346,1.00,1.00
2016.12.22 16:41:31.909,1.5132,1.51346,1.00,1.00
2016.12.22 16:41:32.431,1.5132,1.51347,1.00,1.00
2016.12.22 16:41:32.481,1.5132,1.51347,1.00,1.00
2016.12.22 16:41:32.683,1.51317,1.51346,1.00,1.00
2016.12.22 16:41:32.885,1.51317,1.51337,1.00,1.00
2016.12.22 16:41:33.169,1.51317,1.51346,1.00,1.00
2016.12.22 16:41:33.663,1.51308,1.51347,1.00,1.50
2016.12.22 16:41:33.714,1.51306,1.51337,2.25,1.00
2016.12.22 16:41:34.017,1.51305,1.51326,1.00,1.00
2016.12.22 16:41:35.025,1.51305,1.51327,1.00,1.00
2016.12.22 16:41:37.046,1.51306,1.51337,1.00,1.00
2016.12.22 16:41:37.742,1.51309,1.51336,1.00,1.00
2016.12.22 16:41:37.893,1.51309,1.51336,1.00,1.00
2016.12.22 16:41:37.944,1.51309,1.51327,1.00,1.00
2016.12.22 16:41:38.181,1.51309,1.51327,1.00,1.00
2016.12.22 16:41:38.690,1.51309,1.51327,1.00,1.00
2016.12.22 16:41:39.428,1.51309,1.51327,1.00,1.00
2016.12.22 16:41:40.611,1.51306,1.51327,1.00,1.00
2016.12.22 16:41:43.978,1.51306,1.51327,1.00,1.00
2016.12.22 16:41:44.220,1.51306,1.51327,1.00,1.00
2016.12.22 16:41:44.271,1.51304,1.51327,1.00,1.00
2016.12.22 16:41:46.210,1.51304,1.51326,1.00,1.00
2016.12.22 16:41:46.559,1.51304,1.51326,1.00,1.00
2016.12.22 16:41:47.255,1.51304,1.51327,1.00,1.00
2016.12.22 16:41:48.920,1.51304,1.51327,1.00,1.00
2016.12.22 16:41:51.893,1.51304,1.51326,1.00,1.00
2016.12.22 16:41:53.128,1.51304,1.51327,1.00,1.00
2016.12.22 16:41:53.313,1.51302,1.51326,1.00,1.00
2016.12.22 16:41:53.414,1.51299,1.51327,1.00,1.00
2016.12.22 16:41:53.954,1.51299,1.51326,1.00,1.00
2016.12.22 16:41:54.463,1.51299,1.51326,1.00,1.00
2016.12.22 16:41:57.315,1.51299,1.51327,1.00,1.00
2016.12.22 16:41:57.618,1.51299,1.51316,1.00,1.00
2016.12.22 16:41:57.719,1.51298,1.51316,1.00,1.00
2016.12.22 16:41:58.383,1.51297,1.51316,1.00,1.00
2016.12.22 16:41:58.583,1.51297,1.51316,1.00,1.00
2016.12.22 16:41:58.914,1.51297,1.51326,1.00,1.00
2016.12.22 16:41:59.541,1.51297,1.51327,1.00,1.00
2016.12.22 16:42:01.274,1.51303,1.51326,1.00,1.00
2016.12.22 16:42:01.788,1.51303,1.51327,1.00,1.00
2016.12.22 16:42:02.409,1.51303,1.51326,1.00,1.00
2016.12.22 16:42:03.623,1.51303,1.51327,1.00,1.00
2016.12.22 16:42:05.647,1.51303,1.51336,1.00,1.00
2016.12.22 16:42:05.749,1.51303,1.51326,1.00,1.00
2016.12.22 16:42:05.849,1.51303,1.51336,1.00,1.00
2016.12.22 16:42:05.951,1.51303,1.51326,1.00,1.00
2016.12.22 16:42:06.051,1.51303,1.51326,1.00,1.00
2016.12.22 16:42:06.152,1.51303,1.51333,1.00,1.00
2016.12.22 16:42:06.253,1.51303,1.51327,1.00,1.00
2016.12.22 16:42:06.571,1.51309,1.51337,1.00,1.00
2016.12.22 16:42:06.622,1.51309,1.51337,1.00,1.00
2016.12.22 16:42:06.721,1.51305,1.51332,1.00,1.00
2016.12.22 16:42:06.771,1.513,1.5133,1.00,1.00
2016.12.22 16:42:06.873,1.513,1.51326,1.00,1.00
2016.12.22 16:42:07.649,1.513,1.51316,1.00,1.00
2016.12.22 16:42:07.801,1.513,1.51316,1.00,1.00
2016.12.22 16:42:08.830,1.513,1.51316,1.00,1.00
2016.12.22 16:42:09.546,1.513,1.51317,1.00,1.00
2016.12.22 16:42:10.088,1.513,1.51317,1.00,1.00
2016.12.22 16:42:10.242,1.513,1.51326,1.00,1.00
2016.12.22 16:42:10.293,1.513,1.51327,1.00,1.00
2016.12.22 16:42:10.595,1.51305,1.51327,1.00,1.00
2016.12.22 16:42:10.848,1.51311,1.51336,1.00,1.00
2016.12.22 16:42:11.663,1.51311,1.51337,1.00,1.00
2016.12.22 16:42:11.865,1.51312,1.51327,1.00,1.00
2016.12.22 16:42:12.335,1.51312,1.51337,1.00,1.00
2016.12.22 16:42:12.888,1.51312,1.51336,1.00,1.00
2016.12.22 16:42:14.783,1.51312,1.51327,1.00,1.00
2016.12.22 16:42:14.834,1.51312,1.51336,1.00,1.00
2016.12.22 16:42:14.935,1.51312,1.51336,1.00,1.00
2016.12.22 16:42:15.632,1.51312,1.51337,1.00,1.00
2016.12.22 16:42:16.266,1.51312,1.51337,1.00,1.00
2016.12.22 16:42:16.817,1.51312,1.51337,1.00,1.00
2016.12.22 16:42:17.184,1.51312,1.51336,1.00,1.00
2016.12.22 16:42:17.708,1.51312,1.51336,1.00,1.00
2016.12.22 16:42:17.818,1.51312,1.51336,1.00,1.00
2016.12.22 16:42:18.377,1.51312,1.51337,1.00,1.00
2016.12.22 16:42:18.579,1.51312,1.51327,1.00,1.00
2016.12.22 16:42:19.109,1.51311,1.51327,1.00,1.00
2016.12.22 16:42:20.709,1.51311,1.51327,1.00,1.00
2016.12.22 16:42:20.914,1.51311,1.51336,1.00,1.00
2016.12.22 16:42:21.404,1.51311,1.51326,1.00,1.00
2016.12.22 16:42:21.618,1.51311,1.51336,1.00,1.00
2016.12.22 16:42:22.801,1.51311,1.51326,1.00,1.00
2016.12.22 16:42:23.469,1.51311,1.51337,1.00,1.00
2016.12.22 16:42:24.193,1.51311,1.51336,1.00,1.00
2016.12.22 16:42:24.445,1.5131,1.51336,1.00,1.00
2016.12.22 16:42:25.669,1.5131,1.51327,1.00,1.00
2016.12.22 16:42:25.932,1.5131,1.51336,1.00,1.00
2016.12.22 16:42:26.652,1.5131,1.51327,1.00,1.00
2016.12.22 16:42:26.857,1.51308,1.51327,1.00,1.00
2016.12.22 16:42:27.447,1.51308,1.51326,1.00,1.00
2016.12.22 16:42:33.503,1.51307,1.51326,1.00,1.00
2016.12.22 16:42:33.641,1.51307,1.51326,1.00,1.00
2016.12.22 16:42:35.109,1.51309,1.51326,1.00,1.00
2016.12.22 16:42:35.159,1.51311,1.51336,1.00,1.00
2016.12.22 16:42:35.603,1.51309,1.51336,1.00,1.00
2016.12.22 16:42:35.654,1.51307,1.51336,1.00,1.00
2016.12.22 16:42:35.805,1.51307,1.51326,1.00,1.00
2016.12.22 16:42:36.107,1.51307,1.51337,1.00,1.00
2016.12.22 16:42:36.309,1.51307,1.51326,1.00,1.00
2016.12.22 16:42:36.805,1.51307,1.51336,1.00,1.00
2016.12.22 16:42:37.554,1.51307,1.51337,1.00,1.00
2016.12.22 16:42:37.827,1.51307,1.51327,1.00,1.00
2016.12.22 16:42:38.421,1.51307,1.51326,1.00,1.00
2016.12.22 16:42:38.694,1.51307,1.51337,1.00,1.00
2016.12.22 16:42:39.505,1.51307,1.51337,1.00,1.00
2016.12.22 16:42:39.923,1.51312,1.51337,1.00,1.00
2016.12.22 16:42:40.074,1.51312,1.51346,1.00,1.00
2016.12.22 16:42:40.580,1.51312,1.51347,1.00,1.50
2016.12.22 16:42:40.877,1.51314,1.51347,1.00,1.00
2016.12.22 16:42:41.494,1.5131,1.51344,1.00,1.35
2016.12.22 16:42:41.544,1.5131,1.5134,1.00,1.00
2016.12.22 16:42:41.947,1.51311,1.51344,1.00,1.00
2016.12.22 16:42:42.446,1.51314,1.51346,1.00,1.00
2016.12.22 16:42:43.016,1.51314,1.51346,1.00,1.50
2016.12.22 16:42:45.993,1.51314,1.51344,1.00,1.00
2016.12.22 16:42:48.541,1.51314,1.51346,1.00,1.50
2016.12.22 16:42:49.516,1.51314,1.51347,1.00,1.50
2016.12.22 16:42:50.181,1.51314,1.51346,1.00,1.00
2016.12.22 16:42:50.649,1.51314,1.51346,1.00,1.50
2016.12.22 16:42:51.903,1.51315,1.51346,1.00,1.00
2016.12.22 16:42:52.206,1.51318,1.51353,1.00,1.00
2016.12.22 16:42:52.775,1.51318,1.51347,1.00,1.00
2016.12.22 16:42:52.825,1.51318,1.51353,1.00,1.00
2016.12.22 16:42:52.892,1.5132,1.51354,1.00,1.00
2016.12.22 16:42:53.894,1.5132,1.51353,1.00,1.00
2016.12.22 16:42:57.167,1.51321,1.51353,1.00,1.00
2016.12.22 16:42:58.552,1.51324,1.51356,1.00,1.00
2016.12.22 16:42:58.830,1.51328,1.51362,1.00,1.00
2016.12.22 16:42:58.881,1.51328,1.51359,1.00,1.00
2016.12.22 16:42:58.982,1.51329,1.51362,1.00,1.00
2016.12.22 16:42:59.184,1.51331,1.51365,1.00,1.00
2016.12.22 16:42:59.405,1.51328,1.51354,1.00,1.00
2016.12.22 16:42:59.571,1.51317,1.51344,1.00,1.00
2016.12.22 16:42:59.672,1.51315,1.51344,1.00,1.00
2016.12.22 16:43:00.266,1.51315,1.51346,1.00,1.50
2016.12.22 16:43:00.580,1.51315,1.51343,1.00,1.00
2016.12.22 16:43:01.266,1.51315,1.51346,1.00,1.50
2016.12.22 16:43:02.215,1.51314,1.51341,1.00,1.00
2016.12.22 16:43:02.517,1.51311,1.51336,1.00,1.00
2016.12.22 16:43:02.669,1.51311,1.51338,1.00,1.00
2016.12.22 16:43:04.097,1.5131,1.51337,1.00,1.00
2016.12.22 16:43:04.601,1.5131,1.51336,1.00,1.00
2016.12.22 16:43:06.029,1.51309,1.51336,1.00,1.00
2016.12.22 16:43:06.318,1.51309,1.51336,1.00,1.00
2016.12.22 16:43:08.624,1.51309,1.51336,1.00,1.00
2016.12.22 16:43:09.216,1.51309,1.5134,1.00,1.00
2016.12.22 16:43:10.744,1.51309,1.51339,1.00,1.00
2016.12.22 16:43:10.794,1.51309,1.51341,1.00,1.00
2016.12.22 16:43:10.946,1.51309,1.51337,1.00,1.00
2016.12.22 16:43:11.549,1.51308,1.51336,1.00,1.00
2016.12.22 16:43:11.676,1.51308,1.5134,1.00,1.00
2016.12.22 16:43:11.777,1.51308,1.51342,1.00,1.00
2016.12.22 16:43:12.079,1.51311,1.51344,1.00,1.00
2016.12.22 16:43:12.382,1.51311,1.51337,1.00,1.00
2016.12.22 16:43:13.045,1.51311,1.51337,1.00,1.00
2016.12.22 16:43:13.449,1.51312,1.51346,1.00,1.00
2016.12.22 16:43:13.601,1.51312,1.51341,1.00,1.00
2016.12.22 16:43:13.903,1.51311,1.51337,1.00,1.00
2016.12.22 16:43:14.100,1.51311,1.5134,1.00,1.00
2016.12.22 16:43:14.415,1.51311,1.51336,1.00,1.00
2016.12.22 16:43:15.012,1.51311,1.51336,1.00,1.00
2016.12.22 16:43:15.062,1.51311,1.51341,1.00,1.00
2016.12.22 16:43:15.113,1.51311,1.51343,1.00,1.00
2016.12.22 16:43:15.931,1.51314,1.51346,1.00,1.00
2016.12.22 16:43:16.284,1.51314,1.51345,1.00,1.00
2016.12.22 16:43:16.435,1.51312,1.51343,1.00,1.00
2016.12.22 16:43:16.758,1.51313,1.51346,1.00,1.00
2016.12.22 16:43:17.017,1.51313,1.51344,1.00,1.00
2016.12.22 16:43:17.560,1.51313,1.51346,1.00,1.00
2016.12.22 16:43:17.875,1.51313,1.51343,1.00,1.00
2016.12.22 16:43:17.976,1.51313,1.51343,1.00,1.00
2016.12.22 16:43:18.618,1.51313,1.51345,1.00,1.00
2016.12.22 16:43:19.058,1.51313,1.51345,1.00,1.00
2016.12.22 16:43:19.210,1.51314,1.51346,1.00,1.00
2016.12.22 16:43:19.742,1.51314,1.51345,1.00,1.00
2016.12.22 16:43:20.139,1.51314,1.51346,1.00,1.00
2016.12.22 16:43:20.510,1.51309,1.51345,1.37,1.00
2016.12.22 16:43:20.611,1.51309,1.51347,1.00,1.00
2016.12.22 16:43:20.913,1.51311,1.51346,1.00,1.00
2016.12.22 16:43:21.014,1.51311,1.51347,1.00,1.50
2016.12.22 16:43:21.115,1.51307,1.51343,1.00,1.00
2016.12.22 16:43:21.418,1.51307,1.51346,1.00,1.00
2016.12.22 16:43:21.764,1.51307,1.51344,1.00,1.00
2016.12.22 16:43:21.929,1.51306,1.51342,1.00,1.00
2016.12.22 16:43:22.030,1.51306,1.51344,1.00,1.00
2016.12.22 16:43:22.465,1.51306,1.51341,1.00,1.00
2016.12.22 16:43:22.767,1.51306,1.51336,1.00,1.00
2016.12.22 16:43:22.926,1.51306,1.51343,1.00,1.00
2016.12.22 16:43:23.077,1.51306,1.51342,1.00,1.00
2016.12.22 16:43:23.379,1.51306,1.51336,1.00,1.00
2016.12.22 16:43:23.492,1.51304,1.5134,1.00,1.00
2016.12.22 16:43:23.655,1.51304,1.51343,1.00,1.00
2016.12.22 16:43:24.040,1.51305,1.51344,1.00,1.00
2016.12.22 16:43:25.635,1.51305,1.51344,1.00,1.00
2016.12.22 16:43:25.686,1.51305,1.51342,1.00,1.00
2016.12.22 16:43:25.989,1.51305,1.51336,1.00,1.00
2016.12.22 16:43:26.326,1.51305,1.51336,1.00,1.00
2016.12.22 16:43:27.378,1.51305,1.51336,1.00,1.50
2016.12.22 16:43:27.479,1.51305,1.51337,1.00,1.50
2016.12.22 16:43:27.838,1.51305,1.51336,1.00,1.00
2016.12.22 16:43:27.989,1.51312,1.51347,1.00,1.00
2016.12.22 16:43:28.041,1.51312,1.51351,1.00,1.00
2016.12.22 16:43:28.091,1.51312,1.51346,1.35,1.00
2016.12.22 16:43:28.243,1.51308,1.51342,1.00,1.00
2016.12.22 16:43:28.293,1.51308,1.51337,1.00,1.00
2016.12.22 16:43:28.728,1.51304,1.51337,1.00,1.00
2016.12.22 16:43:30.794,1.51304,1.51335,1.00,1.00
2016.12.22 16:43:31.753,1.51304,1.51335,1.00,1.00
2016.12.22 16:43:34.131,1.51304,1.51333,1.00,1.00
2016.12.22 16:43:34.943,1.51304,1.51336,1.00,1.50
2016.12.22 16:43:34.994,1.51304,1.51336,1.00,1.00
2016.12.22 16:43:35.260,1.51306,1.5134,1.00,1.00
2016.12.22 16:43:35.311,1.51308,1.51344,1.00,1.00
2016.12.22 16:43:35.995,1.51309,1.51345,1.00,1.00
2016.12.22 16:43:36.364,1.51309,1.51339,1.00,1.00
2016.12.22 16:43:36.779,1.51309,1.51336,1.00,1.50
2016.12.22 16:43:36.880,1.51305,1.51334,1.00,1.00
2016.12.22 16:43:38.639,1.51305,1.51335,1.00,1.00
2016.12.22 16:43:40.605,1.51305,1.51335,1.00,1.00
2016.12.22 16:43:43.314,1.51303,1.51326,1.00,1.00
2016.12.22 16:43:43.365,1.51303,1.51335,1.00,1.00
2016.12.22 16:43:43.516,1.51306,1.51336,1.00,1.00
2016.12.22 16:43:43.617,1.51306,1.51338,1.00,1.00
2016.12.22 16:43:43.931,1.51306,1.51336,1.00,1.00
2016.12.22 16:43:44.385,1.51306,1.51336,1.00,1.50
2016.12.22 16:43:44.522,1.51304,1.51337,1.00,1.00
2016.12.22 16:43:45.330,1.51304,1.51336,1.00,1.00
2016.12.22 16:43:45.475,1.51304,1.51337,1.00,1.00
2016.12.22 16:43:45.730,1.51304,1.51336,1.00,1.00
2016.12.22 16:43:46.366,1.51304,1.51336,1.00,1.50
2016.12.22 16:43:46.831,1.51304,1.51336,1.00,1.00
2016.12.22 16:43:49.007,1.51303,1.51333,1.00,1.00
2016.12.22 16:43:49.323,1.51303,1.51336,1.00,1.00
2016.12.22 16:43:50.635,1.51303,1.51336,1.00,1.00
2016.12.22 16:43:51.612,1.51303,1.51334,1.00,1.00
2016.12.22 16:43:52.696,1.51303,1.51337,1.00,1.50
2016.12.22 16:43:53.428,1.51304,1.51336,1.00,1.00
2016.12.22 16:43:54.076,1.51305,1.51336,1.00,1.00
2016.12.22 16:43:54.710,1.51305,1.51339,1.00,1.00
2016.12.22 16:43:55.460,1.51305,1.51341,1.00,1.00
2016.12.22 16:43:56.197,1.51308,1.51342,1.00,1.00
2016.12.22 16:43:56.686,1.51308,1.51336,1.00,1.00
2016.12.22 16:43:58.345,1.51308,1.51336,1.00,1.00
2016.12.22 16:43:59.753,1.51308,1.51336,1.00,1.00
2016.12.22 16:44:01.827,1.51308,1.51336,1.00,1.00
2016.12.22 16:44:02.342,1.51308,1.51336,1.00,1.00
2016.12.22 16:44:02.443,1.51304,1.51333,1.00,1.00
2016.12.22 16:44:02.544,1.51298,1.51333,1.00,1.00
2016.12.22 16:44:02.646,1.51298,1.51331,1.00,1.00
2016.12.22 16:44:03.339,1.51298,1.51332,1.00,1.00
2016.12.22 16:44:04.341,1.51299,1.51333,1.00,1.00
2016.12.22 16:44:06.715,1.51299,1.51332,1.00,1.00
2016.12.22 16:44:06.816,1.51299,1.51334,1.00,1.00
2016.12.22 16:44:06.917,1.513,1.51336,1.00,1.00
2016.12.22 16:44:07.163,1.51304,1.51337,1.00,1.00
2016.12.22 16:44:07.474,1.51314,1.51346,1.00,1.00
2016.12.22 16:44:07.849,1.51313,1.51345,1.00,1.00
2016.12.22 16:44:08.372,1.51313,1.51346,1.00,1.00
2016.12.22 16:44:08.699,1.51313,1.51344,1.00,1.00
2016.12.22 16:44:11.113,1.51313,1.51345,1.00,1.00
2016.12.22 16:44:11.415,1.51313,1.51346,1.00,1.00
2016.12.22 16:44:11.618,1.51305,1.51334,1.00,1.00
2016.12.22 16:44:11.971,1.51305,1.51336,1.00,1.00
2016.12.22 16:44:12.475,1.51305,1.51337,1.00,1.50
2016.12.22 16:44:12.986,1.51305,1.51336,1.00,1.00
2016.12.22 16:44:14.676,1.51305,1.51338,1.00,1.00
2016.12.22 16:44:15.496,1.51305,1.5134,1.00,1.00
2016.12.22 16:44:15.953,1.51305,1.51337,1.00,1.00
2016.12.22 16:44:16.947,1.51305,1.51336,1.00,1.00
2016.12.22 16:44:18.639,1.51305,1.51337,1.00,1.00
2016.12.22 16:44:18.740,1.51305,1.5134,1.00,1.00
2016.12.22 16:44:18.892,1.51303,1.51336,1.00,1.50
2016.12.22 16:44:19.194,1.51303,1.5134,1.00,1.00
2016.12.22 16:44:19.962,1.51304,1.51341,1.00,1.00
2016.12.22 16:44:20.346,1.51308,1.51342,1.00,1.00
2016.12.22 16:44:22.091,1.51308,1.51343,1.00,1.00
2016.12.22 16:44:22.156,1.51308,1.51343,1.00,1.00
2016.12.22 16:44:22.207,1.51305,1.51336,1.00,1.00
2016.12.22 16:44:22.362,1.51297,1.5133,1.37,1.00
2016.12.22 16:44:22.514,1.51297,1.51335,1.00,1.50
2016.12.22 16:44:22.565,1.51297,1.51331,1.00,1.00
2016.12.22 16:44:22.717,1.51297,1.51336,1.00,1.00
2016.12.22 16:44:22.768,1.51297,1.51332,1.00,1.00
2016.12.22 16:44:23.035,1.51297,1.51337,1.00,1.00
2016.12.22 16:44:23.287,1.51297,1.51332,1.00,1.00
2016.12.22 16:44:23.879,1.51296,1.51326,1.00,1.00
2016.12.22 16:44:24.081,1.51296,1.51333,1.00,1.00
2016.12.22 16:44:24.282,1.51296,1.51335,1.00,1.00
2016.12.22 16:44:25.631,1.51297,1.51336,1.00,1.50
2016.12.22 16:44:25.945,1.51301,1.51334,1.00,1.00
2016.12.22 16:44:26.197,1.51301,1.51332,1.00,1.00
2016.12.22 16:44:27.200,1.51301,1.51333,1.00,1.00
2016.12.22 16:44:27.686,1.51301,1.51337,1.00,1.00
2016.12.22 16:44:27.787,1.51304,1.51337,1.00,1.00
2016.12.22 16:44:28.447,1.51304,1.51336,1.00,1.00
2016.12.22 16:44:28.828,1.51306,1.51336,1.00,1.00
2016.12.22 16:44:30.727,1.51306,1.51341,1.00,1.00
2016.12.22 16:44:30.828,1.51306,1.51343,1.00,1.00
2016.12.22 16:44:31.861,1.51306,1.51343,1.00,1.00
2016.12.22 16:44:32.317,1.51306,1.51336,1.00,1.00
2016.12.22 16:44:32.821,1.51306,1.51336,1.00,1.00
2016.12.22 16:44:32.892,1.51303,1.51332,1.00,1.00
2016.12.22 16:44:32.942,1.51302,1.51328,1.00,1.00
2016.12.22 16:44:32.993,1.51299,1.51328,1.12,1.00
2016.12.22 16:44:33.044,1.51299,1.51331,1.00,1.00
2016.12.22 16:44:33.384,1.51299,1.51326,1.00,1.00
2016.12.22 16:44:33.703,1.51292,1.51332,1.00,1.12
2016.12.22 16:44:33.804,1.51299,1.51329,1.00,1.00
2016.12.22 16:44:33.905,1.51299,1.51334,1.00,1.00
2016.12.22 16:44:34.793,1.51299,1.51332,1.00,1.00
2016.12.22 16:44:35.012,1.51299,1.51334,1.00,1.00
2016.12.22 16:44:35.063,1.51301,1.51335,1.00,1.00
2016.12.22 16:44:35.768,1.51303,1.51337,1.00,1.50
2016.12.22 16:44:36.420,1.513,1.5133,1.00,1.00
2016.12.22 16:44:36.581,1.51298,1.51326,1.00,1.00
2016.12.22 16:44:36.732,1.51298,1.51333,1.00,1.00
2016.12.22 16:44:37.402,1.51298,1.51335,1.00,1.00
2016.12.22 16:44:38.476,1.51299,1.51336,1.00,1.00
2016.12.22 16:44:42.420,1.51301,1.51336,1.00,1.00
2016.12.22 16:44:43.191,1.51303,1.51336,1.00,1.00
2016.12.22 16:44:44.161,1.51303,1.51342,1.00,1.00
2016.12.22 16:44:44.366,1.51306,1.51343,1.00,1.00
2016.12.22 16:44:45.831,1.51309,1.51345,1.00,1.00
2016.12.22 16:44:46.183,1.51311,1.51347,1.00,1.00
2016.12.22 16:44:46.822,1.51312,1.5135,1.00,1.00
2016.12.22 16:44:46.923,1.51312,1.51347,1.00,1.00
2016.12.22 16:44:48.486,1.51312,1.51346,1.00,1.00
2016.12.22 16:44:48.842,1.51308,1.51344,1.00,1.00
2016.12.22 16:44:49.044,1.51308,1.51344,1.00,1.00
2016.12.22 16:44:49.223,1.5131,1.51347,1.00,1.00
2016.12.22 16:44:49.740,1.5131,1.51346,1.00,1.00
2016.12.22 16:44:49.891,1.51313,1.51346,1.00,1.00
2016.12.22 16:44:51.642,1.51315,1.51346,1.00,1.00
2016.12.22 16:44:51.844,1.51315,1.51352,1.00,1.00
2016.12.22 16:44:51.948,1.51315,1.51346,1.00,1.00
2016.12.22 16:44:52.417,1.51315,1.51352,1.00,1.00
2016.12.22 16:44:52.836,1.51315,1.51346,1.00,1.00
2016.12.22 16:44:52.887,1.51315,1.51348,1.00,1.00
2016.12.22 16:44:52.937,1.51315,1.5135,1.00,1.00
2016.12.22 16:44:53.240,1.51315,1.51346,1.00,1.00
2016.12.22 16:44:54.007,1.51315,1.51347,1.00,1.50
2016.12.22 16:44:55.226,1.51315,1.51348,1.00,1.00
2016.12.22 16:44:55.552,1.51315,1.51345,1.00,1.00
2016.12.22 16:44:56.047,1.51315,1.51347,1.00,1.00
2016.12.22 16:44:56.404,1.51315,1.51349,1.00,1.00
2016.12.22 16:44:57.069,1.51315,1.51351,1.00,1.00
2016.12.22 16:44:57.394,1.51315,1.51346,1.00,1.00
2016.12.22 16:44:58.057,1.51315,1.51351,1.00,1.00
2016.12.22 16:44:58.185,1.51315,1.51346,1.00,1.00
2016.12.22 16:44:58.286,1.51315,1.51345,1.00,1.00
2016.12.22 16:44:58.438,1.51312,1.51345,1.00,1.00
2016.12.22 16:44:59.151,1.51312,1.51345,1.00,1.00
2016.12.22 16:44:59.714,1.51312,1.51336,1.00,1.00
2016.12.22 16:44:59.815,1.51312,1.51336,1.00,1.00
2016.12.22 16:44:59.986,1.51312,1.51344,1.00,1.00
2016.12.22 16:45:00.166,1.51312,1.51344,1.00,1.00
2016.12.22 16:45:01.934,1.51312,1.51345,1.00,1.00
2016.12.22 16:45:03.027,1.51312,1.51344,1.00,1.00
2016.12.22 16:45:03.968,1.51312,1.51344,1.00,1.00
2016.12.22 16:45:04.888,1.51312,1.51343,1.00,1.00
2016.12.22 16:45:04.989,1.51305,1.51336,1.00,1.00
2016.12.22 16:45:05.190,1.51305,1.51342,1.00,1.00
2016.12.22 16:45:05.732,1.51305,1.51336,1.00,1.00
2016.12.22 16:45:06.035,1.51305,1.51337,1.00,1.00
2016.12.22 16:45:06.576,1.51305,1.51336,1.00,1.00
2016.12.22 16:45:07.322,1.51305,1.51336,1.00,1.00
2016.12.22 16:45:07.838,1.51305,1.51337,1.00,1.00
2016.12.22 16:45:08.167,1.51305,1.51337,1.00,1.00
2016.12.22 16:45:08.866,1.51305,1.51336,1.00,1.00
2016.12.22 16:45:11.782,1.51305,1.51337,1.00,1.00
2016.12.22 16:45:11.833,1.51306,1.51336,1.00,1.00
2016.12.22 16:45:11.884,1.51306,1.51336,1.00,1.00
2016.12.22 16:45:11.987,1.51305,1.51336,1.00,1.00
2016.12.22 16:45:12.894,1.51305,1.51334,1.00,1.00
2016.12.22 16:45:13.914,1.51304,1.51333,1.00,1.00
2016.12.22 16:45:14.270,1.513,1.51331,1.00,1.00
2016.12.22 16:45:14.371,1.51298,1.51333,1.00,1.00
2016.12.22 16:45:14.593,1.51298,1.51327,1.00,1.00
2016.12.22 16:45:15.136,1.51297,1.51326,1.00,1.00
2016.12.22 16:45:15.658,1.51297,1.51326,1.00,1.00
2016.12.22 16:45:16.195,1.51297,1.51327,1.00,1.00
2016.12.22 16:45:16.772,1.51296,1.51326,1.00,1.50
2016.12.22 16:45:17.012,1.51293,1.51325,1.00,1.00
2016.12.22 16:45:18.137,1.51291,1.51323,1.00,1.00
2016.12.22 16:45:18.439,1.51289,1.51319,1.00,1.00
2016.12.22 16:45:19.093,1.51289,1.51322,1.00,1.00
2016.12.22 16:45:19.242,1.51289,1.51324,1.00,1.00
2016.12.22 16:45:19.293,1.51289,1.51324,1.00,1.00
2016.12.22 16:45:19.494,1.51288,1.51321,1.00,1.00
2016.12.22 16:45:20.034,1.51288,1.51317,1.00,1.00
2016.12.22 16:45:20.489,1.51286,1.51317,1.00,1.00
2016.12.22 16:45:21.161,1.51286,1.51318,1.00,1.00
2016.12.22 16:45:21.271,1.51283,1.51317,1.00,1.00
2016.12.22 16:45:22.182,1.51283,1.51315,1.00,1.00
2016.12.22 16:45:23.847,1.51281,1.51316,1.00,1.00
2016.12.22 16:45:26.448,1.51281,1.51316,1.00,1.00
2016.12.22 16:45:27.499,1.51281,1.51316,1.00,1.00
2016.12.22 16:45:27.887,1.51282,1.51316,1.00,1.00
2016.12.22 16:45:27.988,1.51282,1.5132,1.00,1.00
2016.12.22 16:45:28.039,1.51285,1.51321,1.00,1.00
2016.12.22 16:45:28.342,1.51288,1.51323,1.00,1.00
2016.12.22 16:45:29.878,1.51289,1.51323,1.00,1.00
2016.12.22 16:45:31.975,1.51289,1.51325,1.00,1.00
2016.12.22 16:45:32.253,1.51289,1.51327,1.00,1.00
2016.12.22 16:45:32.304,1.51288,1.51319,1.50,1.00
2016.12.22 16:45:32.607,1.51288,1.51317,1.00,1.00
2016.12.22 16:45:32.658,1.51288,1.51321,1.00,1.00
2016.12.22 16:45:33.287,1.51288,1.51322,1.00,1.00
2016.12.22 16:45:33.627,1.5129,1.51324,1.00,1.00
2016.12.22 16:45:34.593,1.5129,1.51326,1.00,1.00
2016.12.22 16:45:35.319,1.51293,1.51328,1.00,1.00
2016.12.22 16:45:35.387,1.51297,1.51333,1.00,1.00
2016.12.22 16:45:35.911,1.51297,1.51327,1.00,1.00
2016.12.22 16:45:36.013,1.51297,1.5133,1.00,1.00
2016.12.22 16:45:36.063,1.51297,1.51326,1.00,1.00
2016.12.22 16:45:36.367,1.51297,1.51329,1.00,1.00
2016.12.22 16:45:37.154,1.51297,1.51327,1.00,1.00
2016.12.22 16:45:37.678,1.51297,1.51327,1.00,1.00
2016.12.22 16:45:38.212,1.51297,1.51326,1.00,1.00
2016.12.22 16:45:38.771,1.51297,1.51327,1.00,1.00
2016.12.22 16:45:38.881,1.51297,1.51335,1.00,1.00
2016.12.22 16:45:39.184,1.513,1.51337,1.00,1.00
2016.12.22 16:45:39.234,1.51301,1.5134,1.35,1.00
2016.12.22 16:45:39.285,1.51302,1.51336,1.50,1.00
2016.12.22 16:45:39.401,1.51305,1.51342,1.00,1.00
2016.12.22 16:45:39.493,1.51305,1.51337,1.00,1.00
2016.12.22 16:45:39.897,1.51305,1.51336,1.00,1.00
2016.12.22 16:45:40.149,1.51305,1.51346,1.00,1.50
2016.12.22 16:45:40.250,1.51307,1.51346,1.00,1.00
2016.12.22 16:45:40.823,1.5131,1.51347,1.50,1.50
2016.12.22 16:45:41.315,1.5131,1.51341,1.50,1.00
2016.12.22 16:45:41.646,1.5131,1.51336,1.00,1.00
2016.12.22 16:45:41.748,1.5131,1.51341,1.00,1.00
2016.12.22 16:45:42.532,1.51308,1.51342,1.00,1.00
2016.12.22 16:45:43.171,1.51308,1.5134,1.00,1.00
2016.12.22 16:45:43.614,1.51308,1.51336,1.00,1.00
2016.12.22 16:45:44.047,1.51308,1.51342,1.00,1.00
2016.12.22 16:45:44.098,1.51308,1.51336,1.00,1.00
2016.12.22 16:45:44.558,1.51308,1.51337,1.00,1.00
2016.12.22 16:45:45.388,1.51308,1.51336,1.00,1.00
2016.12.22 16:45:46.028,1.51308,1.51336,1.00,1.00
2016.12.22 16:45:47.028,1.51308,1.51336,1.00,1.00
2016.12.22 16:45:47.129,1.51308,1.51336,1.00,1.00
2016.12.22 16:45:48.111,1.51308,1.51336,1.00,1.00
2016.12.22 16:45:49.171,1.51308,1.51336,1.00,1.00
2016.12.22 16:45:49.706,1.51308,1.51336,1.00,1.00
2016.12.22 16:45:51.348,1.51308,1.51337,1.00,1.50
2016.12.22 16:45:53.953,1.51308,1.51337,1.00,1.00
2016.12.22 16:45:54.787,1.51306,1.51337,1.00,1.00
2016.12.22 16:45:54.838,1.51306,1.51341,1.00,1.00
2016.12.22 16:45:55.140,1.51306,1.51336,1.00,1.00
2016.12.22 16:45:56.077,1.51306,1.51337,1.00,1.00
2016.12.22 16:45:56.610,1.51306,1.51337,1.00,1.00
2016.12.22 16:45:56.913,1.51306,1.51336,1.00,1.00
2016.12.22 16:45:57.645,1.51308,1.51336,1.00,1.00
2016.12.22 16:45:57.746,1.51308,1.51337,1.00,1.00
2016.12.22 16:45:58.737,1.51308,1.51337,1.00,1.00
2016.12.22 16:46:00.307,1.51308,1.51337,1.00,1.50
2016.12.22 16:46:00.994,1.51308,1.51337,1.00,1.00
2016.12.22 16:46:01.781,1.51308,1.51337,1.00,1.00
2016.12.22 16:46:01.831,1.51309,1.51337,1.00,1.00
2016.12.22 16:46:02.365,1.51309,1.51336,1.00,1.00
2016.12.22 16:46:02.774,1.51309,1.51336,1.00,1.00
2016.12.22 16:46:03.277,1.51309,1.51337,1.00,1.00
2016.12.22 16:46:04.154,1.51309,1.51336,1.00,1.00
2016.12.22 16:46:05.028,1.51309,1.51336,1.00,1.00
2016.12.22 16:46:05.549,1.51309,1.51336,1.00,1.00
2016.12.22 16:46:08.937,1.51308,1.51336,1.00,1.00
2016.12.22 16:46:11.090,1.51308,1.51337,1.00,1.50
2016.12.22 16:46:11.191,1.51308,1.51336,1.00,1.00
2016.12.22 16:46:12.023,1.51308,1.51337,1.00,1.00
2016.12.22 16:46:12.782,1.51308,1.51336,1.00,1.00
2016.12.22 16:46:13.287,1.51308,1.51337,1.00,1.00
2016.12.22 16:46:13.791,1.51308,1.51337,1.00,1.00
2016.12.22 16:46:16.553,1.51308,1.51336,1.00,1.00
2016.12.22 16:46:17.094,1.51308,1.51336,1.00,1.00
2016.12.22 16:46:20.847,1.51308,1.51339,1.00,1.00
2016.12.22 16:46:21.008,1.51308,1.51337,1.00,1.00
2016.12.22 16:46:24.008,1.51308,1.51337,1.00,1.00
2016.12.22 16:46:24.785,1.51308,1.5134,1.00,1.00
2016.12.22 16:46:25.412,1.51308,1.51336,1.00,1.00
2016.12.22 16:46:25.927,1.51308,1.51337,1.00,1.00
2016.12.22 16:46:30.374,1.51308,1.51336,1.00,1.00
2016.12.22 16:46:32.068,1.51308,1.51337,1.00,1.00
2016.12.22 16:46:32.795,1.51308,1.51336,1.00,1.00
2016.12.22 16:46:34.489,1.51308,1.51336,1.00,1.00
2016.12.22 16:46:37.454,1.51308,1.51336,1.00,1.00
2016.12.22 16:46:37.605,1.51306,1.51336,1.00,1.00
2016.12.22 16:46:37.656,1.51306,1.51339,1.00,1.00
2016.12.22 16:46:37.908,1.51306,1.51336,1.00,1.00
2016.12.22 16:46:38.430,1.51306,1.51337,1.00,1.00
2016.12.22 16:46:38.733,1.51306,1.51336,1.00,1.00
2016.12.22 16:46:39.395,1.51308,1.51343,1.00,1.00
2016.12.22 16:46:39.496,1.51312,1.51347,1.00,1.50
2016.12.22 16:46:40.016,1.51313,1.51346,1.00,1.00
2016.12.22 16:46:41.965,1.51315,1.51346,1.00,1.00
2016.12.22 16:46:42.474,1.51316,1.51346,1.00,1.00
2016.12.22 16:46:42.726,1.51313,1.51347,1.00,1.00
2016.12.22 16:46:42.979,1.51313,1.51343,1.00,1.00
2016.12.22 16:46:43.810,1.51313,1.51345,1.00,1.00
2016.12.22 16:46:44.119,1.51314,1.51347,1.00,1.00
2016.12.22 16:46:44.220,1.51314,1.51349,1.00,1.00
2016.12.22 16:46:44.782,1.51314,1.51346,1.00,1.00
2016.12.22 16:46:45.772,1.51314,1.51351,1.00,1.50
2016.12.22 16:46:46.276,1.51314,1.5135,1.00,1.50
2016.12.22 16:46:47.418,1.51314,1.51346,1.00,1.00
2016.12.22 16:46:48.154,1.51314,1.51346,1.00,1.00
2016.12.22 16:46:48.255,1.51314,1.51347,1.00,1.00
2016.12.22 16:46:48.758,1.51314,1.51346,1.00,1.00
2016.12.22 16:46:48.927,1.51314,1.51345,1.00,1.00
2016.12.22 16:46:49.466,1.51314,1.51346,1.00,1.00
2016.12.22 16:46:49.869,1.51314,1.51346,1.00,1.50
2016.12.22 16:46:54.028,1.51314,1.51346,1.00,1.00
2016.12.22 16:46:54.079,1.51314,1.51347,1.00,1.50
2016.12.22 16:46:54.385,1.51314,1.51345,1.00,1.00
2016.12.22 16:46:55.889,1.51314,1.51343,1.00,1.00
2016.12.22 16:46:56.843,1.51314,1.51345,1.00,1.00
2016.12.22 16:47:00.300,1.51312,1.51341,1.00,1.00
2016.12.22 16:47:00.819,1.51312,1.51345,1.00,1.00
2016.12.22 16:47:01.408,1.51312,1.51346,1.00,1.00
2016.12.22 16:47:01.458,1.51312,1.51348,1.00,1.00
2016.12.22 16:47:01.725,1.51312,1.51346,1.00,1.00
2016.12.22 16:47:02.323,1.51312,1.51347,1.00,1.00
2016.12.22 16:47:02.899,1.51312,1.51346,1.00,1.00
2016.12.22 16:47:03.170,1.51312,1.51348,1.00,1.00
2016.12.22 16:47:03.322,1.51314,1.51348,1.00,1.00
2016.12.22 16:47:03.452,1.51314,1.51348,1.00,1.00
2016.12.22 16:47:03.503,1.51314,1.51346,1.00,1.00
2016.12.22 16:47:04.243,1.51314,1.51348,1.00,1.00
2016.12.22 16:47:04.344,1.51314,1.51346,1.00,1.00
2016.12.22 16:47:04.462,1.51314,1.51348,1.00,1.00
2016.12.22 16:47:04.564,1.51314,1.51346,1.00,1.00
2016.12.22 16:47:05.057,1.51314,1.51349,1.00,1.00
2016.12.22 16:47:05.107,1.51314,1.51347,1.00,1.00
2016.12.22 16:47:05.862,1.51314,1.51348,1.00,1.00
2016.12.22 16:47:06.164,1.51314,1.51344,1.00,1.00
2016.12.22 16:47:06.475,1.51314,1.51347,1.00,1.00
2016.12.22 16:47:07.246,1.51312,1.51345,1.00,1.00
2016.12.22 16:47:07.297,1.51312,1.51346,1.00,1.00
2016.12.22 16:47:10.046,1.51312,1.51348,1.00,1.00
2016.12.22 16:47:10.158,1.51312,1.51346,1.00,1.00
2016.12.22 16:47:10.460,1.51312,1.51346,1.00,1.00
2016.12.22 16:47:10.762,1.51312,1.51346,1.00,1.00
2016.12.22 16:47:11.591,1.51312,1.51345,1.00,1.00
2016.12.22 16:47:11.814,1.51312,1.51342,1.00,1.00
2016.12.22 16:47:11.915,1.51312,1.51346,1.00,1.50
2016.12.22 16:47:12.591,1.51312,1.51343,1.00,1.00
2016.12.22 16:47:12.935,1.51312,1.51345,1.00,1.00
2016.12.22 16:47:13.510,1.51313,1.51346,1.00,1.00
2016.12.22 16:47:13.938,1.51313,1.51344,1.00,1.00
2016.12.22 16:47:15.225,1.51313,1.51345,1.00,1.00
2016.12.22 16:47:17.184,1.51313,1.51346,1.00,1.00
2016.12.22 16:47:17.862,1.51313,1.51347,1.00,1.00
2016.12.22 16:47:19.214,1.51313,1.51344,1.00,1.00
2016.12.22 16:47:21.240,1.51313,1.51342,1.00,1.00
2016.12.22 16:47:22.228,1.51313,1.51344,1.00,1.00
2016.12.22 16:47:24.008,1.51313,1.51347,1.00,1.50
2016.12.22 16:47:24.566,1.51313,1.51343,1.00,1.00
2016.12.22 16:47:25.019,1.51312,1.51341,1.00,1.00
2016.12.22 16:47:25.375,1.51312,1.51337,1.00,1.00
2016.12.22 16:47:29.281,1.51312,1.51343,1.00,1.00
2016.12.22 16:47:29.332,1.51312,1.51346,1.00,1.50
2016.12.22 16:47:29.433,1.51312,1.51342,1.00,1.00
2016.12.22 16:47:30.211,1.51312,1.51336,1.00,1.00
2016.12.22 16:47:30.363,1.5131,1.51336,1.00,1.00
2016.12.22 16:47:31.327,1.5131,1.51339,1.00,1.00
2016.12.22 16:47:31.605,1.5131,1.51336,1.00,1.00
2016.12.22 16:47:32.482,1.5131,1.51336,1.00,1.00
2016.12.22 16:47:32.533,1.5131,1.51342,1.00,1.00
2016.12.22 16:47:32.634,1.5131,1.51344,1.00,1.00
2016.12.22 16:47:32.685,1.5131,1.51337,1.00,1.00
2016.12.22 16:47:32.928,1.5131,1.51336,1.00,1.00
2016.12.22 16:47:33.485,1.5131,1.51339,1.00,1.00
2016.12.22 16:47:33.601,1.5131,1.51341,1.00,1.00
2016.12.22 16:47:33.942,1.5131,1.51336,1.00,1.00
2016.12.22 16:47:34.893,1.5131,1.51336,1.00,1.00
2016.12.22 16:47:35.689,1.5131,1.51336,1.00,1.00
2016.12.22 16:47:35.924,1.5131,1.51344,1.00,1.00
2016.12.22 16:47:36.126,1.5131,1.51342,1.00,1.00
2016.12.22 16:47:36.459,1.5131,1.51337,1.00,1.00
2016.12.22 16:47:36.809,1.5131,1.51342,1.00,1.00
2016.12.22 16:47:37.011,1.5131,1.51345,1.00,1.00
2016.12.22 16:47:37.062,1.5131,1.5134,1.00,1.00
2016.12.22 16:47:37.163,1.51308,1.51339,1.00,1.00
2016.12.22 16:47:37.214,1.51306,1.51335,1.00,1.00
2016.12.22 16:47:37.526,1.51306,1.51336,1.00,1.00
2016.12.22 16:47:37.577,1.51306,1.51339,1.00,1.00
2016.12.22 16:47:37.853,1.51306,1.51336,1.00,1.00
2016.12.22 16:47:38.188,1.51306,1.51336,1.00,1.00
2016.12.22 16:47:38.691,1.51308,1.51336,1.00,1.00
2016.12.22 16:47:38.742,1.51308,1.51344,1.00,1.00
2016.12.22 16:47:39.174,1.51308,1.51336,1.00,1.00
2016.12.22 16:47:39.648,1.51308,1.51344,1.00,1.00
2016.12.22 16:47:40.108,1.51311,1.51347,1.00,1.00
2016.12.22 16:47:40.802,1.51311,1.51346,1.00,1.00
2016.12.22 16:47:42.009,1.51311,1.51343,1.00,1.00
2016.12.22 16:47:42.312,1.51311,1.51337,1.00,1.00
2016.12.22 16:47:42.363,1.51311,1.51343,1.00,1.00
2016.12.22 16:47:42.496,1.51311,1.51345,1.00,1.00
2016.12.22 16:47:42.798,1.51311,1.51337,1.00,1.00
2016.12.22 16:47:43.301,1.51311,1.51337,1.00,1.00
2016.12.22 16:47:43.518,1.51311,1.51345,1.00,1.00
2016.12.22 16:47:43.619,1.51313,1.51346,1.00,1.00
2016.12.22 16:47:44.105,1.51317,1.51347,1.00,1.00
2016.12.22 16:47:44.194,1.51317,1.51351,1.00,1.00
2016.12.22 16:47:44.245,1.51317,1.51348,1.00,1.00
2016.12.22 16:47:44.599,1.51318,1.51352,1.00,1.00
2016.12.22 16:47:45.114,1.51319,1.51353,1.00,1.00
2016.12.22 16:47:45.417,1.51319,1.51346,1.00,1.00
2016.12.22 16:47:45.759,1.51319,1.51347,1.00,1.00
2016.12.22 16:47:45.960,1.51319,1.51352,1.00,1.00
2016.12.22 16:47:46.061,1.51319,1.51353,1.00,1.00
2016.12.22 16:47:46.364,1.51319,1.51347,1.00,1.00
2016.12.22 16:47:47.257,1.51319,1.51347,1.00,1.00
2016.12.22 16:47:49.224,1.5132,1.51354,1.00,1.00
2016.12.22 16:47:50.295,1.51322,1.51356,1.00,1.50
2016.12.22 16:47:50.345,1.51322,1.51355,1.00,1.00
2016.12.22 16:47:54.820,1.51322,1.51356,1.00,1.00
2016.12.22 16:47:54.871,1.51322,1.51354,1.00,1.00
2016.12.22 16:47:55.624,1.51322,1.51346,1.00,1.00
2016.12.22 16:47:55.825,1.51322,1.51352,1.00,1.00
2016.12.22 16:47:55.977,1.51322,1.51355,1.00,1.00
2016.12.22 16:48:01.688,1.5132,1.51352,1.00,1.00
2016.12.22 16:48:01.740,1.5132,1.51352,1.00,1.00
2016.12.22 16:48:01.892,1.5132,1.51355,1.00,1.00
2016.12.22 16:48:02.926,1.51321,1.51355,1.00,1.00
2016.12.22 16:48:03.509,1.51321,1.51351,1.00,1.00
2016.12.22 16:48:04.095,1.51321,1.51353,1.00,1.00
2016.12.22 16:48:05.066,1.51321,1.51354,1.00,1.00
2016.12.22 16:48:06.462,1.51322,1.51356,1.00,1.00
2016.12.22 16:48:06.563,1.51322,1.51356,1.00,1.00
2016.12.22 16:48:06.883,1.51323,1.51357,1.00,1.50
2016.12.22 16:48:08.548,1.51323,1.51357,1.00,1.50
2016.12.22 16:48:08.650,1.51323,1.51352,1.00,1.00
2016.12.22 16:48:08.952,1.51323,1.51354,1.00,1.00
2016.12.22 16:48:09.254,1.51322,1.51351,1.00,1.00
2016.12.22 16:48:09.608,1.51322,1.51346,1.00,1.00
2016.12.22 16:48:09.658,1.51322,1.51353,1.00,1.00
2016.12.22 16:48:10.086,1.51322,1.51347,1.00,1.00
2016.12.22 16:48:10.840,1.51322,1.51353,1.00,1.00
2016.12.22 16:48:11.042,1.51322,1.51346,1.00,1.00
2016.12.22 16:48:11.340,1.51322,1.51353,1.00,1.00
2016.12.22 16:48:11.463,1.51322,1.51346,1.00,1.00
2016.12.22 16:48:11.514,1.51322,1.51353,1.00,1.00
2016.12.22 16:48:11.665,1.51322,1.51346,1.00,1.00
2016.12.22 16:48:12.044,1.5132,1.51346,1.00,1.00
2016.12.22 16:48:12.145,1.5132,1.51352,1.00,1.00
2016.12.22 16:48:12.246,1.5132,1.51347,1.00,1.00
2016.12.22 16:48:13.083,1.5132,1.51347,1.00,1.00
2016.12.22 16:48:13.688,1.5132,1.51352,1.00,1.00
2016.12.22 16:48:13.839,1.5132,1.51354,1.00,1.00
2016.12.22 16:48:14.366,1.51321,1.51355,1.00,1.00
2016.12.22 16:48:14.712,1.51321,1.51354,1.00,1.00
2016.12.22 16:48:14.813,1.51321,1.51352,1.00,1.00
2016.12.22 16:48:15.118,1.51321,1.51346,1.00,1.00
2016.12.22 16:48:15.262,1.51321,1.51352,1.00,1.00
2016.12.22 16:48:15.379,1.51319,1.51349,1.00,1.00
2016.12.22 16:48:15.694,1.51319,1.51347,1.00,1.00
2016.12.22 16:48:16.322,1.51319,1.51346,1.00,1.00
2016.12.22 16:48:16.847,1.51316,1.51345,1.00,1.00
2016.12.22 16:48:17.114,1.51312,1.51342,1.00,1.00
2016.12.22 16:48:17.215,1.51309,1.51336,1.00,1.00
2016.12.22 16:48:17.316,1.51309,1.51338,1.00,1.00
2016.12.22 16:48:17.570,1.51309,1.51342,1.00,1.00
2016.12.22 16:48:17.621,1.51308,1.51336,1.00,1.00
2016.12.22 16:48:17.672,1.51305,1.51336,1.00,1.50
2016.12.22 16:48:17.924,1.51305,1.51336,1.00,1.00
2016.12.22 16:48:21.331,1.51305,1.51337,1.00,1.00
2016.12.22 16:48:22.087,1.51305,1.51336,1.00,1.00
2016.12.22 16:48:23.654,1.51305,1.51336,1.00,1.00
2016.12.22 16:48:25.021,1.51305,1.51337,1.00,1.50
2016.12.22 16:48:27.025,1.51306,1.51337,1.00,1.00
2016.12.22 16:48:27.595,1.51307,1.51337,1.00,1.00
2016.12.22 16:48:28.788,1.51307,1.51337,1.00,1.00
2016.12.22 16:48:29.291,1.51307,1.51337,1.00,1.00
2016.12.22 16:48:30.799,1.51307,1.51337,1.00,1.00
2016.12.22 16:48:31.327,1.51307,1.51337,1.00,1.50
2016.12.22 16:48:31.377,1.51307,1.51337,1.00,1.00
2016.12.22 16:48:31.680,1.51308,1.51336,1.00,1.00
2016.12.22 16:48:32.372,1.51308,1.51336,1.00,1.00
2016.12.22 16:48:35.396,1.51307,1.51337,1.00,1.00
2016.12.22 16:48:35.916,1.51307,1.51336,1.00,1.00
2016.12.22 16:48:37.476,1.51307,1.51336,1.00,1.00
2016.12.22 16:48:38.374,1.51307,1.51336,1.00,1.00
2016.12.22 16:48:44.351,1.51307,1.51337,1.00,1.00
2016.12.22 16:48:44.996,1.51306,1.51336,1.00,1.00
2016.12.22 16:48:45.047,1.51297,1.51332,1.00,1.60
2016.12.22 16:48:45.249,1.51289,1.5132,1.00,1.00
2016.12.22 16:48:45.513,1.51289,1.51316,1.00,1.00
2016.12.22 16:48:45.954,1.51287,1.51316,1.00,1.00
2016.12.22 16:48:46.210,1.51287,1.51316,1.00,1.00
2016.12.22 16:48:47.363,1.51287,1.51316,1.00,1.00
2016.12.22 16:48:54.172,1.51287,1.51317,1.00,1.00
2016.12.22 16:48:54.914,1.51287,1.51316,1.00,1.00
2016.12.22 16:48:55.342,1.51287,1.51316,1.00,1.00
2016.12.22 16:48:55.986,1.51287,1.51317,1.00,1.50
2016.12.22 16:48:56.516,1.51287,1.51317,1.00,1.50
2016.12.22 16:48:57.382,1.51287,1.51317,1.00,1.00
2016.12.22 16:48:59.684,1.51287,1.51317,1.00,1.00
2016.12.22 16:49:00.012,1.51287,1.51323,1.00,1.00
2016.12.22 16:49:02.426,1.51287,1.51322,1.00,1.00
2016.12.22 16:49:02.888,1.51289,1.51323,1.00,1.00
2016.12.22 16:49:06.318,1.51289,1.51317,1.00,1.00
2016.12.22 16:49:06.913,1.51293,1.51317,1.00,1.00
2016.12.22 16:49:07.006,1.51293,1.51325,1.00,1.00
2016.12.22 16:49:07.910,1.51293,1.51326,1.00,1.00
2016.12.22 16:49:09.102,1.51293,1.51329,1.00,1.00
2016.12.22 16:49:09.583,1.51295,1.51329,1.00,1.00
2016.12.22 16:49:11.372,1.51296,1.5133,1.00,1.00
2016.12.22 16:49:11.686,1.51296,1.51327,1.00,1.00
2016.12.22 16:49:12.288,1.51296,1.51326,1.00,1.00
2016.12.22 16:49:12.809,1.51296,1.51325,1.00,1.00
2016.12.22 16:49:13.628,1.51296,1.51325,1.00,1.00
2016.12.22 16:49:14.332,1.51296,1.51326,1.00,1.00
2016.12.22 16:49:14.382,1.51296,1.51329,1.00,1.00
2016.12.22 16:49:14.480,1.51296,1.51327,1.00,1.00
2016.12.22 16:49:14.632,1.51296,1.51329,1.00,1.00
2016.12.22 16:49:14.949,1.51296,1.51326,1.00,1.50
2016.12.22 16:49:15.417,1.51296,1.51326,1.00,1.00
2016.12.22 16:49:17.492,1.51296,1.51326,1.00,1.50
2016.12.22 16:49:18.203,1.51296,1.51326,1.00,1.00
2016.12.22 16:49:21.442,1.51296,1.51324,1.00,1.00
2016.12.22 16:49:22.426,1.51296,1.51323,1.00,1.00
2016.12.22 16:49:23.460,1.51295,1.51325,1.00,1.00
2016.12.22 16:49:24.401,1.51295,1.51325,1.00,1.00
2016.12.22 16:49:25.558,1.51295,1.51324,1.00,1.00
2016.12.22 16:49:27.313,1.51295,1.51323,1.00,1.00
2016.12.22 16:49:28.291,1.51295,1.51322,1.00,1.00
2016.12.22 16:49:32.244,1.51295,1.51323,1.00,1.00
2016.12.22 16:49:33.297,1.51295,1.51324,1.00,1.00
2016.12.22 16:49:34.848,1.51295,1.51324,1.00,1.00
2016.12.22 16:49:36.809,1.51295,1.51324,1.00,1.00
2016.12.22 16:49:37.113,1.51295,1.51325,1.00,1.00
2016.12.22 16:49:38.093,1.51295,1.51326,1.00,1.00
2016.12.22 16:49:39.116,1.51295,1.51326,1.00,1.00
2016.12.22 16:49:39.667,1.51295,1.51326,1.00,1.00
2016.12.22 16:49:40.390,1.51295,1.51326,1.00,1.00
2016.12.22 16:49:40.914,1.51295,1.51327,1.00,1.00
2016.12.22 16:49:41.730,1.51295,1.51326,1.00,1.00
2016.12.22 16:49:42.063,1.51295,1.51328,1.00,1.00
2016.12.22 16:49:42.215,1.51296,1.51329,1.00,1.00
2016.12.22 16:49:42.425,1.51296,1.51326,1.00,1.00
2016.12.22 16:49:42.878,1.51296,1.51327,1.00,1.00
2016.12.22 16:49:43.093,1.51296,1.51326,1.00,1.00
2016.12.22 16:49:45.793,1.51296,1.51327,1.00,1.50
2016.12.22 16:49:45.894,1.51296,1.51326,1.00,1.00
2016.12.22 16:49:47.439,1.51296,1.51326,1.00,1.00
2016.12.22 16:49:48.440,1.51296,1.51326,1.00,1.00
2016.12.22 16:49:49.909,1.51296,1.51326,1.00,1.00
2016.12.22 16:49:50.809,1.51294,1.51321,1.00,1.00
2016.12.22 16:49:50.859,1.5129,1.51319,1.00,1.00
2016.12.22 16:49:51.010,1.5129,1.51321,1.00,1.00
2016.12.22 16:49:51.111,1.51291,1.51325,1.00,1.00
2016.12.22 16:49:53.945,1.51291,1.51323,1.00,1.00
2016.12.22 16:49:54.469,1.51291,1.5132,1.00,1.00
2016.12.22 16:49:54.520,1.5129,1.51316,1.00,1.00
2016.12.22 16:49:54.571,1.51283,1.51316,1.00,1.00
2016.12.22 16:49:54.622,1.51283,1.51315,1.00,1.00
2016.12.22 16:49:55.594,1.51283,1.51316,1.00,1.50
2016.12.22 16:49:56.121,1.51291,1.51325,1.00,1.00
2016.12.22 16:49:56.223,1.51296,1.51326,1.00,1.00
2016.12.22 16:49:57.193,1.51298,1.51326,1.00,1.00
2016.12.22 16:49:59.381,1.51301,1.51333,1.00,1.00
2016.12.22 16:49:59.486,1.51302,1.51336,1.00,1.00
2016.12.22 16:49:59.897,1.51302,1.51333,1.00,1.00
2016.12.22 16:50:00.297,1.51302,1.51332,1.60,1.00
2016.12.22 16:50:02.134,1.51302,1.51326,1.60,1.00
2016.12.22 16:50:02.812,1.51301,1.5133,1.60,1.00
2016.12.22 16:50:03.344,1.51301,1.51327,1.60,1.00
2016.12.22 16:50:04.243,1.51301,1.5133,1.60,1.00
2016.12.22 16:50:04.370,1.51301,1.51333,1.35,1.00
2016.12.22 16:50:04.431,1.51302,1.51334,1.00,1.00
2016.12.22 16:50:04.633,1.51298,1.51332,1.00,1.00
2016.12.22 16:50:04.683,1.513,1.51326,1.00,1.00
2016.12.22 16:50:04.784,1.513,1.51332,1.00,1.00
2016.12.22 16:50:05.877,1.51301,1.51336,1.00,1.50
2016.12.22 16:50:06.799,1.51301,1.51333,1.00,1.00
2016.12.22 16:50:06.849,1.51301,1.5133,1.00,1.00
2016.12.22 16:50:07.787,1.51301,1.51332,1.00,1.00
2016.12.22 16:50:09.016,1.51302,1.51336,1.00,1.50
2016.12.22 16:50:09.546,1.51302,1.51337,1.00,1.50
2016.12.22 16:50:10.374,1.51302,1.51336,1.00,1.00
2016.12.22 16:50:11.594,1.51302,1.51332,1.00,1.00
2016.12.22 16:50:12.504,1.51302,1.51337,1.00,1.50
2016.12.22 16:50:12.554,1.51302,1.51332,1.00,1.00
2016.12.22 16:50:12.605,1.51302,1.51335,1.00,1.00
2016.12.22 16:50:12.757,1.51305,1.51336,1.00,1.00
2016.12.22 16:50:12.807,1.51305,1.51333,1.00,1.00
2016.12.22 16:50:13.443,1.51305,1.51336,1.00,1.00
2016.12.22 16:50:15.096,1.51305,1.51333,1.00,1.00
2016.12.22 16:50:15.605,1.51305,1.51336,1.00,1.00
2016.12.22 16:50:15.807,1.51305,1.51336,1.00,1.00
2016.12.22 16:50:15.964,1.51307,1.5134,1.00,1.00
2016.12.22 16:50:16.015,1.51311,1.51343,1.00,1.00
2016.12.22 16:50:16.217,1.51308,1.51337,1.00,1.00
2016.12.22 16:50:17.544,1.51308,1.51337,1.00,1.00
2016.12.22 16:50:18.552,1.51308,1.51336,1.00,1.00
2016.12.22 16:50:18.805,1.51308,1.51336,1.00,1.00
2016.12.22 16:50:18.929,1.51308,1.5134,1.00,1.00
2016.12.22 16:50:18.980,1.51311,1.51344,1.00,1.00
2016.12.22 16:50:19.566,1.51312,1.51347,1.00,1.50
2016.12.22 16:50:20.829,1.51312,1.51346,1.00,1.00
2016.12.22 16:50:21.814,1.51312,1.51344,1.00,1.00
2016.12.22 16:50:23.148,1.51312,1.51336,1.00,1.00
2016.12.22 16:50:23.299,1.51312,1.51336,1.00,1.00
2016.12.22 16:50:24.241,1.51312,1.51342,1.00,1.00
2016.12.22 16:50:24.342,1.51312,1.51346,1.00,1.50
2016.12.22 16:50:24.493,1.51314,1.51346,1.00,1.00
2016.12.22 16:50:24.796,1.51316,1.51346,1.00,1.00
2016.12.22 16:50:24.897,1.5132,1.51352,1.00,1.00
2016.12.22 16:50:24.948,1.5132,1.51351,1.00,1.00
2016.12.22 16:50:25.324,1.5132,1.51346,1.00,1.00
2016.12.22 16:50:25.614,1.5132,1.51351,1.00,1.00
2016.12.22 16:50:26.218,1.5132,1.5135,1.00,1.00
2016.12.22 16:50:26.398,1.5132,1.51347,1.00,1.00
2016.12.22 16:50:26.499,1.5132,1.5135,1.00,1.00
2016.12.22 16:50:27.210,1.5132,1.5135,1.00,1.00
2016.12.22 16:50:27.260,1.5132,1.51346,1.00,1.00
2016.12.22 16:50:27.714,1.5132,1.5135,1.00,1.00
2016.12.22 16:50:28.239,1.5132,1.51351,1.00,1.00
2016.12.22 16:50:28.290,1.5132,1.51347,1.00,1.00
2016.12.22 16:50:35.024,1.5132,1.51352,1.00,1.00
2016.12.22 16:50:39.259,1.5132,1.5135,1.00,1.00
2016.12.22 16:50:39.360,1.5132,1.51353,1.00,1.00
2016.12.22 16:50:40.482,1.5132,1.51353,1.00,1.00
2016.12.22 16:50:46.922,1.51322,1.51354,1.00,1.00
2016.12.22 16:50:47.236,1.51322,1.51347,1.00,1.00
2016.12.22 16:50:47.858,1.5132,1.51346,1.00,1.00
2016.12.22 16:50:48.872,1.5132,1.51346,1.00,1.00
2016.12.22 16:50:50.779,1.5132,1.51347,1.00,1.00
2016.12.22 16:50:51.132,1.51322,1.51354,1.00,1.00
2016.12.22 16:50:51.881,1.51323,1.51357,1.00,1.50
2016.12.22 16:50:52.133,1.51323,1.51367,2.35,1.50
2016.12.22 16:50:52.232,1.51338,1.51368,1.00,1.00
2016.12.22 16:50:52.283,1.51338,1.5137,1.00,1.00
2016.12.22 16:50:52.384,1.51333,1.51361,1.00,1.00
2016.12.22 16:50:52.485,1.51332,1.51357,1.00,1.00
2016.12.22 16:50:52.737,1.51329,1.51356,1.00,1.00
2016.12.22 16:50:53.091,1.51326,1.51354,1.00,1.00
2016.12.22 16:50:53.568,1.51323,1.5135,1.00,1.00
2016.12.22 16:50:53.796,1.51319,1.51349,1.00,1.00
2016.12.22 16:50:53.847,1.51314,1.51344,1.00,1.00
2016.12.22 16:50:54.149,1.51312,1.51336,1.00,1.00
2016.12.22 16:50:54.351,1.51312,1.51339,1.00,1.00
2016.12.22 16:50:54.553,1.51312,1.51345,1.00,1.00
2016.12.22 16:50:54.705,1.51314,1.5135,1.00,1.00
2016.12.22 16:50:54.761,1.51314,1.51346,1.00,1.00
2016.12.22 16:50:54.812,1.51314,1.51346,1.00,1.00
2016.12.22 16:50:55.014,1.5131,1.51344,1.00,1.00
2016.12.22 16:50:55.343,1.5131,1.51337,1.00,1.00
2016.12.22 16:50:55.468,1.5131,1.51347,1.00,2.25
2016.12.22 16:50:55.519,1.51307,1.51346,1.00,1.50
2016.12.22 16:50:55.620,1.51307,1.51341,1.00,1.00
2016.12.22 16:50:55.922,1.51309,1.51345,1.00,1.00
2016.12.22 16:50:56.023,1.51309,1.51348,1.00,1.00
2016.12.22 16:50:56.291,1.51309,1.51346,1.00,1.00
2016.12.22 16:50:56.593,1.51297,1.51332,1.00,1.00
2016.12.22 16:50:57.282,1.51297,1.51334,1.00,1.00
2016.12.22 16:50:58.261,1.51297,1.51335,1.00,1.00
2016.12.22 16:50:59.259,1.51297,1.51336,1.00,1.00
2016.12.22 16:51:00.207,1.51299,1.51334,1.00,1.00
2016.12.22 16:51:00.903,1.51299,1.51333,1.00,1.00
2016.12.22 16:51:01.054,1.51299,1.51336,1.00,1.00
2016.12.22 16:51:01.105,1.51302,1.51339,1.00,1.00
2016.12.22 16:51:01.256,1.51302,1.51336,1.00,1.50
2016.12.22 16:51:01.357,1.51298,1.51332,1.00,1.00
2016.12.22 16:51:02.333,1.51297,1.51334,1.00,1.00
2016.12.22 16:51:02.484,1.51297,1.51335,1.00,1.50
2016.12.22 16:51:02.988,1.51297,1.51336,1.00,1.50
2016.12.22 16:51:03.691,1.513,1.51333,1.00,1.00
2016.12.22 16:51:08.489,1.51301,1.51334,1.00,1.00
2016.12.22 16:51:08.832,1.51305,1.51338,1.00,1.00
2016.12.22 16:51:09.500,1.51305,1.5134,1.00,1.00
2016.12.22 16:51:10.148,1.51305,1.51337,1.00,1.00
2016.12.22 16:51:10.594,1.51306,1.51339,1.00,1.00
2016.12.22 16:51:10.645,1.51306,1.51336,1.00,1.00
2016.12.22 16:51:11.226,1.51306,1.51336,1.00,1.50
2016.12.22 16:51:11.987,1.51305,1.51335,1.00,1.00
2016.12.22 16:51:12.038,1.51298,1.51326,1.00,1.00
2016.12.22 16:51:12.139,1.5129,1.5132,1.12,1.00
2016.12.22 16:51:13.185,1.51289,1.51322,1.00,1.00
2016.12.22 16:51:15.187,1.51289,1.5132,1.00,1.00
2016.12.22 16:51:15.492,1.51288,1.51316,1.00,1.00
2016.12.22 16:51:15.719,1.51283,1.51313,1.00,1.00
2016.12.22 16:51:15.769,1.51283,1.51311,1.00,1.00
2016.12.22 16:51:16.763,1.51283,1.51313,1.00,1.00
2016.12.22 16:51:17.111,1.51282,1.51312,1.00,1.00
2016.12.22 16:51:17.744,1.51282,1.51312,1.00,1.00
2016.12.22 16:51:20.058,1.51282,1.51313,1.00,1.00
2016.12.22 16:51:20.159,1.51282,1.51312,1.00,1.00
2016.12.22 16:51:21.341,1.51282,1.51312,1.00,1.00
2016.12.22 16:51:21.392,1.51285,1.51317,1.00,1.50
2016.12.22 16:51:21.899,1.51285,1.51318,1.00,1.00
2016.12.22 16:51:22.333,1.51285,1.51316,1.00,1.00
2016.12.22 16:51:22.384,1.51285,1.51318,1.00,1.00
2016.12.22 16:51:22.535,1.51285,1.51316,1.00,1.00
2016.12.22 16:51:23.111,1.51285,1.51317,1.00,1.00
2016.12.22 16:51:23.569,1.51285,1.51317,1.00,1.50
2016.12.22 16:51:23.670,1.51285,1.51315,1.00,1.00
2016.12.22 16:51:24.599,1.51284,1.51314,1.00,1.00
2016.12.22 16:51:24.993,1.51284,1.51315,1.00,1.00
2016.12.22 16:51:26.344,1.51284,1.51317,1.00,1.00
2016.12.22 16:51:26.703,1.51284,1.51314,1.00,1.00
2016.12.22 16:51:27.480,1.51284,1.51316,1.00,1.00
2016.12.22 16:51:28.482,1.51284,1.51317,1.00,1.50
2016.12.22 16:51:28.872,1.51285,1.51318,1.00,1.00
2016.12.22 16:51:29.174,1.51291,1.51324,1.00,1.00
2016.12.22 16:51:29.853,1.51293,1.51326,1.00,1.00
2016.12.22 16:51:29.904,1.51293,1.51325,1.00,1.00
2016.12.22 16:51:30.863,1.51293,1.51323,1.00,1.00
2016.12.22 16:51:31.173,1.51293,1.51324,1.00,1.00
2016.12.22 16:51:31.873,1.51293,1.51326,1.00,1.00
2016.12.22 16:51:32.696,1.51293,1.51325,1.00,1.00
2016.12.22 16:51:38.788,1.51293,1.51324,1.50,1.00
2016.12.22 16:51:38.889,1.51293,1.51322,1.00,1.00
2016.12.22 16:51:39.866,1.51293,1.51324,1.00,1.00
2016.12.22 16:51:43.215,1.51293,1.51324,1.00,1.00
2016.12.22 16:51:44.218,1.51293,1.51323,1.00,1.00
2016.12.22 16:51:45.220,1.51293,1.51324,1.00,1.00
2016.12.22 16:51:46.707,1.51293,1.51323,1.00,1.00
2016.12.22 16:51:46.827,1.51293,1.51325,1.00,1.00
2016.12.22 16:51:47.751,1.51293,1.51324,1.00,1.00
2016.12.22 16:51:48.739,1.51293,1.51325,1.00,1.00
2016.12.22 16:51:50.806,1.51293,1.51322,1.00,1.00
2016.12.22 16:51:53.738,1.51293,1.51322,1.00,1.00
2016.12.22 16:51:54.508,1.5129,1.51319,1.00,1.00
2016.12.22 16:51:55.468,1.5129,1.51319,1.00,1.00
2016.12.22 16:51:57.561,1.51289,1.51319,1.00,1.00
2016.12.22 16:51:57.612,1.51288,1.51316,1.00,1.00
2016.12.22 16:51:57.763,1.51285,1.51315,1.00,1.00
2016.12.22 16:51:58.015,1.51282,1.51312,1.00,1.00
2016.12.22 16:51:58.950,1.51282,1.51313,1.00,1.00
2016.12.22 16:51:59.947,1.51282,1.51314,1.00,1.00
2016.12.22 16:52:00.478,1.51282,1.51315,1.00,1.00
2016.12.22 16:52:00.913,1.51282,1.51313,1.00,1.00
2016.12.22 16:52:02.754,1.51282,1.51311,1.00,1.00
2016.12.22 16:52:05.076,1.51282,1.5131,1.00,1.00
2016.12.22 16:52:07.903,1.51279,1.51307,1.00,1.00
2016.12.22 16:52:07.953,1.51277,1.51305,1.00,1.00
2016.12.22 16:52:08.105,1.51273,1.51304,1.00,1.00
2016.12.22 16:52:08.206,1.51272,1.51302,1.00,1.00
2016.12.22 16:52:08.889,1.51273,1.51305,1.00,1.00
2016.12.22 16:52:09.657,1.51274,1.51307,1.00,1.00
2016.12.22 16:52:10.101,1.51274,1.51306,1.00,1.00
2016.12.22 16:52:10.202,1.51274,1.51303,1.00,1.00
2016.12.22 16:52:11.095,1.51274,1.51304,1.00,1.00
2016.12.22 16:52:11.196,1.51274,1.51306,1.00,1.00
2016.12.22 16:52:12.330,1.51274,1.51306,1.00,1.00
2016.12.22 16:52:13.242,1.51274,1.51305,1.00,1.00
2016.12.22 16:52:15.437,1.51274,1.51304,1.50,1.00
2016.12.22 16:52:22.121,1.51274,1.51309,1.00,1.00
2016.12.22 16:52:22.172,1.51274,1.51305,1.00,1.00
2016.12.22 16:52:24.329,1.51274,1.51306,1.00,1.00
2016.12.22 16:52:25.332,1.51274,1.51306,1.00,1.00
2016.12.22 16:52:25.653,1.51277,1.51309,1.00,1.00
2016.12.22 16:52:25.905,1.51278,1.51313,1.00,1.00
2016.12.22 16:52:26.609,1.51278,1.51311,1.00,1.00
2016.12.22 16:52:26.996,1.51278,1.5131,1.00,1.00
2016.12.22 16:52:27.630,1.51278,1.51311,1.00,1.00
2016.12.22 16:52:28.141,1.51278,1.51311,1.00,1.00
2016.12.22 16:52:30.249,1.51278,1.51309,1.00,1.00
2016.12.22 16:52:30.299,1.51278,1.5131,1.00,1.00
2016.12.22 16:52:30.451,1.51278,1.51313,1.00,1.00
2016.12.22 16:52:31.422,1.51279,1.51313,1.00,1.00
2016.12.22 16:52:31.473,1.51279,1.51309,1.00,1.00
2016.12.22 16:52:32.864,1.51279,1.51311,1.00,1.00
2016.12.22 16:52:35.240,1.51279,1.51309,1.00,1.00
2016.12.22 16:52:35.559,1.51278,1.51308,1.00,1.00
2016.12.22 16:52:35.846,1.51276,1.51306,1.00,1.00
2016.12.22 16:52:36.802,1.51275,1.51305,1.00,1.00
2016.12.22 16:52:39.115,1.51275,1.51308,1.00,1.00
2016.12.22 16:52:39.430,1.51277,1.5131,1.00,1.00
2016.12.22 16:52:43.337,1.51277,1.51312,1.00,1.00
2016.12.22 16:52:44.338,1.51277,1.5131,1.00,1.00
2016.12.22 16:52:47.843,1.51278,1.51311,1.00,1.00
2016.12.22 16:52:48.872,1.51279,1.51312,1.00,1.00
2016.12.22 16:52:50.053,1.51279,1.5131,1.00,1.00
2016.12.22 16:52:53.597,1.51279,1.51312,1.00,1.00
2016.12.22 16:52:55.456,1.5128,1.51313,1.00,1.00
2016.12.22 16:52:56.264,1.51284,1.51317,1.00,1.00
2016.12.22 16:52:56.314,1.51284,1.51316,1.00,1.00
2016.12.22 16:52:56.580,1.51285,1.51318,1.00,1.00
2016.12.22 16:52:56.984,1.51283,1.51311,1.50,1.00
2016.12.22 16:52:57.979,1.51282,1.5131,1.00,1.00
2016.12.22 16:52:58.320,1.51282,1.51314,1.00,1.00
2016.12.22 16:52:58.625,1.51285,1.51318,1.00,1.00
2016.12.22 16:52:58.974,1.51288,1.51321,1.00,1.00
2016.12.22 16:52:59.295,1.5129,1.51325,1.00,1.00
2016.12.22 16:53:00.886,1.51293,1.51326,1.00,1.50
2016.12.22 16:53:01.189,1.51297,1.5133,1.00,1.00
2016.12.22 16:53:01.960,1.51298,1.51331,1.00,1.00
2016.12.22 16:53:02.263,1.51298,1.51326,1.00,1.00
2016.12.22 16:53:02.464,1.51295,1.51325,1.00,1.00
2016.12.22 16:53:02.983,1.51295,1.51326,1.00,1.50
2016.12.22 16:53:03.033,1.51295,1.51325,1.00,1.00
2016.12.22 16:53:09.827,1.51295,1.51323,1.00,1.00
2016.12.22 16:53:11.813,1.51292,1.51321,1.00,1.00
2016.12.22 16:53:11.864,1.51292,1.51323,1.00,1.00
2016.12.22 16:53:12.830,1.51292,1.51324,1.00,1.00
2016.12.22 16:53:13.686,1.51288,1.51316,1.00,1.00
2016.12.22 16:53:13.988,1.51286,1.51313,1.00,1.00
2016.12.22 16:53:14.705,1.51286,1.51314,1.00,1.00
2016.12.22 16:53:15.173,1.51283,1.51313,1.00,1.00
2016.12.22 16:53:15.545,1.51281,1.51311,1.00,1.00
2016.12.22 16:53:16.196,1.51281,1.51311,1.00,1.00
2016.12.22 16:53:17.948,1.51281,1.51311,1.00,1.00
2016.12.22 16:53:19.690,1.51281,1.51306,1.00,1.00
2016.12.22 16:53:19.741,1.51279,1.51307,1.00,1.00
2016.12.22 16:53:19.887,1.51279,1.51313,1.00,1.00
2016.12.22 16:53:20.689,1.51281,1.51316,1.00,1.00
2016.12.22 16:53:21.683,1.51281,1.51317,1.00,1.00
2016.12.22 16:53:22.036,1.51281,1.51314,1.00,1.00
2016.12.22 16:53:22.137,1.51281,1.51312,1.00,1.00
2016.12.22 16:53:22.691,1.51281,1.51312,1.00,1.00
2016.12.22 16:53:22.994,1.51282,1.51314,1.00,1.00
2016.12.22 16:53:24.808,1.51282,1.51315,1.00,1.00
2016.12.22 16:53:27.046,1.51282,1.51313,1.00,1.00
2016.12.22 16:53:27.097,1.51281,1.5131,1.00,1.00
2016.12.22 16:53:27.299,1.51281,1.51313,1.00,1.00
2016.12.22 16:53:27.450,1.51282,1.51315,1.00,1.00
2016.12.22 16:53:27.816,1.51284,1.51317,1.00,1.00
2016.12.22 16:53:28.766,1.51284,1.51316,1.00,1.00
2016.12.22 16:53:31.539,1.51282,1.51312,1.00,1.00
2016.12.22 16:53:32.540,1.51281,1.51311,1.00,1.00
2016.12.22 16:53:36.243,1.51281,1.51311,1.00,1.00
2016.12.22 16:53:36.760,1.51278,1.51307,1.00,1.00
2016.12.22 16:53:37.746,1.51278,1.51306,1.00,1.00
2016.12.22 16:53:39.837,1.51278,1.51308,1.00,1.00
2016.12.22 16:53:43.443,1.51278,1.5131,1.00,1.00
2016.12.22 16:53:43.494,1.51278,1.5131,1.00,1.00
2016.12.22 16:53:45.944,1.5128,1.51312,1.00,1.00
2016.12.22 16:53:46.489,1.5128,1.51313,1.00,1.00
2016.12.22 16:53:47.408,1.5128,1.51314,1.00,1.00
2016.12.22 16:53:47.920,1.5128,1.51315,1.00,1.00
2016.12.22 16:53:48.325,1.5128,1.51313,1.00,1.00
2016.12.22 16:53:58.485,1.5128,1.51312,1.00,1.00
2016.12.22 16:53:58.972,1.5128,1.5131,1.00,1.00
2016.12.22 16:54:00.091,1.5128,1.51309,1.00,1.00
2016.12.22 16:54:00.379,1.51277,1.51304,1.00,1.00
2016.12.22 16:54:00.480,1.51277,1.51305,1.00,1.00
2016.12.22 16:54:00.531,1.51277,1.51307,1.00,1.50
2016.12.22 16:54:01.128,1.51277,1.5131,1.00,1.00
2016.12.22 16:54:03.035,1.51277,1.5131,1.00,1.00
2016.12.22 16:54:03.382,1.51277,1.51308,1.00,1.00
2016.12.22 16:54:03.433,1.51277,1.51308,1.00,1.00
2016.12.22 16:54:05.162,1.51277,1.51308,1.00,1.00
2016.12.22 16:54:05.422,1.51277,1.5131,1.00,1.00
2016.12.22 16:54:05.731,1.51277,1.51307,1.00,1.00
2016.12.22 16:54:05.781,1.51277,1.51307,1.00,1.00
2016.12.22 16:54:06.822,1.51277,1.51307,1.00,1.50
2016.12.22 16:54:07.338,1.51277,1.51308,1.00,1.50
2016.12.22 16:54:07.889,1.51277,1.51308,1.00,1.50
2016.12.22 16:54:07.939,1.51277,1.51306,1.00,1.00
2016.12.22 16:54:08.040,1.51275,1.51305,1.00,1.00
2016.12.22 16:54:09.897,1.51275,1.51304,1.00,1.00
2016.12.22 16:54:10.534,1.5127,1.51298,1.00,1.00
2016.12.22 16:54:10.713,1.51266,1.51296,1.00,1.50
2016.12.22 16:54:11.628,1.51266,1.51294,1.00,1.00
2016.12.22 16:54:11.729,1.51266,1.51297,1.00,1.00
2016.12.22 16:54:11.780,1.51266,1.51296,1.00,1.00
2016.12.22 16:54:11.931,1.51266,1.51294,1.00,1.00
2016.12.22 16:54:11.982,1.51264,1.51294,1.00,1.00
2016.12.22 16:54:15.780,1.51264,1.51292,1.00,1.00
2016.12.22 16:54:16.082,1.51269,1.5129,1.00,1.00
2016.12.22 16:54:16.299,1.51269,1.51302,1.00,1.00
2016.12.22 16:54:16.862,1.51269,1.51301,1.50,1.00
2016.12.22 16:54:17.185,1.51269,1.513,1.00,1.00
2016.12.22 16:54:17.437,1.51269,1.51302,1.00,1.50
2016.12.22 16:54:18.466,1.51269,1.51304,1.00,1.00
2016.12.22 16:54:20.089,1.51272,1.51305,1.00,1.50
2016.12.22 16:54:20.392,1.51274,1.51306,1.00,1.00
2016.12.22 16:54:21.294,1.51274,1.51306,1.00,1.00
2016.12.22 16:54:24.863,1.51274,1.51307,1.00,1.00
2016.12.22 16:54:25.166,1.51276,1.51307,1.00,1.00
2016.12.22 16:54:25.518,1.51276,1.51309,1.00,1.00
2016.12.22 16:54:26.108,1.51277,1.5131,1.00,1.00
2016.12.22 16:54:26.878,1.51278,1.51311,1.00,1.00
2016.12.22 16:54:27.871,1.51279,1.51312,1.00,1.00
2016.12.22 16:54:29.245,1.51279,1.51314,1.00,1.00
2016.12.22 16:54:29.397,1.51283,1.51316,1.00,1.00
2016.12.22 16:54:29.491,1.51283,1.51315,1.00,1.00
2016.12.22 16:54:30.822,1.51283,1.51313,1.00,1.00
2016.12.22 16:54:31.796,1.51283,1.51313,1.00,1.00
2016.12.22 16:54:36.622,1.51283,1.51314,1.00,1.00
2016.12.22 16:54:36.672,1.51283,1.51316,1.00,1.00
2016.12.22 16:54:36.723,1.51283,1.51316,1.00,1.00
2016.12.22 16:54:40.007,1.51284,1.51316,1.00,1.00
2016.12.22 16:54:43.575,1.51284,1.51316,1.00,1.00
2016.12.22 16:54:50.219,1.51284,1.51316,1.00,1.00
2016.12.22 16:54:50.269,1.51284,1.51314,1.00,1.00
2016.12.22 16:54:50.572,1.5128,1.51308,1.00,1.00
2016.12.22 16:54:52.008,1.51276,1.51303,1.00,1.00
2016.12.22 16:54:52.059,1.51272,1.51302,1.50,1.00
2016.12.22 16:54:52.684,1.51272,1.51301,1.00,1.00
2016.12.22 16:54:53.193,1.51272,1.513,1.00,1.50
2016.12.22 16:54:53.344,1.51269,1.51297,1.00,1.00
2016.12.22 16:54:53.395,1.51267,1.51295,1.00,1.00
2016.12.22 16:54:54.349,1.51266,1.51295,1.00,1.50
2016.12.22 16:54:56.027,1.51264,1.51294,1.50,1.00
2016.12.22 16:54:56.597,1.51264,1.51294,1.00,1.00
2016.12.22 16:54:57.528,1.51264,1.51295,2.50,1.00
2016.12.22 16:54:57.797,1.51264,1.51297,1.00,1.00
2016.12.22 16:54:57.848,1.51265,1.51297,1.00,1.00
2016.12.22 16:54:57.898,1.51265,1.513,1.00,1.00
2016.12.22 16:54:58.586,1.51268,1.51301,1.00,1.00
2016.12.22 16:54:59.477,1.51268,1.51299,1.00,1.00
2016.12.22 16:54:59.589,1.51268,1.51302,1.00,1.50
2016.12.22 16:55:00.587,1.51268,1.51301,1.00,1.00
2016.12.22 16:55:01.128,1.51268,1.51302,1.00,1.50
2016.12.22 16:55:06.133,1.51268,1.51302,1.00,1.60
2016.12.22 16:55:08.111,1.51271,1.51302,1.00,1.60
2016.12.22 16:55:08.419,1.51273,1.51306,1.00,2.10
2016.12.22 16:55:24.172,1.51274,1.51304,2.50,1.60
2016.12.22 16:55:27.820,1.51274,1.51302,1.00,1.60
2016.12.22 16:55:31.861,1.51274,1.51305,1.00,1.50
2016.12.22 16:55:32.676,1.51274,1.51304,1.00,1.00
2016.12.22 16:55:33.835,1.51274,1.51305,1.00,1.00
2016.12.22 16:55:37.347,1.51274,1.51305,1.00,1.00
2016.12.22 16:55:37.449,1.51285,1.51317,1.00,1.00
2016.12.22 16:55:37.499,1.51285,1.51314,1.00,1.00
2016.12.22 16:55:38.388,1.51284,1.5131,1.00,1.00
2016.12.22 16:55:39.874,1.51285,1.51316,1.00,1.60
2016.12.22 16:55:39.925,1.51286,1.51317,1.00,1.00
2016.12.22 16:55:40.026,1.51286,1.51319,1.00,1.00
2016.12.22 16:55:40.127,1.51286,1.51315,1.00,1.35
2016.12.22 16:55:40.228,1.51283,1.51313,1.00,1.50
2016.12.22 16:55:40.278,1.51278,1.51307,1.00,1.00
2016.12.22 16:55:44.942,1.51274,1.51306,1.00,1.50
2016.12.22 16:55:45.298,1.51274,1.51304,1.00,1.00
2016.12.22 16:55:49.521,1.51274,1.51305,1.00,1.00
2016.12.22 16:55:49.856,1.51279,1.51306,1.00,1.00
2016.12.22 16:55:49.907,1.51279,1.51312,1.00,1.50
2016.12.22 16:55:50.280,1.51279,1.51307,1.00,1.00
2016.12.22 16:55:50.731,1.5128,1.51312,1.00,1.50
2016.12.22 16:55:51.681,1.5128,1.51312,1.00,1.00
2016.12.22 16:55:53.939,1.5128,1.51313,1.00,1.50
2016.12.22 16:55:54.533,1.5128,1.51312,1.00,1.00
2016.12.22 16:55:55.115,1.5128,1.5131,1.00,1.00
2016.12.22 16:55:58.767,1.5128,1.51306,1.00,1.00
2016.12.22 16:56:02.893,1.5128,1.5131,1.00,1.00
2016.12.22 16:56:03.160,1.5128,1.5131,1.00,1.00
2016.12.22 16:56:04.157,1.5128,1.5131,1.00,1.00
2016.12.22 16:56:05.664,1.5128,1.5131,1.00,1.00
2016.12.22 16:56:06.262,1.5128,1.51313,1.00,1.50
2016.12.22 16:56:06.313,1.51281,1.51313,1.00,1.00
2016.12.22 16:56:06.465,1.51282,1.51316,1.00,1.00
2016.12.22 16:56:08.124,1.51282,1.51315,1.00,1.00
2016.12.22 16:56:08.174,1.51282,1.51312,1.00,1.00
2016.12.22 16:56:08.477,1.51285,1.51317,1.00,1.00
2016.12.22 16:56:09.283,1.51286,1.51318,1.00,1.00
2016.12.22 16:56:10.147,1.51286,1.51318,1.00,1.00
2016.12.22 16:56:14.050,1.51286,1.51314,1.00,1.00
2016.12.22 16:56:16.187,1.51286,1.51317,1.00,1.00
2016.12.22 16:56:16.338,1.51283,1.51313,1.50,1.00
2016.12.22 16:56:16.439,1.51283,1.51316,1.00,1.50
2016.12.22 16:56:16.742,1.51286,1.51319,1.00,1.00
2016.12.22 16:56:16.963,1.51286,1.51317,1.00,1.00
2016.12.22 16:56:17.572,1.51286,1.51318,1.00,1.00
2016.12.22 16:56:18.099,1.51287,1.51321,1.00,1.00
2016.12.22 16:56:19.133,1.51287,1.51319,1.00,1.00
2016.12.22 16:56:20.241,1.51289,1.51322,1.00,1.00
2016.12.22 16:56:20.342,1.51292,1.51326,1.00,1.00
2016.12.22 16:56:20.392,1.51292,1.51321,1.00,1.00
2016.12.22 16:56:21.346,1.51291,1.51321,1.00,1.00
2016.12.22 16:56:25.180,1.51291,1.51319,1.00,1.00
2016.12.22 16:56:27.147,1.51291,1.51316,1.00,1.00
2016.12.22 16:56:27.893,1.51291,1.51319,1.00,1.00
2016.12.22 16:56:28.414,1.51291,1.51316,1.00,1.00
2016.12.22 16:56:28.976,1.51291,1.51316,1.00,1.00
2016.12.22 16:56:29.747,1.51291,1.51319,1.00,1.00
2016.12.22 16:56:29.798,1.51291,1.51325,1.00,1.00
2016.12.22 16:56:29.848,1.51294,1.51326,1.00,1.00
2016.12.22 16:56:29.899,1.51294,1.51323,1.00,1.00
2016.12.22 16:56:30.151,1.51292,1.51321,1.00,1.00
2016.12.22 16:56:32.473,1.51292,1.51321,1.00,1.00
2016.12.22 16:56:32.574,1.51292,1.51324,1.00,1.00
2016.12.22 16:56:32.625,1.51292,1.51321,1.00,1.00
2016.12.22 16:56:33.313,1.5129,1.51318,1.00,1.00
2016.12.22 16:56:33.483,1.51288,1.51317,1.00,1.00
2016.12.22 16:56:34.434,1.51288,1.51317,1.00,1.00
2016.12.22 16:56:35.494,1.51288,1.51316,1.00,1.00
2016.12.22 16:56:36.441,1.51288,1.51317,1.00,1.00
2016.12.22 16:56:37.443,1.51288,1.51316,1.00,1.00
2016.12.22 16:56:38.821,1.51287,1.51316,1.00,1.50
2016.12.22 16:56:39.339,1.51288,1.51317,1.00,1.00
2016.12.22 16:56:39.441,1.51289,1.51322,1.00,1.00
2016.12.22 16:56:39.674,1.51292,1.51326,1.00,1.00
2016.12.22 16:56:40.379,1.51293,1.51326,1.00,1.00
2016.12.22 16:56:41.359,1.51293,1.51328,1.00,1.00
2016.12.22 16:56:41.511,1.51293,1.51326,1.00,1.00
2016.12.22 16:56:41.818,1.51293,1.51328,1.00,1.00
2016.12.22 16:56:42.814,1.51293,1.51327,1.00,1.00
2016.12.22 16:56:43.036,1.51293,1.51327,1.00,1.00
2016.12.22 16:56:43.238,1.51295,1.51328,1.00,1.00
2016.12.22 16:56:43.591,1.51295,1.51327,1.00,1.00
2016.12.22 16:56:43.945,1.51295,1.51329,1.00,1.00
2016.12.22 16:56:44.248,1.51295,1.51326,1.00,1.00
2016.12.22 16:56:45.454,1.51298,1.51331,1.00,1.00
2016.12.22 16:56:45.656,1.51296,1.51324,1.00,1.00
2016.12.22 16:56:46.059,1.51291,1.51321,1.00,1.00
2016.12.22 16:56:47.447,1.51289,1.5132,1.00,1.00
2016.12.22 16:56:47.498,1.51289,1.51322,1.00,1.00
2016.12.22 16:56:47.800,1.51289,1.5132,1.00,1.00
2016.12.22 16:56:47.901,1.51292,1.51327,1.00,1.00
2016.12.22 16:56:50.719,1.51293,1.51327,1.00,1.50
2016.12.22 16:56:51.359,1.51293,1.51326,1.00,1.00
2016.12.22 16:56:52.012,1.51293,1.51326,1.00,1.50
2016.12.22 16:56:54.090,1.51293,1.51321,1.00,1.00
2016.12.22 16:56:54.142,1.5129,1.5132,1.00,1.00
2016.12.22 16:56:54.244,1.5129,1.51322,1.00,1.00
2016.12.22 16:56:54.713,1.5129,1.51319,1.00,1.00
2016.12.22 16:56:55.236,1.5129,1.5132,1.00,1.00
2016.12.22 16:56:55.572,1.5129,1.51322,1.00,1.00
2016.12.22 16:56:57.042,1.51285,1.51317,1.00,1.00
2016.12.22 16:56:57.093,1.51285,1.51315,1.00,1.00
2016.12.22 16:56:57.144,1.51279,1.51317,1.12,1.50
2016.12.22 16:56:57.245,1.51278,1.5131,1.00,1.00
2016.12.22 16:56:57.296,1.51275,1.51312,1.00,1.00
2016.12.22 16:56:58.281,1.51275,1.51314,1.00,1.50
2016.12.22 16:56:58.584,1.51277,1.51313,1.00,1.00
2016.12.22 16:56:58.634,1.51277,1.51319,2.72,1.00
2016.12.22 16:56:58.685,1.51279,1.51313,1.00,1.00
2016.12.22 16:56:58.736,1.51279,1.51313,1.00,1.50
2016.12.22 16:56:58.837,1.51278,1.51313,1.00,1.00
2016.12.22 16:56:58.887,1.51274,1.51309,1.00,1.00
2016.12.22 16:56:59.089,1.51274,1.51312,1.00,1.00
2016.12.22 16:56:59.141,1.51274,1.51314,1.00,1.00
2016.12.22 16:56:59.344,1.51279,1.51316,1.00,2.25
2016.12.22 16:56:59.509,1.51279,1.51319,1.50,1.35
2016.12.22 16:57:00.016,1.51279,1.5132,1.00,1.00
2016.12.22 16:57:00.067,1.51286,1.51325,1.00,1.00
2016.12.22 16:57:00.370,1.51284,1.51324,1.00,1.00
2016.12.22 16:57:00.421,1.51281,1.51324,1.00,1.00
2016.12.22 16:57:00.572,1.51282,1.51324,1.50,1.00
2016.12.22 16:57:00.774,1.51282,1.51324,1.00,1.00
2016.12.22 16:57:01.100,1.51282,1.51324,1.00,1.00
2016.12.22 16:57:01.676,1.51282,1.51325,1.00,1.00
2016.12.22 16:57:02.011,1.51284,1.51323,1.50,1.00
2016.12.22 16:57:02.590,1.51284,1.51321,1.00,1.00
2016.12.22 16:57:04.325,1.51285,1.51321,1.00,1.00
2016.12.22 16:57:04.376,1.51285,1.51323,1.00,1.00
2016.12.22 16:57:08.290,1.51288,1.51321,1.00,1.00
2016.12.22 16:57:09.316,1.51288,1.5132,1.00,1.00
2016.12.22 16:57:09.367,1.51288,1.5132,1.00,1.00
2016.12.22 16:57:09.472,1.51288,1.51318,1.00,1.00
2016.12.22 16:57:10.378,1.51288,1.51319,1.00,1.00
2016.12.22 16:57:14.753,1.51288,1.51317,1.00,1.00
2016.12.22 16:57:14.854,1.51288,1.5132,1.00,1.00
2016.12.22 16:57:15.789,1.51288,1.51318,1.00,1.00
2016.12.22 16:57:16.163,1.51288,1.51319,1.00,1.00
2016.12.22 16:57:16.469,1.51287,1.51315,1.00,1.00
2016.12.22 16:57:16.774,1.51287,1.51318,1.00,1.00
2016.12.22 16:57:17.741,1.51287,1.51317,1.00,1.00
2016.12.22 16:57:17.942,1.51287,1.51317,1.00,1.00
2016.12.22 16:57:18.982,1.51287,1.51318,1.00,1.00
2016.12.22 16:57:19.949,1.51287,1.51322,1.00,1.00
2016.12.22 16:57:20.000,1.51288,1.51323,1.00,1.00
2016.12.22 16:57:20.988,1.51288,1.51322,1.00,1.00
2016.12.22 16:57:21.951,1.51288,1.51322,1.00,1.00
2016.12.22 16:57:23.033,1.51291,1.51326,1.00,1.00
2016.12.22 16:57:23.084,1.51291,1.51323,1.00,1.00
2016.12.22 16:57:24.018,1.51292,1.51325,1.00,1.00
2016.12.22 16:57:28.917,1.51293,1.51326,1.00,1.50
2016.12.22 16:57:31.310,1.51296,1.51327,1.00,1.00
2016.12.22 16:57:31.562,1.51296,1.51329,1.00,1.00
2016.12.22 16:57:32.129,1.51296,1.51327,1.00,1.00
2016.12.22 16:57:32.182,1.51291,1.51319,1.50,1.50
2016.12.22 16:57:32.386,1.51291,1.51322,1.00,1.00
2016.12.22 16:57:32.538,1.51295,1.5133,1.00,1.00
2016.12.22 16:57:33.943,1.51295,1.51327,1.00,1.00
2016.12.22 16:57:37.121,1.51297,1.51329,1.00,1.00
2016.12.22 16:57:42.454,1.51297,1.51327,1.00,1.00
2016.12.22 16:57:42.666,1.51294,1.51322,1.00,1.00
2016.12.22 16:57:43.019,1.51295,1.51326,1.00,1.00
2016.12.22 16:57:43.221,1.51298,1.51333,1.00,1.00
2016.12.22 16:57:43.422,1.51301,1.51336,1.00,1.00
2016.12.22 16:57:44.419,1.51301,1.51334,1.00,1.00
2016.12.22 16:57:45.818,1.51301,1.51333,1.00,1.00
2016.12.22 16:57:48.478,1.51301,1.51334,1.00,1.00
2016.12.22 16:57:51.134,1.51302,1.51336,1.00,1.50
2016.12.22 16:57:52.121,1.51304,1.51336,1.00,1.50
2016.12.22 16:57:53.494,1.51304,1.51336,1.00,1.00
2016.12.22 16:57:54.515,1.51304,1.51334,1.00,1.00
2016.12.22 16:57:55.489,1.51304,1.51334,1.00,1.00
2016.12.22 16:57:57.888,1.51304,1.51335,1.00,1.00
2016.12.22 16:57:58.864,1.51304,1.51336,1.00,1.00
2016.12.22 16:57:59.587,1.51304,1.51335,1.00,1.00
2016.12.22 16:58:03.475,1.51304,1.51335,1.00,1.00
2016.12.22 16:58:05.870,1.51304,1.51334,1.00,1.00
2016.12.22 16:58:17.948,1.51305,1.51338,1.00,1.00
2016.12.22 16:58:18.050,1.51307,1.5134,1.00,1.00
2016.12.22 16:58:19.037,1.51307,1.51339,1.00,1.00
2016.12.22 16:58:20.025,1.51307,1.51338,1.00,1.00
2016.12.22 16:58:21.298,1.51307,1.51338,1.00,1.00
2016.12.22 16:58:22.076,1.51307,1.51335,1.00,1.00
2016.12.22 16:58:22.450,1.51306,1.51333,1.00,1.00
2016.12.22 16:58:23.745,1.51306,1.51335,1.00,1.00
2016.12.22 16:58:24.711,1.51306,1.51335,1.00,1.00
2016.12.22 16:58:25.699,1.51306,1.51335,1.00,1.00
2016.12.22 16:58:26.191,1.51306,1.51338,1.00,1.00
2016.12.22 16:58:26.393,1.51306,1.51343,1.00,1.00
2016.12.22 16:58:26.444,1.51306,1.51338,1.00,1.00
2016.12.22 16:58:30.792,1.51306,1.51338,1.00,1.00
2016.12.22 16:58:33.534,1.51307,1.51339,1.00,1.00
2016.12.22 16:58:40.889,1.51307,1.51338,1.00,1.00
2016.12.22 16:58:41.204,1.51305,1.51335,1.00,1.00
2016.12.22 16:58:44.056,1.51304,1.51335,1.00,1.00
2016.12.22 16:58:48.395,1.51304,1.51336,1.00,1.00
2016.12.22 16:58:48.981,1.51304,1.51333,1.00,1.00
2016.12.22 16:58:52.228,1.51304,1.51335,1.00,1.00
2016.12.22 16:58:52.279,1.51304,1.51335,1.00,1.00
2016.12.22 16:58:53.435,1.51304,1.51336,1.00,1.00
2016.12.22 16:58:54.442,1.51304,1.51335,1.00,1.00
2016.12.22 16:58:55.412,1.51304,1.51335,1.00,1.00
2016.12.22 16:58:55.513,1.51304,1.51334,1.00,1.00
2016.12.22 16:58:56.102,1.51304,1.51337,1.00,1.50
2016.12.22 16:58:56.203,1.51306,1.5134,1.00,1.00
2016.12.22 16:58:56.506,1.51312,1.51345,1.00,1.00
2016.12.22 16:58:57.572,1.51312,1.51346,1.00,1.50
2016.12.22 16:58:58.689,1.51313,1.51346,1.00,1.50
2016.12.22 16:58:59.467,1.51315,1.51346,1.00,1.00
2016.12.22 16:59:00.007,1.51315,1.51345,1.00,1.00
2016.12.22 16:59:00.429,1.51315,1.51348,1.00,1.00
2016.12.22 16:59:00.479,1.51315,1.51346,1.00,1.00
2016.12.22 16:59:00.530,1.51315,1.51346,1.00,1.50
2016.12.22 16:59:00.632,1.51315,1.51346,1.00,1.00
2016.12.22 16:59:00.934,1.51317,1.51347,1.00,1.00
2016.12.22 16:59:01.273,1.51322,1.51347,1.00,1.00
2016.12.22 16:59:02.071,1.51323,1.51347,1.00,1.00
2016.12.22 16:59:02.172,1.51323,1.51355,1.00,1.00
2016.12.22 16:59:02.660,1.51323,1.51355,1.00,1.00
2016.12.22 16:59:03.594,1.51323,1.51355,1.00,1.00
2016.12.22 16:59:04.598,1.51323,1.51354,1.00,1.00
2016.12.22 16:59:07.804,1.51322,1.51351,1.00,1.00
2016.12.22 16:59:07.905,1.51322,1.51347,1.00,1.00
2016.12.22 16:59:08.005,1.51319,1.51347,1.00,1.00
2016.12.22 16:59:08.310,1.51319,1.51347,1.00,1.00
2016.12.22 16:59:08.361,1.51319,1.51351,1.00,1.00
2016.12.22 16:59:08.462,1.51319,1.51355,1.00,1.00
2016.12.22 16:59:09.373,1.51319,1.51353,1.00,1.00
2016.12.22 16:59:09.676,1.51321,1.51356,1.00,1.00
2016.12.22 16:59:10.194,1.51321,1.51353,1.00,1.00
2016.12.22 16:59:10.245,1.5132,1.5135,1.00,1.00
2016.12.22 16:59:10.548,1.5132,1.5135,1.00,1.00
2016.12.22 16:59:11.528,1.5132,1.51352,1.00,1.00
2016.12.22 16:59:12.025,1.51322,1.51356,1.00,1.00
2016.12.22 16:59:12.529,1.51322,1.51356,1.00,1.00
2016.12.22 16:59:13.555,1.51322,1.51354,1.00,1.00
2016.12.22 16:59:13.861,1.51322,1.51356,1.00,1.50
2016.12.22 16:59:15.743,1.51322,1.51357,1.00,1.00
2016.12.22 16:59:17.690,1.51322,1.51356,1.00,1.00
2016.12.22 16:59:18.625,1.51324,1.51356,1.00,1.00
2016.12.22 16:59:25.528,1.51324,1.51356,1.00,1.50
2016.12.22 16:59:27.119,1.51324,1.51356,1.00,1.50
2016.12.22 16:59:29.208,1.51324,1.51356,1.00,1.00
2016.12.22 16:59:29.309,1.51325,1.51357,1.00,1.00
2016.12.22 16:59:29.654,1.51327,1.5136,1.00,1.00
2016.12.22 16:59:29.755,1.5133,1.51363,1.00,1.00
2016.12.22 16:59:30.759,1.5133,1.51362,1.00,1.00
2016.12.22 16:59:33.227,1.5133,1.5136,1.00,1.00
2016.12.22 16:59:35.830,1.5133,1.51362,1.00,1.00
2016.12.22 16:59:35.982,1.5133,1.51359,1.00,1.00
2016.12.22 16:59:36.323,1.5133,1.51357,1.00,1.00
2016.12.22 16:59:36.832,1.51329,1.51357,1.00,1.00
2016.12.22 16:59:37.374,1.51324,1.51354,1.00,1.00
2016.12.22 16:59:37.425,1.51318,1.51348,1.00,1.00
2016.12.22 16:59:37.727,1.51317,1.51346,1.00,1.00
2016.12.22 16:59:38.465,1.51317,1.51346,1.00,1.00
2016.12.22 16:59:38.515,1.51316,1.51346,1.00,1.50
2016.12.22 16:59:39.535,1.51316,1.51346,1.00,1.00
2016.12.22 16:59:40.041,1.51316,1.51345,1.00,1.00
2016.12.22 16:59:40.558,1.51316,1.51345,1.00,1.00
2016.12.22 16:59:41.495,1.51316,1.51344,1.00,1.00
2016.12.22 16:59:42.153,1.51307,1.51335,1.00,1.00
2016.12.22 16:59:42.406,1.51307,1.51342,1.00,1.00
2016.12.22 16:59:42.608,1.5131,1.51344,1.00,1.00
2016.12.22 16:59:43.493,1.5131,1.51342,1.00,1.00
2016.12.22 16:59:43.947,1.51311,1.51344,1.00,1.00
2016.12.22 16:59:44.934,1.51311,1.51344,1.00,1.00
2016.12.22 16:59:45.850,1.51306,1.51334,1.00,1.00
2016.12.22 16:59:46.210,1.51303,1.51331,1.00,1.00
2016.12.22 16:59:46.759,1.51306,1.5134,1.00,1.00
2016.12.22 16:59:46.809,1.51306,1.51336,1.00,1.00
2016.12.22 16:59:46.860,1.51306,1.51342,1.00,1.50
2016.12.22 16:59:47.504,1.51308,1.51343,1.00,1.00
2016.12.22 16:59:47.944,1.51308,1.5134,1.00,1.00
2016.12.22 16:59:48.685,1.51308,1.51341,1.00,1.00
2016.12.22 16:59:49.687,1.51308,1.51342,1.00,1.00
2016.12.22 16:59:50.074,1.51308,1.51337,1.00,1.00
2016.12.22 16:59:50.814,1.51308,1.51342,1.00,1.00
2016.12.22 16:59:51.627,1.51308,1.51342,1.00,1.00
2016.12.22 16:59:51.819,1.5131,1.51343,1.00,1.00
2016.12.22 16:59:52.043,1.5131,1.51346,1.00,1.00
2016.12.22 16:59:52.573,1.5131,1.51345,1.00,1.00
2016.12.22 16:59:53.173,1.5131,1.51344,1.00,1.00
2016.12.22 16:59:53.403,1.5131,1.51342,1.00,1.00
2016.12.22 16:59:53.485,1.51308,1.51343,1.00,1.00
2016.12.22 16:59:53.536,1.51306,1.51334,1.00,1.00
2016.12.22 16:59:53.688,1.51306,1.51338,1.00,1.00
2016.12.22 16:59:54.669,1.51306,1.51337,1.00,1.00
2016.12.22 16:59:54.720,1.51306,1.51343,1.00,1.00
2016.12.22 16:59:55.294,1.51306,1.51336,1.00,1.00
2016.12.22 16:59:55.509,1.51306,1.51336,1.00,1.00
2016.12.22 16:59:55.815,1.51306,1.51336,1.00,1.00
2016.12.22 16:59:59.970,1.51306,1.51336,1.00,1.00
