2016.12.23 08:00:00.150,1.51114,1.51146,1.00,1.00
2016.12.23 08:00:00.596,1.51108,1.51146,1.00,1.00
2016.12.23 08:00:00.698,1.51107,1.51143,1.00,1.00
2016.12.23 08:00:00.748,1.51107,1.51145,1.00,1.00
2016.12.23 08:00:00.862,1.51105,1.51142,1.50,1.00
2016.12.23 08:00:01.464,1.51105,1.51141,1.00,1.00
2016.12.23 08:00:01.539,1.51105,1.51147,2.50,1.50
2016.12.23 08:00:01.640,1.51105,1.51145,1.00,1.00
2016.12.23 08:00:01.742,1.51105,1.51143,1.00,1.00
2016.12.23 08:00:01.793,1.51103,1.51139,1.00,1.00
2016.12.23 08:00:01.843,1.51098,1.51139,1.37,1.00
2016.12.23 08:00:01.894,1.51098,1.51139,1.00,1.12
2016.12.23 08:00:01.945,1.51097,1.51132,1.00,1.00
2016.12.23 08:00:02.248,1.511,1.51137,1.50,1.00
2016.12.23 08:00:02.778,1.511,1.51136,2.50,1.00
2016.12.23 08:00:02.829,1.511,1.51142,1.00,1.00
2016.12.23 08:00:02.980,1.511,1.51136,1.00,1.00
2016.12.23 08:00:03.031,1.51098,1.51136,1.50,1.00
2016.12.23 08:00:03.264,1.51098,1.51136,1.00,1.00
2016.12.23 08:00:03.589,1.511,1.51136,1.50,1.00
2016.12.23 08:00:04.668,1.51109,1.51144,1.00,1.37
2016.12.23 08:00:04.769,1.51109,1.51146,1.00,1.12
2016.12.23 08:00:04.870,1.51108,1.51136,1.00,1.00
2016.12.23 08:00:05.377,1.51106,1.51136,1.00,1.00
2016.12.23 08:00:05.634,1.51106,1.51145,1.00,1.00
2016.12.23 08:00:05.685,1.51106,1.51145,1.00,1.00
2016.12.23 08:00:05.988,1.51114,1.51155,1.50,1.00
2016.12.23 08:00:06.294,1.51114,1.51157,1.00,1.00
2016.12.23 08:00:06.514,1.51119,1.51153,1.00,1.00
2016.12.23 08:00:07.450,1.51119,1.51152,1.00,1.00
2016.12.23 08:00:08.080,1.5112,1.51156,1.00,1.50
2016.12.23 08:00:08.451,1.51122,1.51155,1.00,1.00
2016.12.23 08:00:09.543,1.51122,1.51156,1.00,1.00
2016.12.23 08:00:09.594,1.51121,1.51151,1.00,1.00
2016.12.23 08:00:09.932,1.51121,1.51152,1.00,1.00
2016.12.23 08:00:11.475,1.51121,1.51153,1.00,1.00
2016.12.23 08:00:11.884,1.51121,1.51155,1.00,1.00
2016.12.23 08:00:12.865,1.51121,1.51156,1.00,1.00
2016.12.23 08:00:13.423,1.51122,1.51157,1.00,1.50
2016.12.23 08:00:16.815,1.51122,1.51156,1.00,1.00
2016.12.23 08:00:17.785,1.51122,1.51155,1.00,1.00
2016.12.23 08:00:18.323,1.51122,1.51156,1.00,1.00
2016.12.23 08:00:19.042,1.51122,1.51156,1.00,1.50
2016.12.23 08:00:20.026,1.51123,1.51156,1.00,1.00
2016.12.23 08:00:21.533,1.51123,1.51155,1.00,1.00
2016.12.23 08:00:23.315,1.51123,1.51155,1.00,1.00
2016.12.23 08:00:24.136,1.51123,1.51156,1.00,1.50
2016.12.23 08:00:25.455,1.51123,1.51156,1.00,1.50
2016.12.23 08:00:26.001,1.51123,1.51155,1.00,1.00
2016.12.23 08:00:26.485,1.51123,1.51155,1.00,1.00
2016.12.23 08:00:26.820,1.51123,1.51155,1.00,1.00
2016.12.23 08:00:27.379,1.51123,1.51154,1.00,1.00
2016.12.23 08:00:28.102,1.51123,1.51153,1.00,1.00
2016.12.23 08:00:28.305,1.51116,1.51146,1.00,1.50
2016.12.23 08:00:28.507,1.51111,1.51139,1.00,1.00
2016.12.23 08:00:28.836,1.51111,1.51142,1.00,1.00
2016.12.23 08:00:29.396,1.51111,1.51144,1.00,1.00
2016.12.23 08:00:29.914,1.51111,1.51142,1.00,1.00
2016.12.23 08:00:30.765,1.51111,1.51144,1.00,1.00
2016.12.23 08:00:31.017,1.51111,1.51144,1.00,1.00
2016.12.23 08:00:31.067,1.51111,1.51141,1.00,1.00
2016.12.23 08:00:31.370,1.5111,1.51137,1.00,1.00
2016.12.23 08:00:31.702,1.5111,1.51137,1.00,1.37
2016.12.23 08:00:32.201,1.51104,1.51134,1.00,1.37
2016.12.23 08:00:32.623,1.51104,1.51135,1.00,1.37
2016.12.23 08:00:33.224,1.51104,1.51136,1.00,1.37
2016.12.23 08:00:33.617,1.51104,1.51139,1.00,1.37
2016.12.23 08:00:34.113,1.51109,1.51142,1.00,1.37
2016.12.23 08:00:34.265,1.51111,1.51144,1.00,1.00
2016.12.23 08:00:34.926,1.51112,1.51146,1.00,1.87
2016.12.23 08:00:35.502,1.51112,1.51145,1.00,1.37
2016.12.23 08:00:36.315,1.51112,1.51144,1.00,1.37
2016.12.23 08:00:36.567,1.51113,1.51146,1.00,1.87
2016.12.23 08:00:36.796,1.51113,1.51143,1.00,1.00
2016.12.23 08:00:36.847,1.51111,1.51142,1.00,1.00
2016.12.23 08:00:36.948,1.51111,1.51144,1.00,1.37
2016.12.23 08:00:37.583,1.51112,1.51145,1.00,1.37
2016.12.23 08:00:37.743,1.51112,1.51143,1.00,1.00
2016.12.23 08:00:37.944,1.51112,1.51143,1.00,1.12
2016.12.23 08:00:38.045,1.51112,1.51143,1.00,1.12
2016.12.23 08:00:38.220,1.51112,1.51144,1.00,1.37
2016.12.23 08:00:38.937,1.51112,1.51146,1.00,1.37
2016.12.23 08:00:40.134,1.51112,1.51146,1.00,1.87
2016.12.23 08:00:40.887,1.51112,1.51146,1.00,1.37
2016.12.23 08:00:41.984,1.51112,1.51144,1.00,1.37
2016.12.23 08:00:42.287,1.51113,1.51146,1.00,1.37
2016.12.23 08:00:42.337,1.51113,1.51146,1.00,1.00
2016.12.23 08:00:43.513,1.51114,1.51146,1.00,1.00
2016.12.23 08:00:44.020,1.51115,1.51146,1.00,1.00
2016.12.23 08:00:45.608,1.51115,1.51149,1.00,1.37
2016.12.23 08:00:46.366,1.51115,1.51149,1.00,1.37
2016.12.23 08:00:48.226,1.51116,1.51149,1.00,1.37
2016.12.23 08:00:48.327,1.51116,1.51148,1.00,1.37
2016.12.23 08:00:49.345,1.51116,1.51151,1.00,1.37
2016.12.23 08:00:49.901,1.51116,1.5115,1.00,1.37
2016.12.23 08:00:54.002,1.51116,1.5115,1.00,1.37
2016.12.23 08:00:54.704,1.51116,1.5115,1.00,1.37
2016.12.23 08:00:55.548,1.51116,1.51151,1.00,1.87
2016.12.23 08:00:57.044,1.51116,1.5115,1.00,1.37
2016.12.23 08:00:57.146,1.51116,1.51146,1.00,1.87
2016.12.23 08:00:57.196,1.51116,1.51144,1.00,1.00
2016.12.23 08:00:57.348,1.51113,1.51143,1.00,1.00
2016.12.23 08:01:02.130,1.51113,1.51144,1.00,1.00
2016.12.23 08:01:06.624,1.51113,1.51145,1.00,1.00
2016.12.23 08:01:11.857,1.51113,1.51146,1.00,1.00
2016.12.23 08:01:13.557,1.51113,1.51146,1.00,1.12
2016.12.23 08:01:16.946,1.51113,1.51143,1.00,1.00
2016.12.23 08:01:16.997,1.51111,1.51143,1.00,1.00
2016.12.23 08:01:20.047,1.51111,1.51141,1.00,1.00
2016.12.23 08:01:20.926,1.5111,1.5114,1.00,1.00
2016.12.23 08:01:21.601,1.5111,1.5114,1.00,1.37
2016.12.23 08:01:22.113,1.5111,1.5114,1.00,1.37
2016.12.23 08:01:23.681,1.5111,1.51141,1.00,1.37
2016.12.23 08:01:25.637,1.5111,1.51142,1.00,1.37
2016.12.23 08:01:26.217,1.5111,1.51142,1.00,1.37
2016.12.23 08:01:28.407,1.5111,1.51142,1.00,1.37
2016.12.23 08:01:28.493,1.5111,1.51142,1.00,1.37
2016.12.23 08:01:29.336,1.5111,1.51143,1.00,1.37
2016.12.23 08:01:29.438,1.5111,1.51143,1.00,1.37
2016.12.23 08:01:30.411,1.5111,1.51144,1.00,1.37
2016.12.23 08:01:31.303,1.5111,1.51143,1.00,1.37
2016.12.23 08:01:31.806,1.5111,1.51143,1.00,1.37
2016.12.23 08:01:31.907,1.51111,1.51145,1.00,1.37
2016.12.23 08:01:32.652,1.51111,1.51145,1.00,1.37
2016.12.23 08:01:33.319,1.51111,1.51145,1.00,1.37
2016.12.23 08:01:33.866,1.51111,1.51145,1.00,1.37
2016.12.23 08:01:34.797,1.51111,1.51145,1.00,1.37
2016.12.23 08:01:36.410,1.51111,1.51137,1.00,1.00
2016.12.23 08:01:36.684,1.51111,1.51137,1.00,1.00
2016.12.23 08:01:40.110,1.51111,1.51143,1.00,1.37
2016.12.23 08:01:40.258,1.51111,1.51137,1.00,1.00
2016.12.23 08:01:43.077,1.51111,1.51143,1.00,1.37
2016.12.23 08:01:43.582,1.51111,1.51137,1.00,1.00
2016.12.23 08:01:44.083,1.51111,1.51143,1.00,1.37
2016.12.23 08:01:44.610,1.51111,1.51143,1.00,1.37
2016.12.23 08:01:50.108,1.51111,1.51145,1.00,1.37
2016.12.23 08:01:50.239,1.51111,1.51137,1.00,1.00
2016.12.23 08:01:50.712,1.51111,1.51137,1.00,1.00
2016.12.23 08:01:50.763,1.51111,1.51143,1.00,1.37
2016.12.23 08:01:51.289,1.51111,1.51143,1.00,1.37
2016.12.23 08:01:51.907,1.51111,1.51142,1.00,1.12
2016.12.23 08:01:52.666,1.51111,1.51142,1.00,1.37
2016.12.23 08:01:53.587,1.51111,1.51144,1.00,1.37
2016.12.23 08:01:55.537,1.51111,1.51144,1.00,1.37
2016.12.23 08:02:00.211,1.51109,1.51143,1.00,1.37
2016.12.23 08:02:00.262,1.51109,1.51143,1.00,1.37
2016.12.23 08:02:00.766,1.51109,1.51138,1.00,1.12
2016.12.23 08:02:01.174,1.51109,1.51136,1.00,1.00
2016.12.23 08:02:01.513,1.51109,1.51138,1.00,1.12
2016.12.23 08:02:01.614,1.51109,1.51136,1.00,1.00
2016.12.23 08:02:02.641,1.51109,1.51138,1.00,1.37
2016.12.23 08:02:03.163,1.51109,1.51136,1.00,1.00
2016.12.23 08:02:03.562,1.51109,1.51138,1.00,1.12
2016.12.23 08:02:03.613,1.51109,1.51136,1.00,1.60
2016.12.23 08:02:04.160,1.51109,1.51136,1.00,1.00
2016.12.23 08:02:04.261,1.51109,1.51138,1.00,1.12
2016.12.23 08:02:04.312,1.51109,1.51138,1.00,1.72
2016.12.23 08:02:04.665,1.51109,1.51137,1.00,1.00
2016.12.23 08:02:04.766,1.51107,1.51138,1.00,1.37
2016.12.23 08:02:04.817,1.51107,1.51136,1.00,1.60
2016.12.23 08:02:05.360,1.51107,1.51136,1.00,1.00
2016.12.23 08:02:05.718,1.51107,1.51137,1.00,1.72
2016.12.23 08:02:06.110,1.51107,1.51136,1.00,1.12
2016.12.23 08:02:06.211,1.51107,1.51137,1.00,1.37
2016.12.23 08:02:06.513,1.51107,1.51137,1.00,1.50
2016.12.23 08:02:07.017,1.51107,1.51137,1.00,1.35
2016.12.23 08:02:07.118,1.51107,1.51137,1.00,1.35
2016.12.23 08:02:09.139,1.51107,1.51137,1.00,1.35
2016.12.23 08:02:10.184,1.51106,1.51137,1.00,1.35
2016.12.23 08:02:10.235,1.51105,1.51134,1.00,1.60
2016.12.23 08:02:10.812,1.51105,1.51136,1.00,2.10
2016.12.23 08:02:11.186,1.51105,1.51136,1.00,2.10
2016.12.23 08:02:14.376,1.51105,1.51137,1.00,2.47
2016.12.23 08:02:21.537,1.51105,1.51136,1.00,1.37
2016.12.23 08:02:21.840,1.51106,1.51136,1.00,1.37
2016.12.23 08:02:22.382,1.51106,1.51136,1.00,1.37
2016.12.23 08:02:23.475,1.51106,1.51136,1.00,1.37
2016.12.23 08:02:27.937,1.51106,1.51137,1.00,1.37
2016.12.23 08:02:29.227,1.51106,1.51137,1.00,1.00
2016.12.23 08:02:30.082,1.51106,1.51137,1.00,1.37
2016.12.23 08:02:30.946,1.51106,1.51138,1.00,1.37
2016.12.23 08:02:31.047,1.51105,1.51135,1.00,1.12
2016.12.23 08:02:31.149,1.51104,1.51133,1.00,1.00
2016.12.23 08:02:31.451,1.51103,1.51126,1.00,1.00
2016.12.23 08:02:31.502,1.51103,1.51133,1.00,1.37
2016.12.23 08:02:31.704,1.51103,1.51135,1.00,1.37
2016.12.23 08:02:31.806,1.51103,1.51135,1.00,1.37
2016.12.23 08:02:31.923,1.51103,1.51132,1.00,1.00
2016.12.23 08:02:32.917,1.51103,1.51133,1.00,1.12
2016.12.23 08:02:33.084,1.51107,1.51136,1.00,1.37
2016.12.23 08:02:33.134,1.51107,1.51141,1.00,2.47
2016.12.23 08:02:33.591,1.51107,1.51138,1.00,1.37
2016.12.23 08:02:33.642,1.51103,1.51131,1.00,1.00
2016.12.23 08:02:33.793,1.511,1.5113,1.00,1.00
2016.12.23 08:02:33.894,1.511,1.51131,1.00,1.12
2016.12.23 08:02:34.390,1.511,1.51126,1.00,1.00
2016.12.23 08:02:34.949,1.511,1.51127,1.00,1.00
2016.12.23 08:02:35.676,1.51099,1.51129,1.00,1.00
2016.12.23 08:02:35.814,1.51099,1.51127,1.00,1.00
2016.12.23 08:02:36.841,1.51098,1.51127,1.00,1.00
2016.12.23 08:02:37.556,1.51098,1.51127,1.00,1.00
2016.12.23 08:02:38.130,1.51098,1.51132,1.00,1.72
2016.12.23 08:02:39.084,1.51098,1.51132,1.00,1.72
2016.12.23 08:02:41.409,1.51101,1.51136,1.00,2.47
2016.12.23 08:02:41.508,1.51101,1.51132,1.00,1.30
2016.12.23 08:02:41.837,1.51101,1.51132,1.00,1.72
2016.12.23 08:02:41.989,1.51101,1.51131,1.00,1.75
2016.12.23 08:02:42.970,1.51101,1.51131,1.00,2.25
2016.12.23 08:02:43.529,1.51101,1.5113,1.00,1.75
2016.12.23 08:02:43.707,1.51099,1.51129,1.00,1.75
2016.12.23 08:02:44.295,1.51099,1.51129,1.00,2.25
2016.12.23 08:02:45.077,1.51099,1.51128,1.00,2.25
2016.12.23 08:02:45.639,1.51099,1.51128,1.00,1.75
2016.12.23 08:02:46.080,1.51099,1.51128,1.00,1.37
2016.12.23 08:02:46.560,1.51099,1.51128,1.00,1.37
2016.12.23 08:02:46.611,1.51099,1.51132,1.00,1.37
2016.12.23 08:02:46.935,1.51099,1.51132,1.00,2.25
2016.12.23 08:02:47.761,1.51099,1.51132,1.00,2.47
2016.12.23 08:02:48.017,1.51099,1.51126,1.00,1.75
2016.12.23 08:02:48.689,1.51099,1.51126,1.00,1.75
2016.12.23 08:02:48.857,1.51099,1.51126,1.00,1.75
2016.12.23 08:02:51.200,1.511,1.51126,1.00,1.37
2016.12.23 08:02:51.251,1.511,1.51128,1.00,1.00
2016.12.23 08:02:51.302,1.511,1.51128,1.00,1.37
2016.12.23 08:02:51.352,1.511,1.51133,1.00,1.72
2016.12.23 08:02:51.699,1.511,1.51126,1.00,1.37
2016.12.23 08:02:51.800,1.511,1.51126,1.00,1.12
2016.12.23 08:02:52.482,1.511,1.51126,1.00,1.50
2016.12.23 08:02:52.790,1.51099,1.51127,1.00,1.75
2016.12.23 08:02:52.982,1.51099,1.51127,1.00,1.75
2016.12.23 08:02:53.488,1.51099,1.51127,1.00,1.75
2016.12.23 08:02:53.539,1.51098,1.51126,1.00,1.12
2016.12.23 08:02:53.590,1.51098,1.51126,1.00,1.00
2016.12.23 08:02:53.943,1.51098,1.51132,1.00,1.75
2016.12.23 08:02:53.993,1.51098,1.51132,1.00,1.75
2016.12.23 08:02:54.521,1.51098,1.51131,1.00,1.75
2016.12.23 08:02:55.049,1.51098,1.51131,1.00,1.75
2016.12.23 08:02:55.100,1.51098,1.51131,1.00,1.75
2016.12.23 08:02:55.604,1.51098,1.51131,1.00,1.37
2016.12.23 08:02:56.262,1.51098,1.51131,1.00,1.00
2016.12.23 08:02:56.777,1.51098,1.51131,1.00,1.37
2016.12.23 08:02:58.402,1.51098,1.51131,1.00,1.75
2016.12.23 08:02:59.807,1.51098,1.51131,1.00,1.12
2016.12.23 08:02:59.858,1.51098,1.51131,1.00,1.50
2016.12.23 08:03:00.098,1.51098,1.51131,1.00,1.00
2016.12.23 08:03:00.721,1.51096,1.51126,1.00,1.37
2016.12.23 08:03:01.023,1.51097,1.51128,1.00,1.75
2016.12.23 08:03:01.175,1.51101,1.51134,1.00,1.97
2016.12.23 08:03:01.427,1.51101,1.51132,1.00,1.35
2016.12.23 08:03:02.177,1.51102,1.51132,1.00,1.35
2016.12.23 08:03:02.227,1.51102,1.51131,1.00,1.35
2016.12.23 08:03:02.379,1.51102,1.51131,1.00,1.67
2016.12.23 08:03:02.979,1.51102,1.51131,1.00,1.35
2016.12.23 08:03:03.492,1.51102,1.51132,1.00,1.35
2016.12.23 08:03:04.215,1.51102,1.51132,1.00,1.35
2016.12.23 08:03:05.731,1.51102,1.51136,1.00,2.25
2016.12.23 08:03:06.866,1.51103,1.51136,1.00,2.25
2016.12.23 08:03:07.561,1.51103,1.51136,1.00,2.25
2016.12.23 08:03:08.071,1.51103,1.51136,1.00,2.25
2016.12.23 08:03:10.243,1.51103,1.51136,1.00,1.87
2016.12.23 08:03:10.682,1.51103,1.51136,1.00,2.62
2016.12.23 08:03:11.355,1.51103,1.51136,1.00,1.50
2016.12.23 08:03:11.405,1.51103,1.51136,1.00,1.75
2016.12.23 08:03:11.782,1.51104,1.51136,1.00,1.75
2016.12.23 08:03:18.059,1.51107,1.51137,1.00,1.75
2016.12.23 08:03:18.161,1.51107,1.5114,1.00,1.50
2016.12.23 08:03:18.211,1.5112,1.51142,1.00,1.12
2016.12.23 08:03:18.262,1.51119,1.51142,1.00,1.00
2016.12.23 08:03:18.313,1.51119,1.51148,1.00,1.37
2016.12.23 08:03:18.363,1.51119,1.51148,1.00,1.37
2016.12.23 08:03:18.957,1.51119,1.51146,1.00,1.75
2016.12.23 08:03:19.119,1.51115,1.51145,1.00,2.25
2016.12.23 08:03:19.621,1.51115,1.51145,1.00,1.87
2016.12.23 08:03:19.851,1.51113,1.51141,1.00,1.75
2016.12.23 08:03:20.490,1.51113,1.51141,1.00,1.75
2016.12.23 08:03:21.810,1.51113,1.51141,1.00,1.75
2016.12.23 08:03:22.527,1.51112,1.5114,1.00,1.75
2016.12.23 08:03:24.063,1.51112,1.5114,1.00,1.37
2016.12.23 08:03:24.265,1.51109,1.5114,1.00,1.75
2016.12.23 08:03:25.110,1.51109,1.51136,1.00,1.50
2016.12.23 08:03:25.228,1.51105,1.51133,1.00,1.37
2016.12.23 08:03:25.329,1.511,1.51131,1.00,1.37
2016.12.23 08:03:25.380,1.51098,1.51127,1.00,1.00
2016.12.23 08:03:25.431,1.51098,1.51127,1.00,1.75
2016.12.23 08:03:25.779,1.51096,1.51124,1.00,1.50
2016.12.23 08:03:26.416,1.51096,1.51124,1.00,1.37
2016.12.23 08:03:26.466,1.51098,1.51123,1.00,1.00
2016.12.23 08:03:26.517,1.51098,1.51128,1.00,1.37
2016.12.23 08:03:26.618,1.51094,1.51122,1.00,1.12
2016.12.23 08:03:26.669,1.51094,1.51125,1.00,1.37
2016.12.23 08:03:26.770,1.51096,1.51131,1.00,1.87
2016.12.23 08:03:26.821,1.51096,1.51131,1.00,1.37
2016.12.23 08:03:26.997,1.51096,1.51131,1.00,1.37
2016.12.23 08:03:27.578,1.51099,1.51132,1.00,1.37
2016.12.23 08:03:28.482,1.51099,1.51132,1.00,1.75
2016.12.23 08:03:29.002,1.51099,1.51132,1.00,1.37
2016.12.23 08:03:29.053,1.51099,1.51134,1.00,1.50
2016.12.23 08:03:29.557,1.51099,1.51134,1.00,1.75
2016.12.23 08:03:29.608,1.51099,1.51129,1.00,1.37
2016.12.23 08:03:29.659,1.51099,1.51126,1.00,1.37
2016.12.23 08:03:29.710,1.51099,1.51126,1.00,1.37
2016.12.23 08:03:29.811,1.51096,1.51124,1.00,1.37
2016.12.23 08:03:29.861,1.51096,1.51124,1.00,1.37
2016.12.23 08:03:29.912,1.51093,1.51122,1.00,1.87
2016.12.23 08:03:30.013,1.51093,1.51122,1.00,2.25
2016.12.23 08:03:30.316,1.51083,1.51115,1.50,1.42
2016.12.23 08:03:30.840,1.51083,1.51116,1.00,1.95
2016.12.23 08:03:31.394,1.51083,1.51111,1.00,1.07
2016.12.23 08:03:31.942,1.51083,1.51106,1.00,1.07
2016.12.23 08:03:33.113,1.51079,1.51113,1.00,1.45
2016.12.23 08:03:33.163,1.51079,1.51111,1.00,1.45
2016.12.23 08:03:33.465,1.51078,1.51106,1.00,1.20
2016.12.23 08:03:33.516,1.51078,1.51106,1.00,1.45
2016.12.23 08:03:34.027,1.51078,1.51096,1.00,1.07
2016.12.23 08:03:34.147,1.51076,1.51096,1.00,1.07
2016.12.23 08:03:34.317,1.51073,1.51096,1.00,1.07
2016.12.23 08:03:34.390,1.51073,1.51096,1.00,1.07
2016.12.23 08:03:34.441,1.51076,1.5111,1.00,1.67
2016.12.23 08:03:34.542,1.51076,1.51113,1.00,1.67
2016.12.23 08:03:35.183,1.51076,1.51107,1.50,1.42
2016.12.23 08:03:35.284,1.51076,1.51107,1.50,1.07
2016.12.23 08:03:35.444,1.51076,1.51107,1.00,1.20
2016.12.23 08:03:35.869,1.51076,1.51106,1.00,1.07
2016.12.23 08:03:36.040,1.51076,1.51115,1.00,1.80
2016.12.23 08:03:36.090,1.51079,1.51115,1.00,1.95
2016.12.23 08:03:36.691,1.51079,1.51106,1.00,1.07
2016.12.23 08:03:37.446,1.51079,1.51106,1.00,1.10
2016.12.23 08:03:37.760,1.51079,1.51114,1.00,1.07
2016.12.23 08:03:37.861,1.51081,1.51117,1.00,1.95
2016.12.23 08:03:39.561,1.51083,1.51117,1.00,1.05
2016.12.23 08:03:39.959,1.51083,1.51115,1.00,1.45
2016.12.23 08:03:40.056,1.51083,1.51115,1.00,1.45
2016.12.23 08:03:40.643,1.51083,1.51115,1.00,1.45
2016.12.23 08:03:41.215,1.51083,1.51115,1.00,1.95
2016.12.23 08:03:41.813,1.51083,1.51114,1.00,1.45
2016.12.23 08:03:43.827,1.51083,1.51113,1.00,1.45
2016.12.23 08:03:48.848,1.51083,1.51113,1.00,1.45
2016.12.23 08:03:49.369,1.51083,1.51116,1.00,1.45
2016.12.23 08:03:49.874,1.51083,1.51116,1.00,1.45
2016.12.23 08:03:50.076,1.51083,1.51116,1.00,1.87
2016.12.23 08:03:50.578,1.51083,1.51113,1.00,1.37
2016.12.23 08:03:51.091,1.51083,1.51113,1.00,1.37
2016.12.23 08:03:51.192,1.51085,1.51116,1.00,1.37
2016.12.23 08:03:51.243,1.51085,1.51116,1.00,1.37
2016.12.23 08:03:52.477,1.51085,1.51116,1.00,1.37
2016.12.23 08:03:53.207,1.51085,1.51116,1.00,1.37
2016.12.23 08:03:55.306,1.51085,1.51117,1.00,1.00
2016.12.23 08:03:55.757,1.51085,1.51117,1.00,1.37
2016.12.23 08:03:57.277,1.51085,1.51116,1.00,1.37
2016.12.23 08:03:57.707,1.51085,1.51117,1.00,1.87
2016.12.23 08:03:57.959,1.51085,1.51116,1.00,1.72
2016.12.23 08:03:58.667,1.51085,1.51115,1.00,1.37
2016.12.23 08:03:58.787,1.51085,1.51115,1.00,1.00
2016.12.23 08:03:59.179,1.51085,1.51115,1.00,1.37
2016.12.23 08:04:00.767,1.51084,1.51116,1.00,1.72
2016.12.23 08:04:00.975,1.51083,1.51114,1.00,1.37
2016.12.23 08:04:01.277,1.51083,1.51106,1.00,1.00
2016.12.23 08:04:01.791,1.51082,1.51106,1.00,1.00
2016.12.23 08:04:02.636,1.51081,1.51106,1.00,1.12
2016.12.23 08:04:03.184,1.51081,1.51106,1.00,1.12
2016.12.23 08:04:03.768,1.51081,1.51106,1.00,1.37
2016.12.23 08:04:03.819,1.51074,1.51097,1.50,1.00
2016.12.23 08:04:03.870,1.51074,1.51103,1.00,1.60
2016.12.23 08:04:03.970,1.51073,1.51103,1.00,2.10
2016.12.23 08:04:04.188,1.51073,1.51102,1.00,1.97
2016.12.23 08:04:04.892,1.51072,1.51097,1.00,1.37
2016.12.23 08:04:05.095,1.51081,1.51114,1.00,1.00
2016.12.23 08:04:05.247,1.51081,1.51116,1.00,2.25
2016.12.23 08:04:05.499,1.51081,1.51112,1.00,1.50
2016.12.23 08:04:06.055,1.51081,1.51112,1.00,1.37
2016.12.23 08:04:06.668,1.51081,1.51116,1.00,2.25
2016.12.23 08:04:06.820,1.51083,1.51117,1.00,1.00
2016.12.23 08:04:07.073,1.51083,1.51116,1.00,1.37
2016.12.23 08:04:07.704,1.51087,1.51116,1.00,1.37
2016.12.23 08:04:07.905,1.51094,1.51126,1.00,1.50
2016.12.23 08:04:07.956,1.51094,1.51125,1.00,1.00
2016.12.23 08:04:08.057,1.51094,1.51125,1.00,1.37
2016.12.23 08:04:08.378,1.51093,1.51116,1.00,1.00
2016.12.23 08:04:08.937,1.51092,1.51116,1.00,1.00
2016.12.23 08:04:09.661,1.51092,1.51121,1.00,1.37
2016.12.23 08:04:09.913,1.51092,1.51116,1.00,1.00
2016.12.23 08:04:10.185,1.51085,1.51114,1.00,1.00
2016.12.23 08:04:10.411,1.51085,1.51114,1.00,1.37
2016.12.23 08:04:10.956,1.51084,1.51112,1.00,1.37
2016.12.23 08:04:11.259,1.51084,1.51116,1.00,2.47
2016.12.23 08:04:11.415,1.51084,1.51116,1.00,1.35
2016.12.23 08:04:11.728,1.51084,1.51116,1.00,1.72
2016.12.23 08:04:12.340,1.51084,1.51116,1.00,1.72
2016.12.23 08:04:12.642,1.51093,1.51126,1.00,1.87
2016.12.23 08:04:13.921,1.51095,1.51126,1.00,1.37
2016.12.23 08:04:14.641,1.51095,1.51127,1.00,1.37
2016.12.23 08:04:14.742,1.51095,1.51124,1.00,1.37
2016.12.23 08:04:14.843,1.51095,1.51126,1.00,1.00
2016.12.23 08:04:14.944,1.51095,1.51124,1.00,1.37
2016.12.23 08:04:15.524,1.51095,1.51124,1.00,1.37
2016.12.23 08:04:15.870,1.51095,1.51124,1.00,1.00
2016.12.23 08:04:16.399,1.51096,1.51126,1.00,1.00
2016.12.23 08:04:16.449,1.51096,1.51126,1.00,1.00
2016.12.23 08:04:16.551,1.51095,1.51123,1.00,1.00
2016.12.23 08:04:16.928,1.51095,1.51123,1.00,1.37
2016.12.23 08:04:18.270,1.51094,1.51122,1.00,1.37
2016.12.23 08:04:18.726,1.51094,1.51122,1.00,1.00
2016.12.23 08:04:19.047,1.51094,1.51122,1.00,1.37
2016.12.23 08:04:23.376,1.51094,1.51123,1.00,1.37
2016.12.23 08:04:23.427,1.51095,1.51128,1.00,1.87
2016.12.23 08:04:23.545,1.51095,1.5113,1.00,1.00
2016.12.23 08:04:23.826,1.51095,1.5113,1.00,1.37
2016.12.23 08:04:23.876,1.511,1.51135,1.00,1.00
2016.12.23 08:04:23.977,1.511,1.51135,1.00,1.00
2016.12.23 08:04:24.028,1.511,1.51134,1.00,1.00
2016.12.23 08:04:24.331,1.51096,1.51124,1.00,1.37
2016.12.23 08:04:24.381,1.51091,1.51121,1.00,1.12
2016.12.23 08:04:24.482,1.51091,1.51121,1.00,1.37
2016.12.23 08:04:24.884,1.51088,1.51118,1.00,1.37
2016.12.23 08:04:26.061,1.51088,1.51118,1.00,1.72
2016.12.23 08:04:26.162,1.51085,1.51115,1.00,1.37
2016.12.23 08:04:26.213,1.51084,1.51112,1.00,1.00
2016.12.23 08:04:26.749,1.51083,1.51111,1.00,1.00
2016.12.23 08:04:28.017,1.51079,1.5111,1.00,1.00
2016.12.23 08:04:28.174,1.51079,1.51109,1.00,1.00
2016.12.23 08:04:28.479,1.51078,1.5111,1.00,1.00
2016.12.23 08:04:28.530,1.51076,1.51104,1.00,1.00
2016.12.23 08:04:28.832,1.51076,1.51104,1.00,1.37
2016.12.23 08:04:29.454,1.51075,1.51103,1.00,1.37
2016.12.23 08:04:30.116,1.51075,1.51103,1.00,1.37
2016.12.23 08:04:30.895,1.51077,1.51106,1.00,1.37
2016.12.23 08:04:30.946,1.51077,1.51108,1.00,1.00
2016.12.23 08:04:30.996,1.5108,1.51114,1.00,1.57
2016.12.23 08:04:31.323,1.51085,1.51117,1.00,1.45
2016.12.23 08:04:32.136,1.51085,1.51116,1.00,1.45
2016.12.23 08:04:32.810,1.51085,1.51116,1.00,1.07
2016.12.23 08:04:33.324,1.51085,1.51116,1.00,1.45
2016.12.23 08:04:34.379,1.51085,1.51116,1.00,1.45
2016.12.23 08:04:34.430,1.51091,1.51116,1.00,1.45
2016.12.23 08:04:34.480,1.51092,1.51116,1.00,1.07
2016.12.23 08:04:34.798,1.51092,1.51116,1.00,1.07
2016.12.23 08:04:34.899,1.51091,1.51116,1.00,1.07
2016.12.23 08:04:34.950,1.51091,1.51116,1.00,1.07
2016.12.23 08:04:35.510,1.51091,1.51116,1.00,1.07
2016.12.23 08:04:35.561,1.51091,1.5112,1.00,1.45
2016.12.23 08:04:35.611,1.5109,1.5112,1.00,1.45
2016.12.23 08:04:36.301,1.51088,1.51118,1.00,1.20
2016.12.23 08:04:36.813,1.51087,1.51116,1.00,1.57
2016.12.23 08:04:36.864,1.51087,1.51116,1.00,1.95
2016.12.23 08:04:37.463,1.51087,1.51115,1.00,1.45
2016.12.23 08:04:38.288,1.51087,1.51115,1.00,1.45
2016.12.23 08:04:38.339,1.51087,1.51116,1.00,1.95
2016.12.23 08:04:38.390,1.51087,1.51116,1.00,1.45
2016.12.23 08:04:38.692,1.51087,1.51107,1.00,1.00
2016.12.23 08:04:39.225,1.51087,1.51116,1.00,1.05
2016.12.23 08:04:39.360,1.51087,1.51116,1.00,1.05
2016.12.23 08:04:40.056,1.51087,1.51116,1.00,1.05
2016.12.23 08:04:40.125,1.51085,1.51115,1.00,1.45
2016.12.23 08:04:40.735,1.51085,1.51115,1.00,1.45
2016.12.23 08:04:45.815,1.51085,1.51115,1.00,1.45
2016.12.23 08:04:45.868,1.51085,1.51115,1.00,1.37
2016.12.23 08:04:45.973,1.51084,1.51113,1.00,1.37
2016.12.23 08:04:46.992,1.51084,1.51113,1.00,1.37
2016.12.23 08:04:47.042,1.51084,1.51116,1.00,1.37
2016.12.23 08:04:47.093,1.51084,1.51116,1.00,1.37
2016.12.23 08:04:47.612,1.51086,1.51116,1.00,1.87
2016.12.23 08:04:48.117,1.51086,1.51116,1.00,1.37
2016.12.23 08:04:50.149,1.51086,1.51119,1.00,1.37
2016.12.23 08:04:52.074,1.51087,1.51117,1.00,1.37
2016.12.23 08:04:54.007,1.51088,1.51117,1.00,1.37
2016.12.23 08:04:55.298,1.51088,1.51117,1.00,1.37
2016.12.23 08:04:55.550,1.51088,1.51117,1.00,1.37
2016.12.23 08:04:56.108,1.51088,1.51116,1.00,1.37
2016.12.23 08:04:56.353,1.51086,1.51116,1.00,1.87
2016.12.23 08:04:56.705,1.51086,1.51115,1.00,1.37
2016.12.23 08:04:57.008,1.5109,1.51117,1.00,1.37
2016.12.23 08:04:57.159,1.5109,1.51116,1.00,1.00
2016.12.23 08:04:57.757,1.5109,1.51117,1.00,1.00
2016.12.23 08:04:57.966,1.51092,1.51116,1.00,1.00
2016.12.23 08:04:58.517,1.51092,1.51117,1.00,1.00
2016.12.23 08:05:00.139,1.51092,1.51116,1.00,1.00
2016.12.23 08:05:00.780,1.51092,1.51117,1.00,1.00
2016.12.23 08:05:02.822,1.51092,1.51116,1.00,1.00
2016.12.23 08:05:02.873,1.51093,1.51116,1.00,1.00
2016.12.23 08:05:03.552,1.51093,1.51117,1.00,1.00
2016.12.23 08:05:03.603,1.51093,1.51126,1.00,1.37
2016.12.23 08:05:03.881,1.51093,1.51117,1.00,1.00
2016.12.23 08:05:06.855,1.51093,1.51126,1.00,1.87
2016.12.23 08:05:09.088,1.51093,1.51126,1.00,1.87
2016.12.23 08:05:10.873,1.51093,1.51125,1.00,1.37
2016.12.23 08:05:12.972,1.51093,1.51125,1.00,1.37
2016.12.23 08:05:13.592,1.51093,1.51125,1.00,1.37
2016.12.23 08:05:13.895,1.51105,1.51126,1.00,1.00
2016.12.23 08:05:14.548,1.51105,1.51127,1.00,1.00
2016.12.23 08:05:15.037,1.51105,1.51136,1.00,1.37
2016.12.23 08:05:15.568,1.51103,1.51126,1.00,1.00
2016.12.23 08:05:16.457,1.51102,1.51127,1.00,1.00
2016.12.23 08:05:16.558,1.51104,1.51126,1.00,1.00
2016.12.23 08:05:16.861,1.51107,1.51126,1.00,1.00
2016.12.23 08:05:17.117,1.51107,1.51136,1.00,1.37
2016.12.23 08:05:17.811,1.51107,1.51136,1.00,1.37
2016.12.23 08:05:18.115,1.51107,1.51126,1.00,1.00
2016.12.23 08:05:19.648,1.51107,1.51126,1.00,1.00
2016.12.23 08:05:20.413,1.51108,1.51126,1.00,1.00
2016.12.23 08:05:22.135,1.5111,1.51126,1.00,1.00
2016.12.23 08:05:22.501,1.5111,1.51136,1.00,1.37
2016.12.23 08:05:22.602,1.51109,1.51136,1.00,1.37
2016.12.23 08:05:22.854,1.51109,1.51126,1.00,1.00
2016.12.23 08:05:23.118,1.51108,1.51126,1.00,1.00
2016.12.23 08:05:24.175,1.51106,1.51126,1.00,1.00
2016.12.23 08:05:24.225,1.51106,1.51116,1.00,1.00
2016.12.23 08:05:25.064,1.51105,1.51116,1.00,1.00
2016.12.23 08:05:26.046,1.51105,1.51116,1.00,1.00
2016.12.23 08:05:30.962,1.51105,1.51116,1.00,1.00
2016.12.23 08:05:32.657,1.51105,1.51116,1.00,1.00
2016.12.23 08:05:35.365,1.51103,1.51116,1.00,1.00
2016.12.23 08:05:39.588,1.51103,1.51116,1.00,1.00
2016.12.23 08:05:43.496,1.51103,1.51127,1.00,1.00
2016.12.23 08:05:43.790,1.51103,1.51127,1.00,1.00
2016.12.23 08:05:44.092,1.51106,1.51137,1.00,1.37
2016.12.23 08:05:44.858,1.51106,1.51137,1.00,1.37
2016.12.23 08:05:47.556,1.51106,1.51126,1.00,1.00
2016.12.23 08:05:48.470,1.51106,1.51126,1.00,1.00
2016.12.23 08:05:48.521,1.51103,1.51132,1.50,1.60
2016.12.23 08:05:48.622,1.51098,1.51127,1.00,1.00
2016.12.23 08:05:48.974,1.51097,1.51127,1.00,2.25
2016.12.23 08:05:49.573,1.51097,1.51127,1.00,1.75
2016.12.23 08:05:50.574,1.51097,1.51127,1.00,1.75
2016.12.23 08:05:51.107,1.51097,1.51127,1.00,1.75
2016.12.23 08:05:52.144,1.51097,1.51121,1.00,1.12
2016.12.23 08:05:52.647,1.51097,1.5112,1.00,1.12
2016.12.23 08:05:53.167,1.51095,1.5112,1.00,1.00
2016.12.23 08:05:53.218,1.5109,1.51116,1.00,1.37
2016.12.23 08:05:53.520,1.5109,1.51116,1.00,2.25
2016.12.23 08:05:54.182,1.5109,1.51116,1.00,1.50
2016.12.23 08:05:55.185,1.5109,1.51116,1.00,1.50
2016.12.23 08:05:56.020,1.5109,1.51116,1.00,1.50
2016.12.23 08:05:56.142,1.5109,1.51116,1.00,1.37
2016.12.23 08:05:56.294,1.5109,1.51116,1.00,1.37
2016.12.23 08:05:58.189,1.5109,1.51116,1.00,1.37
2016.12.23 08:05:58.510,1.5109,1.51119,1.00,1.75
2016.12.23 08:05:58.994,1.5109,1.51119,1.00,1.12
2016.12.23 08:05:59.334,1.5109,1.51119,1.00,1.37
2016.12.23 08:05:59.493,1.5109,1.51119,1.00,1.37
2016.12.23 08:06:00.164,1.5109,1.51119,1.00,1.12
2016.12.23 08:06:00.328,1.5109,1.5112,1.00,1.37
2016.12.23 08:06:00.584,1.5109,1.51116,1.00,1.37
2016.12.23 08:06:01.545,1.5109,1.51118,1.00,1.50
2016.12.23 08:06:01.646,1.5109,1.51118,1.00,1.75
2016.12.23 08:06:01.697,1.5109,1.51115,1.00,1.75
2016.12.23 08:06:02.204,1.5109,1.51113,1.00,1.75
2016.12.23 08:06:02.521,1.5109,1.51117,1.00,1.00
2016.12.23 08:06:02.572,1.5109,1.51117,1.00,1.37
2016.12.23 08:06:03.112,1.5109,1.51117,1.00,1.37
2016.12.23 08:06:03.679,1.5109,1.51117,1.00,1.37
2016.12.23 08:06:04.542,1.51091,1.51116,1.00,1.37
2016.12.23 08:06:04.694,1.51094,1.51127,1.00,1.87
2016.12.23 08:06:04.744,1.51098,1.51126,1.00,1.37
2016.12.23 08:06:04.795,1.51098,1.51126,1.00,1.00
2016.12.23 08:06:05.071,1.51098,1.51127,1.00,1.37
2016.12.23 08:06:05.831,1.51098,1.51127,1.00,1.37
2016.12.23 08:06:07.174,1.51098,1.51126,1.00,1.37
2016.12.23 08:06:07.700,1.51098,1.51126,1.00,1.37
2016.12.23 08:06:08.207,1.51098,1.51126,1.00,1.37
2016.12.23 08:06:08.983,1.51092,1.51123,1.00,1.00
2016.12.23 08:06:09.110,1.51088,1.51116,1.00,1.00
2016.12.23 08:06:09.413,1.51088,1.51117,1.00,1.50
2016.12.23 08:06:09.716,1.51096,1.51126,1.00,2.10
2016.12.23 08:06:09.767,1.51096,1.51126,1.00,1.60
2016.12.23 08:06:09.818,1.51096,1.51127,1.00,1.60
2016.12.23 08:06:10.020,1.51094,1.51117,1.00,1.00
2016.12.23 08:06:10.728,1.51094,1.51123,1.00,1.97
2016.12.23 08:06:10.778,1.51094,1.51123,1.00,1.37
2016.12.23 08:06:11.081,1.51095,1.51127,1.00,1.37
2016.12.23 08:06:11.132,1.51095,1.51127,1.00,1.37
2016.12.23 08:06:11.647,1.51095,1.51126,1.00,1.37
2016.12.23 08:06:11.698,1.51095,1.51126,1.00,1.60
2016.12.23 08:06:12.005,1.51095,1.51117,1.00,1.00
2016.12.23 08:06:12.056,1.51093,1.51123,1.00,1.95
2016.12.23 08:06:12.107,1.51093,1.51123,1.00,1.95
2016.12.23 08:06:12.622,1.51093,1.51123,1.00,1.95
2016.12.23 08:06:13.126,1.51093,1.51123,1.00,1.95
2016.12.23 08:06:13.800,1.51093,1.51123,1.00,1.95
2016.12.23 08:06:14.102,1.51093,1.51126,1.00,1.50
2016.12.23 08:06:14.331,1.51093,1.51126,1.00,1.37
2016.12.23 08:06:14.928,1.51093,1.51127,1.00,2.85
2016.12.23 08:06:17.617,1.51098,1.51127,1.00,1.60
2016.12.23 08:06:17.741,1.51098,1.51132,1.00,1.60
2016.12.23 08:06:17.791,1.51098,1.51126,1.00,1.37
2016.12.23 08:06:18.515,1.51098,1.51134,1.00,1.97
2016.12.23 08:06:19.448,1.51104,1.51134,1.00,2.05
2016.12.23 08:06:19.701,1.51107,1.51137,1.00,1.22
2016.12.23 08:06:19.852,1.51108,1.51136,1.00,1.37
2016.12.23 08:06:20.054,1.51111,1.51137,1.00,1.00
2016.12.23 08:06:20.306,1.51111,1.51137,1.00,1.37
2016.12.23 08:06:20.809,1.51111,1.51144,1.00,1.72
2016.12.23 08:06:21.105,1.51111,1.51143,1.00,1.60
2016.12.23 08:06:21.156,1.51111,1.51141,1.00,1.67
2016.12.23 08:06:21.206,1.51111,1.5114,1.00,1.60
2016.12.23 08:06:21.716,1.51111,1.5114,1.00,1.60
2016.12.23 08:06:22.551,1.51111,1.51137,1.00,1.37
2016.12.23 08:06:23.499,1.51111,1.51137,1.00,1.37
2016.12.23 08:06:29.159,1.51111,1.51142,1.00,1.72
2016.12.23 08:06:32.059,1.51111,1.51142,1.00,1.72
2016.12.23 08:06:32.777,1.51111,1.51142,1.00,1.72
2016.12.23 08:06:33.372,1.51111,1.51142,1.00,1.37
2016.12.23 08:06:34.379,1.51111,1.51136,1.00,1.12
2016.12.23 08:06:34.961,1.51111,1.51136,1.00,1.37
2016.12.23 08:06:35.233,1.51111,1.51136,1.00,1.37
2016.12.23 08:06:35.335,1.51111,1.51136,1.00,1.12
2016.12.23 08:06:35.874,1.51111,1.51136,1.00,1.37
2016.12.23 08:06:37.619,1.51111,1.51136,1.00,1.12
2016.12.23 08:06:38.775,1.51111,1.51136,1.00,1.37
2016.12.23 08:06:39.589,1.51111,1.51136,1.00,1.12
2016.12.23 08:06:40.339,1.51111,1.51136,1.00,1.12
2016.12.23 08:06:40.899,1.51111,1.51136,1.00,1.37
2016.12.23 08:06:41.452,1.51111,1.51136,1.00,1.00
2016.12.23 08:06:42.151,1.51112,1.51136,1.00,1.00
2016.12.23 08:06:42.848,1.51112,1.51136,1.00,1.00
2016.12.23 08:06:44.189,1.51112,1.51136,1.00,1.00
2016.12.23 08:06:45.003,1.51112,1.51136,1.00,1.00
2016.12.23 08:06:46.098,1.51112,1.51136,1.00,1.00
2016.12.23 08:06:46.351,1.51118,1.51151,1.00,1.00
2016.12.23 08:06:46.560,1.51118,1.51151,1.00,1.37
2016.12.23 08:06:47.064,1.51123,1.51151,1.00,1.37
2016.12.23 08:06:47.177,1.51119,1.51151,1.00,1.87
2016.12.23 08:06:47.329,1.51119,1.51147,1.00,1.37
2016.12.23 08:06:47.430,1.5112,1.51155,1.00,1.87
2016.12.23 08:06:47.733,1.51128,1.51154,1.00,1.37
2016.12.23 08:06:47.784,1.5113,1.51157,1.00,1.00
2016.12.23 08:06:47.834,1.51133,1.51165,1.00,1.12
2016.12.23 08:06:47.885,1.51133,1.51166,1.00,1.00
2016.12.23 08:06:48.087,1.51135,1.51167,2.25,1.37
2016.12.23 08:06:48.137,1.51135,1.51167,3.00,1.00
2016.12.23 08:06:48.346,1.51136,1.51167,1.00,1.00
2016.12.23 08:06:48.892,1.51136,1.51166,1.00,1.00
2016.12.23 08:06:49.225,1.51136,1.51166,1.50,1.00
2016.12.23 08:06:49.871,1.51136,1.51168,1.00,1.00
2016.12.23 08:06:49.980,1.51136,1.51168,1.00,1.12
2016.12.23 08:06:50.182,1.51136,1.51166,1.00,1.00
2016.12.23 08:06:50.536,1.51136,1.51163,1.00,1.00
2016.12.23 08:06:50.637,1.51136,1.51165,1.00,1.00
2016.12.23 08:06:51.441,1.51136,1.51165,1.50,1.00
2016.12.23 08:06:52.797,1.51136,1.51165,1.00,1.00
2016.12.23 08:06:53.337,1.51136,1.51165,1.50,1.00
2016.12.23 08:06:54.082,1.51136,1.51165,1.50,1.00
2016.12.23 08:06:54.638,1.51136,1.51166,1.50,1.50
2016.12.23 08:06:55.421,1.51136,1.51166,1.00,1.50
2016.12.23 08:06:56.154,1.51136,1.51165,1.50,1.00
2016.12.23 08:06:58.583,1.51136,1.51166,1.00,1.00
2016.12.23 08:06:59.092,1.51136,1.51166,1.00,1.00
2016.12.23 08:07:00.240,1.51136,1.51166,1.50,1.00
2016.12.23 08:07:00.614,1.51136,1.51166,1.00,1.00
2016.12.23 08:07:00.665,1.51136,1.51166,1.00,1.00
2016.12.23 08:07:03.251,1.51136,1.51166,1.00,1.00
2016.12.23 08:07:03.403,1.51137,1.51166,1.00,1.00
2016.12.23 08:07:03.604,1.51137,1.51169,1.00,1.72
2016.12.23 08:07:04.252,1.51137,1.51169,1.00,1.72
2016.12.23 08:07:05.247,1.51137,1.51166,1.00,1.00
2016.12.23 08:07:05.348,1.51137,1.51166,1.00,1.00
2016.12.23 08:07:05.667,1.51137,1.51166,1.00,1.00
2016.12.23 08:07:06.761,1.51137,1.51166,1.00,1.00
2016.12.23 08:07:07.090,1.51137,1.51167,1.00,1.50
2016.12.23 08:07:07.603,1.51137,1.51166,1.00,1.00
2016.12.23 08:07:08.531,1.51137,1.51166,1.00,1.00
2016.12.23 08:07:09.153,1.51137,1.51166,1.00,1.00
2016.12.23 08:07:09.462,1.51138,1.5117,1.00,1.97
2016.12.23 08:07:10.472,1.51139,1.5117,1.00,1.97
2016.12.23 08:07:10.523,1.51139,1.51168,1.00,1.72
2016.12.23 08:07:11.134,1.51139,1.51166,1.00,1.00
2016.12.23 08:07:12.665,1.51135,1.51166,1.00,1.50
2016.12.23 08:07:13.862,1.51135,1.51166,1.00,1.50
2016.12.23 08:07:15.117,1.51135,1.51166,1.00,1.00
2016.12.23 08:07:16.650,1.51136,1.51166,1.00,1.37
2016.12.23 08:07:17.030,1.51139,1.5117,1.00,1.37
2016.12.23 08:07:17.080,1.51139,1.51171,1.00,1.00
2016.12.23 08:07:17.131,1.51141,1.51171,1.00,1.37
2016.12.23 08:07:17.182,1.51141,1.51175,1.00,1.00
2016.12.23 08:07:17.283,1.51143,1.51175,1.00,1.00
2016.12.23 08:07:17.585,1.51143,1.51176,1.00,1.37
2016.12.23 08:07:18.135,1.51143,1.51176,1.00,1.37
2016.12.23 08:07:18.442,1.51146,1.51177,1.00,1.37
2016.12.23 08:07:18.745,1.51155,1.51179,1.00,1.37
2016.12.23 08:07:18.795,1.51155,1.51186,1.00,2.47
2016.12.23 08:07:18.846,1.51155,1.51186,1.00,2.10
2016.12.23 08:07:18.947,1.51155,1.51176,1.00,1.00
2016.12.23 08:07:19.299,1.51153,1.51176,1.00,1.00
2016.12.23 08:07:19.474,1.51153,1.51181,1.00,1.00
2016.12.23 08:07:19.576,1.51153,1.51184,1.00,1.00
2016.12.23 08:07:20.117,1.51153,1.51185,1.00,1.00
2016.12.23 08:07:20.319,1.51154,1.51185,1.00,1.00
2016.12.23 08:07:20.883,1.51154,1.51185,1.00,1.50
2016.12.23 08:07:21.180,1.51154,1.51185,1.00,1.50
2016.12.23 08:07:23.901,1.51154,1.51185,1.00,1.00
2016.12.23 08:07:24.254,1.51154,1.51186,1.00,1.50
2016.12.23 08:07:24.305,1.51154,1.51184,1.00,1.50
2016.12.23 08:07:24.637,1.51154,1.51181,1.00,1.00
2016.12.23 08:07:24.688,1.51154,1.51183,1.00,1.00
2016.12.23 08:07:24.789,1.51154,1.51177,1.00,1.00
2016.12.23 08:07:25.301,1.51154,1.51177,1.00,1.00
2016.12.23 08:07:28.811,1.51154,1.51182,1.00,1.00
2016.12.23 08:07:29.214,1.51154,1.51184,1.00,1.12
2016.12.23 08:07:29.719,1.51154,1.51184,1.00,1.12
2016.12.23 08:07:29.920,1.51154,1.51182,1.00,1.00
2016.12.23 08:07:30.490,1.51154,1.51183,1.00,1.00
2016.12.23 08:07:31.021,1.51154,1.51183,1.00,1.50
2016.12.23 08:07:31.608,1.51154,1.51182,1.00,1.00
2016.12.23 08:07:31.659,1.51154,1.51177,1.00,1.00
2016.12.23 08:07:32.153,1.51154,1.51177,1.00,1.00
2016.12.23 08:07:36.423,1.51154,1.51184,1.00,1.00
2016.12.23 08:07:36.474,1.51154,1.51184,1.00,1.00
2016.12.23 08:07:37.173,1.51154,1.51185,1.00,1.00
2016.12.23 08:07:38.134,1.51154,1.51185,1.00,1.00
2016.12.23 08:07:44.145,1.51154,1.51186,1.00,3.37
2016.12.23 08:07:44.347,1.51154,1.51185,1.00,1.50
2016.12.23 08:07:45.133,1.51154,1.51183,1.00,1.00
2016.12.23 08:07:49.486,1.51154,1.51183,1.00,1.00
2016.12.23 08:07:51.201,1.51154,1.51183,1.00,1.00
2016.12.23 08:07:51.925,1.51154,1.51184,1.00,1.00
2016.12.23 08:07:52.940,1.51154,1.51184,1.00,1.00
2016.12.23 08:07:53.296,1.51159,1.51185,1.00,1.00
2016.12.23 08:07:53.843,1.51159,1.51185,1.00,1.00
2016.12.23 08:07:54.377,1.51159,1.51186,1.00,1.12
2016.12.23 08:07:54.920,1.51159,1.51185,1.00,1.00
2016.12.23 08:07:55.470,1.51159,1.51186,1.00,1.12
2016.12.23 08:07:55.992,1.51159,1.51185,1.00,1.00
2016.12.23 08:07:56.824,1.51159,1.51186,1.00,1.00
2016.12.23 08:07:57.598,1.51159,1.51185,1.00,1.00
2016.12.23 08:07:58.589,1.51159,1.51186,1.00,1.00
2016.12.23 08:07:59.621,1.51159,1.51186,1.00,1.00
2016.12.23 08:08:00.729,1.51159,1.51186,1.00,1.00
2016.12.23 08:08:01.522,1.51159,1.51185,1.00,1.00
2016.12.23 08:08:02.389,1.51159,1.51186,1.00,1.12
2016.12.23 08:08:03.475,1.51159,1.51185,1.00,1.00
2016.12.23 08:08:04.473,1.51159,1.51186,1.00,1.00
2016.12.23 08:08:05.072,1.51159,1.51185,1.00,1.00
2016.12.23 08:08:05.883,1.51159,1.51186,1.00,1.00
2016.12.23 08:08:06.402,1.51159,1.51185,1.00,1.00
2016.12.23 08:08:06.940,1.51159,1.51185,1.00,1.00
2016.12.23 08:08:07.113,1.51158,1.51185,1.00,1.00
2016.12.23 08:08:07.164,1.51156,1.51185,1.00,1.00
2016.12.23 08:08:07.265,1.51156,1.51183,1.00,1.00
2016.12.23 08:08:07.466,1.51153,1.51182,1.00,1.00
2016.12.23 08:08:07.925,1.51153,1.51182,1.00,1.00
2016.12.23 08:08:08.250,1.5116,1.51186,1.00,1.87
2016.12.23 08:08:08.552,1.51163,1.51186,1.00,1.00
2016.12.23 08:08:08.986,1.51163,1.51186,1.00,1.00
2016.12.23 08:08:10.268,1.51163,1.51185,1.00,1.00
2016.12.23 08:08:10.804,1.51163,1.51186,1.00,1.00
2016.12.23 08:08:11.339,1.51163,1.51185,1.00,1.00
2016.12.23 08:08:11.906,1.51163,1.51185,1.00,1.00
2016.12.23 08:08:13.612,1.51162,1.51185,1.00,1.00
2016.12.23 08:08:13.663,1.5116,1.51186,1.00,1.00
2016.12.23 08:08:13.764,1.5116,1.51185,1.00,1.00
2016.12.23 08:08:13.933,1.5116,1.51189,1.00,1.00
2016.12.23 08:08:14.547,1.5116,1.5119,1.00,1.50
2016.12.23 08:08:15.103,1.5116,1.5119,1.00,1.00
2016.12.23 08:08:15.649,1.5116,1.5119,1.00,1.00
2016.12.23 08:08:17.786,1.5116,1.5119,1.00,1.00
2016.12.23 08:08:18.838,1.5116,1.51191,1.00,1.00
2016.12.23 08:08:19.161,1.51162,1.5119,1.00,1.00
2016.12.23 08:08:19.600,1.51162,1.5119,1.00,1.00
2016.12.23 08:08:19.902,1.51162,1.51191,1.00,1.00
2016.12.23 08:08:20.421,1.51163,1.51191,1.00,1.00
2016.12.23 08:08:21.964,1.51163,1.5119,1.00,1.00
2016.12.23 08:08:24.890,1.51163,1.5119,1.00,1.00
2016.12.23 08:08:26.010,1.51163,1.51191,1.00,1.00
2016.12.23 08:08:26.555,1.51163,1.5119,1.00,1.00
2016.12.23 08:08:28.625,1.51163,1.51191,1.00,1.00
2016.12.23 08:08:29.239,1.51163,1.51191,1.00,1.00
2016.12.23 08:08:29.938,1.51163,1.51191,1.00,1.00
2016.12.23 08:08:30.930,1.51163,1.5119,1.00,1.00
2016.12.23 08:08:32.420,1.51163,1.51191,1.00,1.00
2016.12.23 08:08:33.119,1.51163,1.5119,1.00,1.00
2016.12.23 08:08:33.431,1.51167,1.5119,1.00,1.00
2016.12.23 08:08:33.737,1.5117,1.5119,1.00,1.00
2016.12.23 08:08:34.420,1.5117,1.51191,1.00,1.00
2016.12.23 08:08:35.060,1.5117,1.5119,1.00,1.00
2016.12.23 08:08:37.541,1.51171,1.5119,1.00,1.00
2016.12.23 08:08:37.817,1.51171,1.5119,1.00,1.00
2016.12.23 08:08:39.902,1.51171,1.5119,1.00,1.00
2016.12.23 08:08:41.801,1.51171,1.51191,1.00,1.00
2016.12.23 08:08:42.744,1.51171,1.5119,1.00,1.00
2016.12.23 08:08:44.462,1.51171,1.5119,1.00,1.00
2016.12.23 08:08:44.513,1.51171,1.5119,1.00,1.00
2016.12.23 08:08:44.564,1.51171,1.51191,1.00,1.00
2016.12.23 08:08:44.716,1.51171,1.5119,1.00,1.00
2016.12.23 08:08:44.767,1.51171,1.51185,1.00,1.00
2016.12.23 08:08:44.818,1.51171,1.5119,1.00,1.00
2016.12.23 08:08:46.471,1.5117,1.5119,1.00,1.00
2016.12.23 08:08:46.690,1.51169,1.51185,1.00,1.00
2016.12.23 08:08:46.791,1.51169,1.51191,1.00,1.00
2016.12.23 08:08:47.059,1.51168,1.51185,1.00,1.00
2016.12.23 08:08:48.601,1.51167,1.51185,1.00,1.00
2016.12.23 08:08:49.328,1.51167,1.51186,1.00,1.00
2016.12.23 08:08:50.328,1.51165,1.51186,1.00,1.00
2016.12.23 08:08:51.692,1.51165,1.51186,1.00,1.00
2016.12.23 08:08:52.234,1.51165,1.51185,1.00,1.00
2016.12.23 08:08:53.131,1.51165,1.51186,1.00,1.00
2016.12.23 08:08:53.181,1.51165,1.51191,1.00,1.00
2016.12.23 08:08:53.232,1.51165,1.51186,1.00,1.00
2016.12.23 08:08:53.283,1.51165,1.5119,1.00,1.00
2016.12.23 08:08:53.786,1.51165,1.51191,1.00,1.00
2016.12.23 08:08:54.094,1.51165,1.51185,1.00,1.00
2016.12.23 08:08:54.481,1.51165,1.51185,1.00,1.00
2016.12.23 08:08:55.030,1.51164,1.51186,1.00,1.00
2016.12.23 08:08:55.546,1.51164,1.51185,1.00,1.00
2016.12.23 08:08:56.252,1.51164,1.51186,1.00,1.00
2016.12.23 08:09:01.633,1.51164,1.51185,1.00,1.00
2016.12.23 08:09:02.253,1.51164,1.51186,1.00,1.00
2016.12.23 08:09:03.859,1.51164,1.51185,1.00,1.00
2016.12.23 08:09:04.466,1.51164,1.51186,1.00,1.00
2016.12.23 08:09:07.586,1.51164,1.51186,1.00,1.00
2016.12.23 08:09:08.620,1.51164,1.51185,1.00,1.00
2016.12.23 08:09:09.980,1.51164,1.51185,1.00,1.00
2016.12.23 08:09:18.107,1.51164,1.51185,1.00,1.00
2016.12.23 08:09:19.640,1.51164,1.51186,1.00,1.00
2016.12.23 08:09:20.111,1.5116,1.51185,1.00,1.00
2016.12.23 08:09:21.425,1.5116,1.51186,1.00,1.00
2016.12.23 08:09:21.762,1.5116,1.51185,1.00,1.00
2016.12.23 08:09:22.616,1.5116,1.51185,1.00,1.00
2016.12.23 08:09:24.941,1.51157,1.51185,1.00,1.00
2016.12.23 08:09:25.459,1.51156,1.51183,1.00,1.00
2016.12.23 08:09:26.110,1.51155,1.51183,1.00,1.00
2016.12.23 08:09:26.611,1.51155,1.51184,1.00,1.12
2016.12.23 08:09:27.494,1.51151,1.51179,1.00,1.00
2016.12.23 08:09:27.656,1.51149,1.51179,1.00,1.00
2016.12.23 08:09:27.757,1.51148,1.51176,1.00,1.00
2016.12.23 08:09:27.808,1.51148,1.51179,1.00,1.00
2016.12.23 08:09:28.061,1.51148,1.51177,1.00,1.00
2016.12.23 08:09:28.364,1.51146,1.51173,1.00,1.00
2016.12.23 08:09:28.870,1.51146,1.51174,1.00,1.00
2016.12.23 08:09:29.781,1.51145,1.51174,1.00,1.00
2016.12.23 08:09:30.601,1.51145,1.51173,1.00,1.00
2016.12.23 08:09:31.321,1.51145,1.51175,1.00,1.00
2016.12.23 08:09:31.920,1.51145,1.51174,1.00,1.00
2016.12.23 08:09:32.967,1.51145,1.51173,1.00,1.00
2016.12.23 08:09:33.675,1.51145,1.51172,1.00,1.00
2016.12.23 08:09:37.942,1.51145,1.51172,1.00,1.12
2016.12.23 08:09:38.244,1.51148,1.51179,1.00,1.12
2016.12.23 08:09:38.593,1.51148,1.51179,1.00,1.87
2016.12.23 08:09:38.750,1.51148,1.51179,1.00,1.87
2016.12.23 08:09:40.008,1.51148,1.51179,1.00,1.87
2016.12.23 08:09:40.649,1.51148,1.51179,1.00,1.87
2016.12.23 08:09:41.196,1.51148,1.51177,1.00,1.00
2016.12.23 08:09:41.247,1.51146,1.51174,1.00,1.00
2016.12.23 08:09:41.650,1.51146,1.51175,1.00,1.00
2016.12.23 08:09:42.192,1.51146,1.51175,1.00,1.00
2016.12.23 08:09:42.760,1.51146,1.51177,1.00,1.37
2016.12.23 08:09:43.244,1.51146,1.51178,1.00,1.00
2016.12.23 08:09:44.110,1.51146,1.51179,1.00,1.87
2016.12.23 08:09:44.549,1.51147,1.51179,1.00,1.87
2016.12.23 08:09:45.104,1.51147,1.51179,1.00,1.87
2016.12.23 08:09:47.099,1.51147,1.51179,1.00,1.87
2016.12.23 08:09:47.866,1.51149,1.51179,1.00,1.00
2016.12.23 08:09:47.967,1.51149,1.51181,1.00,1.00
2016.12.23 08:09:48.018,1.51149,1.5118,1.00,1.00
2016.12.23 08:09:48.069,1.51149,1.51178,1.00,1.00
2016.12.23 08:09:48.617,1.51149,1.51179,1.00,1.00
2016.12.23 08:09:49.718,1.51149,1.51179,1.00,1.50
2016.12.23 08:09:50.021,1.51159,1.51186,1.00,1.00
2016.12.23 08:09:50.614,1.51159,1.51187,1.00,1.00
2016.12.23 08:09:50.819,1.51159,1.51186,1.00,1.00
2016.12.23 08:09:51.013,1.5116,1.51187,1.00,1.00
2016.12.23 08:09:51.567,1.5116,1.5119,1.00,1.37
2016.12.23 08:09:51.743,1.5116,1.51186,1.00,1.00
2016.12.23 08:09:51.898,1.5116,1.51186,1.00,1.00
2016.12.23 08:09:51.999,1.51159,1.51186,1.00,1.50
2016.12.23 08:09:52.595,1.51158,1.51186,1.00,1.87
2016.12.23 08:09:54.700,1.51158,1.51183,1.00,1.00
2016.12.23 08:09:55.665,1.51158,1.51185,1.00,1.87
2016.12.23 08:09:57.165,1.51158,1.51185,1.00,1.12
2016.12.23 08:09:57.266,1.51159,1.51185,1.00,1.00
2016.12.23 08:09:58.550,1.51159,1.51186,1.00,1.00
2016.12.23 08:10:00.398,1.5116,1.51186,1.00,1.00
2016.12.23 08:10:01.016,1.51161,1.51185,1.00,1.00
2016.12.23 08:10:02.882,1.51161,1.51186,1.00,1.00
2016.12.23 08:10:03.404,1.51161,1.51186,1.00,1.00
2016.12.23 08:10:03.455,1.51161,1.51186,1.00,1.00
2016.12.23 08:10:04.117,1.51161,1.51185,1.00,1.00
2016.12.23 08:10:04.355,1.51161,1.51185,1.00,1.00
2016.12.23 08:10:11.147,1.51161,1.51183,1.00,1.00
2016.12.23 08:10:11.631,1.51161,1.51185,1.00,1.50
2016.12.23 08:10:17.562,1.5116,1.51185,1.00,1.87
2016.12.23 08:10:18.562,1.5116,1.51185,1.00,1.87
2016.12.23 08:10:18.840,1.51157,1.51183,1.00,1.00
2016.12.23 08:10:18.943,1.51157,1.51183,1.00,1.00
2016.12.23 08:10:18.994,1.51157,1.51183,1.00,1.00
2016.12.23 08:10:19.721,1.51157,1.51181,1.00,1.00
2016.12.23 08:10:20.961,1.51157,1.51179,1.00,1.00
2016.12.23 08:10:21.276,1.51156,1.51179,1.00,1.00
2016.12.23 08:10:21.439,1.51152,1.51179,1.00,1.00
2016.12.23 08:10:21.540,1.51152,1.51177,1.00,1.00
2016.12.23 08:10:22.080,1.51152,1.51178,1.00,1.00
2016.12.23 08:10:22.692,1.51152,1.51177,1.00,1.00
2016.12.23 08:10:22.743,1.51152,1.5118,1.00,1.00
2016.12.23 08:10:23.067,1.51152,1.51177,1.00,1.12
2016.12.23 08:10:23.468,1.51152,1.51175,1.00,1.00
2016.12.23 08:10:23.570,1.51152,1.51177,1.00,1.00
2016.12.23 08:10:23.805,1.51152,1.51175,1.00,1.00
2016.12.23 08:10:24.026,1.51152,1.51179,1.00,1.00
2016.12.23 08:10:24.327,1.51152,1.51179,1.00,1.00
2016.12.23 08:10:24.899,1.51152,1.51178,1.00,1.00
2016.12.23 08:10:25.788,1.51152,1.51179,1.00,1.00
2016.12.23 08:10:26.302,1.51151,1.51179,1.00,1.00
2016.12.23 08:10:27.480,1.51151,1.51177,1.00,1.00
2016.12.23 08:10:28.911,1.5115,1.51177,1.00,1.00
2016.12.23 08:10:33.009,1.51149,1.51177,1.00,1.00
2016.12.23 08:10:33.316,1.51149,1.51175,1.00,1.00
2016.12.23 08:10:33.911,1.51147,1.51173,1.00,1.00
2016.12.23 08:10:34.113,1.51144,1.51173,1.00,1.00
2016.12.23 08:10:34.164,1.51144,1.5117,1.00,1.00
2016.12.23 08:10:34.466,1.51144,1.51172,1.00,1.00
2016.12.23 08:10:34.795,1.51144,1.51172,1.00,1.37
2016.12.23 08:10:34.846,1.51144,1.5117,1.00,1.00
2016.12.23 08:10:35.166,1.51144,1.51167,1.00,1.00
2016.12.23 08:10:35.216,1.51142,1.51167,1.00,1.00
2016.12.23 08:10:35.765,1.51141,1.51166,1.00,1.00
2016.12.23 08:10:36.335,1.51141,1.51166,1.00,1.37
2016.12.23 08:10:36.796,1.51139,1.51166,1.00,1.00
2016.12.23 08:10:37.231,1.51137,1.51165,1.00,1.00
2016.12.23 08:10:37.282,1.51137,1.51162,1.00,1.00
2016.12.23 08:10:37.433,1.51135,1.51161,1.00,1.00
2016.12.23 08:10:37.484,1.51135,1.51159,1.00,1.00
2016.12.23 08:10:39.113,1.51135,1.51159,1.00,1.37
2016.12.23 08:10:39.164,1.51129,1.51159,1.00,1.87
2016.12.23 08:10:39.794,1.51128,1.51153,1.00,1.12
2016.12.23 08:10:39.845,1.51128,1.51153,1.00,1.37
2016.12.23 08:10:39.896,1.51128,1.51153,1.00,1.12
2016.12.23 08:10:40.190,1.51128,1.51154,1.00,1.00
2016.12.23 08:10:40.291,1.51128,1.51156,1.00,1.12
2016.12.23 08:10:40.746,1.51129,1.51157,1.00,1.37
2016.12.23 08:10:40.847,1.51129,1.51157,1.00,1.37
2016.12.23 08:10:41.214,1.51129,1.51159,1.00,1.37
2016.12.23 08:10:41.537,1.51131,1.5116,1.00,1.37
2016.12.23 08:10:42.089,1.51131,1.5116,1.00,1.37
2016.12.23 08:10:42.361,1.51131,1.5116,1.00,1.00
2016.12.23 08:10:42.412,1.51136,1.5116,1.00,1.00
2016.12.23 08:10:42.462,1.51137,1.51165,1.00,1.37
2016.12.23 08:10:42.513,1.51139,1.51165,1.00,1.00
2016.12.23 08:10:42.564,1.5114,1.5117,1.00,1.50
2016.12.23 08:10:42.832,1.51143,1.5117,1.00,1.00
2016.12.23 08:10:43.085,1.51143,1.51172,1.00,1.12
2016.12.23 08:10:43.249,1.51143,1.51175,1.00,1.87
2016.12.23 08:10:43.755,1.51143,1.51174,1.00,1.37
2016.12.23 08:10:44.007,1.51143,1.51172,1.00,1.37
2016.12.23 08:10:44.575,1.51143,1.51172,1.00,1.50
2016.12.23 08:10:45.045,1.51143,1.51172,1.00,1.50
2016.12.23 08:10:45.646,1.51143,1.51172,1.00,1.37
2016.12.23 08:10:45.697,1.51142,1.5117,1.00,1.37
2016.12.23 08:10:45.748,1.51136,1.51168,1.00,1.50
2016.12.23 08:10:45.800,1.51135,1.51165,1.00,1.37
2016.12.23 08:10:46.126,1.51135,1.5116,1.00,1.00
2016.12.23 08:10:46.773,1.51134,1.5116,1.00,1.00
2016.12.23 08:10:47.099,1.51134,1.51161,1.00,1.37
2016.12.23 08:10:47.662,1.51134,1.51162,1.00,1.87
2016.12.23 08:10:48.401,1.51134,1.51159,1.00,1.37
2016.12.23 08:10:48.452,1.51132,1.51159,1.00,1.37
2016.12.23 08:10:48.903,1.51132,1.51159,1.00,1.37
2016.12.23 08:10:49.004,1.51134,1.51164,1.00,1.37
2016.12.23 08:10:49.150,1.51134,1.51167,1.00,1.50
2016.12.23 08:10:49.352,1.51134,1.51166,1.00,1.37
2016.12.23 08:10:49.857,1.51137,1.51169,1.00,1.87
2016.12.23 08:10:49.908,1.51137,1.51169,1.00,2.62
2016.12.23 08:10:50.210,1.51137,1.51167,1.00,3.00
2016.12.23 08:10:50.261,1.51135,1.51162,1.00,1.50
2016.12.23 08:10:50.412,1.51135,1.51162,1.00,1.37
2016.12.23 08:10:50.738,1.51139,1.51167,1.00,1.87
2016.12.23 08:10:50.789,1.51139,1.51168,1.00,1.12
2016.12.23 08:10:50.839,1.51139,1.51166,1.00,1.37
2016.12.23 08:10:51.141,1.51144,1.51174,1.00,1.37
2016.12.23 08:10:51.715,1.51144,1.51174,1.00,1.87
2016.12.23 08:10:52.178,1.51142,1.51172,1.00,1.37
2016.12.23 08:10:52.431,1.51142,1.51169,1.00,1.00
2016.12.23 08:10:52.532,1.51142,1.51172,1.00,1.00
2016.12.23 08:10:52.633,1.51142,1.51175,1.00,1.50
2016.12.23 08:10:53.007,1.51148,1.51177,1.00,1.37
2016.12.23 08:10:53.158,1.51148,1.51182,1.00,1.75
2016.12.23 08:10:53.209,1.51148,1.51181,1.00,1.75
2016.12.23 08:10:53.410,1.51148,1.51181,1.00,1.37
2016.12.23 08:10:53.713,1.5115,1.51182,1.00,1.50
2016.12.23 08:10:53.969,1.5115,1.51183,1.00,1.75
2016.12.23 08:10:54.134,1.5115,1.51182,1.00,1.50
2016.12.23 08:10:54.235,1.5115,1.51183,1.00,1.00
2016.12.23 08:10:54.336,1.5115,1.51183,1.00,1.37
2016.12.23 08:10:54.386,1.5115,1.51183,1.00,1.00
2016.12.23 08:10:54.487,1.5115,1.51181,1.00,1.00
2016.12.23 08:10:54.625,1.51149,1.51177,1.00,1.00
2016.12.23 08:10:54.726,1.51148,1.51176,1.00,1.37
2016.12.23 08:10:55.038,1.51148,1.51176,1.00,1.75
2016.12.23 08:10:55.540,1.51148,1.51176,1.00,1.75
2016.12.23 08:10:55.591,1.51146,1.51176,1.00,1.75
2016.12.23 08:10:55.642,1.51146,1.51176,1.00,1.75
2016.12.23 08:10:56.394,1.51146,1.51175,1.00,1.00
2016.12.23 08:10:56.953,1.51149,1.51175,1.00,1.00
2016.12.23 08:10:57.003,1.51149,1.51175,1.00,1.00
2016.12.23 08:10:57.054,1.51149,1.51178,1.00,1.12
2016.12.23 08:10:57.156,1.51146,1.51176,1.00,1.00
2016.12.23 08:10:57.257,1.51146,1.5117,1.00,1.12
2016.12.23 08:10:57.308,1.51141,1.5117,1.00,1.37
2016.12.23 08:10:57.409,1.51141,1.51167,1.00,1.00
2016.12.23 08:10:57.661,1.51141,1.51167,1.00,1.87
2016.12.23 08:10:58.215,1.51141,1.51167,1.00,1.37
2016.12.23 08:10:58.581,1.51142,1.51169,1.00,1.37
2016.12.23 08:10:59.116,1.51142,1.51172,1.00,1.75
2016.12.23 08:10:59.717,1.51142,1.51171,1.00,1.75
2016.12.23 08:10:59.837,1.51142,1.51169,1.00,1.37
2016.12.23 08:10:59.888,1.51142,1.51167,1.00,1.00
2016.12.23 08:10:59.939,1.51145,1.51172,1.00,1.12
2016.12.23 08:11:00.040,1.51145,1.51174,1.00,1.00
2016.12.23 08:11:00.241,1.51145,1.51171,1.00,1.00
2016.12.23 08:11:00.763,1.51145,1.51173,1.00,1.00
2016.12.23 08:11:00.864,1.51145,1.51171,1.00,1.00
2016.12.23 08:11:01.267,1.51144,1.51168,1.00,1.00
2016.12.23 08:11:01.631,1.51144,1.5117,1.50,1.00
2016.12.23 08:11:01.732,1.51144,1.51168,1.00,1.00
2016.12.23 08:11:01.994,1.51144,1.51171,1.00,1.00
2016.12.23 08:11:02.364,1.51144,1.51169,1.00,1.37
2016.12.23 08:11:02.939,1.51144,1.51169,1.00,1.37
2016.12.23 08:11:03.306,1.51144,1.51169,1.00,1.12
2016.12.23 08:11:03.357,1.51144,1.51172,1.00,1.00
2016.12.23 08:11:03.458,1.51146,1.51176,1.00,1.50
2016.12.23 08:11:03.673,1.51146,1.51179,1.00,1.00
2016.12.23 08:11:03.894,1.51146,1.51179,1.00,1.37
2016.12.23 08:11:04.423,1.51146,1.51176,1.00,1.00
2016.12.23 08:11:05.051,1.51146,1.51175,1.00,1.12
2016.12.23 08:11:05.240,1.51145,1.51173,1.00,1.00
2016.12.23 08:11:06.348,1.51145,1.51172,1.00,1.00
2016.12.23 08:11:06.682,1.51146,1.51173,1.00,1.00
2016.12.23 08:11:06.884,1.51149,1.51179,1.00,1.37
2016.12.23 08:11:07.205,1.51149,1.51179,1.00,1.00
2016.12.23 08:11:07.470,1.51148,1.51179,1.00,1.00
2016.12.23 08:11:07.571,1.51148,1.51177,1.00,1.00
2016.12.23 08:11:07.879,1.51148,1.51177,1.00,1.37
2016.12.23 08:11:07.980,1.51148,1.51178,1.00,1.00
2016.12.23 08:11:08.081,1.5115,1.5118,1.00,1.00
2016.12.23 08:11:08.132,1.5115,1.5118,1.00,1.00
2016.12.23 08:11:08.233,1.5115,1.51178,1.00,1.00
2016.12.23 08:11:08.639,1.5115,1.51176,1.00,1.00
2016.12.23 08:11:10.272,1.5115,1.51176,1.00,1.00
2016.12.23 08:11:10.373,1.51151,1.5118,1.00,1.12
2016.12.23 08:11:10.474,1.51151,1.51182,1.00,1.00
2016.12.23 08:11:11.297,1.51153,1.51182,1.00,1.00
2016.12.23 08:11:12.638,1.51153,1.5118,1.00,1.00
2016.12.23 08:11:13.607,1.51153,1.5118,1.00,1.00
2016.12.23 08:11:14.145,1.51153,1.51181,1.00,1.00
2016.12.23 08:11:15.173,1.51154,1.51181,1.00,1.00
2016.12.23 08:11:15.324,1.51156,1.51185,1.00,1.50
2016.12.23 08:11:15.873,1.51157,1.51184,1.00,1.00
2016.12.23 08:11:15.974,1.51161,1.51184,1.00,1.00
2016.12.23 08:11:16.074,1.51161,1.51186,1.00,1.50
2016.12.23 08:11:16.905,1.51161,1.51186,1.00,1.00
2016.12.23 08:11:17.733,1.51161,1.51185,1.00,1.00
2016.12.23 08:11:20.866,1.5116,1.51185,1.00,1.50
2016.12.23 08:11:21.067,1.5116,1.51182,1.00,1.00
2016.12.23 08:11:21.395,1.5116,1.51184,1.00,1.00
2016.12.23 08:11:22.027,1.5116,1.51185,1.00,1.50
2016.12.23 08:11:22.699,1.5116,1.51185,1.00,1.50
2016.12.23 08:11:23.192,1.5116,1.51185,1.00,1.50
2016.12.23 08:11:23.883,1.5116,1.51185,1.00,1.00
2016.12.23 08:11:25.154,1.5116,1.51186,1.00,1.00
2016.12.23 08:11:25.477,1.51164,1.51186,1.00,1.00
2016.12.23 08:11:26.144,1.51164,1.51185,1.00,1.00
2016.12.23 08:11:26.195,1.51164,1.51185,1.00,1.00
2016.12.23 08:11:28.997,1.51164,1.51185,1.00,1.00
2016.12.23 08:11:29.250,1.51164,1.5119,1.00,1.50
2016.12.23 08:11:29.812,1.51164,1.51185,1.00,1.00
2016.12.23 08:11:31.013,1.51164,1.51185,1.00,1.00
2016.12.23 08:11:33.376,1.51164,1.51185,1.00,1.00
2016.12.23 08:11:35.348,1.51164,1.51185,1.00,1.00
2016.12.23 08:11:36.515,1.51164,1.51185,1.00,1.00
2016.12.23 08:11:37.884,1.51164,1.51185,1.00,1.00
2016.12.23 08:11:38.499,1.51164,1.51185,1.00,1.00
2016.12.23 08:11:38.600,1.51164,1.51186,1.00,1.00
2016.12.23 08:11:38.852,1.51166,1.51185,1.00,1.00
2016.12.23 08:11:39.529,1.51167,1.51185,1.00,1.00
2016.12.23 08:11:39.842,1.51167,1.51186,1.00,1.00
2016.12.23 08:11:40.257,1.51168,1.5119,1.00,1.00
2016.12.23 08:11:40.679,1.51168,1.51185,1.00,1.00
2016.12.23 08:11:43.493,1.51168,1.51186,1.00,1.00
2016.12.23 08:11:44.030,1.51168,1.51186,1.00,1.00
2016.12.23 08:11:44.131,1.51168,1.51186,1.00,1.00
2016.12.23 08:11:44.788,1.51168,1.51186,1.00,1.00
2016.12.23 08:11:45.815,1.51168,1.51186,1.00,1.00
2016.12.23 08:11:46.067,1.51168,1.51185,1.00,1.00
2016.12.23 08:11:46.328,1.51168,1.51185,1.00,1.00
2016.12.23 08:11:46.379,1.51167,1.51186,1.00,1.00
2016.12.23 08:11:46.581,1.51168,1.51186,1.00,1.00
2016.12.23 08:11:47.107,1.51168,1.51185,1.00,1.00
2016.12.23 08:11:47.531,1.51168,1.51185,1.00,1.00
2016.12.23 08:11:47.582,1.51168,1.51185,1.00,1.00
2016.12.23 08:11:48.425,1.51166,1.51185,1.00,1.00
2016.12.23 08:11:48.997,1.51166,1.51186,1.00,1.00
2016.12.23 08:11:49.510,1.51166,1.51185,1.00,1.00
2016.12.23 08:11:49.560,1.51166,1.51185,1.00,1.00
2016.12.23 08:11:51.771,1.51166,1.51185,1.00,1.00
2016.12.23 08:11:53.107,1.51166,1.51186,1.00,1.00
2016.12.23 08:11:53.403,1.51165,1.51186,1.00,1.00
2016.12.23 08:11:58.567,1.51165,1.51186,1.00,1.00
2016.12.23 08:11:58.807,1.51165,1.51186,1.00,1.00
2016.12.23 08:11:58.858,1.51163,1.51186,1.00,1.00
2016.12.23 08:11:58.959,1.51163,1.51185,1.00,1.00
2016.12.23 08:11:59.753,1.51163,1.51186,1.00,1.00
2016.12.23 08:11:59.905,1.51163,1.5119,1.00,1.00
2016.12.23 08:12:00.057,1.51163,1.51185,1.00,1.00
2016.12.23 08:12:00.360,1.51169,1.51191,1.00,1.00
2016.12.23 08:12:00.523,1.51169,1.5119,1.00,1.00
2016.12.23 08:12:00.725,1.51169,1.51186,1.00,1.00
2016.12.23 08:12:01.019,1.51166,1.51185,1.00,1.00
2016.12.23 08:12:01.404,1.51166,1.51185,1.00,1.00
2016.12.23 08:12:01.775,1.51166,1.51191,1.00,1.00
2016.12.23 08:12:03.506,1.51166,1.51185,1.00,1.00
2016.12.23 08:12:03.937,1.51166,1.51191,1.00,1.00
2016.12.23 08:12:05.167,1.51166,1.51191,1.00,1.00
2016.12.23 08:12:05.561,1.51166,1.51185,1.00,1.00
2016.12.23 08:12:06.212,1.51166,1.51185,1.00,1.00
2016.12.23 08:12:06.744,1.51166,1.51186,1.00,1.00
2016.12.23 08:12:07.032,1.51166,1.51186,1.00,1.00
2016.12.23 08:12:07.554,1.51166,1.51186,1.00,1.00
2016.12.23 08:12:08.121,1.51166,1.51185,1.00,1.00
2016.12.23 08:12:09.381,1.51163,1.51185,1.00,1.00
2016.12.23 08:12:09.482,1.51161,1.51186,1.00,1.00
2016.12.23 08:12:10.060,1.51161,1.51185,1.00,1.00
2016.12.23 08:12:11.162,1.51161,1.51185,1.00,1.00
2016.12.23 08:12:11.263,1.51161,1.51185,1.00,1.00
2016.12.23 08:12:11.566,1.51167,1.51185,1.00,1.00
2016.12.23 08:12:12.297,1.51167,1.51185,1.00,1.00
2016.12.23 08:12:13.329,1.51167,1.51185,1.00,1.00
2016.12.23 08:12:14.227,1.51165,1.51185,1.00,1.00
2016.12.23 08:12:14.328,1.51165,1.51185,1.00,1.00
2016.12.23 08:12:15.442,1.51165,1.51185,1.00,1.00
2016.12.23 08:12:15.718,1.51165,1.51185,1.00,1.00
2016.12.23 08:12:16.261,1.51165,1.51185,1.00,1.00
2016.12.23 08:12:16.672,1.51165,1.51185,1.00,1.00
2016.12.23 08:12:17.444,1.51165,1.51186,1.00,1.00
2016.12.23 08:12:18.166,1.51165,1.51186,1.00,1.00
2016.12.23 08:12:22.139,1.51164,1.51186,1.00,1.00
2016.12.23 08:12:26.349,1.51164,1.51186,1.00,1.00
2016.12.23 08:12:26.661,1.51164,1.51185,1.00,1.00
2016.12.23 08:12:26.964,1.51165,1.51185,1.00,1.00
2016.12.23 08:12:27.216,1.51169,1.51191,1.00,1.00
2016.12.23 08:12:27.352,1.51169,1.51191,1.00,1.00
2016.12.23 08:12:28.008,1.51169,1.5119,1.00,1.00
2016.12.23 08:12:28.109,1.51169,1.51185,1.00,1.00
2016.12.23 08:12:28.869,1.51169,1.51185,1.00,1.00
2016.12.23 08:12:29.216,1.51169,1.51185,1.00,1.00
2016.12.23 08:12:32.696,1.51168,1.51185,1.00,1.00
2016.12.23 08:12:33.500,1.51167,1.51185,1.00,1.00
2016.12.23 08:12:34.447,1.51167,1.51186,1.00,1.00
2016.12.23 08:12:35.190,1.51165,1.51186,1.00,1.00
2016.12.23 08:12:35.291,1.51163,1.51186,1.00,1.00
2016.12.23 08:12:35.572,1.51163,1.51186,1.00,1.00
2016.12.23 08:12:36.109,1.51163,1.51185,1.00,1.00
2016.12.23 08:12:36.839,1.51163,1.51185,1.00,1.00
2016.12.23 08:12:38.006,1.51163,1.51185,1.00,1.00
2016.12.23 08:12:51.024,1.51166,1.51185,1.00,1.00
2016.12.23 08:12:51.337,1.51168,1.51185,1.00,1.00
2016.12.23 08:12:53.035,1.51168,1.51185,1.00,1.00
2016.12.23 08:12:54.178,1.51168,1.51186,1.00,1.00
2016.12.23 08:12:59.938,1.51168,1.51186,1.00,1.00
2016.12.23 08:13:00.847,1.51168,1.51186,1.00,1.00
2016.12.23 08:13:01.698,1.51168,1.51185,1.00,1.00
2016.12.23 08:13:02.124,1.5117,1.51185,1.00,1.00
2016.12.23 08:13:02.275,1.5117,1.51185,1.00,1.00
2016.12.23 08:13:02.527,1.5117,1.5119,1.50,1.00
2016.12.23 08:13:02.729,1.51172,1.51191,1.00,1.00
2016.12.23 08:13:02.846,1.51176,1.51205,1.00,1.37
2016.12.23 08:13:02.947,1.51176,1.51209,1.00,1.00
2016.12.23 08:13:03.004,1.51176,1.51207,1.00,1.00
2016.12.23 08:13:05.952,1.51178,1.5121,1.00,1.00
2016.12.23 08:13:06.574,1.51178,1.51207,1.00,1.00
2016.12.23 08:13:06.920,1.51178,1.51209,1.00,1.00
2016.12.23 08:13:11.090,1.51178,1.51209,1.00,1.00
2016.12.23 08:13:11.191,1.51177,1.51206,1.00,1.00
2016.12.23 08:13:11.588,1.51176,1.51204,1.00,1.00
2016.12.23 08:13:11.715,1.51176,1.51207,1.00,1.00
2016.12.23 08:13:12.078,1.51176,1.51207,1.00,1.00
2016.12.23 08:13:12.385,1.51177,1.51208,1.00,1.00
2016.12.23 08:13:12.527,1.51177,1.51208,1.00,1.00
2016.12.23 08:13:14.968,1.51177,1.51208,1.00,1.00
2016.12.23 08:13:15.614,1.51177,1.51206,1.00,1.00
2016.12.23 08:13:17.579,1.51181,1.51206,1.00,1.00
2016.12.23 08:13:17.731,1.51183,1.51214,1.00,1.00
2016.12.23 08:13:17.897,1.51188,1.51216,1.00,1.00
2016.12.23 08:13:17.948,1.51188,1.51216,1.00,1.00
2016.12.23 08:13:17.999,1.51188,1.51213,1.00,1.00
2016.12.23 08:13:18.302,1.51188,1.51215,1.00,1.00
2016.12.23 08:13:18.541,1.51188,1.51215,1.00,1.00
2016.12.23 08:13:18.592,1.51186,1.51215,1.00,1.00
2016.12.23 08:13:18.694,1.51186,1.51213,1.00,1.00
2016.12.23 08:13:19.198,1.51186,1.51212,1.00,1.00
2016.12.23 08:13:19.624,1.51186,1.51212,1.00,1.00
2016.12.23 08:13:19.827,1.51186,1.51215,1.00,1.00
2016.12.23 08:13:20.430,1.51186,1.51215,1.00,1.00
2016.12.23 08:13:22.023,1.51186,1.51215,1.00,1.00
2016.12.23 08:13:22.593,1.51186,1.51215,1.00,1.00
2016.12.23 08:13:23.109,1.51187,1.51214,1.00,1.00
2016.12.23 08:13:24.652,1.51188,1.51214,1.00,1.00
2016.12.23 08:13:25.154,1.51188,1.51215,1.00,1.00
2016.12.23 08:13:25.818,1.51188,1.51215,1.00,1.00
2016.12.23 08:13:26.567,1.51188,1.51215,1.00,1.00
2016.12.23 08:13:27.538,1.51188,1.51214,1.00,1.00
2016.12.23 08:13:28.377,1.51188,1.51214,1.00,1.00
2016.12.23 08:13:28.528,1.5119,1.51217,1.00,1.00
2016.12.23 08:13:28.579,1.5119,1.51217,1.00,1.00
2016.12.23 08:13:29.095,1.5119,1.51216,1.00,1.00
2016.12.23 08:13:29.333,1.5119,1.51216,1.00,1.00
2016.12.23 08:13:29.434,1.5119,1.51217,1.00,1.00
2016.12.23 08:13:29.901,1.5119,1.51215,1.00,1.00
2016.12.23 08:13:30.510,1.5119,1.51215,1.00,1.00
2016.12.23 08:13:30.712,1.5119,1.51217,1.00,1.00
2016.12.23 08:13:30.763,1.51189,1.51217,1.00,1.00
2016.12.23 08:13:31.224,1.51189,1.51215,1.00,1.00
2016.12.23 08:13:34.543,1.51185,1.51215,1.00,1.00
2016.12.23 08:13:34.644,1.51185,1.51211,1.00,1.00
2016.12.23 08:13:34.946,1.51185,1.51208,1.00,1.00
2016.12.23 08:13:35.114,1.51185,1.5121,1.00,1.00
2016.12.23 08:13:35.819,1.51185,1.5121,1.00,1.00
2016.12.23 08:13:36.083,1.51185,1.51213,1.00,1.00
2016.12.23 08:13:36.709,1.51185,1.51212,1.00,1.00
2016.12.23 08:13:42.130,1.51185,1.5121,1.00,1.00
2016.12.23 08:13:42.300,1.51185,1.5121,1.00,1.00
2016.12.23 08:13:43.027,1.51185,1.51209,1.00,1.00
2016.12.23 08:13:43.547,1.51185,1.51209,1.00,1.00
2016.12.23 08:13:45.727,1.51185,1.51207,1.00,1.00
2016.12.23 08:13:46.310,1.51185,1.51206,1.00,1.00
2016.12.23 08:13:47.914,1.51185,1.51209,1.00,1.00
2016.12.23 08:13:48.646,1.51185,1.51209,1.00,1.00
2016.12.23 08:13:51.127,1.51184,1.51209,1.00,1.00
2016.12.23 08:13:51.178,1.51182,1.51206,1.00,1.00
2016.12.23 08:13:52.607,1.51182,1.51206,1.00,1.00
2016.12.23 08:13:53.168,1.51182,1.51206,1.00,1.00
2016.12.23 08:13:54.067,1.51182,1.51206,1.00,1.00
2016.12.23 08:13:54.320,1.51182,1.51211,1.00,1.00
2016.12.23 08:13:54.371,1.51185,1.51211,1.00,1.00
2016.12.23 08:13:54.472,1.51186,1.51213,1.00,1.00
2016.12.23 08:13:54.624,1.51186,1.51212,1.00,1.00
2016.12.23 08:13:57.186,1.51186,1.51212,1.00,1.00
2016.12.23 08:13:58.248,1.51186,1.51212,1.00,1.00
2016.12.23 08:13:58.529,1.51186,1.51214,1.00,1.00
2016.12.23 08:14:03.446,1.51186,1.51214,1.00,1.00
2016.12.23 08:14:04.271,1.51186,1.51214,1.00,1.00
2016.12.23 08:14:04.792,1.51186,1.51214,1.00,1.00
2016.12.23 08:14:05.659,1.51186,1.51214,1.00,1.00
2016.12.23 08:14:07.422,1.51186,1.51214,1.00,1.00
2016.12.23 08:14:09.862,1.51181,1.5121,1.00,1.00
2016.12.23 08:14:09.912,1.51178,1.51207,1.00,1.00
2016.12.23 08:14:10.215,1.51178,1.51204,1.00,1.00
2016.12.23 08:14:10.517,1.51178,1.51206,1.00,1.00
2016.12.23 08:14:14.828,1.51179,1.51206,1.00,1.00
2016.12.23 08:14:14.929,1.51179,1.51206,1.00,1.00
2016.12.23 08:14:14.980,1.5118,1.51207,1.00,1.00
2016.12.23 08:14:15.081,1.5118,1.51207,1.00,1.00
2016.12.23 08:14:15.282,1.51179,1.51204,1.00,1.00
2016.12.23 08:14:15.980,1.51178,1.51204,1.00,1.00
2016.12.23 08:14:16.869,1.51176,1.51204,1.00,1.00
2016.12.23 08:14:17.001,1.51176,1.51204,1.00,1.00
2016.12.23 08:14:17.959,1.51176,1.51203,1.00,1.00
2016.12.23 08:14:18.348,1.51176,1.51185,1.00,1.00
2016.12.23 08:14:18.549,1.51176,1.51202,1.00,1.00
2016.12.23 08:14:18.650,1.51173,1.51185,1.00,1.00
2016.12.23 08:14:18.903,1.51164,1.51185,2.62,1.00
2016.12.23 08:14:19.049,1.51164,1.51203,2.62,1.00
2016.12.23 08:14:19.154,1.51164,1.51185,2.62,1.00
2016.12.23 08:14:19.859,1.51164,1.51185,2.62,1.00
2016.12.23 08:14:20.368,1.51168,1.51185,1.00,1.00
2016.12.23 08:14:20.618,1.51175,1.51203,1.00,1.00
2016.12.23 08:14:20.859,1.51176,1.51206,1.00,1.00
2016.12.23 08:14:21.041,1.51176,1.51206,1.00,1.00
2016.12.23 08:14:22.498,1.51176,1.51206,1.00,1.12
2016.12.23 08:14:23.754,1.51176,1.51206,1.00,1.12
2016.12.23 08:14:25.609,1.51176,1.51206,1.00,1.12
2016.12.23 08:14:29.611,1.51173,1.51206,1.00,1.87
2016.12.23 08:14:29.662,1.51173,1.51185,1.00,1.00
2016.12.23 08:14:30.116,1.51168,1.51186,1.00,1.00
2016.12.23 08:14:31.151,1.51167,1.51186,1.00,1.00
2016.12.23 08:14:31.765,1.51167,1.51185,1.00,1.00
2016.12.23 08:14:33.743,1.51167,1.51186,1.00,1.00
2016.12.23 08:14:36.395,1.51171,1.51186,1.00,1.00
2016.12.23 08:14:36.446,1.51171,1.51186,1.00,1.00
2016.12.23 08:14:36.567,1.51171,1.5119,1.00,1.00
2016.12.23 08:14:37.096,1.51171,1.51191,1.00,1.00
2016.12.23 08:14:37.268,1.51171,1.51185,1.00,1.00
2016.12.23 08:14:38.051,1.51171,1.51186,1.00,1.00
2016.12.23 08:14:40.639,1.51171,1.51186,1.00,1.00
2016.12.23 08:14:46.934,1.51171,1.51186,1.00,1.00
2016.12.23 08:14:47.777,1.51171,1.51186,1.00,1.00
2016.12.23 08:14:53.275,1.51171,1.51186,1.00,1.00
2016.12.23 08:14:55.064,1.51171,1.51186,1.00,1.00
2016.12.23 08:14:55.216,1.51171,1.51185,1.00,1.00
2016.12.23 08:14:55.417,1.51171,1.51185,1.00,1.00
2016.12.23 08:14:55.582,1.51171,1.51185,1.00,1.00
2016.12.23 08:14:56.348,1.51171,1.51186,1.00,1.00
2016.12.23 08:15:02.857,1.51171,1.51191,1.00,1.00
2016.12.23 08:15:05.253,1.5117,1.51191,1.00,1.00
2016.12.23 08:15:06.577,1.5117,1.5119,1.00,1.00
2016.12.23 08:15:07.877,1.5117,1.51185,1.00,1.00
2016.12.23 08:15:15.341,1.5117,1.51186,1.00,1.00
2016.12.23 08:15:16.039,1.5117,1.51185,1.00,1.00
2016.12.23 08:15:16.695,1.5117,1.51186,1.00,1.00
2016.12.23 08:15:18.736,1.5117,1.51185,1.00,1.00
2016.12.23 08:15:20.080,1.5117,1.51185,1.00,1.00
2016.12.23 08:15:21.329,1.5117,1.51186,1.00,1.00
2016.12.23 08:15:23.401,1.5117,1.51186,1.00,1.00
2016.12.23 08:15:29.737,1.51168,1.51186,1.00,1.00
2016.12.23 08:15:29.838,1.51168,1.51197,1.00,1.00
2016.12.23 08:15:29.939,1.51169,1.512,1.00,1.00
2016.12.23 08:15:30.040,1.51173,1.51205,1.00,1.00
2016.12.23 08:15:30.835,1.51173,1.51206,1.00,1.00
2016.12.23 08:15:33.079,1.51174,1.51206,1.00,1.00
2016.12.23 08:15:40.760,1.51176,1.51206,1.00,1.00
2016.12.23 08:15:43.990,1.51176,1.51206,1.00,1.00
2016.12.23 08:15:44.807,1.51176,1.51205,1.00,1.00
2016.12.23 08:15:45.432,1.51176,1.51205,1.00,1.00
2016.12.23 08:15:46.056,1.51176,1.51208,1.00,1.50
2016.12.23 08:15:49.213,1.51176,1.51208,1.00,1.50
2016.12.23 08:15:50.167,1.51176,1.51208,1.00,1.00
2016.12.23 08:15:51.324,1.51178,1.51208,1.00,1.00
2016.12.23 08:15:51.523,1.51181,1.51215,2.50,1.35
2016.12.23 08:15:51.577,1.51189,1.51223,1.00,1.00
2016.12.23 08:15:51.880,1.51189,1.51221,1.00,2.47
2016.12.23 08:15:52.302,1.51189,1.51217,1.00,1.00
2016.12.23 08:15:52.849,1.51188,1.51217,1.00,1.00
2016.12.23 08:15:53.579,1.51187,1.51216,1.00,1.00
2016.12.23 08:15:54.112,1.51187,1.51217,1.00,1.00
2016.12.23 08:15:55.798,1.51187,1.51217,1.00,1.00
2016.12.23 08:15:56.534,1.51185,1.51215,1.00,1.00
2016.12.23 08:15:56.917,1.51185,1.51216,1.00,1.00
2016.12.23 08:15:57.069,1.51185,1.51218,1.00,1.50
2016.12.23 08:15:57.321,1.51185,1.51216,1.00,1.00
2016.12.23 08:15:57.523,1.51185,1.51218,1.00,1.50
2016.12.23 08:15:57.573,1.51185,1.51216,1.00,1.00
2016.12.23 08:15:58.959,1.51185,1.51218,1.00,1.87
2016.12.23 08:15:59.134,1.51185,1.51218,1.00,1.87
2016.12.23 08:15:59.799,1.51185,1.51218,1.00,1.87
2016.12.23 08:15:59.849,1.51185,1.51216,1.00,1.50
2016.12.23 08:16:00.388,1.51185,1.51215,1.00,1.00
2016.12.23 08:16:00.489,1.51185,1.51217,1.00,1.12
2016.12.23 08:16:01.164,1.51185,1.51215,1.00,1.00
2016.12.23 08:16:01.265,1.51185,1.51215,1.00,1.00
2016.12.23 08:16:03.309,1.51174,1.51216,1.00,1.50
2016.12.23 08:16:05.726,1.51181,1.51215,1.00,1.00
2016.12.23 08:16:06.475,1.51182,1.51215,1.00,1.00
2016.12.23 08:16:06.973,1.51182,1.51216,1.00,1.50
2016.12.23 08:16:07.108,1.51185,1.51216,1.00,1.00
2016.12.23 08:16:07.948,1.51189,1.51217,1.00,1.00
2016.12.23 08:16:08.101,1.51189,1.51217,1.00,1.00
2016.12.23 08:16:08.152,1.51189,1.51217,1.00,1.50
2016.12.23 08:16:08.202,1.51187,1.51215,1.00,1.00
2016.12.23 08:16:08.505,1.51188,1.51218,1.00,1.00
2016.12.23 08:16:09.017,1.51188,1.51218,1.00,1.00
2016.12.23 08:16:09.169,1.51188,1.51218,1.00,1.00
2016.12.23 08:16:10.820,1.51188,1.51218,1.00,1.00
2016.12.23 08:16:11.222,1.51188,1.51218,1.00,1.00
2016.12.23 08:16:11.377,1.51188,1.5122,1.00,1.60
2016.12.23 08:16:11.679,1.51188,1.51218,1.00,1.00
2016.12.23 08:16:12.236,1.51188,1.51219,1.00,1.35
2016.12.23 08:16:14.612,1.51188,1.51218,1.00,1.00
2016.12.23 08:16:15.329,1.51188,1.51218,1.00,1.00
2016.12.23 08:16:15.917,1.51188,1.51218,1.00,1.00
2016.12.23 08:16:16.296,1.51188,1.51216,1.00,1.00
2016.12.23 08:16:16.837,1.51188,1.51215,1.00,1.00
2016.12.23 08:16:16.887,1.51188,1.51213,1.00,1.00
2016.12.23 08:16:17.041,1.51186,1.51213,1.00,1.00
2016.12.23 08:16:17.208,1.51186,1.51213,1.00,1.00
2016.12.23 08:16:17.309,1.51186,1.51215,1.00,1.00
2016.12.23 08:16:17.893,1.51186,1.51214,1.00,1.00
2016.12.23 08:16:20.615,1.51186,1.51211,1.00,1.00
2016.12.23 08:16:20.666,1.51185,1.51211,1.00,1.00
2016.12.23 08:16:21.237,1.51185,1.51211,1.00,1.00
2016.12.23 08:16:21.381,1.51185,1.51211,1.00,1.00
2016.12.23 08:16:21.533,1.51179,1.51208,1.00,1.00
2016.12.23 08:16:21.634,1.51179,1.51205,1.00,1.00
2016.12.23 08:16:21.737,1.51179,1.51211,1.00,1.60
2016.12.23 08:16:21.838,1.51179,1.51207,1.00,1.60
2016.12.23 08:16:21.889,1.51177,1.51207,1.00,2.10
2016.12.23 08:16:25.255,1.5118,1.51203,1.00,1.00
2016.12.23 08:16:25.306,1.5118,1.5121,1.00,1.00
2016.12.23 08:16:25.407,1.5118,1.51212,1.00,1.00
2016.12.23 08:16:26.096,1.5118,1.51215,1.00,2.47
2016.12.23 08:16:26.649,1.51181,1.51213,1.00,1.35
2016.12.23 08:16:30.357,1.51181,1.51213,1.00,1.35
2016.12.23 08:16:33.975,1.51181,1.51213,1.00,2.47
2016.12.23 08:16:34.118,1.51181,1.51213,1.00,2.47
2016.12.23 08:16:36.558,1.51185,1.51214,1.00,1.00
2016.12.23 08:16:36.609,1.51186,1.51221,1.00,2.47
2016.12.23 08:16:36.660,1.51186,1.51221,1.00,2.10
2016.12.23 08:16:38.517,1.51188,1.5122,1.00,1.00
2016.12.23 08:16:39.750,1.51189,1.51221,1.00,1.72
2016.12.23 08:16:40.581,1.51189,1.51221,1.00,1.72
2016.12.23 08:16:41.085,1.51189,1.5122,1.00,1.00
2016.12.23 08:16:41.620,1.51189,1.51221,1.00,2.47
2016.12.23 08:16:45.387,1.51189,1.51221,1.00,2.10
2016.12.23 08:16:49.046,1.51189,1.5122,1.00,1.00
2016.12.23 08:16:50.947,1.51189,1.51221,1.00,2.10
2016.12.23 08:16:51.048,1.51189,1.51218,1.00,1.00
2016.12.23 08:16:51.962,1.51189,1.51218,1.00,1.50
2016.12.23 08:16:53.346,1.51189,1.51217,1.00,1.00
2016.12.23 08:16:53.651,1.5119,1.51223,1.00,1.37
2016.12.23 08:16:53.970,1.51193,1.51225,1.00,1.00
2016.12.23 08:16:54.796,1.51193,1.51225,1.00,1.00
2016.12.23 08:16:56.681,1.51193,1.51225,1.00,1.00
2016.12.23 08:16:57.017,1.51193,1.51223,1.00,1.00
2016.12.23 08:16:57.792,1.51193,1.51225,1.00,1.50
2016.12.23 08:16:58.615,1.51193,1.51226,1.00,1.00
2016.12.23 08:16:59.351,1.51196,1.51226,1.00,1.00
2016.12.23 08:16:59.504,1.51196,1.51226,1.00,1.00
2016.12.23 08:16:59.846,1.51196,1.51224,1.00,1.00
2016.12.23 08:16:59.897,1.51194,1.51224,1.00,2.10
2016.12.23 08:16:59.947,1.51194,1.51221,1.00,1.00
2016.12.23 08:17:00.249,1.51194,1.51218,1.00,1.00
2016.12.23 08:17:00.350,1.51194,1.51222,1.00,1.00
2016.12.23 08:17:00.454,1.51198,1.51231,1.00,1.00
2016.12.23 08:17:00.659,1.51198,1.51229,1.00,1.00
2016.12.23 08:17:01.227,1.51198,1.51228,1.00,1.00
2016.12.23 08:17:01.579,1.51196,1.51223,1.00,1.00
2016.12.23 08:17:01.881,1.51192,1.51222,1.00,1.00
2016.12.23 08:17:01.982,1.51192,1.51219,1.00,1.50
2016.12.23 08:17:02.848,1.51191,1.51218,1.00,1.00
2016.12.23 08:17:06.205,1.51191,1.51221,1.00,1.50
2016.12.23 08:17:06.256,1.51191,1.51224,1.00,2.47
2016.12.23 08:17:06.786,1.51191,1.51221,1.50,1.00
2016.12.23 08:17:06.837,1.51189,1.51217,1.00,1.00
2016.12.23 08:17:07.089,1.51189,1.5122,1.00,1.00
2016.12.23 08:17:07.720,1.51189,1.51219,1.00,1.12
2016.12.23 08:17:08.544,1.51189,1.51218,1.00,1.00
2016.12.23 08:17:08.765,1.51189,1.51221,1.00,1.37
2016.12.23 08:17:08.816,1.51191,1.51221,1.00,1.12
2016.12.23 08:17:09.069,1.51191,1.51224,1.00,1.50
2016.12.23 08:17:09.170,1.51191,1.51221,1.00,1.00
2016.12.23 08:17:09.663,1.51192,1.51224,1.00,1.87
2016.12.23 08:17:09.814,1.51191,1.5122,1.00,1.50
2016.12.23 08:17:09.865,1.51191,1.51221,1.00,1.00
2016.12.23 08:17:10.168,1.51191,1.51223,1.00,1.00
2016.12.23 08:17:10.936,1.51191,1.51225,1.00,1.37
2016.12.23 08:17:11.649,1.51191,1.51223,1.00,1.00
2016.12.23 08:17:15.486,1.51192,1.51224,1.00,1.00
2016.12.23 08:17:18.292,1.51193,1.51225,1.00,1.00
2016.12.23 08:17:18.595,1.51197,1.51231,1.00,2.47
2016.12.23 08:17:18.796,1.512,1.51232,1.00,1.00
2016.12.23 08:17:19.309,1.512,1.51232,1.00,1.37
2016.12.23 08:17:19.652,1.512,1.51232,1.00,1.37
2016.12.23 08:17:21.128,1.512,1.51232,1.00,1.12
2016.12.23 08:17:21.179,1.512,1.51232,1.00,1.12
2016.12.23 08:17:21.541,1.51204,1.51237,1.00,1.37
2016.12.23 08:17:22.034,1.51204,1.51236,1.00,1.00
2016.12.23 08:17:22.140,1.51204,1.51236,1.00,1.50
2016.12.23 08:17:22.291,1.51204,1.51233,1.00,1.00
2016.12.23 08:17:23.266,1.51204,1.51234,1.00,1.00
2016.12.23 08:17:23.768,1.51204,1.51233,1.00,1.00
2016.12.23 08:17:24.284,1.51204,1.51235,1.00,1.37
2016.12.23 08:17:27.679,1.51204,1.51234,1.00,1.12
2016.12.23 08:17:27.982,1.51207,1.51239,1.00,1.37
2016.12.23 08:17:28.540,1.51207,1.51239,1.00,1.37
2016.12.23 08:17:29.138,1.51208,1.5124,1.00,1.87
2016.12.23 08:17:29.867,1.51208,1.5124,1.00,1.87
2016.12.23 08:17:30.176,1.51208,1.51236,1.00,1.00
2016.12.23 08:17:31.153,1.51208,1.51237,1.00,1.00
2016.12.23 08:17:34.105,1.51208,1.51237,1.00,1.12
2016.12.23 08:17:34.730,1.51208,1.51239,1.00,1.00
2016.12.23 08:17:35.092,1.51209,1.51243,1.00,1.87
2016.12.23 08:17:35.395,1.51214,1.51246,1.00,2.62
2016.12.23 08:17:35.609,1.51214,1.51246,1.00,2.25
2016.12.23 08:17:35.710,1.51214,1.51242,1.00,1.00
2016.12.23 08:17:36.013,1.51215,1.51247,1.00,1.50
2016.12.23 08:17:36.315,1.51217,1.5125,1.00,1.37
2016.12.23 08:17:36.517,1.51217,1.51247,1.00,1.00
2016.12.23 08:17:36.719,1.51217,1.51244,1.00,1.00
2016.12.23 08:17:37.260,1.51217,1.51245,1.00,1.00
2016.12.23 08:17:38.604,1.51217,1.51246,1.00,1.00
2016.12.23 08:17:41.257,1.51217,1.51244,1.00,1.37
2016.12.23 08:17:45.190,1.51218,1.51247,1.00,1.37
2016.12.23 08:17:45.291,1.51218,1.5125,1.00,1.00
2016.12.23 08:17:45.508,1.51218,1.51248,1.00,1.00
2016.12.23 08:17:46.067,1.51218,1.51246,1.00,1.00
2016.12.23 08:17:47.308,1.51218,1.51246,1.00,1.00
2016.12.23 08:17:47.915,1.51218,1.51246,1.00,1.00
2016.12.23 08:17:49.717,1.51218,1.51246,1.00,1.00
2016.12.23 08:17:52.970,1.51218,1.51246,1.00,1.00
2016.12.23 08:17:53.021,1.51218,1.51251,1.00,1.37
2016.12.23 08:17:53.431,1.51218,1.51246,1.00,1.00
2016.12.23 08:17:53.948,1.51217,1.51244,1.00,1.37
2016.12.23 08:17:56.029,1.51215,1.51244,1.00,1.37
2016.12.23 08:17:56.710,1.51215,1.51245,1.00,1.00
2016.12.23 08:17:57.344,1.51215,1.51244,1.00,1.12
2016.12.23 08:17:57.563,1.51215,1.51244,1.00,1.12
2016.12.23 08:17:57.672,1.51214,1.51241,1.00,1.00
2016.12.23 08:17:57.962,1.51211,1.5124,1.00,1.37
2016.12.23 08:17:58.534,1.51211,1.51241,1.00,1.37
2016.12.23 08:17:59.037,1.51211,1.51241,1.00,1.37
2016.12.23 08:17:59.540,1.51211,1.51241,1.00,1.37
2016.12.23 08:17:59.792,1.51211,1.51245,1.00,1.37
2016.12.23 08:17:59.843,1.51211,1.51241,1.00,1.00
2016.12.23 08:18:00.538,1.51211,1.51239,1.00,1.00
2016.12.23 08:18:01.081,1.51209,1.51236,1.00,1.00
2016.12.23 08:18:01.778,1.51209,1.51236,1.00,1.37
2016.12.23 08:18:01.980,1.51209,1.51241,1.00,1.50
2016.12.23 08:18:02.283,1.51209,1.51241,1.00,1.12
2016.12.23 08:18:02.384,1.51209,1.51238,1.00,1.00
2016.12.23 08:18:02.585,1.51209,1.51236,1.00,1.00
2016.12.23 08:18:03.027,1.51208,1.51236,1.00,1.37
2016.12.23 08:18:03.178,1.51208,1.51236,1.00,1.00
2016.12.23 08:18:03.702,1.51208,1.51235,1.00,1.00
2016.12.23 08:18:04.751,1.51206,1.51235,1.00,1.00
2016.12.23 08:18:05.222,1.51206,1.51233,1.00,1.00
2016.12.23 08:18:05.776,1.51206,1.51234,1.00,1.00
2016.12.23 08:18:06.206,1.51206,1.51236,1.00,1.12
2016.12.23 08:18:06.769,1.51206,1.51235,1.00,1.00
2016.12.23 08:18:07.208,1.51206,1.51233,1.00,1.00
2016.12.23 08:18:08.665,1.51206,1.51235,1.00,1.00
2016.12.23 08:18:08.982,1.51206,1.51236,1.00,1.12
2016.12.23 08:18:09.589,1.51206,1.51239,1.00,1.37
2016.12.23 08:18:10.381,1.51207,1.51239,1.00,1.37
2016.12.23 08:18:10.432,1.51207,1.51239,1.00,1.37
2016.12.23 08:18:10.898,1.51208,1.51242,1.00,1.87
2016.12.23 08:18:10.959,1.51208,1.51242,1.00,1.37
2016.12.23 08:18:11.099,1.51208,1.51238,1.00,1.00
2016.12.23 08:18:11.502,1.51208,1.5124,1.00,1.50
2016.12.23 08:18:11.838,1.51212,1.51243,1.00,1.00
2016.12.23 08:18:11.989,1.51212,1.51246,1.00,1.00
2016.12.23 08:18:12.506,1.51212,1.51245,1.00,1.00
2016.12.23 08:18:13.486,1.51212,1.51243,1.00,1.00
2016.12.23 08:18:15.568,1.51212,1.51244,1.00,1.00
2016.12.23 08:18:16.077,1.51212,1.51244,1.00,1.00
2016.12.23 08:18:16.599,1.51213,1.51245,1.00,1.00
2016.12.23 08:18:17.685,1.51213,1.51246,1.00,1.00
2016.12.23 08:18:18.978,1.51213,1.51244,1.00,1.00
2016.12.23 08:18:20.103,1.51213,1.51246,1.00,1.50
2016.12.23 08:18:20.902,1.51213,1.51245,1.00,1.00
2016.12.23 08:18:21.859,1.51213,1.51246,1.00,1.50
2016.12.23 08:18:25.607,1.51213,1.51246,1.00,1.87
2016.12.23 08:18:26.119,1.51213,1.51243,1.00,1.00
2016.12.23 08:18:26.169,1.51213,1.51242,1.00,1.00
2016.12.23 08:18:26.220,1.51211,1.51238,1.00,1.00
2016.12.23 08:18:26.421,1.51211,1.51241,1.00,1.00
2016.12.23 08:18:27.236,1.51211,1.51236,1.00,1.00
2016.12.23 08:18:27.287,1.51208,1.51236,1.00,1.00
2016.12.23 08:18:27.814,1.51208,1.51235,1.00,1.00
2016.12.23 08:18:29.972,1.51207,1.51236,1.00,1.00
2016.12.23 08:18:30.073,1.51207,1.51236,1.00,1.00
2016.12.23 08:18:30.124,1.51207,1.51236,1.00,1.00
2016.12.23 08:18:31.099,1.51207,1.51235,1.00,1.00
2016.12.23 08:18:32.612,1.51207,1.51236,1.00,1.00
2016.12.23 08:18:33.420,1.51207,1.51235,1.00,1.00
2016.12.23 08:18:34.037,1.51207,1.51236,1.00,1.50
2016.12.23 08:18:34.376,1.51207,1.51234,1.00,1.00
2016.12.23 08:18:39.836,1.51207,1.51236,1.00,1.00
2016.12.23 08:18:40.863,1.51207,1.51237,1.00,1.00
2016.12.23 08:18:40.964,1.51209,1.51242,1.00,1.00
2016.12.23 08:18:41.937,1.5121,1.51242,1.00,1.00
2016.12.23 08:18:43.412,1.51211,1.51243,1.00,1.00
2016.12.23 08:18:43.563,1.51211,1.51246,1.00,1.50
2016.12.23 08:18:43.614,1.51213,1.51246,1.00,1.00
2016.12.23 08:18:44.131,1.51213,1.51245,1.00,1.00
2016.12.23 08:18:44.543,1.51213,1.51243,1.00,1.00
2016.12.23 08:18:44.695,1.51213,1.51243,1.00,1.00
2016.12.23 08:18:45.168,1.51213,1.51243,1.00,1.00
2016.12.23 08:18:50.661,1.51213,1.51246,1.00,1.00
2016.12.23 08:18:53.755,1.51213,1.51246,1.00,1.00
2016.12.23 08:18:54.106,1.51216,1.51246,1.00,1.00
2016.12.23 08:19:00.658,1.51216,1.51246,1.00,1.00
2016.12.23 08:19:04.276,1.51216,1.51246,1.00,1.00
2016.12.23 08:19:08.784,1.51216,1.51246,1.00,1.00
2016.12.23 08:19:10.992,1.51216,1.51246,1.00,1.00
2016.12.23 08:19:12.890,1.51216,1.51246,1.00,1.50
2016.12.23 08:19:15.688,1.51216,1.51246,1.00,1.00
2016.12.23 08:19:16.193,1.51216,1.51246,1.00,1.50
2016.12.23 08:19:16.738,1.51214,1.51246,1.00,1.50
2016.12.23 08:19:17.254,1.51214,1.51246,1.00,1.50
2016.12.23 08:19:19.355,1.51214,1.51245,1.00,1.00
2016.12.23 08:19:19.557,1.51213,1.51245,1.00,1.00
2016.12.23 08:19:20.319,1.51213,1.51245,1.00,1.00
2016.12.23 08:19:23.419,1.51213,1.51246,1.00,1.00
2016.12.23 08:19:28.438,1.51213,1.51247,1.00,2.25
2016.12.23 08:19:30.718,1.51213,1.51247,1.00,1.50
2016.12.23 08:19:33.168,1.51213,1.51246,1.00,1.00
2016.12.23 08:19:33.827,1.51213,1.51246,1.00,1.00
2016.12.23 08:19:33.928,1.51212,1.51244,1.00,1.00
2016.12.23 08:19:34.081,1.51212,1.51243,1.00,1.00
2016.12.23 08:19:34.182,1.51212,1.51246,1.00,1.00
2016.12.23 08:19:34.233,1.51213,1.51247,1.00,1.50
2016.12.23 08:19:34.737,1.51213,1.51246,1.00,1.00
2016.12.23 08:19:35.261,1.51214,1.51246,1.00,1.00
2016.12.23 08:19:36.019,1.51214,1.51247,1.00,1.00
2016.12.23 08:19:36.174,1.51214,1.51246,1.00,1.00
2016.12.23 08:19:38.049,1.51214,1.51247,1.00,1.50
2016.12.23 08:19:38.636,1.51214,1.51247,1.00,1.50
2016.12.23 08:19:38.888,1.51214,1.51247,1.00,1.00
2016.12.23 08:19:39.396,1.51214,1.51246,1.00,1.00
2016.12.23 08:19:40.315,1.51214,1.51247,1.00,1.00
2016.12.23 08:19:40.517,1.51215,1.51252,1.00,1.00
2016.12.23 08:19:40.719,1.51215,1.51255,1.00,1.87
2016.12.23 08:19:40.826,1.51215,1.51247,1.00,1.00
2016.12.23 08:19:41.376,1.51215,1.51247,1.00,1.00
2016.12.23 08:19:42.067,1.51215,1.51247,1.00,1.00
2016.12.23 08:19:43.163,1.51215,1.51246,1.00,1.00
2016.12.23 08:19:43.379,1.51215,1.51246,1.00,1.87
2016.12.23 08:19:43.681,1.51215,1.51247,1.00,1.50
2016.12.23 08:19:43.883,1.51211,1.51246,1.00,1.37
2016.12.23 08:19:43.984,1.51211,1.51243,1.00,1.37
2016.12.23 08:19:44.590,1.51211,1.51245,1.00,1.87
2016.12.23 08:19:44.859,1.51211,1.51245,1.00,2.62
2016.12.23 08:19:45.437,1.51211,1.51243,1.00,1.75
2016.12.23 08:19:45.748,1.51211,1.51243,1.00,1.75
2016.12.23 08:19:45.871,1.51211,1.51243,1.00,1.75
2016.12.23 08:19:46.490,1.51211,1.51243,1.00,1.75
2016.12.23 08:19:47.036,1.51211,1.51243,1.00,2.25
2016.12.23 08:19:50.028,1.51211,1.51241,1.00,1.75
2016.12.23 08:19:50.563,1.51211,1.51241,1.00,1.75
2016.12.23 08:19:51.710,1.51211,1.51238,1.00,1.75
2016.12.23 08:19:52.193,1.51211,1.51238,1.00,1.75
2016.12.23 08:19:53.874,1.51211,1.51242,1.00,1.75
2016.12.23 08:19:54.324,1.51211,1.51242,1.00,2.25
2016.12.23 08:19:54.425,1.51211,1.51236,1.00,1.00
2016.12.23 08:19:56.265,1.51211,1.51238,1.00,1.00
2016.12.23 08:19:57.154,1.51211,1.51245,1.00,2.25
2016.12.23 08:19:57.470,1.51211,1.51238,1.50,1.50
2016.12.23 08:19:57.980,1.51211,1.51238,1.00,1.50
2016.12.23 08:19:58.153,1.51211,1.51238,1.00,1.50
2016.12.23 08:19:58.328,1.51211,1.51241,1.00,1.50
2016.12.23 08:19:58.631,1.51213,1.51244,1.00,1.50
2016.12.23 08:19:58.984,1.51213,1.51244,1.00,1.37
2016.12.23 08:19:59.555,1.51213,1.51243,1.00,1.50
2016.12.23 08:20:00.096,1.51213,1.51243,1.00,1.37
2016.12.23 08:20:02.540,1.51213,1.51241,1.00,1.00
2016.12.23 08:20:02.590,1.51213,1.51241,1.00,1.00
2016.12.23 08:20:03.534,1.51213,1.51246,1.00,1.75
2016.12.23 08:20:03.650,1.51213,1.51242,1.00,1.00
2016.12.23 08:20:05.055,1.51213,1.51242,1.00,1.00
2016.12.23 08:20:05.156,1.51213,1.51246,1.00,1.75
2016.12.23 08:20:06.100,1.51213,1.5124,1.00,1.00
2016.12.23 08:20:08.180,1.51213,1.51247,1.00,2.25
2016.12.23 08:20:11.299,1.51213,1.51247,1.00,1.75
2016.12.23 08:20:14.364,1.51213,1.51247,1.00,1.75
2016.12.23 08:20:14.516,1.51213,1.51247,1.00,2.25
2016.12.23 08:20:15.039,1.51213,1.51246,1.00,2.17
2016.12.23 08:20:15.747,1.51211,1.51246,1.00,3.67
2016.12.23 08:20:16.614,1.51211,1.51246,1.00,1.80
2016.12.23 08:20:16.668,1.51211,1.51246,1.00,3.67
2016.12.23 08:20:16.970,1.51211,1.51246,1.00,2.17
2016.12.23 08:20:17.071,1.51212,1.51246,1.00,1.67
2016.12.23 08:20:17.222,1.51212,1.51246,1.00,1.30
2016.12.23 08:20:17.424,1.51212,1.51247,1.00,1.30
2016.12.23 08:20:17.879,1.51214,1.51247,1.00,1.67
2016.12.23 08:20:18.393,1.51214,1.51247,1.00,1.67
2016.12.23 08:20:18.514,1.51214,1.51247,1.00,1.67
2016.12.23 08:20:19.038,1.51214,1.51247,1.00,1.67
2016.12.23 08:20:19.088,1.51214,1.51247,1.00,1.67
2016.12.23 08:20:19.395,1.51214,1.51247,1.00,1.67
2016.12.23 08:20:20.741,1.51214,1.51247,1.00,1.67
2016.12.23 08:20:20.792,1.51214,1.51247,1.00,1.67
2016.12.23 08:20:20.843,1.51214,1.51246,1.00,1.37
2016.12.23 08:20:20.893,1.51215,1.51246,1.00,1.67
2016.12.23 08:20:21.428,1.51215,1.51253,1.00,2.17
2016.12.23 08:20:21.880,1.51216,1.51253,1.00,1.67
2016.12.23 08:20:21.981,1.51216,1.51254,1.00,1.00
2016.12.23 08:20:22.031,1.51219,1.51256,1.00,1.30
2016.12.23 08:20:22.372,1.51219,1.51256,1.00,1.67
2016.12.23 08:20:22.899,1.51219,1.51256,1.00,1.67
2016.12.23 08:20:23.167,1.51219,1.51255,1.00,1.30
2016.12.23 08:20:23.586,1.51219,1.51254,1.00,1.67
2016.12.23 08:20:23.637,1.51219,1.51252,1.00,1.67
2016.12.23 08:20:23.738,1.51219,1.51251,1.00,1.67
2016.12.23 08:20:23.788,1.51215,1.51248,1.00,1.37
2016.12.23 08:20:23.839,1.51215,1.51248,1.00,1.67
2016.12.23 08:20:24.141,1.51215,1.51249,1.00,1.05
2016.12.23 08:20:24.192,1.51215,1.51251,1.00,1.30
2016.12.23 08:20:24.618,1.51215,1.51252,1.00,1.80
2016.12.23 08:20:24.858,1.51215,1.51252,1.00,2.55
2016.12.23 08:20:25.672,1.51215,1.51252,1.00,2.92
2016.12.23 08:20:26.280,1.51215,1.51252,1.00,2.92
2016.12.23 08:20:26.870,1.51215,1.51252,1.00,2.92
2016.12.23 08:20:27.835,1.51215,1.51246,1.00,1.67
2016.12.23 08:20:28.649,1.51215,1.51246,1.00,1.67
2016.12.23 08:20:28.883,1.51215,1.51246,1.00,1.67
2016.12.23 08:20:29.186,1.51213,1.51246,1.00,2.17
2016.12.23 08:20:29.755,1.51213,1.51246,1.00,2.92
2016.12.23 08:20:29.806,1.51213,1.51246,1.00,2.17
2016.12.23 08:20:34.473,1.51214,1.51246,1.00,1.42
2016.12.23 08:20:34.524,1.51214,1.51246,1.00,1.42
2016.12.23 08:20:35.052,1.51214,1.51247,1.00,1.67
2016.12.23 08:20:36.226,1.51214,1.51247,1.00,1.67
2016.12.23 08:20:36.277,1.51214,1.51246,1.00,1.67
2016.12.23 08:20:36.327,1.51214,1.51246,1.00,1.67
2016.12.23 08:20:36.689,1.51213,1.51246,1.00,1.67
2016.12.23 08:20:37.637,1.51213,1.51247,1.00,2.92
2016.12.23 08:20:37.937,1.51213,1.51247,1.00,2.92
2016.12.23 08:20:38.815,1.51213,1.51247,1.00,3.30
2016.12.23 08:20:39.340,1.51213,1.51247,1.00,2.55
2016.12.23 08:20:40.999,1.51213,1.51247,1.00,2.55
2016.12.23 08:20:41.605,1.51213,1.51247,1.00,2.92
2016.12.23 08:20:42.125,1.51213,1.51246,1.00,2.17
2016.12.23 08:20:50.111,1.51213,1.51245,1.00,1.67
2016.12.23 08:20:50.874,1.51213,1.51236,1.00,1.00
2016.12.23 08:20:56.388,1.51213,1.51236,1.00,1.00
2016.12.23 08:20:56.802,1.51213,1.51246,1.00,1.80
2016.12.23 08:20:59.158,1.51214,1.51246,1.00,1.05
2016.12.23 08:20:59.209,1.51214,1.51247,1.00,1.67
2016.12.23 08:20:59.737,1.51214,1.51246,1.00,1.42
2016.12.23 08:21:00.567,1.51214,1.51246,1.00,1.42
2016.12.23 08:21:00.917,1.51214,1.51246,1.00,1.67
2016.12.23 08:21:01.077,1.51214,1.51246,1.00,1.42
2016.12.23 08:21:01.380,1.51214,1.51236,1.00,1.00
2016.12.23 08:21:01.788,1.51214,1.51246,1.00,1.67
2016.12.23 08:21:01.899,1.51214,1.51246,1.50,1.67
2016.12.23 08:21:02.183,1.51214,1.51246,1.50,1.67
2016.12.23 08:21:03.176,1.51214,1.51246,1.50,1.67
2016.12.23 08:21:03.852,1.51214,1.51246,1.00,1.67
2016.12.23 08:21:04.379,1.51214,1.51246,1.00,1.67
2016.12.23 08:21:04.949,1.51214,1.51246,1.00,1.67
2016.12.23 08:21:05.489,1.51214,1.51246,1.00,1.67
2016.12.23 08:21:06.084,1.51214,1.51246,3.25,1.00
2016.12.23 08:21:06.135,1.51216,1.51246,2.50,1.37
2016.12.23 08:21:06.538,1.51216,1.51246,1.00,1.67
2016.12.23 08:21:07.176,1.51216,1.51246,1.00,1.42
2016.12.23 08:21:07.640,1.51216,1.51247,1.00,1.67
2016.12.23 08:21:07.851,1.51216,1.51247,1.00,1.30
2016.12.23 08:21:08.020,1.51216,1.51247,1.00,1.67
2016.12.23 08:21:08.223,1.51216,1.51247,1.00,1.67
2016.12.23 08:21:09.383,1.51216,1.51247,1.00,1.67
2016.12.23 08:21:10.761,1.51216,1.51247,1.00,1.67
2016.12.23 08:21:11.420,1.51216,1.51247,1.00,1.67
2016.12.23 08:21:11.930,1.51216,1.51247,1.00,1.67
2016.12.23 08:21:12.679,1.51216,1.51247,1.50,1.67
2016.12.23 08:21:13.213,1.51216,1.51247,1.00,1.67
2016.12.23 08:21:13.869,1.51216,1.51247,1.00,1.67
2016.12.23 08:21:14.408,1.51216,1.51247,1.50,1.67
2016.12.23 08:21:15.421,1.51216,1.51246,1.00,1.75
2016.12.23 08:21:15.927,1.51216,1.51246,1.50,1.75
2016.12.23 08:21:17.149,1.51216,1.51246,1.00,1.75
2016.12.23 08:21:17.685,1.51216,1.51246,1.00,1.50
2016.12.23 08:21:19.345,1.51216,1.51246,1.00,1.50
2016.12.23 08:21:19.453,1.51216,1.51246,1.50,1.12
2016.12.23 08:21:19.606,1.51216,1.51246,1.00,1.75
2016.12.23 08:21:20.315,1.51216,1.51246,1.00,1.37
2016.12.23 08:21:20.695,1.51216,1.51246,1.00,1.75
2016.12.23 08:21:20.947,1.51216,1.51246,1.00,1.37
2016.12.23 08:21:20.997,1.51216,1.51246,1.00,1.75
2016.12.23 08:21:21.695,1.51216,1.51247,1.00,1.75
2016.12.23 08:21:21.847,1.51216,1.51247,1.00,1.37
2016.12.23 08:21:24.054,1.51216,1.51247,1.00,1.75
2016.12.23 08:21:25.079,1.51216,1.51243,1.00,1.00
2016.12.23 08:21:25.814,1.51216,1.51247,1.00,1.75
2016.12.23 08:21:26.448,1.51216,1.51247,1.00,1.75
2016.12.23 08:21:26.956,1.51216,1.51246,1.00,1.75
2016.12.23 08:21:27.007,1.51216,1.51246,1.00,1.75
2016.12.23 08:21:27.886,1.51216,1.51246,1.50,1.75
2016.12.23 08:21:29.024,1.51216,1.51246,1.00,1.75
2016.12.23 08:21:29.665,1.51216,1.51247,1.00,1.37
2016.12.23 08:21:30.187,1.51216,1.51247,1.50,1.37
2016.12.23 08:21:30.904,1.51216,1.51247,1.50,1.37
2016.12.23 08:21:31.438,1.51216,1.51247,1.50,1.37
2016.12.23 08:21:32.314,1.51216,1.5125,1.00,1.37
2016.12.23 08:21:33.983,1.51216,1.51247,1.50,1.37
2016.12.23 08:21:34.575,1.51216,1.51247,1.00,1.37
2016.12.23 08:21:36.127,1.51216,1.51248,1.00,1.37
2016.12.23 08:21:37.406,1.51216,1.51246,1.00,1.12
2016.12.23 08:21:38.196,1.51216,1.51247,1.00,1.37
2016.12.23 08:21:39.084,1.51216,1.51247,1.00,1.37
2016.12.23 08:21:40.398,1.51216,1.51247,1.00,1.37
2016.12.23 08:21:41.235,1.51216,1.51246,1.00,1.37
2016.12.23 08:21:42.363,1.51215,1.51246,1.00,1.87
2016.12.23 08:21:42.968,1.51215,1.51246,1.00,1.87
2016.12.23 08:21:43.220,1.51213,1.51246,1.00,1.87
2016.12.23 08:21:43.783,1.51212,1.51246,1.00,1.37
2016.12.23 08:21:44.878,1.51212,1.51246,1.00,1.12
2016.12.23 08:21:46.345,1.51212,1.51244,1.00,1.00
2016.12.23 08:21:48.525,1.51212,1.51246,1.00,1.37
2016.12.23 08:21:49.656,1.5121,1.51245,1.50,1.12
2016.12.23 08:21:49.857,1.5121,1.51241,1.00,1.00
2016.12.23 08:21:50.060,1.5121,1.51244,1.00,1.00
2016.12.23 08:21:50.647,1.5121,1.51245,1.00,1.12
2016.12.23 08:21:54.137,1.5121,1.51245,1.00,1.00
2016.12.23 08:21:56.726,1.5121,1.51245,1.00,1.00
2016.12.23 08:21:56.978,1.5121,1.51245,1.50,1.87
2016.12.23 08:21:57.180,1.5121,1.51242,1.50,1.00
2016.12.23 08:21:57.871,1.51208,1.51242,1.00,1.50
2016.12.23 08:21:58.017,1.51208,1.5124,1.00,1.00
2016.12.23 08:22:03.413,1.51208,1.51236,1.00,1.00
2016.12.23 08:22:03.615,1.51201,1.51235,1.00,1.37
2016.12.23 08:22:04.069,1.51198,1.5123,1.00,1.00
2016.12.23 08:22:04.119,1.51195,1.51228,1.00,1.00
2016.12.23 08:22:04.331,1.51195,1.51228,1.00,1.87
2016.12.23 08:22:04.633,1.51203,1.51228,1.00,1.37
2016.12.23 08:22:04.684,1.51203,1.51236,1.00,1.37
2016.12.23 08:22:04.735,1.51203,1.51236,1.00,1.00
2016.12.23 08:22:04.987,1.51203,1.51236,1.00,1.00
2016.12.23 08:22:05.038,1.51203,1.51234,1.00,1.00
2016.12.23 08:22:05.303,1.51202,1.51234,1.00,1.50
2016.12.23 08:22:05.818,1.51202,1.51233,1.00,1.00
2016.12.23 08:22:05.929,1.51199,1.51231,1.00,1.00
2016.12.23 08:22:05.980,1.51197,1.5123,1.00,1.00
2016.12.23 08:22:06.232,1.51197,1.51231,1.00,1.00
2016.12.23 08:22:06.592,1.51197,1.51233,1.00,1.00
2016.12.23 08:22:07.227,1.51197,1.51233,1.00,1.00
2016.12.23 08:22:08.565,1.51198,1.51234,1.00,1.00
2016.12.23 08:22:09.095,1.51198,1.51235,1.00,1.00
2016.12.23 08:22:09.145,1.512,1.51236,1.00,1.00
2016.12.23 08:22:10.198,1.512,1.51237,1.00,1.87
2016.12.23 08:22:10.716,1.512,1.51236,1.00,1.50
2016.12.23 08:22:11.250,1.512,1.51236,1.00,1.00
2016.12.23 08:22:11.773,1.51201,1.51236,1.00,1.00
2016.12.23 08:22:12.546,1.51201,1.51236,1.00,1.00
2016.12.23 08:22:13.035,1.51204,1.51237,1.00,1.50
2016.12.23 08:22:13.359,1.51206,1.51244,1.00,1.87
2016.12.23 08:22:13.460,1.51206,1.51244,1.00,1.87
2016.12.23 08:22:14.019,1.51206,1.51242,1.00,1.12
2016.12.23 08:22:14.601,1.51206,1.51244,1.00,1.87
2016.12.23 08:22:15.444,1.51206,1.51244,1.00,1.87
2016.12.23 08:22:16.092,1.51206,1.51236,1.00,1.00
2016.12.23 08:22:16.488,1.51207,1.51244,1.00,1.87
2016.12.23 08:22:17.474,1.51207,1.51243,1.00,1.37
2016.12.23 08:22:18.356,1.51207,1.51243,1.00,1.37
2016.12.23 08:22:18.994,1.51207,1.51244,1.00,1.37
2016.12.23 08:22:20.417,1.51209,1.51245,1.00,1.87
2016.12.23 08:22:21.031,1.51209,1.51245,1.00,1.87
2016.12.23 08:22:21.230,1.51209,1.51243,1.00,1.37
2016.12.23 08:22:21.744,1.51209,1.51241,1.00,1.87
2016.12.23 08:22:22.254,1.51209,1.51242,1.00,1.37
2016.12.23 08:22:23.055,1.51209,1.51245,1.00,1.87
2016.12.23 08:22:23.797,1.51209,1.51245,1.00,1.87
2016.12.23 08:22:24.347,1.51209,1.51245,1.00,1.87
2016.12.23 08:22:24.932,1.51209,1.51245,1.00,1.87
2016.12.23 08:22:25.510,1.51209,1.51244,1.00,1.37
2016.12.23 08:22:26.219,1.51209,1.51244,1.00,1.37
2016.12.23 08:22:26.822,1.51209,1.51244,1.00,1.37
2016.12.23 08:22:27.371,1.51209,1.51244,1.00,1.37
2016.12.23 08:22:27.928,1.51209,1.51244,1.00,1.37
2016.12.23 08:22:28.475,1.51209,1.51244,1.00,1.37
2016.12.23 08:22:29.358,1.51209,1.51244,1.00,1.37
2016.12.23 08:22:29.913,1.51209,1.51244,1.00,1.37
2016.12.23 08:22:30.217,1.51209,1.51243,1.00,1.37
2016.12.23 08:22:30.268,1.51212,1.51244,1.00,1.37
2016.12.23 08:22:30.420,1.51212,1.51246,1.00,1.87
2016.12.23 08:22:31.079,1.51212,1.51246,1.00,1.12
2016.12.23 08:22:31.627,1.51212,1.51246,1.00,1.37
2016.12.23 08:22:32.268,1.51212,1.51246,1.00,1.12
2016.12.23 08:22:34.774,1.51212,1.51246,1.00,1.37
2016.12.23 08:22:35.319,1.51213,1.51246,1.00,1.00
2016.12.23 08:22:38.804,1.51213,1.51246,1.00,1.00
2016.12.23 08:22:39.756,1.51213,1.51247,1.00,1.50
2016.12.23 08:22:40.270,1.51213,1.51246,1.00,1.00
2016.12.23 08:22:43.213,1.51213,1.51247,1.00,1.00
2016.12.23 08:22:43.733,1.51213,1.51246,1.00,1.00
2016.12.23 08:22:44.239,1.51213,1.51247,1.00,1.00
2016.12.23 08:22:44.441,1.51213,1.51245,1.00,1.00
2016.12.23 08:22:45.329,1.51212,1.51244,1.00,1.00
2016.12.23 08:22:46.074,1.51213,1.51244,1.00,1.00
2016.12.23 08:22:46.125,1.51213,1.51246,1.00,1.00
2016.12.23 08:22:46.861,1.51213,1.51247,1.00,1.50
2016.12.23 08:22:47.785,1.51213,1.51251,1.00,1.37
2016.12.23 08:22:48.330,1.51214,1.51252,1.00,1.37
2016.12.23 08:22:48.481,1.51214,1.51247,1.00,1.00
2016.12.23 08:22:48.718,1.51214,1.51252,2.50,1.37
2016.12.23 08:22:48.994,1.51214,1.51247,1.00,1.00
2016.12.23 08:22:49.341,1.51216,1.51247,1.00,1.00
2016.12.23 08:22:49.442,1.51219,1.51256,1.00,1.75
2016.12.23 08:22:50.254,1.51219,1.51253,1.00,1.00
2016.12.23 08:22:50.548,1.51219,1.51247,1.00,1.00
2016.12.23 08:22:51.055,1.51219,1.51256,1.00,2.25
2016.12.23 08:22:51.291,1.51222,1.51256,1.00,1.37
2016.12.23 08:22:52.075,1.51222,1.51256,1.50,1.00
2016.12.23 08:22:52.748,1.51222,1.51256,1.00,1.37
2016.12.23 08:22:53.400,1.51222,1.51256,1.00,1.50
2016.12.23 08:22:53.947,1.51222,1.51256,1.50,1.50
2016.12.23 08:22:54.358,1.51222,1.51256,1.00,1.50
2016.12.23 08:22:55.051,1.51222,1.51256,1.50,1.50
2016.12.23 08:22:55.495,1.51222,1.51256,1.50,1.12
2016.12.23 08:22:55.545,1.51222,1.51256,1.00,1.50
2016.12.23 08:22:55.762,1.51222,1.51257,1.50,1.50
2016.12.23 08:22:56.598,1.51222,1.51257,1.00,1.87
2016.12.23 08:22:57.100,1.51222,1.51256,1.00,1.37
2016.12.23 08:22:58.050,1.51222,1.51256,1.00,1.37
2016.12.23 08:22:59.201,1.51222,1.51256,1.00,1.37
2016.12.23 08:22:59.504,1.51227,1.51257,1.00,1.00
2016.12.23 08:23:00.147,1.51227,1.51256,1.00,1.00
2016.12.23 08:23:00.463,1.51227,1.51256,1.00,1.00
2016.12.23 08:23:01.109,1.51227,1.51257,1.00,1.00
2016.12.23 08:23:02.402,1.51227,1.5126,1.00,1.37
2016.12.23 08:23:02.902,1.51227,1.51256,1.00,1.00
2016.12.23 08:23:03.224,1.51228,1.51256,1.00,1.00
2016.12.23 08:23:03.274,1.51228,1.5126,1.00,1.12
2016.12.23 08:23:03.325,1.51229,1.51258,1.50,1.00
2016.12.23 08:23:03.627,1.51247,1.51276,1.00,1.00
2016.12.23 08:23:04.262,1.51251,1.51276,1.00,1.00
2016.12.23 08:23:05.189,1.51251,1.51276,1.00,1.00
2016.12.23 08:23:05.668,1.51251,1.51286,1.00,1.50
2016.12.23 08:23:05.825,1.51252,1.51286,1.00,1.50
2016.12.23 08:23:06.170,1.51256,1.51287,1.00,1.12
2016.12.23 08:23:06.220,1.51254,1.51284,1.00,1.00
2016.12.23 08:23:06.271,1.51254,1.51274,1.00,1.50
2016.12.23 08:23:06.573,1.51236,1.51256,1.00,1.00
2016.12.23 08:23:06.674,1.51229,1.51256,1.00,1.50
2016.12.23 08:23:06.826,1.51225,1.51256,1.00,1.50
2016.12.23 08:23:07.196,1.51225,1.51256,1.00,1.00
2016.12.23 08:23:07.524,1.51225,1.51254,1.00,1.00
2016.12.23 08:23:07.826,1.51221,1.51247,1.00,1.00
2016.12.23 08:23:08.358,1.51221,1.51246,1.00,1.00
2016.12.23 08:23:08.511,1.51221,1.51253,1.00,1.00
2016.12.23 08:23:08.562,1.51221,1.51255,1.00,1.37
2016.12.23 08:23:09.109,1.51221,1.51254,1.00,1.12
2016.12.23 08:23:09.547,1.51221,1.51252,1.00,1.00
2016.12.23 08:23:11.481,1.51221,1.51246,1.00,1.00
2016.12.23 08:23:11.983,1.51221,1.51252,1.00,1.00
2016.12.23 08:23:17.558,1.51221,1.51251,1.00,1.00
2016.12.23 08:23:17.932,1.51218,1.51246,1.00,1.00
2016.12.23 08:23:18.083,1.51216,1.51245,1.00,1.00
2016.12.23 08:23:18.285,1.51216,1.51245,1.00,1.00
2016.12.23 08:23:18.988,1.51216,1.51246,1.00,1.12
2016.12.23 08:23:19.431,1.51216,1.51246,1.00,1.37
2016.12.23 08:23:19.962,1.51216,1.51246,1.00,1.37
2016.12.23 08:23:22.272,1.51216,1.51246,1.00,1.37
2016.12.23 08:23:22.473,1.51213,1.51244,1.00,1.00
2016.12.23 08:23:23.185,1.51212,1.51243,1.00,1.00
2016.12.23 08:23:23.519,1.51212,1.51243,1.00,1.37
2016.12.23 08:23:24.249,1.51212,1.51242,1.00,1.37
2016.12.23 08:23:24.810,1.51212,1.51244,1.00,1.37
2016.12.23 08:23:25.202,1.51212,1.51245,1.00,1.37
2016.12.23 08:23:25.568,1.51212,1.51247,1.00,1.37
2016.12.23 08:23:26.219,1.51215,1.51246,1.00,1.00
2016.12.23 08:23:26.270,1.51215,1.51246,1.00,1.37
2016.12.23 08:23:26.474,1.51215,1.51244,1.00,1.00
2016.12.23 08:23:26.525,1.51215,1.51244,1.00,1.37
2016.12.23 08:23:27.035,1.51215,1.51244,1.00,1.37
2016.12.23 08:23:27.337,1.51215,1.51246,1.00,1.87
2016.12.23 08:23:27.438,1.51215,1.51246,1.00,1.50
2016.12.23 08:23:27.690,1.51219,1.5125,1.00,1.00
2016.12.23 08:23:27.842,1.51219,1.51254,1.00,1.00
2016.12.23 08:23:28.388,1.51219,1.51255,1.00,1.37
2016.12.23 08:23:28.918,1.51222,1.51255,1.00,1.37
2016.12.23 08:23:29.019,1.51222,1.51255,1.00,1.37
2016.12.23 08:23:29.171,1.51222,1.51256,1.00,1.87
2016.12.23 08:23:29.514,1.51224,1.51256,1.00,1.37
2016.12.23 08:23:29.565,1.51224,1.51256,1.00,1.12
2016.12.23 08:23:29.819,1.51226,1.51256,1.00,1.12
2016.12.23 08:23:30.177,1.51226,1.51257,1.00,1.87
2016.12.23 08:23:30.278,1.51223,1.51252,1.00,1.00
2016.12.23 08:23:35.084,1.5122,1.51249,1.00,1.00
2016.12.23 08:23:35.236,1.51217,1.51247,1.00,1.00
2016.12.23 08:23:35.913,1.51217,1.51246,1.00,1.00
2016.12.23 08:23:35.964,1.51217,1.5125,1.00,1.00
2016.12.23 08:23:36.065,1.51217,1.5125,1.00,1.12
2016.12.23 08:23:36.614,1.51217,1.51247,1.00,1.00
2016.12.23 08:23:38.219,1.51217,1.51247,1.00,1.00
2016.12.23 08:23:38.270,1.51217,1.5125,1.00,1.00
2016.12.23 08:23:38.710,1.51217,1.5125,1.00,1.00
2016.12.23 08:23:39.368,1.51217,1.51251,1.00,1.00
2016.12.23 08:23:39.747,1.51217,1.51246,1.00,1.00
2016.12.23 08:23:40.254,1.51218,1.51246,1.00,1.00
2016.12.23 08:23:40.581,1.51219,1.51254,1.00,1.00
2016.12.23 08:23:41.268,1.51219,1.51253,1.00,1.00
2016.12.23 08:23:42.202,1.51219,1.51252,1.00,1.00
2016.12.23 08:23:43.682,1.51219,1.51247,1.00,1.00
2016.12.23 08:23:46.227,1.51219,1.51252,1.00,1.00
2016.12.23 08:23:46.658,1.51219,1.51246,1.00,1.00
2016.12.23 08:23:48.096,1.51219,1.51251,1.00,1.00
2016.12.23 08:23:48.814,1.51219,1.51252,1.00,1.00
2016.12.23 08:23:52.073,1.51215,1.51245,1.00,1.00
2016.12.23 08:23:52.124,1.51215,1.51246,1.00,1.50
2016.12.23 08:23:52.650,1.51215,1.51246,1.00,1.87
2016.12.23 08:23:53.180,1.51215,1.51247,1.00,1.00
2016.12.23 08:23:53.281,1.51215,1.5125,1.00,1.37
2016.12.23 08:23:53.483,1.51215,1.51247,1.00,1.00
2016.12.23 08:23:53.886,1.51215,1.5125,1.00,1.37
2016.12.23 08:23:53.937,1.51216,1.5125,1.00,1.37
2016.12.23 08:23:54.225,1.51216,1.51251,1.00,1.37
2016.12.23 08:23:54.434,1.51216,1.51246,1.00,1.00
2016.12.23 08:23:54.959,1.51216,1.51247,1.00,1.00
2016.12.23 08:23:55.061,1.51216,1.51247,1.00,1.50
2016.12.23 08:23:55.112,1.51216,1.51245,1.00,1.00
2016.12.23 08:23:55.263,1.51203,1.51234,2.25,1.00
2016.12.23 08:23:55.364,1.51203,1.51234,1.37,1.37
2016.12.23 08:23:55.695,1.51203,1.51234,1.00,1.50
2016.12.23 08:23:56.129,1.51203,1.51236,1.00,2.25
2016.12.23 08:23:56.430,1.51203,1.51226,1.00,1.00
2016.12.23 08:23:57.274,1.512,1.51226,1.00,1.00
2016.12.23 08:23:59.681,1.512,1.51233,1.00,1.37
2016.12.23 08:23:59.732,1.512,1.51231,1.00,1.00
2016.12.23 08:24:00.034,1.512,1.51233,1.00,1.00
2016.12.23 08:24:01.399,1.512,1.51234,1.00,1.00
2016.12.23 08:24:02.274,1.512,1.51234,1.00,1.00
2016.12.23 08:24:02.325,1.512,1.51234,1.00,1.00
2016.12.23 08:24:03.291,1.512,1.51233,1.00,1.00
2016.12.23 08:24:03.622,1.51201,1.51235,1.00,1.00
2016.12.23 08:24:03.949,1.51201,1.51226,1.00,1.00
2016.12.23 08:24:04.518,1.51201,1.51226,1.00,1.00
2016.12.23 08:24:05.644,1.51201,1.51234,1.00,1.00
2016.12.23 08:24:05.745,1.51201,1.51233,1.00,1.00
2016.12.23 08:24:06.767,1.51201,1.51232,1.00,1.00
2016.12.23 08:24:07.481,1.51201,1.51232,1.00,1.37
2016.12.23 08:24:08.253,1.51201,1.51232,1.00,1.12
2016.12.23 08:24:08.412,1.51201,1.51233,1.00,1.37
2016.12.23 08:24:08.936,1.51201,1.51233,1.00,1.37
2016.12.23 08:24:09.449,1.51201,1.51232,1.00,1.37
2016.12.23 08:24:09.756,1.51201,1.51233,1.00,1.00
2016.12.23 08:24:10.495,1.51201,1.51232,1.00,1.00
2016.12.23 08:24:11.494,1.51201,1.51231,1.00,1.00
2016.12.23 08:24:13.909,1.51201,1.5123,1.00,1.00
2016.12.23 08:24:14.010,1.51198,1.51228,1.00,1.00
2016.12.23 08:24:14.211,1.51198,1.51231,1.00,1.00
2016.12.23 08:24:14.363,1.51198,1.51231,1.00,1.37
2016.12.23 08:24:14.923,1.51198,1.51231,1.00,1.37
2016.12.23 08:24:15.393,1.51198,1.51227,1.00,1.00
2016.12.23 08:24:16.287,1.51198,1.51227,1.00,1.00
2016.12.23 08:24:21.034,1.51198,1.51227,1.00,1.50
2016.12.23 08:24:21.366,1.51198,1.51226,1.00,1.00
2016.12.23 08:24:22.228,1.51198,1.51226,1.00,1.00
2016.12.23 08:24:22.653,1.51198,1.51226,1.00,1.00
2016.12.23 08:24:22.703,1.51198,1.5123,1.00,1.12
2016.12.23 08:24:23.418,1.51198,1.51226,1.00,1.00
2016.12.23 08:24:23.468,1.51197,1.51226,1.00,1.00
2016.12.23 08:24:23.519,1.51197,1.51228,1.00,1.00
2016.12.23 08:24:24.025,1.51197,1.51227,1.00,1.00
2016.12.23 08:24:24.076,1.51197,1.51227,1.00,1.37
2016.12.23 08:24:24.377,1.51194,1.51225,1.00,1.37
2016.12.23 08:24:24.883,1.51194,1.51225,1.00,1.37
2016.12.23 08:24:25.443,1.51193,1.51224,1.00,1.37
2016.12.23 08:24:26.391,1.51193,1.51224,1.00,1.37
2016.12.23 08:24:27.594,1.51193,1.51222,1.00,1.00
2016.12.23 08:24:29.449,1.51193,1.51225,1.00,1.37
2016.12.23 08:24:29.701,1.51193,1.51226,1.00,1.87
2016.12.23 08:24:30.097,1.51193,1.51226,1.00,1.12
2016.12.23 08:24:30.399,1.51196,1.51227,1.00,1.00
2016.12.23 08:24:30.992,1.51196,1.51226,1.00,1.00
2016.12.23 08:24:31.260,1.51196,1.51232,1.00,1.12
2016.12.23 08:24:31.361,1.51198,1.51235,1.00,1.00
2016.12.23 08:24:31.412,1.51201,1.51236,1.00,1.00
2016.12.23 08:24:32.936,1.51201,1.51238,1.00,1.37
2016.12.23 08:24:33.251,1.51201,1.51235,1.00,1.37
2016.12.23 08:24:34.338,1.51201,1.51235,1.00,1.37
2016.12.23 08:24:35.792,1.51201,1.51234,1.00,1.12
2016.12.23 08:24:35.893,1.51201,1.51234,1.00,1.12
2016.12.23 08:24:36.279,1.51201,1.51231,1.00,1.00
2016.12.23 08:24:37.244,1.51201,1.51232,1.00,1.00
2016.12.23 08:24:38.924,1.51201,1.51234,1.00,1.87
2016.12.23 08:24:39.444,1.51201,1.51233,1.00,1.00
2016.12.23 08:24:44.350,1.51201,1.51234,1.00,1.87
2016.12.23 08:24:44.928,1.51201,1.51233,1.00,1.12
2016.12.23 08:24:45.085,1.51201,1.51233,1.00,1.50
2016.12.23 08:24:47.216,1.51201,1.51235,1.00,1.37
2016.12.23 08:24:47.417,1.51201,1.51236,1.00,1.50
2016.12.23 08:24:47.468,1.51201,1.51235,1.00,1.00
2016.12.23 08:24:47.619,1.51202,1.51236,1.00,1.50
2016.12.23 08:24:50.024,1.51202,1.51233,1.00,1.00
2016.12.23 08:24:50.557,1.51202,1.51232,1.00,1.00
2016.12.23 08:24:52.636,1.51202,1.51234,1.00,1.37
2016.12.23 08:24:52.737,1.51202,1.51237,1.00,1.50
2016.12.23 08:24:54.474,1.51202,1.51237,1.00,1.87
2016.12.23 08:24:54.994,1.51202,1.51236,1.00,1.00
2016.12.23 08:24:57.076,1.51202,1.51236,1.00,1.37
2016.12.23 08:24:57.177,1.51202,1.51236,1.00,1.00
2016.12.23 08:24:57.867,1.51202,1.51236,1.00,1.87
2016.12.23 08:24:58.390,1.51202,1.51236,1.00,1.12
2016.12.23 08:24:58.841,1.51204,1.51236,1.00,1.12
2016.12.23 08:24:59.384,1.51205,1.51236,1.00,1.37
2016.12.23 08:25:00.145,1.51205,1.51236,1.00,1.00
2016.12.23 08:25:00.195,1.51205,1.51236,1.00,1.00
2016.12.23 08:25:00.246,1.51205,1.51237,1.00,1.00
2016.12.23 08:25:00.297,1.51204,1.51226,1.00,1.00
2016.12.23 08:25:00.558,1.51204,1.51236,1.00,1.00
2016.12.23 08:25:00.695,1.51203,1.51227,1.00,1.00
2016.12.23 08:25:01.200,1.51202,1.51227,1.00,1.00
2016.12.23 08:25:01.934,1.51201,1.51227,1.00,1.00
2016.12.23 08:25:02.537,1.51201,1.51226,1.00,1.00
2016.12.23 08:25:03.078,1.51198,1.51226,1.00,1.00
2016.12.23 08:25:03.179,1.51198,1.51226,1.00,1.00
2016.12.23 08:25:04.379,1.51198,1.51227,1.00,1.00
2016.12.23 08:25:08.210,1.51198,1.51227,1.00,1.00
2016.12.23 08:25:08.412,1.51202,1.51236,1.00,1.50
2016.12.23 08:25:09.210,1.51202,1.51235,1.00,1.00
2016.12.23 08:25:09.504,1.51204,1.51237,1.00,1.50
2016.12.23 08:25:17.615,1.51205,1.51237,1.00,1.00
2016.12.23 08:25:18.170,1.51205,1.51237,1.00,1.50
2016.12.23 08:25:19.083,1.51205,1.51237,1.00,1.00
2016.12.23 08:25:19.133,1.51205,1.51236,1.00,1.00
2016.12.23 08:25:19.416,1.51205,1.51239,1.00,1.12
2016.12.23 08:25:20.148,1.51205,1.51239,1.00,1.37
2016.12.23 08:25:22.114,1.51205,1.51237,1.00,1.00
2016.12.23 08:25:23.802,1.51205,1.51237,1.00,1.00
2016.12.23 08:25:24.534,1.51205,1.51239,1.00,1.12
2016.12.23 08:25:25.133,1.51205,1.51238,1.00,1.12
2016.12.23 08:25:26.928,1.51205,1.51239,1.00,1.12
2016.12.23 08:25:28.992,1.51205,1.51239,1.00,1.37
2016.12.23 08:25:29.518,1.51205,1.51236,1.00,1.00
2016.12.23 08:25:30.062,1.51205,1.51237,1.00,1.00
2016.12.23 08:25:36.016,1.51205,1.51237,1.00,1.50
2016.12.23 08:25:36.318,1.51205,1.51227,1.00,1.00
2016.12.23 08:25:36.877,1.51205,1.51236,1.00,1.50
2016.12.23 08:25:37.250,1.51205,1.51236,1.00,1.00
2016.12.23 08:25:39.565,1.51205,1.51234,1.00,1.00
2016.12.23 08:25:41.614,1.51205,1.51236,1.00,1.00
2016.12.23 08:25:43.383,1.51205,1.51236,1.00,1.00
2016.12.23 08:25:44.168,1.51205,1.51236,1.00,1.00
2016.12.23 08:25:44.320,1.51205,1.51236,1.00,1.87
2016.12.23 08:25:44.620,1.51205,1.51236,1.00,1.00
2016.12.23 08:25:45.262,1.51205,1.51235,1.00,1.00
2016.12.23 08:25:46.468,1.51205,1.51235,1.00,1.00
2016.12.23 08:25:53.622,1.51205,1.51236,1.00,1.12
2016.12.23 08:25:55.445,1.51205,1.51235,1.00,1.00
2016.12.23 08:25:56.989,1.51205,1.51235,1.00,1.00
2016.12.23 08:25:58.535,1.51205,1.51236,1.00,1.00
2016.12.23 08:26:01.612,1.51205,1.51236,1.00,1.00
2016.12.23 08:26:03.590,1.51205,1.51236,1.00,1.00
2016.12.23 08:26:03.902,1.51207,1.51236,1.00,1.00
2016.12.23 08:26:05.115,1.51208,1.51236,1.00,1.00
2016.12.23 08:26:06.390,1.51208,1.51236,1.00,1.00
2016.12.23 08:26:07.575,1.51208,1.51236,1.00,1.00
2016.12.23 08:26:07.626,1.51199,1.51228,1.00,1.00
2016.12.23 08:26:07.677,1.51198,1.51221,1.50,1.00
2016.12.23 08:26:07.727,1.51195,1.5122,1.00,1.00
2016.12.23 08:26:07.828,1.51195,1.51219,1.00,1.37
2016.12.23 08:26:07.879,1.51187,1.51217,1.00,1.37
2016.12.23 08:26:07.930,1.51178,1.51202,1.12,1.00
2016.12.23 08:26:07.980,1.51176,1.51202,1.00,1.00
2016.12.23 08:26:08.031,1.5117,1.51199,1.12,1.00
2016.12.23 08:26:08.082,1.5117,1.51196,1.12,1.12
2016.12.23 08:26:08.658,1.51167,1.51197,1.50,1.00
2016.12.23 08:26:09.214,1.51167,1.51196,1.00,1.00
2016.12.23 08:26:09.646,1.51167,1.51198,1.00,1.00
2016.12.23 08:26:10.371,1.51167,1.51199,1.00,1.00
2016.12.23 08:26:10.633,1.51167,1.51196,1.00,1.00
2016.12.23 08:26:10.683,1.51167,1.51196,1.50,1.50
2016.12.23 08:26:11.222,1.51167,1.51195,1.00,1.00
2016.12.23 08:26:11.753,1.51166,1.51195,1.00,1.00
2016.12.23 08:26:12.754,1.51166,1.51195,1.00,1.00
2016.12.23 08:26:13.260,1.51163,1.51194,1.00,1.00
2016.12.23 08:26:13.411,1.51162,1.5119,1.00,1.00
2016.12.23 08:26:13.512,1.51156,1.51188,1.00,1.60
2016.12.23 08:26:13.563,1.51153,1.51181,1.50,1.00
2016.12.23 08:26:13.700,1.51151,1.51179,1.00,1.00
2016.12.23 08:26:13.823,1.51153,1.51185,1.00,1.00
2016.12.23 08:26:14.025,1.51153,1.51183,1.00,1.00
2016.12.23 08:26:14.076,1.51148,1.51185,1.12,1.00
2016.12.23 08:26:14.126,1.51146,1.51181,3.00,1.00
2016.12.23 08:26:14.177,1.51146,1.51181,1.00,1.50
2016.12.23 08:26:14.278,1.51146,1.51181,1.00,1.87
2016.12.23 08:26:15.010,1.51146,1.51181,1.00,1.00
2016.12.23 08:26:15.111,1.51146,1.51184,1.00,1.00
2016.12.23 08:26:15.282,1.51146,1.51185,1.00,1.12
2016.12.23 08:26:16.281,1.51149,1.51182,1.00,1.00
2016.12.23 08:26:17.361,1.51145,1.51183,1.00,1.60
2016.12.23 08:26:17.563,1.51145,1.51187,1.00,1.50
2016.12.23 08:26:17.867,1.51145,1.51185,1.00,1.00
2016.12.23 08:26:18.887,1.51148,1.51181,1.00,1.00
2016.12.23 08:26:18.944,1.51148,1.51186,1.00,1.50
2016.12.23 08:26:19.106,1.51148,1.51182,1.00,1.00
2016.12.23 08:26:19.862,1.51145,1.51182,1.00,1.00
2016.12.23 08:26:19.913,1.51145,1.51175,1.00,1.00
2016.12.23 08:26:20.014,1.51145,1.51179,1.00,1.00
2016.12.23 08:26:20.065,1.51145,1.51182,1.00,1.00
2016.12.23 08:26:20.820,1.51145,1.51181,1.00,1.60
2016.12.23 08:26:21.021,1.51145,1.51182,1.00,1.00
2016.12.23 08:26:21.550,1.51145,1.51183,1.00,1.50
2016.12.23 08:26:21.852,1.51145,1.51176,1.00,1.00
2016.12.23 08:26:21.903,1.51149,1.51184,1.00,1.00
2016.12.23 08:26:22.054,1.51148,1.51176,1.00,1.00
2016.12.23 08:26:22.377,1.51148,1.51176,1.00,1.00
2016.12.23 08:26:22.901,1.51149,1.51182,1.00,1.00
2016.12.23 08:26:25.903,1.51149,1.51181,1.00,1.00
2016.12.23 08:26:26.855,1.51149,1.5118,1.00,1.00
2016.12.23 08:26:27.057,1.51149,1.51176,1.00,1.00
2016.12.23 08:26:30.353,1.51149,1.51177,1.00,1.00
2016.12.23 08:26:32.456,1.51149,1.51177,1.00,1.00
2016.12.23 08:26:32.998,1.51149,1.51181,1.00,1.00
2016.12.23 08:26:33.579,1.51149,1.51177,1.00,1.00
2016.12.23 08:26:34.091,1.51149,1.51177,1.00,1.00
2016.12.23 08:26:34.635,1.51149,1.51179,1.00,1.00
2016.12.23 08:26:35.139,1.51149,1.51178,1.00,1.00
2016.12.23 08:26:37.841,1.51149,1.51179,1.00,1.00
2016.12.23 08:26:38.425,1.51149,1.51178,1.00,1.00
2016.12.23 08:26:39.058,1.51149,1.51178,1.00,1.00
2016.12.23 08:26:39.400,1.51158,1.51184,1.00,1.00
2016.12.23 08:26:39.501,1.51158,1.5119,1.00,1.00
2016.12.23 08:26:41.549,1.51161,1.51193,1.00,1.00
2016.12.23 08:26:42.083,1.51161,1.51194,1.00,1.00
2016.12.23 08:26:43.449,1.51163,1.51195,1.00,1.00
2016.12.23 08:26:46.587,1.51163,1.51195,1.00,1.00
2016.12.23 08:26:49.167,1.51163,1.51194,1.00,1.00
2016.12.23 08:26:49.318,1.51163,1.51194,1.00,1.00
2016.12.23 08:26:51.935,1.51163,1.51195,1.00,1.00
2016.12.23 08:26:54.505,1.51163,1.51196,1.00,1.00
2016.12.23 08:26:55.018,1.51164,1.51197,1.00,1.50
2016.12.23 08:26:55.541,1.51164,1.51196,1.00,1.00
2016.12.23 08:26:56.335,1.51164,1.51197,1.00,1.00
2016.12.23 08:26:57.570,1.51164,1.51197,1.00,1.50
2016.12.23 08:26:57.954,1.51164,1.51197,1.00,1.50
2016.12.23 08:27:01.626,1.51164,1.51196,1.00,1.00
2016.12.23 08:27:05.428,1.51164,1.51195,1.00,1.00
2016.12.23 08:27:16.701,1.51164,1.51194,1.00,1.00
2016.12.23 08:27:17.415,1.51164,1.51194,1.00,1.00
2016.12.23 08:27:17.466,1.51164,1.51196,1.00,1.00
2016.12.23 08:27:18.190,1.51165,1.51197,1.00,1.50
2016.12.23 08:27:18.913,1.51165,1.51196,1.00,1.00
2016.12.23 08:27:19.617,1.51165,1.51195,1.00,1.00
2016.12.23 08:27:19.668,1.51165,1.51192,1.00,1.00
2016.12.23 08:27:20.636,1.51165,1.51194,1.00,1.00
2016.12.23 08:27:22.288,1.51165,1.51193,1.00,1.00
2016.12.23 08:27:23.226,1.51164,1.51193,1.00,1.00
2016.12.23 08:27:26.010,1.51165,1.51196,1.00,1.37
2016.12.23 08:27:26.515,1.51165,1.51196,1.00,1.00
2016.12.23 08:27:27.046,1.51165,1.51196,1.00,1.00
2016.12.23 08:27:27.539,1.51166,1.51197,1.00,1.00
2016.12.23 08:27:28.312,1.51166,1.51196,1.00,1.00
2016.12.23 08:27:30.094,1.51167,1.51196,1.00,1.00
2016.12.23 08:27:30.934,1.51167,1.51196,1.00,1.00
2016.12.23 08:27:31.036,1.51167,1.51196,1.00,1.00
2016.12.23 08:27:35.301,1.51167,1.51195,1.00,1.00
2016.12.23 08:27:36.035,1.51165,1.51194,1.00,1.00
2016.12.23 08:27:39.515,1.51165,1.51194,1.00,1.00
2016.12.23 08:27:39.837,1.51164,1.51191,1.00,1.00
2016.12.23 08:27:39.888,1.51161,1.51189,1.00,1.00
2016.12.23 08:27:39.989,1.51161,1.51187,1.00,1.00
2016.12.23 08:27:40.040,1.51159,1.51187,1.00,1.50
2016.12.23 08:27:40.629,1.51159,1.51186,1.00,1.00
2016.12.23 08:27:48.473,1.51159,1.51186,1.00,1.00
2016.12.23 08:27:49.473,1.51159,1.51186,1.00,1.00
2016.12.23 08:27:49.674,1.51159,1.51186,1.00,1.00
2016.12.23 08:27:50.501,1.51159,1.51186,1.00,1.00
2016.12.23 08:27:51.005,1.51159,1.51186,1.00,1.00
2016.12.23 08:27:51.706,1.51159,1.51186,1.00,1.00
2016.12.23 08:27:52.990,1.51159,1.51186,1.00,1.00
2016.12.23 08:27:53.218,1.51159,1.51186,1.00,1.00
2016.12.23 08:27:56.253,1.51156,1.51185,1.00,1.00
2016.12.23 08:27:56.555,1.51153,1.51182,1.00,1.00
2016.12.23 08:27:56.870,1.51153,1.51185,1.00,1.00
2016.12.23 08:27:57.518,1.51153,1.51185,1.00,1.00
2016.12.23 08:27:58.121,1.51153,1.51184,1.00,1.00
2016.12.23 08:28:00.059,1.51154,1.51186,1.00,1.00
2016.12.23 08:28:00.496,1.51154,1.51186,1.00,1.50
2016.12.23 08:28:00.861,1.51154,1.51186,1.00,1.00
2016.12.23 08:28:01.376,1.51154,1.51185,1.00,1.00
2016.12.23 08:28:02.031,1.51154,1.51185,1.00,1.00
2016.12.23 08:28:02.377,1.51154,1.51182,1.00,1.00
2016.12.23 08:28:02.679,1.51154,1.51176,1.00,1.00
2016.12.23 08:28:03.893,1.51154,1.51182,1.00,1.00
2016.12.23 08:28:04.330,1.51154,1.51177,1.00,1.00
2016.12.23 08:28:06.751,1.51154,1.51182,1.00,1.00
2016.12.23 08:28:06.802,1.51154,1.51183,1.00,1.00
2016.12.23 08:28:07.104,1.51154,1.51177,1.00,1.00
2016.12.23 08:28:07.255,1.51154,1.51182,1.00,1.00
2016.12.23 08:28:07.513,1.51154,1.51176,1.00,1.00
2016.12.23 08:28:08.205,1.51154,1.51176,1.00,1.00
2016.12.23 08:28:09.400,1.5115,1.51176,1.00,1.00
2016.12.23 08:28:11.302,1.5115,1.51176,1.00,1.00
2016.12.23 08:28:12.338,1.51149,1.51176,1.00,1.50
2016.12.23 08:28:12.883,1.51148,1.51176,1.00,1.50
2016.12.23 08:28:13.145,1.51148,1.51176,1.00,1.00
2016.12.23 08:28:16.652,1.51148,1.51176,1.00,1.00
2016.12.23 08:28:17.511,1.51148,1.51176,1.00,1.00
2016.12.23 08:28:17.954,1.51148,1.51166,1.00,1.00
2016.12.23 08:28:18.122,1.51148,1.51176,1.00,1.00
2016.12.23 08:28:18.677,1.51148,1.51176,1.00,1.50
2016.12.23 08:28:18.857,1.51148,1.51167,1.00,1.00
2016.12.23 08:28:22.031,1.51148,1.51167,1.00,1.00
2016.12.23 08:28:22.380,1.51148,1.51167,1.00,1.00
2016.12.23 08:28:22.431,1.51148,1.51177,1.00,1.00
2016.12.23 08:28:23.669,1.51149,1.51176,1.00,1.00
2016.12.23 08:28:24.192,1.51149,1.51176,1.00,1.00
2016.12.23 08:28:29.355,1.51149,1.51183,1.00,1.00
2016.12.23 08:28:29.406,1.5115,1.51183,1.00,1.00
2016.12.23 08:28:29.987,1.5115,1.51183,1.00,1.00
2016.12.23 08:28:31.658,1.5115,1.51185,1.00,1.50
2016.12.23 08:28:31.759,1.51151,1.51185,1.00,1.00
2016.12.23 08:28:32.298,1.51151,1.51186,1.00,1.50
2016.12.23 08:28:39.924,1.51151,1.51186,1.00,1.50
2016.12.23 08:28:41.133,1.51151,1.51186,1.00,1.50
2016.12.23 08:28:55.475,1.51148,1.5118,1.00,1.00
2016.12.23 08:28:55.778,1.51147,1.51176,1.00,1.00
2016.12.23 08:28:56.308,1.51146,1.51176,1.00,1.50
2016.12.23 08:29:00.967,1.51146,1.51176,1.00,1.00
2016.12.23 08:29:01.381,1.51145,1.51174,1.00,1.00
2016.12.23 08:29:01.432,1.51142,1.51174,1.00,1.00
2016.12.23 08:29:01.938,1.51142,1.51174,1.00,1.00
2016.12.23 08:29:02.358,1.51142,1.51166,1.00,1.00
2016.12.23 08:29:02.509,1.51142,1.51174,1.00,1.00
2016.12.23 08:29:02.937,1.51142,1.51167,1.00,1.00
2016.12.23 08:29:03.469,1.51141,1.51166,1.00,1.00
2016.12.23 08:29:04.292,1.5114,1.51166,1.00,1.00
2016.12.23 08:29:05.419,1.51138,1.51166,1.00,1.00
2016.12.23 08:29:05.861,1.51138,1.51171,1.00,1.00
2016.12.23 08:29:06.422,1.51138,1.51171,1.00,1.00
2016.12.23 08:29:07.598,1.51138,1.51171,1.00,1.00
2016.12.23 08:29:10.016,1.51138,1.51171,1.00,1.00
2016.12.23 08:29:10.465,1.51138,1.51166,1.00,1.00
2016.12.23 08:29:10.566,1.51142,1.51174,1.00,1.37
2016.12.23 08:29:10.667,1.51142,1.51176,1.00,1.00
2016.12.23 08:29:11.558,1.51143,1.51176,1.00,1.00
2016.12.23 08:29:16.915,1.51143,1.51176,1.00,1.00
2016.12.23 08:29:17.919,1.51144,1.51176,1.00,1.00
2016.12.23 08:29:18.258,1.51149,1.51183,1.00,1.00
2016.12.23 08:29:18.907,1.51149,1.51182,1.00,1.00
2016.12.23 08:29:20.088,1.51149,1.51181,1.00,1.00
2016.12.23 08:29:20.215,1.51149,1.51176,1.00,1.00
2016.12.23 08:29:20.493,1.51149,1.51181,1.00,1.00
2016.12.23 08:29:21.003,1.51149,1.51182,1.00,1.00
2016.12.23 08:29:21.104,1.51149,1.51182,1.00,1.37
2016.12.23 08:29:21.205,1.51149,1.51181,1.00,1.37
2016.12.23 08:29:22.063,1.51149,1.51181,1.00,1.12
2016.12.23 08:29:22.518,1.51149,1.51182,2.50,1.37
2016.12.23 08:29:22.848,1.51149,1.51182,1.00,1.00
2016.12.23 08:29:22.899,1.5115,1.51184,2.50,1.12
2016.12.23 08:29:23.813,1.51152,1.51185,1.50,1.12
2016.12.23 08:29:25.039,1.51152,1.51185,1.50,1.00
2016.12.23 08:29:28.674,1.51159,1.51185,1.00,1.00
2016.12.23 08:29:28.776,1.51159,1.51188,1.00,1.00
2016.12.23 08:29:29.690,1.51159,1.51186,1.00,1.00
2016.12.23 08:29:30.707,1.51159,1.51188,1.00,1.00
2016.12.23 08:29:30.758,1.51159,1.51191,1.00,1.00
2016.12.23 08:29:30.809,1.51169,1.51193,1.00,1.00
2016.12.23 08:29:30.910,1.51169,1.51202,1.00,1.37
2016.12.23 08:29:30.961,1.51169,1.51202,1.00,1.00
2016.12.23 08:29:31.511,1.51169,1.51203,1.50,1.00
2016.12.23 08:29:32.057,1.51169,1.51202,1.00,1.00
2016.12.23 08:29:34.017,1.51169,1.51205,3.00,1.12
2016.12.23 08:29:34.067,1.51169,1.51202,3.00,1.00
2016.12.23 08:29:34.438,1.51169,1.51204,1.50,1.00
2016.12.23 08:29:34.589,1.5117,1.512,1.50,1.00
2016.12.23 08:29:35.171,1.5117,1.512,1.00,1.00
2016.12.23 08:29:35.687,1.5117,1.51201,1.50,1.00
2016.12.23 08:29:35.911,1.5117,1.51203,1.50,1.00
2016.12.23 08:29:36.416,1.51179,1.51203,1.00,1.00
2016.12.23 08:29:36.948,1.51179,1.51203,1.00,1.00
2016.12.23 08:29:37.466,1.51179,1.51203,1.00,1.00
2016.12.23 08:29:37.923,1.51179,1.51201,1.00,1.00
2016.12.23 08:29:38.025,1.51173,1.51201,1.00,1.00
2016.12.23 08:29:38.933,1.51173,1.51201,1.00,1.00
2016.12.23 08:29:39.034,1.51173,1.51198,1.00,1.00
2016.12.23 08:29:39.248,1.51173,1.512,1.00,1.00
2016.12.23 08:29:39.909,1.51179,1.512,1.00,1.00
2016.12.23 08:29:40.061,1.51179,1.51203,1.00,1.00
2016.12.23 08:29:40.562,1.51174,1.512,1.00,1.00
2016.12.23 08:29:40.612,1.51174,1.51202,1.00,1.00
2016.12.23 08:29:40.767,1.51178,1.51202,1.00,1.00
2016.12.23 08:29:41.443,1.51174,1.51202,1.00,1.00
2016.12.23 08:29:42.440,1.51174,1.51203,1.00,1.00
2016.12.23 08:29:42.536,1.51178,1.51203,1.00,1.00
2016.12.23 08:29:42.719,1.51174,1.51203,1.00,1.00
2016.12.23 08:29:42.820,1.51174,1.512,1.00,1.00
2016.12.23 08:29:43.940,1.51174,1.51203,1.00,1.00
2016.12.23 08:29:46.642,1.51173,1.512,1.00,1.00
2016.12.23 08:29:47.195,1.51173,1.512,1.00,1.00
2016.12.23 08:29:47.794,1.51173,1.51199,1.00,1.00
2016.12.23 08:29:48.361,1.51173,1.51199,1.00,1.00
2016.12.23 08:29:49.694,1.51173,1.51199,1.00,1.00
2016.12.23 08:29:53.306,1.51173,1.512,1.00,1.00
2016.12.23 08:29:55.074,1.51173,1.51201,1.00,1.00
2016.12.23 08:29:58.971,1.51173,1.51201,1.00,1.00
2016.12.23 08:29:59.273,1.51173,1.51199,1.00,1.00
2016.12.23 08:29:59.539,1.51173,1.51201,1.00,1.00
2016.12.23 08:30:00.087,1.51173,1.51201,1.00,1.00
2016.12.23 08:30:00.922,1.51172,1.51201,1.00,1.00
2016.12.23 08:30:01.264,1.51172,1.51199,1.00,1.00
2016.12.23 08:30:01.466,1.5117,1.51198,1.00,1.50
2016.12.23 08:30:01.568,1.51168,1.51197,1.00,1.00
2016.12.23 08:30:01.618,1.51166,1.51193,1.00,1.00
2016.12.23 08:30:01.954,1.51168,1.51193,1.00,1.00
2016.12.23 08:30:02.119,1.51166,1.51193,1.00,1.00
2016.12.23 08:30:02.458,1.51164,1.51192,1.00,1.00
2016.12.23 08:30:03.048,1.51164,1.51193,1.00,1.00
2016.12.23 08:30:05.096,1.51164,1.51194,1.00,1.00
2016.12.23 08:30:08.916,1.51164,1.51198,1.00,1.12
2016.12.23 08:30:09.433,1.51164,1.51197,1.00,1.00
2016.12.23 08:30:11.415,1.51168,1.51197,1.00,1.00
2016.12.23 08:30:11.918,1.51169,1.51198,1.00,1.00
2016.12.23 08:30:16.434,1.51169,1.51197,1.00,1.00
2016.12.23 08:30:16.980,1.51169,1.51196,1.00,1.00
2016.12.23 08:30:17.519,1.51169,1.51197,1.00,1.00
2016.12.23 08:30:18.504,1.51169,1.51198,1.00,1.00
2016.12.23 08:30:21.142,1.51169,1.51196,1.00,1.00
2016.12.23 08:30:21.357,1.51169,1.51199,1.00,1.00
2016.12.23 08:30:25.976,1.51169,1.51197,1.00,1.00
2016.12.23 08:30:28.184,1.51169,1.51201,1.00,1.00
2016.12.23 08:30:28.285,1.51169,1.51199,1.00,1.00
2016.12.23 08:30:28.796,1.51169,1.51199,1.00,1.00
2016.12.23 08:30:29.302,1.51169,1.51198,1.00,1.00
2016.12.23 08:30:30.520,1.51169,1.51196,1.00,1.00
2016.12.23 08:30:31.065,1.51169,1.51197,1.00,1.00
2016.12.23 08:30:35.129,1.51169,1.512,1.00,1.00
2016.12.23 08:30:35.180,1.51169,1.51198,1.00,1.00
2016.12.23 08:30:35.231,1.51169,1.51198,1.00,1.00
2016.12.23 08:30:35.367,1.51169,1.51203,1.00,1.12
2016.12.23 08:30:35.418,1.51169,1.51201,1.00,1.00
2016.12.23 08:30:36.270,1.51169,1.51197,1.00,1.00
2016.12.23 08:30:36.472,1.51164,1.5119,1.00,1.00
2016.12.23 08:30:36.623,1.51164,1.51192,1.00,1.00
2016.12.23 08:30:37.423,1.51164,1.51193,1.00,1.00
2016.12.23 08:30:38.974,1.51164,1.51196,1.00,1.00
2016.12.23 08:30:39.025,1.51164,1.51197,1.00,1.00
2016.12.23 08:30:39.327,1.51164,1.51195,1.50,1.00
2016.12.23 08:30:39.428,1.51164,1.51193,1.00,1.00
2016.12.23 08:30:39.932,1.51163,1.51193,1.00,1.00
2016.12.23 08:30:40.454,1.51163,1.51192,1.50,1.00
2016.12.23 08:30:41.981,1.51163,1.51192,1.00,1.00
2016.12.23 08:30:42.950,1.51163,1.51192,1.50,1.00
2016.12.23 08:30:43.993,1.51163,1.51193,1.50,1.00
2016.12.23 08:30:44.537,1.51163,1.51194,1.00,1.00
2016.12.23 08:30:45.331,1.51169,1.51194,1.00,1.00
2016.12.23 08:30:45.718,1.51163,1.51191,1.50,1.00
2016.12.23 08:30:46.580,1.51163,1.51188,1.00,1.00
2016.12.23 08:30:47.071,1.51163,1.5119,1.00,1.00
2016.12.23 08:30:47.802,1.51163,1.51192,1.00,1.00
2016.12.23 08:30:47.903,1.51163,1.51194,1.50,1.00
2016.12.23 08:30:48.085,1.51163,1.51195,1.00,1.00
2016.12.23 08:30:48.186,1.51163,1.51194,1.00,1.00
2016.12.23 08:30:48.287,1.51163,1.51192,1.50,1.00
2016.12.23 08:30:50.396,1.51163,1.51191,1.50,1.00
2016.12.23 08:30:54.058,1.51163,1.51193,1.00,1.00
2016.12.23 08:30:54.159,1.51163,1.51195,1.00,1.00
2016.12.23 08:30:54.510,1.51163,1.51194,1.50,1.00
2016.12.23 08:30:55.179,1.51163,1.51193,1.50,1.00
2016.12.23 08:30:55.230,1.51163,1.51191,1.00,1.00
2016.12.23 08:30:55.960,1.51163,1.51191,1.00,1.00
2016.12.23 08:30:56.277,1.51168,1.51195,1.00,1.00
2016.12.23 08:30:56.429,1.51168,1.51199,1.00,1.00
2016.12.23 08:30:57.301,1.51168,1.51197,1.00,1.00
2016.12.23 08:30:58.117,1.51169,1.51197,1.00,1.00
2016.12.23 08:30:58.454,1.51169,1.51194,1.00,1.00
2016.12.23 08:30:58.555,1.51163,1.51194,1.50,1.00
2016.12.23 08:30:59.426,1.51163,1.51192,1.50,1.00
2016.12.23 08:31:02.125,1.51163,1.51189,1.00,1.00
2016.12.23 08:31:03.041,1.51163,1.51191,1.50,1.00
2016.12.23 08:31:03.142,1.51163,1.51196,1.00,1.12
2016.12.23 08:31:03.936,1.51168,1.51196,1.00,1.00
2016.12.23 08:31:04.140,1.51165,1.51196,1.00,1.00
2016.12.23 08:31:05.725,1.51165,1.51194,1.00,1.00
2016.12.23 08:31:06.046,1.51169,1.51196,1.00,1.00
2016.12.23 08:31:06.718,1.51169,1.51195,1.00,1.00
2016.12.23 08:31:07.413,1.51167,1.51195,1.00,1.00
2016.12.23 08:31:09.415,1.51166,1.51194,1.00,1.00
2016.12.23 08:31:10.226,1.51164,1.51193,1.00,1.00
2016.12.23 08:31:10.522,1.51164,1.51195,1.50,1.00
2016.12.23 08:31:12.622,1.51164,1.51193,1.00,1.00
2016.12.23 08:31:16.953,1.51164,1.51194,1.00,1.00
2016.12.23 08:31:17.922,1.51164,1.51195,1.00,1.00
2016.12.23 08:31:18.421,1.51164,1.51193,1.00,1.00
2016.12.23 08:31:19.407,1.51164,1.51194,1.00,1.00
2016.12.23 08:31:19.912,1.51164,1.51193,1.00,1.00
2016.12.23 08:31:20.457,1.51164,1.51194,1.00,1.00
2016.12.23 08:31:21.198,1.51163,1.51191,1.50,1.00
2016.12.23 08:31:21.719,1.51163,1.51191,1.00,1.00
2016.12.23 08:31:27.651,1.51163,1.51193,1.00,1.00
2016.12.23 08:31:30.063,1.51163,1.51191,1.00,1.00
2016.12.23 08:31:32.159,1.51163,1.5119,1.00,1.00
2016.12.23 08:31:38.729,1.51163,1.51192,1.00,1.00
2016.12.23 08:31:40.287,1.51163,1.51191,1.00,1.00
2016.12.23 08:31:47.189,1.51163,1.5119,1.00,1.00
2016.12.23 08:31:56.336,1.51163,1.5119,1.00,1.00
2016.12.23 08:31:58.194,1.51163,1.51191,1.00,1.00
2016.12.23 08:32:00.517,1.51163,1.51191,1.00,1.00
2016.12.23 08:32:05.996,1.51163,1.51191,1.00,1.00
2016.12.23 08:32:06.560,1.51163,1.51191,1.00,1.00
2016.12.23 08:32:08.169,1.51163,1.51191,1.00,1.00
2016.12.23 08:32:22.203,1.51163,1.51191,1.00,1.00
2016.12.23 08:32:27.771,1.51163,1.51192,1.00,1.00
2016.12.23 08:32:28.310,1.51163,1.51191,1.00,1.00
2016.12.23 08:32:28.559,1.51163,1.51194,1.00,1.00
2016.12.23 08:32:28.660,1.51163,1.51197,1.00,1.00
2016.12.23 08:32:28.710,1.51164,1.51197,1.00,1.00
2016.12.23 08:32:29.051,1.51169,1.51197,1.00,1.00
2016.12.23 08:32:31.721,1.51169,1.51198,1.00,1.12
2016.12.23 08:32:32.401,1.51169,1.51198,1.00,1.37
2016.12.23 08:32:32.924,1.51169,1.51198,1.00,1.12
2016.12.23 08:32:33.931,1.51169,1.51198,1.00,1.37
2016.12.23 08:32:34.973,1.51169,1.51198,1.00,1.12
2016.12.23 08:32:36.375,1.51169,1.51198,1.00,1.37
2016.12.23 08:32:37.912,1.51169,1.51198,1.00,1.12
2016.12.23 08:32:38.579,1.51169,1.51198,1.00,1.37
2016.12.23 08:32:39.138,1.51169,1.51198,1.00,1.00
2016.12.23 08:32:43.860,1.51169,1.51202,1.00,1.12
2016.12.23 08:32:47.311,1.51169,1.51201,1.00,1.00
2016.12.23 08:32:48.812,1.51169,1.51199,1.00,1.00
2016.12.23 08:32:49.712,1.51169,1.51198,1.00,1.00
2016.12.23 08:32:50.277,1.51169,1.51197,1.00,1.00
2016.12.23 08:32:51.948,1.51169,1.51201,1.50,1.00
2016.12.23 08:32:51.999,1.51171,1.51203,1.50,1.00
2016.12.23 08:32:55.490,1.51171,1.51204,1.00,1.00
2016.12.23 08:32:57.383,1.51179,1.51211,1.00,2.10
2016.12.23 08:32:57.534,1.51179,1.51215,1.50,1.50
2016.12.23 08:32:57.635,1.51179,1.51215,1.00,1.37
2016.12.23 08:32:57.686,1.51179,1.51215,1.00,1.00
2016.12.23 08:32:57.938,1.51179,1.51215,1.50,1.37
2016.12.23 08:32:58.089,1.5118,1.51215,1.50,1.50
2016.12.23 08:32:58.618,1.5118,1.51215,2.50,1.87
2016.12.23 08:33:02.473,1.5118,1.51215,3.00,1.87
2016.12.23 08:33:02.524,1.5118,1.51215,3.75,1.00
2016.12.23 08:33:02.791,1.5118,1.51215,3.00,1.37
2016.12.23 08:33:02.918,1.51181,1.51215,1.50,1.50
2016.12.23 08:33:03.828,1.51181,1.51214,1.50,1.00
2016.12.23 08:33:04.516,1.51181,1.51215,1.50,1.00
2016.12.23 08:33:05.079,1.51181,1.51214,1.50,1.00
2016.12.23 08:33:06.139,1.51181,1.51215,1.50,1.00
2016.12.23 08:33:11.476,1.51181,1.51216,1.00,1.50
2016.12.23 08:33:11.527,1.51184,1.51219,1.00,1.87
2016.12.23 08:33:11.890,1.51188,1.51219,1.00,1.50
2016.12.23 08:33:12.391,1.51188,1.5122,1.00,1.37
2016.12.23 08:33:12.954,1.51188,1.51221,1.00,1.37
2016.12.23 08:33:13.511,1.51189,1.51221,1.00,1.37
2016.12.23 08:33:14.600,1.51189,1.51213,1.00,1.00
2016.12.23 08:33:14.751,1.51183,1.51211,1.50,1.00
2016.12.23 08:33:14.802,1.51183,1.51209,1.00,1.00
2016.12.23 08:33:14.953,1.51183,1.51211,1.00,1.00
2016.12.23 08:33:15.586,1.51183,1.51212,1.00,1.00
2016.12.23 08:33:19.403,1.51183,1.5121,1.00,1.00
2016.12.23 08:33:20.181,1.51183,1.51209,1.00,1.00
2016.12.23 08:33:20.494,1.51183,1.51207,1.00,1.00
2016.12.23 08:33:23.317,1.51183,1.51208,1.00,1.00
2016.12.23 08:33:25.134,1.51183,1.51209,1.00,1.00
2016.12.23 08:33:25.989,1.51183,1.51209,1.00,1.00
2016.12.23 08:33:27.891,1.51183,1.5121,1.00,1.00
2016.12.23 08:33:28.471,1.51183,1.51211,1.00,1.50
2016.12.23 08:33:28.815,1.51183,1.51207,1.00,1.00
2016.12.23 08:33:29.318,1.51183,1.51206,1.00,1.00
2016.12.23 08:33:30.085,1.51176,1.51206,1.00,1.00
2016.12.23 08:33:30.136,1.51179,1.51206,1.00,1.00
2016.12.23 08:33:31.147,1.51179,1.51206,1.00,1.37
2016.12.23 08:33:32.070,1.51179,1.51206,1.00,1.00
2016.12.23 08:33:32.990,1.51179,1.51207,1.00,1.00
2016.12.23 08:33:33.899,1.51179,1.51206,1.00,1.00
2016.12.23 08:33:38.060,1.51179,1.51207,1.00,1.00
2016.12.23 08:33:38.813,1.51179,1.51206,1.00,1.00
2016.12.23 08:33:39.956,1.51177,1.51206,1.00,1.00
2016.12.23 08:33:46.145,1.51177,1.51207,1.00,1.00
2016.12.23 08:33:46.970,1.51177,1.51206,1.00,1.00
2016.12.23 08:33:47.423,1.51175,1.51204,1.00,1.00
2016.12.23 08:33:49.267,1.51178,1.51204,1.00,1.00
2016.12.23 08:33:49.490,1.51178,1.51207,1.00,1.12
2016.12.23 08:33:50.018,1.51179,1.51207,1.00,1.00
2016.12.23 08:33:50.988,1.51179,1.51206,1.00,1.00
2016.12.23 08:33:51.587,1.51179,1.51207,1.00,1.00
2016.12.23 08:33:57.952,1.51179,1.51209,1.00,1.00
2016.12.23 08:33:58.053,1.51179,1.51206,1.00,1.00
2016.12.23 08:33:58.205,1.51179,1.51209,1.00,1.00
2016.12.23 08:33:59.010,1.51179,1.5121,1.00,1.00
2016.12.23 08:33:59.520,1.51179,1.51211,1.00,1.00
2016.12.23 08:34:02.467,1.51179,1.51209,1.00,1.00
2016.12.23 08:34:03.040,1.51179,1.51209,1.00,1.00
2016.12.23 08:34:07.527,1.51179,1.51209,1.00,1.00
2016.12.23 08:34:11.454,1.51178,1.51206,1.00,1.00
2016.12.23 08:34:14.118,1.51174,1.51205,1.50,1.00
2016.12.23 08:34:16.140,1.51174,1.51202,1.00,1.00
2016.12.23 08:34:16.520,1.5117,1.51198,1.00,1.00
2016.12.23 08:34:16.963,1.5117,1.51199,1.00,1.00
2016.12.23 08:34:17.014,1.5117,1.51199,1.00,1.00
2016.12.23 08:34:17.114,1.5117,1.51201,1.00,1.00
2016.12.23 08:34:17.490,1.5117,1.51203,1.00,1.12
2016.12.23 08:34:18.038,1.5117,1.51203,1.00,1.37
2016.12.23 08:34:18.089,1.5117,1.51206,1.00,1.00
2016.12.23 08:34:18.610,1.51171,1.51206,2.50,1.12
2016.12.23 08:34:19.665,1.51173,1.51206,1.00,1.00
2016.12.23 08:34:19.883,1.51174,1.51208,1.00,1.12
2016.12.23 08:34:20.438,1.51175,1.51209,1.00,1.00
2016.12.23 08:34:20.489,1.51175,1.51204,1.00,1.00
2016.12.23 08:34:21.029,1.51174,1.51203,1.00,1.00
2016.12.23 08:34:21.130,1.51174,1.51206,1.00,1.00
2016.12.23 08:34:23.140,1.51174,1.51208,1.00,1.00
2016.12.23 08:34:23.515,1.51174,1.51205,1.00,1.00
2016.12.23 08:34:24.886,1.51174,1.51204,1.00,1.00
2016.12.23 08:34:25.616,1.51174,1.51206,1.00,1.00
2016.12.23 08:34:29.884,1.51174,1.51205,1.00,1.00
2016.12.23 08:34:32.434,1.51174,1.51206,1.00,1.00
2016.12.23 08:34:32.535,1.51173,1.51204,1.50,1.00
2016.12.23 08:34:32.686,1.51165,1.51199,1.00,1.00
2016.12.23 08:34:32.823,1.51165,1.51196,1.00,1.00
2016.12.23 08:34:33.650,1.51165,1.51196,1.00,1.00
2016.12.23 08:34:33.751,1.51166,1.51201,1.00,1.50
2016.12.23 08:34:34.978,1.51168,1.51201,1.00,1.00
2016.12.23 08:34:35.788,1.51168,1.51198,1.00,1.00
2016.12.23 08:34:36.075,1.51168,1.512,1.00,1.00
2016.12.23 08:34:36.374,1.51168,1.51201,1.00,1.00
2016.12.23 08:34:36.712,1.51168,1.51198,1.00,1.00
2016.12.23 08:34:36.889,1.51168,1.51201,1.00,1.00
2016.12.23 08:34:37.477,1.51168,1.512,1.00,1.00
2016.12.23 08:34:38.007,1.51168,1.51201,1.00,1.00
2016.12.23 08:34:38.187,1.51169,1.51201,1.00,1.00
2016.12.23 08:34:39.194,1.5117,1.51202,1.50,1.00
2016.12.23 08:34:39.747,1.5117,1.51201,2.50,1.00
2016.12.23 08:34:40.285,1.5117,1.512,1.00,1.00
2016.12.23 08:34:40.671,1.5117,1.51203,2.50,1.00
2016.12.23 08:34:41.196,1.51172,1.51205,1.50,1.12
2016.12.23 08:34:41.247,1.51172,1.51203,1.00,1.00
2016.12.23 08:34:41.685,1.51172,1.51205,1.50,1.87
2016.12.23 08:34:42.228,1.51172,1.51205,1.00,1.87
2016.12.23 08:34:43.029,1.51172,1.51203,1.00,1.00
2016.12.23 08:34:43.874,1.51172,1.51205,2.50,1.00
2016.12.23 08:34:43.924,1.51172,1.51204,2.50,1.00
2016.12.23 08:34:44.025,1.51172,1.51205,2.50,1.00
2016.12.23 08:34:44.227,1.51173,1.51204,1.50,1.00
2016.12.23 08:34:45.212,1.51173,1.51204,1.00,1.00
2016.12.23 08:34:45.364,1.51173,1.51206,1.00,1.00
2016.12.23 08:34:45.869,1.51173,1.51206,1.00,1.00
2016.12.23 08:34:46.383,1.51173,1.51205,1.00,1.00
2016.12.23 08:34:47.004,1.51173,1.51205,1.00,1.00
2016.12.23 08:34:47.169,1.51173,1.51204,1.00,1.00
2016.12.23 08:34:48.010,1.51173,1.51204,1.00,1.00
2016.12.23 08:34:48.597,1.51173,1.51205,1.00,1.00
2016.12.23 08:34:49.066,1.51173,1.51205,1.00,1.00
2016.12.23 08:34:49.505,1.51173,1.51208,1.00,1.00
2016.12.23 08:34:49.656,1.51173,1.51204,1.00,1.00
2016.12.23 08:34:50.520,1.51173,1.51206,2.50,1.00
2016.12.23 08:34:50.970,1.51173,1.51206,1.00,1.00
2016.12.23 08:34:51.071,1.51173,1.51204,2.50,1.00
2016.12.23 08:34:51.667,1.51173,1.51205,1.00,1.00
2016.12.23 08:34:52.025,1.51173,1.51207,2.50,1.00
2016.12.23 08:34:52.076,1.51173,1.51205,1.00,1.00
2016.12.23 08:35:03.365,1.51173,1.51205,2.50,1.00
2016.12.23 08:35:03.972,1.51173,1.51204,1.00,1.00
2016.12.23 08:35:05.470,1.51173,1.51204,2.50,1.00
2016.12.23 08:35:05.993,1.51173,1.51205,2.50,1.00
2016.12.23 08:35:12.667,1.51173,1.51204,1.00,1.00
2016.12.23 08:35:13.205,1.51173,1.51204,1.00,1.00
2016.12.23 08:35:14.979,1.51173,1.51202,1.50,1.00
2016.12.23 08:35:15.082,1.51169,1.51198,1.00,1.00
2016.12.23 08:35:15.993,1.51169,1.51199,1.00,1.00
2016.12.23 08:35:17.609,1.51169,1.51199,1.00,1.00
2016.12.23 08:35:18.481,1.51169,1.512,1.00,1.00
2016.12.23 08:35:18.668,1.51169,1.512,1.00,1.00
2016.12.23 08:35:19.424,1.51169,1.51197,1.00,1.00
2016.12.23 08:35:19.821,1.51167,1.51197,1.00,1.00
2016.12.23 08:35:20.178,1.51167,1.51199,1.00,1.00
2016.12.23 08:35:21.228,1.51167,1.512,1.00,1.00
2016.12.23 08:35:21.768,1.51167,1.512,1.00,1.00
2016.12.23 08:35:23.080,1.51167,1.512,1.00,1.00
2016.12.23 08:35:27.190,1.51167,1.51198,1.00,1.00
2016.12.23 08:35:28.183,1.51167,1.51198,1.00,1.00
2016.12.23 08:35:30.315,1.51167,1.51199,1.00,1.00
2016.12.23 08:35:30.366,1.51167,1.51201,1.00,1.00
2016.12.23 08:35:31.285,1.51167,1.512,1.00,1.00
2016.12.23 08:35:32.638,1.51167,1.512,1.00,1.00
2016.12.23 08:35:36.257,1.51167,1.512,1.00,1.00
2016.12.23 08:35:38.131,1.51167,1.512,1.00,1.00
2016.12.23 08:35:39.524,1.51167,1.51201,1.00,1.00
2016.12.23 08:35:56.611,1.51169,1.51201,1.00,1.00
2016.12.23 08:35:56.712,1.51171,1.51206,1.00,1.00
2016.12.23 08:35:58.190,1.51172,1.51206,1.00,1.00
2016.12.23 08:35:59.480,1.51172,1.51205,1.00,1.00
2016.12.23 08:36:02.781,1.51173,1.51206,1.00,1.00
2016.12.23 08:36:07.322,1.51174,1.51207,1.00,1.00
2016.12.23 08:36:07.872,1.51174,1.51206,1.00,1.00
2016.12.23 08:36:10.441,1.51174,1.51205,1.00,1.00
2016.12.23 08:36:10.922,1.51174,1.51207,1.00,1.00
2016.12.23 08:36:18.769,1.51174,1.51205,1.00,1.00
2016.12.23 08:36:18.820,1.51174,1.51207,1.00,1.00
2016.12.23 08:36:19.503,1.51174,1.51206,1.00,1.00
2016.12.23 08:36:19.850,1.51174,1.51207,1.00,1.00
2016.12.23 08:36:25.856,1.51174,1.51208,1.00,1.00
2016.12.23 08:36:27.464,1.51175,1.51211,1.00,1.37
2016.12.23 08:36:27.786,1.51179,1.51212,1.50,1.00
2016.12.23 08:36:31.408,1.51181,1.51217,1.00,1.12
2016.12.23 08:36:32.825,1.51182,1.51217,2.50,1.12
2016.12.23 08:36:33.457,1.51182,1.51216,2.50,1.00
2016.12.23 08:36:33.784,1.51183,1.51216,1.00,1.00
2016.12.23 08:36:38.064,1.51183,1.51215,1.00,1.00
2016.12.23 08:36:38.115,1.51183,1.51212,1.00,1.00
2016.12.23 08:36:38.216,1.51183,1.51215,1.00,1.00
2016.12.23 08:36:38.736,1.51183,1.51216,1.00,1.00
2016.12.23 08:36:39.279,1.51183,1.51217,1.00,1.00
2016.12.23 08:36:39.606,1.51183,1.51215,1.00,1.00
2016.12.23 08:36:39.707,1.51183,1.51213,1.00,1.00
2016.12.23 08:36:39.758,1.51183,1.51215,1.00,1.00
2016.12.23 08:36:40.707,1.51183,1.51216,1.00,1.00
2016.12.23 08:36:41.151,1.51183,1.51218,1.00,1.00
2016.12.23 08:36:41.353,1.51183,1.51216,1.00,1.00
2016.12.23 08:36:41.549,1.51183,1.51218,1.00,1.00
2016.12.23 08:36:42.508,1.51184,1.5122,1.00,1.00
2016.12.23 08:36:42.624,1.51185,1.51224,1.00,1.87
2016.12.23 08:36:42.675,1.51185,1.51224,2.50,1.00
2016.12.23 08:36:42.726,1.51188,1.51222,1.00,1.00
2016.12.23 08:36:42.928,1.51188,1.51219,1.00,1.00
2016.12.23 08:36:42.979,1.51189,1.51219,1.00,1.00
2016.12.23 08:36:43.908,1.51189,1.51218,1.00,1.00
2016.12.23 08:36:45.561,1.51188,1.51216,1.00,1.00
2016.12.23 08:36:45.612,1.51183,1.51217,1.50,1.50
2016.12.23 08:36:45.663,1.51183,1.51214,1.00,1.00
2016.12.23 08:36:45.964,1.51182,1.5121,1.00,1.00
2016.12.23 08:36:46.015,1.51182,1.51213,1.00,1.00
2016.12.23 08:36:46.397,1.51182,1.51215,1.00,1.00
2016.12.23 08:36:47.206,1.51183,1.51216,1.00,1.00
2016.12.23 08:36:47.821,1.51183,1.51216,1.00,1.00
2016.12.23 08:36:48.500,1.51183,1.51215,1.50,1.00
2016.12.23 08:36:48.795,1.51185,1.51218,1.00,1.00
2016.12.23 08:36:49.097,1.51188,1.51222,1.00,1.00
2016.12.23 08:36:49.520,1.5119,1.51224,1.00,1.37
2016.12.23 08:36:50.889,1.5119,1.51224,1.00,1.37
2016.12.23 08:36:51.417,1.51191,1.51222,1.00,1.00
2016.12.23 08:36:51.782,1.51191,1.51225,1.00,1.00
2016.12.23 08:36:51.980,1.51193,1.51226,1.00,1.00
2016.12.23 08:36:52.671,1.51193,1.51227,1.00,1.12
2016.12.23 08:36:56.011,1.51193,1.51226,1.00,1.00
2016.12.23 08:36:56.318,1.51194,1.51226,1.00,1.00
2016.12.23 08:36:57.753,1.51196,1.51228,1.00,1.00
2016.12.23 08:37:01.303,1.51196,1.51227,1.00,1.00
2016.12.23 08:37:01.472,1.51196,1.5123,1.00,1.00
2016.12.23 08:37:02.861,1.51196,1.51228,1.00,1.00
2016.12.23 08:37:03.164,1.51198,1.5123,1.00,1.00
2016.12.23 08:37:04.303,1.51198,1.51232,1.00,1.00
2016.12.23 08:37:04.354,1.51199,1.51236,1.00,2.62
2016.12.23 08:37:04.686,1.51204,1.51236,1.00,1.00
2016.12.23 08:37:05.341,1.51206,1.51237,1.00,1.00
2016.12.23 08:37:05.694,1.51207,1.51239,1.00,1.00
2016.12.23 08:37:06.766,1.51208,1.51239,1.00,1.00
2016.12.23 08:37:07.217,1.51208,1.51238,1.00,1.00
2016.12.23 08:37:07.444,1.51209,1.51246,3.25,1.37
2016.12.23 08:37:07.494,1.51213,1.51246,2.50,1.00
2016.12.23 08:37:07.797,1.51213,1.51242,1.00,1.00
2016.12.23 08:37:08.049,1.51213,1.51246,1.00,1.00
2016.12.23 08:37:10.394,1.51215,1.51247,1.00,1.12
2016.12.23 08:37:10.584,1.51218,1.51252,1.00,1.12
2016.12.23 08:37:11.500,1.51218,1.5125,1.00,1.00
2016.12.23 08:37:11.839,1.5122,1.51254,1.00,1.00
2016.12.23 08:37:12.039,1.5122,1.51252,1.00,1.00
2016.12.23 08:37:12.342,1.51221,1.51253,1.00,1.00
2016.12.23 08:37:12.744,1.51222,1.51256,1.00,1.87
2016.12.23 08:37:12.847,1.51222,1.51254,1.00,1.00
2016.12.23 08:37:13.381,1.51222,1.51254,1.00,1.00
2016.12.23 08:37:14.298,1.51222,1.51253,1.00,1.00
2016.12.23 08:37:14.962,1.51222,1.51255,1.00,1.00
2016.12.23 08:37:16.583,1.51222,1.51255,1.00,1.00
2016.12.23 08:37:16.735,1.51222,1.51254,1.00,1.00
2016.12.23 08:37:17.830,1.5122,1.51247,1.00,1.00
2016.12.23 08:37:17.880,1.51215,1.51247,1.00,1.00
2016.12.23 08:37:17.931,1.51215,1.51243,1.00,1.00
2016.12.23 08:37:18.234,1.51213,1.51237,1.00,1.00
2016.12.23 08:37:18.285,1.5121,1.51237,1.00,1.00
2016.12.23 08:37:18.335,1.5121,1.51237,1.00,1.00
2016.12.23 08:37:18.537,1.5121,1.51237,1.00,1.00
2016.12.23 08:37:18.839,1.5121,1.51239,1.00,1.00
2016.12.23 08:37:19.136,1.5121,1.51241,1.00,1.00
2016.12.23 08:37:19.388,1.51211,1.51243,1.00,1.00
2016.12.23 08:37:19.540,1.5121,1.51239,1.00,1.00
2016.12.23 08:37:19.692,1.5121,1.51239,1.00,1.00
2016.12.23 08:37:20.375,1.5121,1.51241,1.00,1.00
2016.12.23 08:37:20.744,1.51213,1.51245,1.00,1.00
2016.12.23 08:37:21.572,1.51213,1.51246,1.00,1.00
2016.12.23 08:37:21.883,1.51213,1.51244,1.00,1.00
2016.12.23 08:37:22.122,1.51213,1.51246,1.00,1.00
2016.12.23 08:37:25.975,1.51213,1.51245,1.00,1.00
2016.12.23 08:37:27.197,1.51213,1.51243,1.00,1.00
2016.12.23 08:37:27.359,1.51212,1.51241,1.00,1.00
2016.12.23 08:37:27.662,1.51212,1.51241,1.00,1.00
2016.12.23 08:37:27.763,1.51212,1.51241,1.00,1.00
2016.12.23 08:37:27.813,1.51209,1.51236,1.00,1.00
2016.12.23 08:37:28.341,1.51209,1.51237,1.00,1.00
2016.12.23 08:37:28.886,1.51209,1.51242,1.00,1.00
2016.12.23 08:37:29.295,1.51211,1.51243,1.00,1.00
2016.12.23 08:37:30.101,1.51211,1.51243,1.00,1.00
2016.12.23 08:37:30.623,1.51211,1.51244,1.00,1.00
2016.12.23 08:37:31.064,1.51212,1.51246,1.00,1.00
2016.12.23 08:37:31.739,1.51212,1.51244,1.50,1.00
2016.12.23 08:37:31.941,1.51213,1.51245,1.12,1.00
2016.12.23 08:37:32.320,1.51213,1.51243,1.50,1.00
2016.12.23 08:37:32.631,1.51213,1.51241,1.00,1.00
2016.12.23 08:37:32.808,1.51213,1.51244,1.00,1.00
2016.12.23 08:37:32.859,1.51213,1.51246,1.00,1.00
2016.12.23 08:37:33.332,1.51216,1.51248,1.00,1.00
2016.12.23 08:37:33.854,1.51216,1.5125,1.00,1.00
2016.12.23 08:37:33.937,1.51219,1.51251,1.00,1.00
2016.12.23 08:37:34.746,1.51219,1.51253,1.00,1.00
2016.12.23 08:37:35.640,1.51221,1.51252,1.00,1.00
2016.12.23 08:37:35.748,1.51221,1.51248,1.00,1.00
2016.12.23 08:37:39.773,1.5122,1.51246,1.00,1.00
2016.12.23 08:37:40.328,1.5122,1.51246,1.00,1.00
2016.12.23 08:37:41.045,1.5122,1.51247,1.00,1.00
2016.12.23 08:37:41.528,1.5122,1.51253,1.00,1.00
2016.12.23 08:37:41.579,1.51219,1.51246,1.00,1.00
2016.12.23 08:37:41.945,1.51219,1.51249,1.00,1.00
2016.12.23 08:37:42.046,1.5122,1.51253,1.00,1.00
2016.12.23 08:37:42.198,1.5122,1.5125,1.00,1.00
2016.12.23 08:37:42.729,1.5122,1.5125,1.00,1.00
2016.12.23 08:37:43.304,1.5122,1.51251,1.00,1.00
2016.12.23 08:37:43.838,1.5122,1.51251,1.00,1.00
2016.12.23 08:37:45.444,1.5122,1.51248,1.00,1.00
2016.12.23 08:37:47.371,1.5122,1.51246,1.00,1.00
2016.12.23 08:37:47.909,1.5122,1.51248,1.00,1.00
2016.12.23 08:37:48.427,1.5122,1.51248,1.00,1.00
2016.12.23 08:37:48.856,1.5122,1.51248,1.00,1.00
2016.12.23 08:37:48.906,1.5122,1.5125,1.00,1.00
2016.12.23 08:37:49.268,1.5122,1.51248,1.00,1.00
2016.12.23 08:37:49.319,1.5122,1.51248,1.00,1.00
2016.12.23 08:37:49.860,1.5122,1.51247,1.00,1.00
2016.12.23 08:37:50.219,1.51218,1.51245,1.00,1.00
2016.12.23 08:37:50.855,1.51216,1.51245,1.00,1.00
2016.12.23 08:37:50.982,1.51216,1.51245,1.00,1.00
2016.12.23 08:37:51.535,1.51219,1.51246,1.00,1.00
2016.12.23 08:37:51.636,1.51219,1.51246,1.00,1.00
2016.12.23 08:37:51.989,1.51219,1.51248,1.00,1.00
2016.12.23 08:37:52.531,1.51219,1.51248,1.00,1.00
2016.12.23 08:37:52.858,1.51219,1.51246,1.00,1.00
2016.12.23 08:37:53.815,1.51217,1.51246,1.00,1.00
2016.12.23 08:37:54.016,1.51218,1.51246,1.00,1.00
2016.12.23 08:37:54.221,1.51217,1.51246,1.00,1.00
2016.12.23 08:37:56.053,1.51217,1.51246,1.00,1.00
2016.12.23 08:37:56.753,1.51217,1.51245,1.00,1.00
2016.12.23 08:37:59.864,1.51215,1.51246,1.00,1.00
2016.12.23 08:37:59.915,1.51214,1.5124,1.00,1.00
2016.12.23 08:38:00.218,1.51214,1.51233,1.00,1.00
2016.12.23 08:38:00.419,1.51203,1.51232,1.50,1.00
2016.12.23 08:38:00.783,1.51208,1.51232,1.00,1.00
2016.12.23 08:38:02.135,1.51205,1.51232,1.00,1.00
2016.12.23 08:38:02.571,1.51204,1.5123,1.00,1.00
2016.12.23 08:38:03.277,1.512,1.5123,1.00,1.00
2016.12.23 08:38:03.386,1.512,1.5123,1.00,1.00
2016.12.23 08:38:11.065,1.512,1.51229,1.00,1.00
2016.12.23 08:38:23.321,1.512,1.51229,1.00,1.00
2016.12.23 08:38:24.556,1.512,1.51228,1.00,1.00
2016.12.23 08:38:24.716,1.512,1.5123,1.00,1.00
2016.12.23 08:38:25.197,1.512,1.5123,1.00,1.00
2016.12.23 08:38:25.481,1.512,1.5123,1.00,1.00
2016.12.23 08:38:26.098,1.512,1.51231,1.00,1.00
2016.12.23 08:38:31.669,1.512,1.51229,1.00,1.00
2016.12.23 08:38:32.340,1.512,1.5123,1.00,1.00
2016.12.23 08:38:33.552,1.512,1.51232,1.00,1.00
2016.12.23 08:38:34.210,1.512,1.51232,1.00,1.00
2016.12.23 08:38:36.583,1.512,1.51233,2.12,1.00
2016.12.23 08:38:36.634,1.51203,1.51235,1.00,1.00
2016.12.23 08:38:37.145,1.51204,1.51236,1.00,1.00
2016.12.23 08:38:37.605,1.51206,1.51238,1.00,1.00
2016.12.23 08:38:38.438,1.51208,1.51238,1.00,1.00
2016.12.23 08:38:38.715,1.51205,1.51239,1.00,1.00
2016.12.23 08:38:38.766,1.51205,1.51238,1.00,1.00
2016.12.23 08:38:39.067,1.51203,1.5123,1.50,1.00
2016.12.23 08:38:39.536,1.51205,1.51237,1.00,1.00
2016.12.23 08:38:39.990,1.51208,1.51238,2.12,1.00
2016.12.23 08:38:40.939,1.51208,1.51239,2.12,1.00
2016.12.23 08:38:41.634,1.51208,1.51239,1.00,1.00
2016.12.23 08:38:41.947,1.51209,1.51239,1.00,1.00
2016.12.23 08:38:43.271,1.51209,1.5124,1.50,1.00
2016.12.23 08:38:43.560,1.51209,1.51242,1.50,1.00
2016.12.23 08:38:43.660,1.51209,1.5124,1.50,1.00
2016.12.23 08:38:43.977,1.51209,1.51233,1.00,1.00
2016.12.23 08:38:44.717,1.51209,1.51232,1.00,1.00
2016.12.23 08:38:45.240,1.51209,1.51232,1.00,1.00
2016.12.23 08:38:45.357,1.51209,1.51235,1.00,1.12
2016.12.23 08:38:45.410,1.51203,1.51229,1.00,1.00
2016.12.23 08:38:45.939,1.51203,1.51229,1.00,1.00
2016.12.23 08:38:46.530,1.51203,1.51229,1.00,1.00
2016.12.23 08:38:47.984,1.51203,1.51229,1.00,1.00
2016.12.23 08:38:48.559,1.51203,1.51231,1.00,1.37
2016.12.23 08:38:49.177,1.51203,1.51231,1.50,1.12
2016.12.23 08:38:49.688,1.51203,1.51231,1.50,1.37
2016.12.23 08:38:50.790,1.51203,1.51231,1.50,1.12
2016.12.23 08:38:52.290,1.51203,1.51232,1.00,1.00
2016.12.23 08:38:52.342,1.51203,1.51234,1.00,1.12
2016.12.23 08:38:52.644,1.51205,1.51237,1.00,1.00
2016.12.23 08:38:53.725,1.51205,1.51238,1.00,1.12
2016.12.23 08:38:54.070,1.51209,1.51239,1.00,1.00
2016.12.23 08:38:54.452,1.51209,1.51236,1.00,1.00
2016.12.23 08:38:58.266,1.51209,1.51235,1.00,1.00
2016.12.23 08:38:58.448,1.51209,1.51237,1.00,1.00
2016.12.23 08:39:02.269,1.51208,1.51237,1.00,1.00
2016.12.23 08:39:02.818,1.51204,1.51233,1.50,1.00
2016.12.23 08:39:03.121,1.51204,1.51229,1.00,1.00
2016.12.23 08:39:03.997,1.51204,1.51231,1.00,1.00
2016.12.23 08:39:06.677,1.51204,1.51229,1.00,1.00
2016.12.23 08:39:07.252,1.51203,1.51229,1.00,1.00
2016.12.23 08:39:07.949,1.51203,1.51228,1.00,1.00
2016.12.23 08:39:08.706,1.51203,1.51231,1.00,1.00
2016.12.23 08:39:09.418,1.51203,1.51228,1.00,1.00
2016.12.23 08:39:09.620,1.51203,1.5123,1.00,1.00
2016.12.23 08:39:09.874,1.51203,1.51228,1.00,1.00
2016.12.23 08:39:10.424,1.51203,1.5123,1.00,1.00
2016.12.23 08:39:10.525,1.51203,1.51228,1.00,1.00
2016.12.23 08:39:10.876,1.51203,1.5123,1.00,1.00
2016.12.23 08:39:11.420,1.51203,1.51228,1.00,1.00
2016.12.23 08:39:14.182,1.51203,1.51228,1.00,1.00
2016.12.23 08:39:14.833,1.51203,1.51228,1.00,1.00
2016.12.23 08:39:18.089,1.51203,1.51229,1.00,1.00
2016.12.23 08:39:20.143,1.51203,1.51231,1.00,1.00
2016.12.23 08:39:30.602,1.51199,1.51231,1.00,1.00
2016.12.23 08:39:30.880,1.51199,1.51231,1.00,1.00
2016.12.23 08:39:31.154,1.51199,1.51236,1.00,1.37
2016.12.23 08:39:31.205,1.51199,1.51236,1.00,1.87
2016.12.23 08:39:31.256,1.51199,1.51234,1.00,1.12
2016.12.23 08:39:31.407,1.512,1.51236,1.50,1.00
2016.12.23 08:39:33.309,1.512,1.5123,2.50,1.00
2016.12.23 08:39:33.724,1.51209,1.5123,1.00,1.00
2016.12.23 08:39:34.399,1.51209,1.51227,1.00,1.00
2016.12.23 08:39:34.450,1.51204,1.51228,1.00,1.00
2016.12.23 08:39:34.501,1.51204,1.5123,1.00,1.00
2016.12.23 08:39:34.916,1.51203,1.51232,1.00,1.00
2016.12.23 08:39:35.461,1.51203,1.51232,1.00,1.00
2016.12.23 08:39:35.981,1.51203,1.51231,1.00,1.00
2016.12.23 08:39:42.513,1.51203,1.5123,1.00,1.00
2016.12.23 08:39:43.847,1.51199,1.51235,1.00,1.12
2016.12.23 08:39:43.948,1.512,1.51235,1.00,1.37
2016.12.23 08:39:44.049,1.512,1.51237,1.00,1.12
2016.12.23 08:39:44.917,1.512,1.51235,1.00,1.00
2016.12.23 08:39:45.799,1.51201,1.51236,1.00,1.00
2016.12.23 08:39:46.379,1.51201,1.51236,1.00,1.00
2016.12.23 08:39:47.052,1.51201,1.51237,1.00,1.50
2016.12.23 08:39:47.726,1.51201,1.51236,1.50,1.00
2016.12.23 08:39:54.778,1.51201,1.51234,1.00,1.00
2016.12.23 08:39:55.678,1.51201,1.51233,1.00,1.00
2016.12.23 08:39:56.008,1.51201,1.51229,1.00,1.00
2016.12.23 08:39:56.459,1.51199,1.51229,1.00,1.00
2016.12.23 08:39:57.033,1.51198,1.51228,1.00,1.00
2016.12.23 08:39:59.112,1.51198,1.51232,1.00,1.00
2016.12.23 08:39:59.414,1.51198,1.51236,2.12,1.12
2016.12.23 08:39:59.921,1.51199,1.51236,1.12,1.37
2016.12.23 08:40:03.178,1.51199,1.51233,1.00,1.00
2016.12.23 08:40:06.796,1.51199,1.51232,1.00,1.00
2016.12.23 08:40:10.134,1.51199,1.51232,1.00,1.00
2016.12.23 08:40:11.305,1.51199,1.51233,1.00,1.00
2016.12.23 08:40:12.240,1.51209,1.51233,1.00,1.00
2016.12.23 08:40:12.753,1.51209,1.51234,1.00,1.00
2016.12.23 08:40:13.732,1.51209,1.51233,1.00,1.00
2016.12.23 08:40:15.242,1.51209,1.51236,1.00,1.12
2016.12.23 08:40:15.343,1.51209,1.51238,1.00,1.00
2016.12.23 08:40:16.532,1.51209,1.51238,1.00,1.00
2016.12.23 08:40:16.732,1.51219,1.51238,1.00,1.00
2016.12.23 08:40:17.270,1.51219,1.51238,1.00,1.00
2016.12.23 08:40:18.811,1.51219,1.51239,1.00,1.00
2016.12.23 08:40:18.862,1.51219,1.51244,1.00,1.50
2016.12.23 08:40:21.175,1.51219,1.51244,1.00,1.00
2016.12.23 08:40:21.289,1.51219,1.5124,1.00,1.00
2016.12.23 08:40:21.390,1.51214,1.5124,1.00,1.00
2016.12.23 08:40:21.666,1.51214,1.51242,1.00,1.50
2016.12.23 08:40:21.717,1.51214,1.51247,1.00,1.37
2016.12.23 08:40:22.268,1.51214,1.51246,1.00,1.12
2016.12.23 08:40:26.335,1.51214,1.51245,1.00,1.00
2016.12.23 08:40:27.337,1.51214,1.51247,1.00,1.37
2016.12.23 08:40:29.758,1.51214,1.51247,1.00,1.37
2016.12.23 08:40:30.196,1.51214,1.51247,1.00,1.00
2016.12.23 08:40:31.106,1.51215,1.5125,1.00,1.37
2016.12.23 08:40:31.157,1.51216,1.51251,1.00,1.00
2016.12.23 08:40:32.908,1.51216,1.51253,1.00,1.00
2016.12.23 08:40:33.498,1.51217,1.51254,1.00,1.00
2016.12.23 08:40:33.913,1.51219,1.51254,1.00,1.00
2016.12.23 08:40:41.977,1.51219,1.51253,1.00,1.00
2016.12.23 08:40:44.990,1.51219,1.51251,1.00,1.00
2016.12.23 08:40:45.523,1.51219,1.51251,1.00,1.00
2016.12.23 08:40:46.050,1.51219,1.5125,1.00,1.00
2016.12.23 08:40:47.877,1.51219,1.5125,1.00,1.00
2016.12.23 08:40:48.268,1.51219,1.51252,1.00,1.00
2016.12.23 08:40:54.104,1.51219,1.5125,1.00,1.00
2016.12.23 08:40:54.683,1.51219,1.5125,1.00,1.00
2016.12.23 08:40:54.914,1.51219,1.5125,1.00,1.00
2016.12.23 08:40:56.395,1.51218,1.5125,1.00,1.00
2016.12.23 08:40:57.280,1.51217,1.51249,1.00,1.00
2016.12.23 08:41:01.869,1.51215,1.51245,1.00,1.00
2016.12.23 08:41:02.172,1.51214,1.51243,1.00,1.00
2016.12.23 08:41:02.872,1.51214,1.51242,1.00,1.00
2016.12.23 08:41:08.919,1.51213,1.51242,1.00,1.00
2016.12.23 08:41:09.547,1.51213,1.51241,1.00,1.00
2016.12.23 08:41:10.924,1.51213,1.51242,1.00,1.00
2016.12.23 08:41:11.429,1.51212,1.51242,1.00,1.00
2016.12.23 08:41:11.899,1.51212,1.51242,1.00,1.00
2016.12.23 08:41:13.820,1.51212,1.51243,1.00,1.00
2016.12.23 08:41:19.724,1.51212,1.51246,1.50,1.00
2016.12.23 08:41:20.033,1.51212,1.51251,1.00,1.37
2016.12.23 08:41:20.084,1.51219,1.51254,1.00,1.37
2016.12.23 08:41:20.185,1.51219,1.51254,1.00,1.00
2016.12.23 08:41:21.082,1.51221,1.51256,1.00,1.12
2016.12.23 08:41:22.495,1.51221,1.51255,1.00,1.00
2016.12.23 08:41:26.225,1.51221,1.51253,1.00,1.00
2016.12.23 08:41:26.326,1.5122,1.5125,1.00,1.00
2016.12.23 08:41:26.671,1.5122,1.51247,1.00,1.00
2016.12.23 08:41:26.772,1.51216,1.51246,1.00,1.50
2016.12.23 08:41:26.822,1.51214,1.51244,1.00,1.00
2016.12.23 08:41:28.083,1.51215,1.51246,1.00,1.00
2016.12.23 08:41:28.235,1.51215,1.51245,1.00,1.00
2016.12.23 08:41:28.487,1.51212,1.51244,1.00,1.00
2016.12.23 08:41:28.688,1.51212,1.51246,1.00,1.50
2016.12.23 08:41:29.125,1.51213,1.51248,1.00,1.00
2016.12.23 08:41:34.617,1.51214,1.51249,1.00,1.00
2016.12.23 08:41:34.868,1.51215,1.51252,1.00,1.00
2016.12.23 08:41:41.485,1.51215,1.51251,1.00,1.00
2016.12.23 08:41:42.402,1.51215,1.51249,1.00,1.00
2016.12.23 08:41:44.542,1.51214,1.51246,1.50,1.00
2016.12.23 08:41:44.593,1.51214,1.51244,1.50,1.00
2016.12.23 08:41:45.588,1.51213,1.51243,1.00,1.00
2016.12.23 08:41:47.496,1.51213,1.51244,1.00,1.00
2016.12.23 08:41:47.849,1.51212,1.51244,1.00,1.00
2016.12.23 08:41:48.537,1.51212,1.51244,1.00,1.00
2016.12.23 08:41:51.023,1.51206,1.51242,1.00,1.00
2016.12.23 08:41:51.073,1.51206,1.51238,1.00,1.00
2016.12.23 08:41:51.404,1.51204,1.51232,1.00,1.00
2016.12.23 08:41:52.316,1.51204,1.51233,1.00,1.00
2016.12.23 08:41:56.842,1.51201,1.51233,1.00,1.00
2016.12.23 08:41:56.893,1.51201,1.51231,1.00,1.00
2016.12.23 08:41:57.195,1.51201,1.51231,1.00,1.00
2016.12.23 08:41:58.910,1.51201,1.51232,1.00,1.00
2016.12.23 08:42:02.261,1.51201,1.51226,1.00,1.00
2016.12.23 08:42:02.971,1.51201,1.51227,1.00,1.00
2016.12.23 08:42:03.772,1.512,1.51227,1.00,1.00
2016.12.23 08:42:07.816,1.512,1.5123,1.00,1.00
2016.12.23 08:42:07.921,1.512,1.5123,1.00,1.00
2016.12.23 08:42:08.022,1.51201,1.51236,1.00,1.87
2016.12.23 08:42:08.073,1.51201,1.51236,1.00,1.50
2016.12.23 08:42:09.721,1.51202,1.51237,1.00,1.00
2016.12.23 08:42:10.372,1.51202,1.51237,1.00,1.37
2016.12.23 08:42:11.546,1.51203,1.51238,1.00,1.37
2016.12.23 08:42:11.946,1.51203,1.51238,1.00,1.00
2016.12.23 08:42:12.922,1.51203,1.51237,1.00,1.00
2016.12.23 08:42:13.917,1.51203,1.51235,1.00,1.00
2016.12.23 08:42:14.350,1.51203,1.51235,1.00,1.37
2016.12.23 08:42:14.960,1.51203,1.51235,1.00,1.37
2016.12.23 08:42:18.349,1.51203,1.51234,1.00,1.37
2016.12.23 08:42:18.720,1.51203,1.51236,1.00,1.00
2016.12.23 08:42:19.432,1.51203,1.51236,1.00,1.37
2016.12.23 08:42:20.267,1.51203,1.51236,1.00,1.87
2016.12.23 08:42:20.781,1.51203,1.51235,1.00,1.12
2016.12.23 08:42:26.837,1.51203,1.51234,1.50,1.00
2016.12.23 08:42:29.563,1.51201,1.51237,1.00,1.87
2016.12.23 08:42:29.613,1.51201,1.51232,1.00,1.00
2016.12.23 08:42:29.664,1.51201,1.51234,1.00,1.00
2016.12.23 08:42:30.186,1.51201,1.51236,1.50,1.87
2016.12.23 08:42:30.947,1.51201,1.51236,1.50,1.87
2016.12.23 08:42:31.298,1.51201,1.51231,1.00,1.00
2016.12.23 08:42:32.000,1.51201,1.51232,1.00,1.00
2016.12.23 08:42:32.313,1.51201,1.51233,1.00,1.00
2016.12.23 08:42:32.898,1.51196,1.51228,1.00,1.00
2016.12.23 08:42:33.202,1.51195,1.51225,1.00,1.00
2016.12.23 08:42:33.504,1.51194,1.51222,1.00,1.00
2016.12.23 08:42:33.879,1.51194,1.51225,1.00,1.00
2016.12.23 08:42:35.409,1.51194,1.51225,1.00,1.00
2016.12.23 08:42:36.943,1.51194,1.51228,1.00,1.12
2016.12.23 08:42:36.994,1.51194,1.51228,1.00,1.12
2016.12.23 08:42:37.045,1.51192,1.51228,1.00,1.50
2016.12.23 08:42:37.953,1.51191,1.51227,1.00,1.87
2016.12.23 08:42:38.120,1.51191,1.51227,1.00,1.12
2016.12.23 08:42:38.623,1.51191,1.51227,1.50,1.12
2016.12.23 08:42:39.212,1.51191,1.51226,1.00,1.00
2016.12.23 08:42:39.736,1.51191,1.51226,1.00,1.00
2016.12.23 08:42:40.018,1.51191,1.51229,1.00,1.37
2016.12.23 08:42:41.625,1.51191,1.51227,1.00,1.00
2016.12.23 08:42:44.614,1.51191,1.51224,1.00,1.37
2016.12.23 08:42:44.815,1.51188,1.51223,1.00,1.37
2016.12.23 08:42:45.364,1.51188,1.51223,1.00,1.37
2016.12.23 08:42:45.573,1.51188,1.51225,1.00,1.37
2016.12.23 08:42:45.624,1.51187,1.51225,1.00,1.37
2016.12.23 08:42:46.067,1.51187,1.51224,1.00,1.37
2016.12.23 08:42:46.168,1.51188,1.51225,1.00,1.00
2016.12.23 08:42:46.689,1.51189,1.51227,1.00,1.37
2016.12.23 08:42:46.841,1.51189,1.51227,1.00,1.37
2016.12.23 08:42:46.891,1.51189,1.51227,1.00,1.37
2016.12.23 08:42:46.942,1.51189,1.51227,1.00,1.00
2016.12.23 08:42:46.993,1.51189,1.51216,1.00,1.00
2016.12.23 08:42:48.171,1.51189,1.51226,1.00,1.37
2016.12.23 08:42:48.589,1.51189,1.51226,1.50,1.50
2016.12.23 08:42:49.541,1.51189,1.51222,1.00,1.00
2016.12.23 08:42:50.450,1.51189,1.51221,1.00,1.00
2016.12.23 08:42:50.501,1.51189,1.51224,1.00,1.00
2016.12.23 08:42:51.495,1.51189,1.51223,1.00,1.00
2016.12.23 08:42:56.179,1.51189,1.51225,2.50,1.00
2016.12.23 08:42:56.742,1.5119,1.51225,1.00,1.00
2016.12.23 08:42:56.843,1.51192,1.51227,1.00,1.12
2016.12.23 08:42:57.146,1.51194,1.51229,1.00,1.37
2016.12.23 08:42:57.924,1.51194,1.51228,1.00,1.37
2016.12.23 08:42:58.635,1.51194,1.51228,1.00,1.00
2016.12.23 08:43:03.309,1.51194,1.51229,1.00,1.00
2016.12.23 08:43:04.314,1.51194,1.51229,1.00,1.00
2016.12.23 08:43:10.662,1.51194,1.51225,1.00,1.00
2016.12.23 08:43:10.764,1.51191,1.51223,1.00,1.00
2016.12.23 08:43:11.066,1.51191,1.51223,1.00,1.00
2016.12.23 08:43:11.619,1.51191,1.51224,1.00,1.00
2016.12.23 08:43:12.445,1.51191,1.51225,1.50,1.12
2016.12.23 08:43:13.041,1.51191,1.51224,1.00,1.00
2016.12.23 08:43:13.345,1.51191,1.51222,1.00,1.00
2016.12.23 08:43:14.894,1.51191,1.51221,1.00,1.00
2016.12.23 08:43:16.747,1.51191,1.51223,1.00,1.00
2016.12.23 08:43:16.798,1.51191,1.51227,1.00,1.87
2016.12.23 08:43:17.323,1.51191,1.51226,1.00,1.37
2016.12.23 08:43:18.401,1.51191,1.51226,1.00,1.12
2016.12.23 08:43:18.930,1.51191,1.51226,1.50,1.87
2016.12.23 08:43:19.532,1.51191,1.51224,1.00,1.00
2016.12.23 08:43:19.727,1.51191,1.51223,1.00,1.00
2016.12.23 08:43:19.828,1.51191,1.51223,1.00,1.00
2016.12.23 08:43:24.762,1.51191,1.51221,1.00,1.00
2016.12.23 08:43:25.747,1.51193,1.51228,1.00,1.87
2016.12.23 08:43:25.848,1.51193,1.51228,1.00,1.00
2016.12.23 08:43:26.461,1.51194,1.51229,2.50,1.00
2016.12.23 08:43:28.122,1.51196,1.51231,1.00,1.12
2016.12.23 08:43:28.638,1.51196,1.51233,1.00,1.37
2016.12.23 08:43:31.261,1.51199,1.51236,1.00,1.37
2016.12.23 08:43:31.312,1.51204,1.51239,1.00,1.37
2016.12.23 08:43:31.697,1.51204,1.51236,1.00,1.12
2016.12.23 08:43:32.217,1.51204,1.51236,1.00,1.37
2016.12.23 08:43:32.800,1.51204,1.51235,1.00,1.12
2016.12.23 08:43:33.598,1.51204,1.51234,1.00,1.00
2016.12.23 08:43:34.334,1.51203,1.51233,1.00,1.00
2016.12.23 08:43:35.794,1.51203,1.51234,1.00,1.00
2016.12.23 08:43:36.335,1.51202,1.51234,1.00,1.00
2016.12.23 08:43:36.488,1.512,1.51232,1.00,1.00
2016.12.23 08:43:37.291,1.512,1.51233,1.00,1.00
2016.12.23 08:43:37.888,1.512,1.51234,1.00,1.00
2016.12.23 08:43:38.309,1.512,1.51234,1.00,1.00
2016.12.23 08:43:38.360,1.512,1.51227,1.00,1.00
2016.12.23 08:43:38.461,1.51199,1.51227,1.00,1.00
2016.12.23 08:43:38.663,1.51199,1.51229,1.00,1.00
2016.12.23 08:43:38.846,1.51199,1.51231,1.00,1.00
2016.12.23 08:43:42.744,1.51199,1.51231,1.00,1.00
2016.12.23 08:43:42.795,1.51199,1.51226,1.00,1.00
2016.12.23 08:43:43.241,1.51199,1.51226,1.00,1.00
2016.12.23 08:43:43.761,1.51199,1.51226,1.00,1.00
2016.12.23 08:43:43.936,1.51199,1.51226,1.00,1.00
2016.12.23 08:43:44.746,1.51199,1.51226,1.00,1.00
2016.12.23 08:43:49.498,1.51199,1.51227,1.00,1.00
2016.12.23 08:43:50.115,1.51199,1.51226,1.00,1.00
2016.12.23 08:43:56.755,1.51199,1.51226,1.00,1.00
2016.12.23 08:43:58.012,1.51205,1.51236,1.00,1.37
2016.12.23 08:43:58.063,1.51205,1.51238,1.00,1.37
2016.12.23 08:43:58.114,1.51205,1.51238,1.00,1.00
2016.12.23 08:43:58.519,1.51205,1.51236,1.00,1.00
2016.12.23 08:43:59.025,1.51205,1.51226,1.00,1.00
2016.12.23 08:43:59.514,1.51205,1.51235,1.00,1.00
2016.12.23 08:44:00.158,1.51204,1.51234,1.50,1.00
2016.12.23 08:44:00.834,1.51204,1.51227,1.00,1.00
2016.12.23 08:44:03.659,1.51204,1.51227,1.00,1.00
2016.12.23 08:44:08.730,1.51204,1.51227,1.00,1.00
2016.12.23 08:44:09.453,1.51204,1.51227,1.00,1.00
2016.12.23 08:44:09.554,1.51204,1.51235,1.00,1.37
2016.12.23 08:44:09.605,1.51204,1.51237,1.00,1.37
2016.12.23 08:44:09.655,1.51204,1.51236,1.00,1.00
2016.12.23 08:44:10.008,1.51204,1.51237,1.00,1.12
2016.12.23 08:44:10.291,1.51204,1.51236,1.00,1.87
2016.12.23 08:44:10.442,1.51204,1.51226,1.00,1.00
2016.12.23 08:44:10.573,1.51204,1.51236,1.50,1.87
2016.12.23 08:44:15.891,1.51204,1.51233,1.00,1.00
2016.12.23 08:44:19.485,1.51203,1.51233,1.50,1.00
2016.12.23 08:44:19.591,1.51203,1.51237,1.00,2.62
2016.12.23 08:44:20.476,1.51203,1.51237,1.00,2.25
2016.12.23 08:44:22.792,1.51203,1.51236,1.50,1.00
2016.12.23 08:44:26.815,1.51203,1.51234,1.00,1.00
2016.12.23 08:44:38.616,1.51203,1.51234,1.50,1.37
2016.12.23 08:44:39.125,1.51203,1.51234,1.50,1.00
2016.12.23 08:44:39.783,1.51202,1.51234,1.00,1.00
2016.12.23 08:44:39.834,1.51202,1.51232,1.00,1.00
2016.12.23 08:44:40.137,1.51202,1.51226,1.00,1.00
2016.12.23 08:44:40.339,1.51202,1.51232,1.00,1.12
2016.12.23 08:44:40.440,1.51202,1.51234,1.00,1.37
2016.12.23 08:44:40.976,1.51202,1.51234,1.00,1.37
2016.12.23 08:44:41.178,1.51202,1.51235,1.00,1.00
2016.12.23 08:44:41.845,1.51202,1.51236,1.00,1.00
2016.12.23 08:44:44.229,1.51202,1.51235,1.00,1.00
2016.12.23 08:44:53.276,1.51202,1.51234,1.00,1.12
2016.12.23 08:44:53.989,1.51202,1.51234,1.00,1.00
2016.12.23 08:44:54.090,1.51202,1.51236,1.50,1.00
2016.12.23 08:44:55.441,1.51202,1.51237,1.00,1.50
2016.12.23 08:44:56.199,1.51202,1.51226,1.00,1.00
2016.12.23 08:44:56.315,1.51202,1.51236,1.50,1.00
2016.12.23 08:44:56.876,1.51202,1.51235,1.00,1.00
2016.12.23 08:45:00.987,1.51202,1.51227,1.00,1.00
2016.12.23 08:45:01.037,1.51202,1.51231,1.00,1.00
2016.12.23 08:45:01.390,1.51202,1.51226,1.00,1.00
2016.12.23 08:45:01.441,1.51202,1.51231,1.00,1.00
2016.12.23 08:45:01.781,1.51202,1.51235,1.00,1.37
2016.12.23 08:45:02.234,1.51202,1.51236,1.00,1.00
2016.12.23 08:45:03.598,1.51202,1.51236,1.00,1.50
2016.12.23 08:45:04.110,1.51202,1.51235,1.00,1.00
2016.12.23 08:45:09.441,1.51202,1.51233,1.00,1.00
2016.12.23 08:45:13.112,1.51202,1.51234,1.00,1.00
2016.12.23 08:45:15.139,1.51202,1.51234,1.00,1.00
2016.12.23 08:45:15.584,1.51202,1.51227,1.00,1.00
2016.12.23 08:45:15.803,1.51202,1.51226,1.00,1.00
2016.12.23 08:45:15.860,1.51202,1.51233,1.50,1.00
2016.12.23 08:45:16.368,1.51202,1.51234,1.00,1.00
2016.12.23 08:45:16.519,1.51201,1.51232,1.00,1.00
2016.12.23 08:45:16.901,1.51201,1.51233,1.00,1.00
2016.12.23 08:45:18.808,1.51201,1.51234,1.00,1.00
2016.12.23 08:45:20.211,1.51201,1.51231,1.00,1.00
2016.12.23 08:45:20.262,1.51201,1.5123,1.00,1.00
2016.12.23 08:45:20.578,1.51201,1.51226,1.00,1.00
2016.12.23 08:45:20.830,1.51197,1.51226,1.00,1.00
2016.12.23 08:45:21.808,1.51197,1.51227,1.00,1.00
2016.12.23 08:45:22.110,1.51197,1.51231,1.00,1.12
2016.12.23 08:45:26.934,1.51197,1.51233,1.00,1.00
2016.12.23 08:45:27.361,1.51197,1.51231,1.00,1.00
2016.12.23 08:45:27.412,1.51196,1.51227,1.00,1.00
2016.12.23 08:45:27.947,1.51196,1.51226,1.00,1.00
2016.12.23 08:45:29.330,1.51196,1.51225,1.00,1.00
2016.12.23 08:45:30.333,1.51195,1.51226,1.00,1.50
2016.12.23 08:45:31.115,1.51195,1.51226,1.00,1.00
2016.12.23 08:45:31.698,1.51195,1.51226,1.00,1.50
2016.12.23 08:45:34.739,1.51191,1.51222,1.00,1.00
2016.12.23 08:45:35.041,1.51191,1.51224,1.00,1.00
2016.12.23 08:45:35.738,1.51191,1.51225,1.00,1.00
2016.12.23 08:45:36.055,1.51191,1.51223,1.00,1.00
2016.12.23 08:45:37.626,1.51191,1.51225,1.00,1.00
2016.12.23 08:45:37.826,1.51191,1.51227,1.00,1.87
2016.12.23 08:45:39.859,1.51191,1.51226,1.00,1.00
2016.12.23 08:45:42.781,1.51192,1.51226,1.00,1.00
2016.12.23 08:45:43.658,1.51192,1.51225,1.00,1.00
2016.12.23 08:45:45.476,1.51192,1.51224,1.00,1.00
2016.12.23 08:45:47.794,1.51192,1.51224,1.00,1.00
2016.12.23 08:45:47.845,1.51192,1.51222,1.00,1.00
2016.12.23 08:45:48.924,1.51192,1.51224,1.00,1.00
2016.12.23 08:45:49.325,1.51191,1.51221,1.00,1.00
2016.12.23 08:45:49.627,1.51191,1.51223,1.00,1.00
2016.12.23 08:45:50.366,1.51191,1.51224,1.00,1.00
2016.12.23 08:45:52.651,1.51191,1.51222,1.00,1.00
2016.12.23 08:45:52.880,1.51191,1.51226,1.00,1.37
2016.12.23 08:45:52.931,1.51191,1.51226,1.00,1.00
2016.12.23 08:45:53.536,1.51191,1.51227,1.00,1.50
2016.12.23 08:45:54.041,1.51191,1.51226,1.00,1.50
2016.12.23 08:45:54.547,1.51191,1.51226,1.00,1.50
2016.12.23 08:45:54.947,1.51191,1.51224,1.00,1.00
2016.12.23 08:45:55.491,1.51191,1.51225,1.00,1.37
2016.12.23 08:45:55.810,1.51191,1.51226,1.00,1.37
2016.12.23 08:45:56.398,1.51191,1.51224,1.00,1.37
2016.12.23 08:45:56.449,1.51191,1.51226,1.00,1.37
2016.12.23 08:45:56.631,1.51191,1.51225,1.00,1.37
2016.12.23 08:45:56.682,1.51191,1.51225,1.00,1.37
2016.12.23 08:45:56.833,1.51191,1.51225,1.00,1.00
2016.12.23 08:45:57.202,1.51191,1.51217,1.00,1.00
2016.12.23 08:45:57.303,1.51191,1.51225,1.00,1.00
2016.12.23 08:45:57.849,1.51191,1.51225,1.00,1.37
2016.12.23 08:45:58.160,1.51191,1.51223,1.00,1.00
2016.12.23 08:45:58.261,1.51191,1.51223,1.00,1.00
2016.12.23 08:45:59.169,1.51191,1.51224,1.00,1.00
2016.12.23 08:45:59.279,1.51191,1.51222,1.00,1.00
2016.12.23 08:45:59.824,1.51191,1.51216,1.00,1.00
2016.12.23 08:46:00.127,1.51191,1.51222,1.00,1.00
2016.12.23 08:46:00.291,1.51191,1.51222,1.00,1.00
2016.12.23 08:46:00.530,1.51191,1.51223,1.00,1.00
2016.12.23 08:46:00.962,1.51191,1.51221,1.00,1.00
2016.12.23 08:46:01.290,1.51191,1.51222,1.00,1.00
2016.12.23 08:46:02.094,1.51191,1.51222,1.00,1.00
2016.12.23 08:46:02.157,1.51191,1.51223,1.00,1.00
2016.12.23 08:46:02.702,1.51191,1.51224,1.00,1.12
2016.12.23 08:46:03.113,1.51188,1.51219,1.00,1.00
2016.12.23 08:46:03.215,1.51188,1.51223,1.00,1.00
2016.12.23 08:46:03.316,1.51189,1.51223,1.00,1.00
2016.12.23 08:46:03.849,1.51189,1.51224,1.00,1.00
2016.12.23 08:46:04.822,1.51189,1.51223,1.00,1.00
2016.12.23 08:46:05.441,1.51189,1.51225,1.00,1.37
2016.12.23 08:46:05.792,1.51189,1.51217,1.00,1.00
2016.12.23 08:46:05.893,1.51189,1.51223,1.00,1.00
2016.12.23 08:46:06.483,1.51189,1.51223,1.00,1.00
2016.12.23 08:46:08.594,1.51189,1.51216,1.00,1.00
2016.12.23 08:46:09.159,1.51189,1.51222,1.00,1.00
2016.12.23 08:46:13.755,1.51189,1.51217,1.00,1.00
2016.12.23 08:46:14.588,1.51189,1.51217,1.00,1.00
2016.12.23 08:46:14.709,1.51189,1.51221,1.00,1.00
2016.12.23 08:46:21.113,1.51189,1.51222,1.00,1.00
2016.12.23 08:46:21.361,1.51189,1.51217,1.00,1.00
2016.12.23 08:46:21.523,1.51189,1.51223,1.00,1.00
2016.12.23 08:46:25.727,1.51189,1.51216,1.00,1.00
2016.12.23 08:46:27.055,1.51189,1.51216,1.00,1.00
2016.12.23 08:46:27.862,1.51189,1.51222,1.00,1.00
2016.12.23 08:46:28.863,1.51188,1.51224,1.00,1.37
2016.12.23 08:46:28.914,1.51188,1.51218,1.00,1.00
2016.12.23 08:46:28.964,1.51184,1.51216,1.00,1.50
2016.12.23 08:46:29.166,1.51184,1.51214,1.00,1.00
2016.12.23 08:46:29.840,1.51184,1.51214,1.00,1.37
2016.12.23 08:46:30.483,1.51184,1.51214,1.00,1.00
2016.12.23 08:46:33.958,1.51183,1.51215,1.00,1.00
2016.12.23 08:46:34.533,1.51182,1.51214,1.00,1.00
2016.12.23 08:46:34.785,1.51182,1.51206,1.00,1.00
2016.12.23 08:46:36.335,1.51182,1.51206,1.00,1.00
2016.12.23 08:46:39.738,1.51182,1.51213,1.00,1.00
2016.12.23 08:46:41.474,1.51182,1.51214,1.00,1.00
2016.12.23 08:46:42.528,1.51182,1.51212,1.00,1.00
2016.12.23 08:46:42.901,1.51182,1.51206,1.00,1.00
2016.12.23 08:46:43.798,1.51182,1.51214,1.00,1.00
2016.12.23 08:46:44.088,1.51182,1.51207,1.00,1.00
2016.12.23 08:46:44.189,1.51182,1.51217,1.00,1.87
2016.12.23 08:46:44.239,1.51187,1.51217,1.00,1.37
2016.12.23 08:46:44.652,1.5119,1.51217,1.00,1.00
2016.12.23 08:46:45.173,1.5119,1.51216,1.00,1.00
2016.12.23 08:46:45.274,1.5119,1.51216,1.00,1.00
2016.12.23 08:46:49.875,1.51192,1.51217,1.00,1.00
2016.12.23 08:46:49.926,1.51192,1.51226,1.00,1.37
2016.12.23 08:46:50.027,1.51192,1.51226,1.00,1.00
2016.12.23 08:46:50.867,1.51194,1.51226,1.00,1.00
2016.12.23 08:46:50.968,1.51194,1.51226,1.00,1.00
2016.12.23 08:46:51.416,1.51194,1.51226,1.00,1.50
2016.12.23 08:46:54.751,1.51194,1.51225,1.00,1.00
2016.12.23 08:46:55.030,1.51193,1.51222,1.00,1.00
2016.12.23 08:46:57.115,1.51192,1.51221,1.00,1.00
2016.12.23 08:46:57.909,1.51192,1.51225,1.00,1.00
2016.12.23 08:46:58.247,1.51192,1.51226,1.00,1.00
2016.12.23 08:46:59.629,1.51192,1.51226,1.00,1.00
2016.12.23 08:47:03.343,1.51192,1.51226,1.00,1.00
2016.12.23 08:47:03.672,1.51196,1.51227,1.00,1.00
2016.12.23 08:47:04.659,1.51196,1.51227,1.00,1.00
2016.12.23 08:47:06.877,1.51196,1.51226,1.00,1.00
2016.12.23 08:47:07.383,1.51196,1.51226,1.00,1.00
2016.12.23 08:47:08.413,1.51196,1.51226,1.00,1.00
2016.12.23 08:47:09.181,1.51196,1.51226,1.00,1.00
2016.12.23 08:47:12.145,1.51196,1.51226,1.00,1.00
2016.12.23 08:47:14.539,1.51196,1.51226,1.00,1.00
2016.12.23 08:47:19.146,1.51196,1.51227,1.00,1.00
2016.12.23 08:47:21.466,1.51196,1.51229,1.00,1.12
2016.12.23 08:47:28.466,1.51196,1.5123,1.00,1.12
2016.12.23 08:47:29.569,1.51196,1.51229,1.00,1.00
2016.12.23 08:47:31.867,1.51196,1.51226,1.00,1.00
2016.12.23 08:47:31.918,1.51198,1.51233,1.00,1.00
2016.12.23 08:47:33.902,1.51198,1.51235,1.00,1.37
2016.12.23 08:47:35.870,1.51198,1.51237,1.00,1.87
2016.12.23 08:47:39.070,1.51198,1.51235,1.00,1.12
2016.12.23 08:47:39.174,1.51198,1.51237,1.00,1.37
2016.12.23 08:47:39.476,1.51198,1.51227,1.00,1.00
2016.12.23 08:47:40.391,1.51199,1.51236,1.00,1.87
2016.12.23 08:47:40.912,1.512,1.51237,1.00,1.50
2016.12.23 08:47:41.549,1.512,1.51236,1.00,1.00
2016.12.23 08:47:42.205,1.512,1.51235,1.00,1.00
2016.12.23 08:47:43.716,1.51204,1.51237,1.00,1.00
2016.12.23 08:47:43.817,1.51198,1.51236,1.50,1.00
2016.12.23 08:47:43.968,1.51201,1.51236,1.00,1.00
2016.12.23 08:47:44.019,1.51201,1.51236,1.00,1.50
2016.12.23 08:47:44.216,1.51201,1.51233,1.00,1.00
2016.12.23 08:47:46.371,1.51197,1.5123,1.00,1.00
2016.12.23 08:47:48.585,1.51197,1.51228,1.00,1.00
2016.12.23 08:47:48.809,1.51194,1.51226,1.00,1.00
2016.12.23 08:47:48.859,1.51194,1.51226,1.00,1.00
2016.12.23 08:47:48.910,1.51194,1.51229,1.00,1.00
2016.12.23 08:47:48.961,1.51194,1.51232,1.00,1.00
2016.12.23 08:47:49.011,1.51197,1.51233,1.00,1.12
2016.12.23 08:47:49.373,1.51201,1.51235,1.00,1.00
2016.12.23 08:47:49.753,1.51201,1.51232,1.00,1.00
2016.12.23 08:47:50.055,1.51201,1.5123,1.00,1.00
2016.12.23 08:47:50.437,1.51196,1.51234,1.00,1.37
2016.12.23 08:47:50.538,1.51196,1.51228,1.00,1.00
2016.12.23 08:47:50.865,1.51196,1.51226,1.00,1.00
2016.12.23 08:47:51.277,1.51196,1.51226,1.00,1.00
2016.12.23 08:47:51.517,1.51199,1.51234,1.00,2.25
2016.12.23 08:47:51.819,1.51199,1.51233,1.00,1.00
2016.12.23 08:47:52.822,1.51199,1.51227,1.00,1.00
2016.12.23 08:47:52.973,1.51202,1.51236,1.00,1.00
2016.12.23 08:47:53.024,1.51204,1.51236,1.00,1.00
2016.12.23 08:47:53.326,1.51207,1.51237,1.00,1.00
2016.12.23 08:47:53.466,1.51203,1.51232,1.50,1.00
2016.12.23 08:47:53.922,1.51203,1.51234,1.00,1.00
2016.12.23 08:47:54.271,1.51203,1.51226,1.00,1.00
2016.12.23 08:47:55.743,1.512,1.51226,1.00,1.00
2016.12.23 08:47:56.040,1.512,1.51232,1.00,1.00
2016.12.23 08:47:56.097,1.51201,1.51236,1.00,2.62
2016.12.23 08:47:56.198,1.51201,1.51236,1.00,1.00
2016.12.23 08:47:56.799,1.51201,1.51234,1.00,1.00
2016.12.23 08:47:59.062,1.51201,1.51235,1.00,1.00
2016.12.23 08:47:59.598,1.51201,1.51237,1.00,1.00
2016.12.23 08:47:59.649,1.51201,1.51233,1.00,1.00
2016.12.23 08:48:00.604,1.51201,1.51234,1.00,1.00
2016.12.23 08:48:01.033,1.51201,1.51235,1.00,1.00
2016.12.23 08:48:01.399,1.51203,1.51236,1.00,1.50
2016.12.23 08:48:01.925,1.51201,1.51237,1.00,1.00
2016.12.23 08:48:01.975,1.51201,1.51234,1.00,1.00
2016.12.23 08:48:02.595,1.51201,1.51234,1.00,1.00
2016.12.23 08:48:04.034,1.51201,1.51235,1.00,1.00
2016.12.23 08:48:04.085,1.51201,1.51236,1.00,1.50
2016.12.23 08:48:04.186,1.51201,1.51231,1.00,1.00
2016.12.23 08:48:04.491,1.51201,1.51226,1.00,1.00
2016.12.23 08:48:04.542,1.512,1.51226,1.00,1.00
2016.12.23 08:48:05.095,1.512,1.51226,1.00,1.00
2016.12.23 08:48:05.551,1.512,1.51229,1.00,1.00
2016.12.23 08:48:06.205,1.512,1.51232,1.00,1.00
2016.12.23 08:48:06.407,1.512,1.51232,1.00,1.00
2016.12.23 08:48:06.458,1.512,1.51235,1.00,1.00
2016.12.23 08:48:06.723,1.512,1.51231,1.00,1.00
2016.12.23 08:48:07.025,1.512,1.51226,1.00,1.00
2016.12.23 08:48:07.822,1.512,1.51234,1.00,1.12
2016.12.23 08:48:08.394,1.51201,1.51237,1.00,2.25
2016.12.23 08:48:08.835,1.51201,1.51226,1.00,1.00
2016.12.23 08:48:09.198,1.51201,1.51226,1.00,1.00
2016.12.23 08:48:09.349,1.51201,1.51232,1.00,1.00
2016.12.23 08:48:09.400,1.51201,1.51235,1.00,1.37
2016.12.23 08:48:09.501,1.51201,1.51235,1.00,1.00
2016.12.23 08:48:09.753,1.51201,1.51235,1.00,1.00
2016.12.23 08:48:10.277,1.51203,1.51237,1.00,1.50
2016.12.23 08:48:10.613,1.51203,1.51235,1.00,1.00
2016.12.23 08:48:11.122,1.51203,1.51234,1.00,1.00
2016.12.23 08:48:11.223,1.51203,1.51237,1.00,1.87
2016.12.23 08:48:11.720,1.51203,1.51235,1.00,1.00
2016.12.23 08:48:12.280,1.51203,1.51237,1.00,1.87
2016.12.23 08:48:12.979,1.51203,1.51235,1.00,1.00
2016.12.23 08:48:13.281,1.51203,1.51238,1.00,1.00
2016.12.23 08:48:13.433,1.51203,1.51235,1.00,1.00
2016.12.23 08:48:13.898,1.51203,1.51233,1.00,1.00
2016.12.23 08:48:14.324,1.51203,1.51237,1.00,1.00
2016.12.23 08:48:14.375,1.51203,1.51234,1.00,1.00
2016.12.23 08:48:14.796,1.51204,1.51238,1.00,1.00
2016.12.23 08:48:15.142,1.51206,1.5124,1.00,1.12
2016.12.23 08:48:15.193,1.51206,1.51239,1.00,1.00
2016.12.23 08:48:15.586,1.51206,1.51236,1.00,1.00
2016.12.23 08:48:15.968,1.51206,1.51235,1.00,1.00
2016.12.23 08:48:16.421,1.51206,1.51239,1.00,1.00
2016.12.23 08:48:16.923,1.51206,1.51239,1.00,1.00
2016.12.23 08:48:17.205,1.51206,1.51234,1.00,1.00
2016.12.23 08:48:17.925,1.51204,1.51235,1.00,1.00
2016.12.23 08:48:18.651,1.51203,1.51234,1.00,1.00
2016.12.23 08:48:18.702,1.51202,1.51231,1.00,1.00
2016.12.23 08:48:18.803,1.51202,1.51233,1.00,1.00
2016.12.23 08:48:19.078,1.51202,1.51234,1.00,1.00
2016.12.23 08:48:19.193,1.51201,1.51232,1.00,1.00
2016.12.23 08:48:20.635,1.51198,1.51234,1.00,1.00
2016.12.23 08:48:20.686,1.51198,1.51226,1.00,1.00
2016.12.23 08:48:20.737,1.51198,1.51229,1.00,1.00
2016.12.23 08:48:20.888,1.51198,1.51227,1.00,1.00
2016.12.23 08:48:21.102,1.51198,1.51229,1.00,1.00
2016.12.23 08:48:21.304,1.51198,1.51229,1.00,1.87
2016.12.23 08:48:21.488,1.51196,1.51226,1.00,1.37
2016.12.23 08:48:21.847,1.51196,1.51227,1.00,1.87
2016.12.23 08:48:22.133,1.51196,1.51229,1.00,1.00
2016.12.23 08:48:22.234,1.51196,1.51232,1.00,1.00
2016.12.23 08:48:22.335,1.512,1.51234,1.00,1.00
2016.12.23 08:48:22.692,1.512,1.51234,1.00,1.37
2016.12.23 08:48:23.744,1.512,1.51234,1.00,1.37
2016.12.23 08:48:25.189,1.512,1.51233,1.00,1.37
2016.12.23 08:48:25.939,1.512,1.51233,1.00,1.12
2016.12.23 08:48:26.555,1.512,1.51233,1.00,1.37
2016.12.23 08:48:26.863,1.51202,1.51236,1.00,1.87
2016.12.23 08:48:27.215,1.51202,1.51233,1.00,1.37
2016.12.23 08:48:28.173,1.51202,1.51235,1.00,1.37
2016.12.23 08:48:28.708,1.51202,1.51233,1.00,1.12
2016.12.23 08:48:30.062,1.51202,1.51233,1.00,1.37
2016.12.23 08:48:30.218,1.51202,1.51234,1.00,1.37
2016.12.23 08:48:30.755,1.51202,1.51235,1.00,1.37
2016.12.23 08:48:31.807,1.51202,1.51233,1.00,1.37
2016.12.23 08:48:32.995,1.51202,1.51231,1.00,1.00
2016.12.23 08:48:33.380,1.51202,1.51233,1.00,1.12
2016.12.23 08:48:33.995,1.51202,1.51233,1.00,1.12
2016.12.23 08:48:34.247,1.51202,1.51235,1.00,1.37
2016.12.23 08:48:35.029,1.51202,1.51235,1.00,1.37
2016.12.23 08:48:36.242,1.51202,1.51237,1.00,1.37
2016.12.23 08:48:36.873,1.51202,1.51237,1.00,1.37
2016.12.23 08:48:39.093,1.51202,1.51236,1.00,1.00
2016.12.23 08:48:39.988,1.51202,1.51236,1.00,1.37
2016.12.23 08:48:42.116,1.51204,1.51237,1.00,1.37
2016.12.23 08:48:44.069,1.51204,1.51237,2.12,1.37
2016.12.23 08:48:44.720,1.51204,1.51236,1.00,1.37
2016.12.23 08:48:46.194,1.51204,1.51238,1.00,1.37
2016.12.23 08:48:47.054,1.51205,1.51238,1.00,1.37
2016.12.23 08:48:47.105,1.51205,1.51238,1.00,1.00
2016.12.23 08:48:48.166,1.51206,1.51237,1.00,1.00
2016.12.23 08:48:49.171,1.51206,1.51239,1.00,1.00
2016.12.23 08:48:49.222,1.51206,1.51236,1.00,1.00
2016.12.23 08:48:50.441,1.51206,1.51241,1.00,1.37
2016.12.23 08:48:50.990,1.51206,1.51241,1.00,1.37
2016.12.23 08:48:51.942,1.51208,1.51244,1.00,1.37
2016.12.23 08:48:51.993,1.51208,1.51244,2.12,1.37
2016.12.23 08:48:52.903,1.5121,1.51243,1.00,1.37
2016.12.23 08:48:53.580,1.51211,1.51246,1.00,1.37
2016.12.23 08:48:55.793,1.51212,1.51246,1.00,1.37
2016.12.23 08:48:56.829,1.51213,1.51246,1.00,1.87
2016.12.23 08:48:57.241,1.51213,1.51246,1.00,1.87
2016.12.23 08:48:57.615,1.51213,1.51246,1.00,1.87
2016.12.23 08:48:57.999,1.51213,1.51246,1.00,1.87
2016.12.23 08:49:04.695,1.51213,1.51246,1.00,1.87
2016.12.23 08:49:05.381,1.51213,1.51246,1.00,1.87
2016.12.23 08:49:05.806,1.51213,1.51246,1.00,1.12
2016.12.23 08:49:06.782,1.51213,1.51246,1.00,1.12
2016.12.23 08:49:07.784,1.51213,1.51245,1.00,1.00
2016.12.23 08:49:08.309,1.51213,1.51246,1.00,1.50
2016.12.23 08:49:09.103,1.51213,1.51246,1.00,1.50
2016.12.23 08:49:11.538,1.51213,1.51244,1.00,1.00
2016.12.23 08:49:11.741,1.51211,1.51243,1.00,1.00
2016.12.23 08:49:12.088,1.51211,1.51243,1.00,1.37
2016.12.23 08:49:12.505,1.51211,1.51241,1.00,1.00
2016.12.23 08:49:12.995,1.51211,1.51241,1.00,1.37
2016.12.23 08:49:13.510,1.51211,1.51236,1.00,1.00
2016.12.23 08:49:13.767,1.51211,1.51241,1.00,1.37
2016.12.23 08:49:14.468,1.51211,1.51241,1.00,1.00
2016.12.23 08:49:14.977,1.51211,1.51241,1.00,1.37
2016.12.23 08:49:15.539,1.51211,1.51237,1.00,1.00
2016.12.23 08:49:16.082,1.51211,1.51241,1.00,1.37
2016.12.23 08:49:17.283,1.51211,1.51241,1.00,1.37
2016.12.23 08:49:19.289,1.5121,1.51237,1.00,1.00
2016.12.23 08:49:19.507,1.5121,1.5124,1.00,1.37
2016.12.23 08:49:20.037,1.5121,1.51243,1.00,1.37
2016.12.23 08:49:20.572,1.5121,1.51243,1.00,1.37
2016.12.23 08:49:20.799,1.5121,1.51243,1.00,1.12
2016.12.23 08:49:22.189,1.5121,1.51243,1.00,1.37
2016.12.23 08:49:25.027,1.5121,1.51242,1.00,1.12
2016.12.23 08:49:26.110,1.5121,1.51242,1.00,1.12
2016.12.23 08:49:26.336,1.5121,1.5124,1.00,1.00
2016.12.23 08:49:26.689,1.51208,1.51238,1.00,1.00
2016.12.23 08:49:27.500,1.51208,1.51236,1.00,1.00
2016.12.23 08:49:27.826,1.51208,1.51236,1.00,1.00
2016.12.23 08:49:28.152,1.51208,1.51241,1.00,1.00
2016.12.23 08:49:28.725,1.51208,1.5124,1.00,1.00
2016.12.23 08:49:28.783,1.51208,1.51236,1.00,1.00
2016.12.23 08:49:28.954,1.51208,1.5124,1.00,1.00
2016.12.23 08:49:29.549,1.51208,1.51237,1.00,1.00
2016.12.23 08:49:29.649,1.51208,1.5124,1.00,1.00
2016.12.23 08:49:31.714,1.51208,1.51236,1.00,1.00
2016.12.23 08:49:34.016,1.51208,1.51237,1.00,1.00
2016.12.23 08:49:34.551,1.51208,1.51237,1.00,1.50
2016.12.23 08:49:35.994,1.51208,1.51235,1.00,1.00
2016.12.23 08:49:36.504,1.51208,1.51236,1.00,1.50
2016.12.23 08:49:37.196,1.51206,1.51236,1.00,1.87
2016.12.23 08:49:43.164,1.51205,1.51233,1.00,1.00
2016.12.23 08:49:43.717,1.51204,1.51232,1.00,1.00
2016.12.23 08:49:44.139,1.51202,1.51232,1.00,1.00
2016.12.23 08:49:47.415,1.51202,1.51232,1.00,1.00
2016.12.23 08:49:47.526,1.51202,1.51232,1.00,1.00
2016.12.23 08:49:48.204,1.51202,1.51233,1.00,1.00
2016.12.23 08:49:48.457,1.51203,1.51238,1.00,1.37
2016.12.23 08:49:49.114,1.51203,1.51238,1.00,1.37
2016.12.23 08:49:49.628,1.51204,1.51237,1.00,1.00
2016.12.23 08:49:50.129,1.51204,1.51236,1.00,1.00
2016.12.23 08:49:51.288,1.51204,1.51236,1.00,1.00
2016.12.23 08:49:52.926,1.51204,1.51235,1.00,1.00
2016.12.23 08:49:53.442,1.51204,1.51236,1.00,1.50
2016.12.23 08:49:53.989,1.51204,1.51235,1.00,1.00
2016.12.23 08:49:54.139,1.51204,1.51234,1.00,1.00
2016.12.23 08:49:54.575,1.51204,1.51236,1.00,1.50
2016.12.23 08:49:55.114,1.51203,1.51235,1.00,1.00
2016.12.23 08:49:55.686,1.51203,1.51235,1.00,1.00
2016.12.23 08:49:56.180,1.51203,1.51234,1.00,1.00
2016.12.23 08:49:56.682,1.51203,1.51237,1.00,1.00
2016.12.23 08:49:57.401,1.51203,1.51237,1.00,1.00
2016.12.23 08:49:57.915,1.51203,1.51236,1.00,1.00
2016.12.23 08:49:59.942,1.51203,1.51237,1.00,1.00
2016.12.23 08:50:00.487,1.51203,1.51236,1.00,1.00
2016.12.23 08:50:00.965,1.51204,1.51236,1.00,1.00
2016.12.23 08:50:01.555,1.51204,1.51235,1.00,1.00
2016.12.23 08:50:02.888,1.51204,1.51234,1.00,1.00
2016.12.23 08:50:03.546,1.51204,1.51233,1.00,1.00
2016.12.23 08:50:05.322,1.51204,1.51236,1.00,1.00
2016.12.23 08:50:05.373,1.51205,1.51239,1.00,1.00
2016.12.23 08:50:06.187,1.51207,1.51239,1.00,1.00
2016.12.23 08:50:06.489,1.51209,1.51241,1.00,1.12
2016.12.23 08:50:06.791,1.51211,1.51243,1.00,1.00
2016.12.23 08:50:07.114,1.51211,1.51237,1.00,1.00
2016.12.23 08:50:07.629,1.51211,1.51236,1.00,1.00
2016.12.23 08:50:11.442,1.51211,1.51237,1.00,1.00
2016.12.23 08:50:12.975,1.51211,1.51243,1.00,1.00
2016.12.23 08:50:14.905,1.51211,1.51244,1.00,1.12
2016.12.23 08:50:16.506,1.51211,1.51237,1.00,1.00
2016.12.23 08:50:16.682,1.51211,1.51244,1.00,1.00
2016.12.23 08:50:16.733,1.51214,1.51247,1.00,1.87
2016.12.23 08:50:16.985,1.51217,1.51251,1.00,1.00
2016.12.23 08:50:17.086,1.5122,1.51256,1.00,1.50
2016.12.23 08:50:17.137,1.5122,1.51253,1.00,1.00
2016.12.23 08:50:17.440,1.51223,1.51255,1.00,1.37
2016.12.23 08:50:17.541,1.51223,1.51255,1.00,1.00
2016.12.23 08:50:17.642,1.51226,1.51257,1.00,1.12
2016.12.23 08:50:17.880,1.51226,1.51257,1.00,1.50
2016.12.23 08:50:18.082,1.51226,1.51257,1.00,1.00
2016.12.23 08:50:19.413,1.51226,1.51257,1.00,1.00
2016.12.23 08:50:19.932,1.51226,1.51256,1.00,1.00
2016.12.23 08:50:20.139,1.51226,1.51256,1.00,1.00
2016.12.23 08:50:20.391,1.51226,1.51246,1.00,1.00
2016.12.23 08:50:20.492,1.51226,1.51246,1.00,1.00
2016.12.23 08:50:20.543,1.51224,1.51246,1.00,1.00
2016.12.23 08:50:21.480,1.51224,1.51253,1.00,1.00
2016.12.23 08:50:22.056,1.51224,1.51254,1.00,1.00
2016.12.23 08:50:22.403,1.51224,1.51256,1.00,1.00
2016.12.23 08:50:23.304,1.51224,1.51257,1.00,1.50
2016.12.23 08:50:24.600,1.51224,1.51256,1.00,1.00
2016.12.23 08:50:25.108,1.51224,1.51257,1.00,1.50
2016.12.23 08:50:31.920,1.51224,1.51256,1.00,1.00
2016.12.23 08:50:32.471,1.51224,1.51257,1.00,1.50
2016.12.23 08:50:32.800,1.51224,1.51252,1.00,1.00
2016.12.23 08:50:34.322,1.51224,1.51253,1.00,1.00
2016.12.23 08:50:34.423,1.51224,1.51256,1.00,1.00
2016.12.23 08:50:34.474,1.51225,1.51256,1.00,1.00
2016.12.23 08:50:35.097,1.51225,1.51257,1.00,1.50
2016.12.23 08:50:36.047,1.51225,1.51257,1.00,1.50
2016.12.23 08:50:36.098,1.51225,1.51255,1.00,1.00
2016.12.23 08:50:36.149,1.51224,1.51254,1.00,1.00
2016.12.23 08:50:37.116,1.51224,1.51255,1.00,1.00
2016.12.23 08:50:37.419,1.51225,1.51256,1.00,1.00
2016.12.23 08:50:38.172,1.51226,1.51256,1.00,1.00
2016.12.23 08:50:39.158,1.51226,1.51256,1.00,1.00
2016.12.23 08:50:40.175,1.51226,1.51256,1.00,1.00
2016.12.23 08:50:41.716,1.51226,1.51256,1.00,1.00
2016.12.23 08:50:42.064,1.51227,1.51256,1.00,1.00
2016.12.23 08:50:42.743,1.51227,1.51256,1.00,1.00
2016.12.23 08:50:43.976,1.51227,1.51256,1.00,1.00
2016.12.23 08:50:44.127,1.51227,1.51261,1.00,1.00
2016.12.23 08:50:45.264,1.51227,1.51256,1.00,1.00
2016.12.23 08:50:45.570,1.51227,1.51257,1.00,1.50
2016.12.23 08:50:46.611,1.51227,1.51256,1.00,1.00
2016.12.23 08:50:49.473,1.51227,1.51256,1.00,1.00
2016.12.23 08:50:51.633,1.51226,1.51253,1.00,1.00
2016.12.23 08:50:51.871,1.51224,1.51252,1.00,1.00
2016.12.23 08:50:52.072,1.51224,1.51256,1.00,1.12
2016.12.23 08:50:52.173,1.51224,1.51254,1.00,1.00
2016.12.23 08:50:52.325,1.51224,1.51256,1.00,1.87
2016.12.23 08:50:52.526,1.51225,1.51256,1.00,1.12
2016.12.23 08:50:52.778,1.51225,1.51254,1.00,1.00
2016.12.23 08:50:53.181,1.51225,1.51256,1.00,1.50
2016.12.23 08:50:53.881,1.51225,1.51256,1.00,1.12
2016.12.23 08:50:54.805,1.51225,1.51256,1.00,1.12
2016.12.23 08:50:56.420,1.51225,1.51257,1.00,1.12
2016.12.23 08:50:56.723,1.51225,1.51254,1.00,1.00
2016.12.23 08:50:57.459,1.51225,1.51254,1.00,1.00
2016.12.23 08:50:58.282,1.51225,1.51254,1.00,1.00
2016.12.23 08:51:02.017,1.51225,1.51258,1.00,1.37
2016.12.23 08:51:03.555,1.51225,1.51257,1.00,1.12
2016.12.23 08:51:04.126,1.51225,1.51256,1.00,1.12
2016.12.23 08:51:08.538,1.51225,1.51257,1.00,1.00
2016.12.23 08:51:10.484,1.51225,1.51256,1.00,1.00
2016.12.23 08:51:12.670,1.51226,1.51256,1.00,1.00
2016.12.23 08:51:15.024,1.51226,1.51256,1.00,1.00
2016.12.23 08:51:16.639,1.51226,1.5126,1.00,1.00
2016.12.23 08:51:16.806,1.51226,1.51256,1.00,1.00
2016.12.23 08:51:17.402,1.51226,1.51256,1.00,1.00
2016.12.23 08:51:20.808,1.51226,1.51259,1.00,1.00
2016.12.23 08:51:21.010,1.51226,1.51256,1.00,1.00
2016.12.23 08:51:21.417,1.51227,1.51256,1.00,1.00
2016.12.23 08:51:23.238,1.51227,1.51257,1.00,1.00
2016.12.23 08:51:24.399,1.51227,1.51257,1.00,1.00
2016.12.23 08:51:25.940,1.51227,1.51256,1.00,1.00
2016.12.23 08:51:28.965,1.51226,1.51253,1.00,1.00
2016.12.23 08:51:29.066,1.51225,1.51251,1.00,1.00
2016.12.23 08:51:29.117,1.51225,1.51255,1.00,1.00
2016.12.23 08:51:29.287,1.51226,1.51256,1.00,1.00
2016.12.23 08:51:29.601,1.51226,1.51256,1.00,1.50
2016.12.23 08:51:30.452,1.51226,1.51256,1.00,1.00
2016.12.23 08:51:33.231,1.51226,1.51257,1.00,1.50
2016.12.23 08:51:34.601,1.51226,1.51256,1.00,1.00
2016.12.23 08:51:35.437,1.51226,1.51257,1.00,1.00
2016.12.23 08:51:39.714,1.51227,1.51259,1.00,1.00
2016.12.23 08:51:39.765,1.51227,1.51261,1.00,1.00
2016.12.23 08:51:40.770,1.51229,1.51261,1.00,1.00
2016.12.23 08:51:40.972,1.51229,1.51261,1.00,1.00
2016.12.23 08:51:41.022,1.51229,1.51257,1.00,1.00
2016.12.23 08:51:41.567,1.51229,1.51256,1.00,1.00
2016.12.23 08:51:42.576,1.51229,1.51256,1.00,1.00
2016.12.23 08:51:42.627,1.5123,1.51264,1.00,1.00
2016.12.23 08:51:42.677,1.51232,1.51264,1.00,1.00
2016.12.23 08:51:42.729,1.51233,1.51266,1.00,1.00
2016.12.23 08:51:42.880,1.51233,1.51264,1.00,1.00
2016.12.23 08:51:45.085,1.51233,1.51264,1.00,1.00
2016.12.23 08:51:45.550,1.51236,1.51268,1.00,1.00
2016.12.23 08:51:45.853,1.51236,1.51264,1.00,1.00
2016.12.23 08:51:46.005,1.51236,1.51267,1.00,1.00
2016.12.23 08:51:46.106,1.51237,1.51267,1.00,1.00
2016.12.23 08:51:47.229,1.51237,1.51267,1.00,1.00
2016.12.23 08:51:47.573,1.51238,1.5127,1.00,1.00
2016.12.23 08:51:47.921,1.51238,1.51267,1.00,1.00
2016.12.23 08:51:47.971,1.51238,1.51267,1.00,1.00
2016.12.23 08:51:48.239,1.51238,1.51271,1.00,1.00
2016.12.23 08:51:48.458,1.51239,1.5127,1.00,1.00
2016.12.23 08:51:48.510,1.51239,1.51273,1.00,1.12
2016.12.23 08:51:48.560,1.51242,1.51275,1.00,1.50
2016.12.23 08:51:49.501,1.51243,1.51275,1.00,1.50
2016.12.23 08:51:50.111,1.51243,1.51276,1.00,1.50
2016.12.23 08:51:50.414,1.51246,1.51276,1.00,1.00
2016.12.23 08:51:51.122,1.51246,1.51275,1.00,1.00
2016.12.23 08:51:51.632,1.51247,1.51276,1.00,1.00
2016.12.23 08:51:52.405,1.51247,1.51275,1.00,1.00
2016.12.23 08:51:52.455,1.51247,1.51275,1.00,1.00
2016.12.23 08:51:52.782,1.5125,1.51275,1.00,1.00
2016.12.23 08:51:52.833,1.5125,1.51275,1.00,1.00
2016.12.23 08:51:53.857,1.5125,1.51275,1.00,1.00
2016.12.23 08:51:54.695,1.51253,1.51275,1.00,1.00
2016.12.23 08:51:55.174,1.51253,1.51275,1.00,1.00
2016.12.23 08:51:55.476,1.51253,1.51276,1.00,1.00
2016.12.23 08:51:56.211,1.51259,1.51275,1.00,1.00
2016.12.23 08:51:56.262,1.51259,1.51275,1.00,1.00
2016.12.23 08:51:56.959,1.51259,1.51276,1.00,1.00
2016.12.23 08:51:58.651,1.51259,1.51275,1.00,1.00
2016.12.23 08:51:58.852,1.51255,1.51275,1.00,1.00
2016.12.23 08:51:59.435,1.51254,1.51275,1.00,1.00
2016.12.23 08:52:00.227,1.51254,1.51275,1.00,1.00
2016.12.23 08:52:00.919,1.51254,1.51276,1.00,1.00
2016.12.23 08:52:01.552,1.51254,1.51275,1.00,1.00
2016.12.23 08:52:03.016,1.51254,1.51276,1.00,1.00
2016.12.23 08:52:07.847,1.51254,1.51276,1.00,1.00
2016.12.23 08:52:08.181,1.51254,1.51276,1.00,1.00
2016.12.23 08:52:08.390,1.51254,1.51276,1.00,1.00
2016.12.23 08:52:11.496,1.51254,1.51276,1.00,1.00
2016.12.23 08:52:11.546,1.51254,1.51276,1.00,1.00
2016.12.23 08:52:12.071,1.51254,1.51275,1.00,1.00
2016.12.23 08:52:13.213,1.51254,1.51275,1.00,1.00
2016.12.23 08:52:14.299,1.51254,1.51275,1.00,1.00
2016.12.23 08:52:14.867,1.51256,1.51275,1.00,1.00
2016.12.23 08:52:18.275,1.51256,1.51275,1.00,1.00
2016.12.23 08:52:19.653,1.51256,1.51275,1.00,1.00
2016.12.23 08:52:21.667,1.51256,1.51275,1.00,1.00
2016.12.23 08:52:21.718,1.51258,1.51275,1.00,1.00
2016.12.23 08:52:21.920,1.5126,1.5128,1.00,1.00
2016.12.23 08:52:22.208,1.51262,1.5128,1.00,1.00
2016.12.23 08:52:22.259,1.51266,1.51291,1.00,1.00
2016.12.23 08:52:22.360,1.51266,1.51296,1.00,1.00
2016.12.23 08:52:22.411,1.51266,1.51296,1.00,1.00
2016.12.23 08:52:22.537,1.51266,1.51299,1.00,1.00
2016.12.23 08:52:22.691,1.51266,1.51297,1.00,1.00
2016.12.23 08:52:22.792,1.51266,1.51295,1.00,1.00
2016.12.23 08:52:23.164,1.51266,1.51281,1.00,1.00
2016.12.23 08:52:23.865,1.51266,1.5128,1.00,1.00
2016.12.23 08:52:24.256,1.51266,1.51275,1.00,1.00
2016.12.23 08:52:25.055,1.51266,1.5128,1.00,1.00
2016.12.23 08:52:25.967,1.51266,1.51281,1.00,1.00
2016.12.23 08:52:26.697,1.51266,1.51291,1.00,1.00
2016.12.23 08:52:26.799,1.51266,1.51297,1.00,1.00
2016.12.23 08:52:27.282,1.51268,1.513,1.00,1.00
2016.12.23 08:52:28.273,1.51268,1.513,1.00,1.00
2016.12.23 08:52:30.174,1.51268,1.51299,1.00,1.00
2016.12.23 08:52:30.695,1.51268,1.51298,1.00,1.00
2016.12.23 08:52:31.255,1.51268,1.51298,1.00,1.00
2016.12.23 08:52:31.306,1.51268,1.51296,1.00,1.00
2016.12.23 08:52:32.363,1.51267,1.51296,1.00,1.00
2016.12.23 08:52:34.683,1.51267,1.51296,1.00,1.00
2016.12.23 08:52:34.888,1.51267,1.51298,1.00,1.00
2016.12.23 08:52:35.039,1.51267,1.51296,1.00,1.00
2016.12.23 08:52:36.040,1.51267,1.51297,1.00,1.00
2016.12.23 08:52:37.111,1.51267,1.51296,1.00,1.00
2016.12.23 08:52:37.554,1.51263,1.5129,1.00,1.00
2016.12.23 08:52:37.875,1.51263,1.5128,1.00,1.00
2016.12.23 08:52:38.184,1.51263,1.51276,1.00,1.00
2016.12.23 08:52:38.542,1.51261,1.51276,1.00,1.00
2016.12.23 08:52:39.533,1.51261,1.51276,1.00,1.00
2016.12.23 08:52:40.294,1.51261,1.51276,1.00,1.00
2016.12.23 08:52:40.345,1.51264,1.5128,1.00,1.00
2016.12.23 08:52:41.084,1.51264,1.51281,1.00,1.00
2016.12.23 08:52:41.621,1.51265,1.5128,1.00,1.00
2016.12.23 08:52:42.041,1.51265,1.51297,1.00,1.00
2016.12.23 08:52:42.345,1.51267,1.513,1.00,1.00
2016.12.23 08:52:42.920,1.51268,1.51301,1.00,1.00
2016.12.23 08:52:45.205,1.51268,1.51301,1.00,1.00
2016.12.23 08:52:46.577,1.51268,1.513,1.00,1.00
2016.12.23 08:52:46.628,1.51268,1.513,1.00,1.00
2016.12.23 08:52:47.269,1.51268,1.51299,1.00,1.00
2016.12.23 08:52:48.099,1.51268,1.513,1.00,1.00
2016.12.23 08:52:49.713,1.51268,1.51302,1.00,1.00
2016.12.23 08:52:53.245,1.51268,1.513,1.00,1.00
2016.12.23 08:52:55.457,1.51268,1.51302,1.00,1.00
2016.12.23 08:52:55.558,1.51269,1.51304,1.00,1.12
2016.12.23 08:52:56.488,1.5127,1.51302,1.00,1.00
2016.12.23 08:52:56.918,1.5127,1.51304,1.00,1.00
2016.12.23 08:52:57.481,1.5127,1.51303,1.00,1.00
2016.12.23 08:52:58.483,1.5127,1.51302,1.00,1.00
2016.12.23 08:53:00.235,1.5127,1.51303,1.00,1.00
2016.12.23 08:53:01.024,1.5127,1.51304,1.00,1.00
2016.12.23 08:53:04.226,1.51271,1.51305,1.00,1.12
2016.12.23 08:53:04.985,1.51271,1.51305,1.00,1.37
2016.12.23 08:53:08.632,1.51271,1.51304,1.00,1.12
2016.12.23 08:53:09.900,1.51271,1.51304,1.00,1.12
2016.12.23 08:53:10.221,1.51271,1.51306,1.00,1.37
2016.12.23 08:53:10.272,1.51268,1.51303,1.00,1.00
2016.12.23 08:53:10.323,1.51268,1.513,1.00,1.00
2016.12.23 08:53:10.632,1.51268,1.51296,1.00,1.00
2016.12.23 08:53:10.733,1.51266,1.51294,1.00,1.00
2016.12.23 08:53:10.784,1.51262,1.51281,1.00,1.00
2016.12.23 08:53:10.834,1.51262,1.51293,1.37,1.00
2016.12.23 08:53:10.935,1.51262,1.51293,1.00,1.00
2016.12.23 08:53:10.986,1.51262,1.51293,1.00,1.00
2016.12.23 08:53:11.036,1.51262,1.51295,1.00,1.00
2016.12.23 08:53:11.424,1.51263,1.51296,1.00,1.00
2016.12.23 08:53:12.871,1.51264,1.51296,1.00,1.00
2016.12.23 08:53:13.390,1.51264,1.51297,1.00,1.00
2016.12.23 08:53:13.936,1.51266,1.51299,1.00,1.00
2016.12.23 08:53:14.955,1.51266,1.51299,1.00,1.00
2016.12.23 08:53:15.209,1.51266,1.51301,1.00,1.00
2016.12.23 08:53:19.860,1.51266,1.51302,1.00,1.12
2016.12.23 08:53:19.911,1.51268,1.51301,1.00,1.00
2016.12.23 08:53:20.011,1.5127,1.51305,1.00,1.00
2016.12.23 08:53:24.340,1.5127,1.51307,1.00,1.37
2016.12.23 08:53:24.392,1.51275,1.5131,1.00,1.37
2016.12.23 08:53:24.444,1.51275,1.51305,1.00,1.00
2016.12.23 08:53:24.748,1.51275,1.51305,1.00,1.12
2016.12.23 08:53:24.849,1.51274,1.51307,1.00,1.37
2016.12.23 08:53:24.901,1.51278,1.51307,1.00,1.37
2016.12.23 08:53:25.053,1.51278,1.51311,1.00,1.37
2016.12.23 08:53:25.158,1.51278,1.51311,1.00,1.00
2016.12.23 08:53:25.730,1.51279,1.51314,1.00,1.37
2016.12.23 08:53:27.802,1.51279,1.51313,1.00,1.37
2016.12.23 08:53:28.157,1.51279,1.51313,1.00,1.00
2016.12.23 08:53:28.339,1.51279,1.51306,1.00,1.00
2016.12.23 08:53:28.995,1.51281,1.51306,1.00,1.00
2016.12.23 08:53:29.590,1.51281,1.51306,1.00,1.00
2016.12.23 08:53:30.111,1.51281,1.51307,1.00,1.00
2016.12.23 08:53:30.212,1.51278,1.51307,1.00,1.00
2016.12.23 08:53:30.464,1.51277,1.51305,1.00,1.00
2016.12.23 08:53:30.785,1.51274,1.51302,1.00,1.00
2016.12.23 08:53:31.735,1.51274,1.51303,1.00,1.00
2016.12.23 08:53:32.250,1.51274,1.51305,1.00,1.37
2016.12.23 08:53:35.156,1.51274,1.51303,1.00,1.00
2016.12.23 08:53:36.720,1.51274,1.51306,1.00,1.00
2016.12.23 08:53:38.799,1.51274,1.51307,1.00,1.00
2016.12.23 08:53:39.543,1.51274,1.51306,1.00,1.00
2016.12.23 08:53:42.930,1.51274,1.51305,1.00,1.00
2016.12.23 08:53:45.325,1.51274,1.51306,1.00,1.00
2016.12.23 08:53:49.146,1.51274,1.51307,1.00,1.00
2016.12.23 08:53:49.834,1.51275,1.51308,1.00,1.12
2016.12.23 08:53:53.451,1.51275,1.51307,1.00,1.00
2016.12.23 08:53:54.324,1.51277,1.51312,1.00,1.37
2016.12.23 08:53:54.526,1.51277,1.51306,1.00,1.00
2016.12.23 08:53:55.121,1.51277,1.51306,1.00,1.00
2016.12.23 08:53:56.833,1.51277,1.51309,1.00,1.00
2016.12.23 08:53:57.960,1.51277,1.5131,1.00,1.00
2016.12.23 08:53:58.112,1.51277,1.51312,1.00,1.00
2016.12.23 08:53:58.162,1.51277,1.51308,1.00,1.00
2016.12.23 08:53:58.213,1.51277,1.51312,1.00,1.00
2016.12.23 08:53:58.465,1.5128,1.51316,1.00,1.87
2016.12.23 08:53:59.098,1.5128,1.51316,1.00,1.12
2016.12.23 08:53:59.712,1.5128,1.51316,1.00,1.37
2016.12.23 08:54:00.023,1.5128,1.51306,1.00,1.00
2016.12.23 08:54:00.561,1.5128,1.51306,1.00,1.00
2016.12.23 08:54:00.612,1.51276,1.51303,1.00,1.00
2016.12.23 08:54:00.763,1.51275,1.51296,1.00,1.00
2016.12.23 08:54:01.277,1.51275,1.51297,1.00,1.00
2016.12.23 08:54:01.787,1.51274,1.51297,1.00,1.00
2016.12.23 08:54:01.838,1.51274,1.51303,1.50,1.12
2016.12.23 08:54:06.242,1.51274,1.51303,1.50,1.37
2016.12.23 08:54:06.293,1.51274,1.51306,1.00,1.37
2016.12.23 08:54:06.646,1.51274,1.51304,1.00,1.37
2016.12.23 08:54:07.229,1.51274,1.51303,1.00,1.12
2016.12.23 08:54:07.759,1.51274,1.51304,1.00,1.12
2016.12.23 08:54:07.946,1.51272,1.51301,1.00,1.00
2016.12.23 08:54:12.689,1.51272,1.51302,1.00,1.00
2016.12.23 08:54:12.992,1.51272,1.51305,1.00,1.12
2016.12.23 08:54:13.496,1.51272,1.51305,1.00,1.37
2016.12.23 08:54:14.228,1.51272,1.51304,1.00,1.12
2016.12.23 08:54:14.854,1.51272,1.51304,1.00,1.12
2016.12.23 08:54:14.904,1.5127,1.51299,1.00,1.00
2016.12.23 08:54:15.494,1.5127,1.513,1.00,1.00
2016.12.23 08:54:16.757,1.5127,1.51304,1.00,1.12
2016.12.23 08:54:19.893,1.5127,1.51302,1.00,1.00
2016.12.23 08:54:21.312,1.5127,1.513,1.00,1.00
2016.12.23 08:54:21.666,1.5127,1.51302,1.00,1.00
2016.12.23 08:54:23.510,1.5127,1.51303,1.00,1.00
2016.12.23 08:54:25.121,1.5127,1.51297,1.00,1.00
2016.12.23 08:54:25.992,1.51269,1.51298,1.00,1.00
2016.12.23 08:54:26.094,1.5127,1.51296,1.00,1.00
2016.12.23 08:54:26.144,1.5127,1.51297,1.00,1.00
2016.12.23 08:54:26.648,1.51269,1.51297,1.00,1.00
2016.12.23 08:54:29.868,1.51269,1.51296,1.00,1.00
2016.12.23 08:54:30.450,1.51268,1.51296,1.00,1.00
2016.12.23 08:54:34.808,1.51268,1.51297,1.00,1.00
2016.12.23 08:54:34.923,1.51268,1.51299,1.00,1.00
2016.12.23 08:54:35.322,1.51268,1.51296,1.00,1.00
2016.12.23 08:54:35.668,1.51268,1.51296,1.00,1.00
2016.12.23 08:54:35.907,1.51268,1.51296,1.00,1.00
2016.12.23 08:54:36.411,1.51268,1.51297,1.00,1.00
2016.12.23 08:54:36.562,1.51267,1.51294,1.00,1.00
2016.12.23 08:54:38.541,1.51265,1.51295,1.00,1.12
2016.12.23 08:54:41.514,1.51265,1.51296,1.00,1.37
2016.12.23 08:54:41.615,1.51266,1.51297,1.00,1.00
2016.12.23 08:54:41.844,1.51266,1.51301,1.00,1.00
2016.12.23 08:54:42.374,1.51266,1.51301,1.00,1.37
2016.12.23 08:54:42.516,1.51269,1.51301,1.00,1.37
2016.12.23 08:54:44.034,1.51269,1.51301,1.00,1.37
2016.12.23 08:54:46.955,1.51269,1.51301,1.00,1.37
2016.12.23 08:54:49.313,1.51269,1.51296,1.00,1.00
2016.12.23 08:54:54.576,1.51267,1.51297,1.00,1.50
2016.12.23 08:54:54.627,1.51267,1.51296,1.00,1.00
2016.12.23 08:54:54.728,1.51261,1.51291,1.00,1.00
2016.12.23 08:54:54.829,1.51261,1.5128,1.00,1.00
2016.12.23 08:54:54.880,1.51261,1.51291,1.00,1.00
2016.12.23 08:54:54.930,1.51261,1.51281,1.00,1.00
2016.12.23 08:54:55.508,1.51261,1.5128,1.00,1.00
2016.12.23 08:54:55.824,1.51261,1.5128,1.00,1.00
2016.12.23 08:54:56.316,1.51261,1.51275,1.00,1.00
2016.12.23 08:55:00.474,1.51261,1.51275,1.00,1.00
2016.12.23 08:55:01.543,1.51261,1.51276,1.00,1.00
2016.12.23 08:55:02.181,1.51261,1.51275,1.00,1.00
2016.12.23 08:55:02.787,1.51261,1.51276,1.00,1.00
2016.12.23 08:55:03.432,1.51261,1.51276,1.00,1.00
2016.12.23 08:55:03.483,1.51261,1.51276,1.00,1.00
2016.12.23 08:55:03.534,1.51261,1.51291,1.00,1.00
2016.12.23 08:55:03.635,1.51261,1.51281,1.00,1.00
2016.12.23 08:55:04.579,1.51261,1.51281,1.00,1.00
2016.12.23 08:55:04.884,1.51261,1.51281,1.00,1.00
2016.12.23 08:55:05.153,1.51261,1.51276,1.00,1.00
2016.12.23 08:55:05.688,1.51261,1.51275,1.00,1.00
2016.12.23 08:55:07.631,1.51261,1.51276,1.00,1.00
2016.12.23 08:55:08.597,1.51261,1.51276,1.00,1.00
2016.12.23 08:55:09.600,1.51261,1.51275,1.00,1.00
2016.12.23 08:55:13.363,1.51261,1.51276,1.00,1.00
2016.12.23 08:55:13.704,1.51266,1.51275,1.00,1.00
2016.12.23 08:55:13.819,1.51267,1.51297,1.00,1.00
2016.12.23 08:55:13.869,1.51269,1.51297,1.00,1.00
2016.12.23 08:55:14.034,1.51269,1.51303,1.00,1.37
2016.12.23 08:55:14.186,1.51269,1.51296,1.00,1.00
2016.12.23 08:55:14.598,1.51269,1.51296,1.00,1.00
2016.12.23 08:55:15.429,1.51269,1.51296,1.00,1.00
2016.12.23 08:55:16.020,1.51269,1.51297,1.00,1.00
2016.12.23 08:55:17.805,1.51269,1.51296,1.00,1.00
2016.12.23 08:55:17.929,1.51268,1.51296,1.00,1.50
2016.12.23 08:55:19.874,1.51267,1.51296,1.00,1.50
2016.12.23 08:55:22.968,1.51267,1.51296,1.00,1.00
2016.12.23 08:55:23.565,1.51267,1.51297,1.00,1.00
2016.12.23 08:55:25.605,1.51267,1.51296,1.00,1.00
2016.12.23 08:55:26.223,1.51267,1.51295,1.00,1.00
2016.12.23 08:55:26.653,1.51272,1.51306,1.00,1.87
2016.12.23 08:55:26.747,1.51272,1.51303,1.00,1.37
2016.12.23 08:55:26.798,1.51273,1.51307,1.00,1.37
2016.12.23 08:55:26.848,1.51273,1.51306,1.00,1.00
2016.12.23 08:55:27.216,1.51277,1.51306,1.00,1.00
2016.12.23 08:55:27.474,1.51281,1.51316,1.00,1.37
2016.12.23 08:55:27.576,1.51281,1.51316,1.00,1.00
2016.12.23 08:55:27.778,1.51284,1.51316,1.00,1.00
2016.12.23 08:55:28.393,1.51284,1.51316,1.00,1.87
2016.12.23 08:55:28.695,1.51285,1.51317,1.00,1.00
2016.12.23 08:55:28.796,1.51288,1.51316,1.00,1.00
2016.12.23 08:55:29.692,1.5129,1.51316,1.00,1.00
2016.12.23 08:55:29.743,1.5129,1.51322,1.00,1.12
2016.12.23 08:55:30.097,1.5129,1.51316,1.00,1.00
2016.12.23 08:55:30.513,1.51294,1.51316,1.00,1.00
2016.12.23 08:55:30.564,1.51294,1.51326,1.00,1.37
2016.12.23 08:55:30.615,1.51294,1.51326,1.00,1.00
2016.12.23 08:55:31.414,1.51294,1.51325,1.00,1.00
2016.12.23 08:55:32.278,1.51294,1.51326,1.00,1.00
2016.12.23 08:55:32.329,1.51298,1.51331,1.00,1.37
2016.12.23 08:55:32.495,1.513,1.51334,1.00,1.00
2016.12.23 08:55:32.646,1.51301,1.51338,1.00,1.37
2016.12.23 08:55:32.747,1.51301,1.51333,1.00,1.00
2016.12.23 08:55:32.950,1.51301,1.51335,1.00,1.00
2016.12.23 08:55:33.840,1.51302,1.51336,1.00,1.12
2016.12.23 08:55:34.098,1.51294,1.51325,1.00,1.00
2016.12.23 08:55:34.301,1.51291,1.51322,1.00,1.00
2016.12.23 08:55:34.402,1.51287,1.5132,1.00,1.00
2016.12.23 08:55:34.503,1.51288,1.51324,1.00,1.00
2016.12.23 08:55:34.805,1.51288,1.51324,1.00,1.37
2016.12.23 08:55:35.366,1.51289,1.51325,1.00,1.37
2016.12.23 08:55:35.770,1.51289,1.51325,1.00,1.37
2016.12.23 08:55:35.963,1.51289,1.51316,1.00,1.00
2016.12.23 08:55:36.433,1.5129,1.51322,1.00,1.12
2016.12.23 08:55:38.247,1.5129,1.51317,1.00,1.00
2016.12.23 08:55:38.300,1.51289,1.51318,1.00,1.00
2016.12.23 08:55:38.457,1.51289,1.51316,1.00,1.00
2016.12.23 08:55:39.056,1.51289,1.51317,1.00,1.00
2016.12.23 08:55:39.615,1.51289,1.51316,1.00,1.00
2016.12.23 08:55:39.917,1.51291,1.51323,1.00,1.00
2016.12.23 08:55:40.856,1.51291,1.51324,1.00,1.00
2016.12.23 08:55:41.053,1.51291,1.51324,1.00,1.00
2016.12.23 08:55:42.037,1.51292,1.51324,1.00,1.00
2016.12.23 08:55:43.166,1.51292,1.51326,1.00,1.87
2016.12.23 08:55:43.418,1.51292,1.51324,1.00,1.00
2016.12.23 08:55:44.223,1.51289,1.51324,1.00,1.00
2016.12.23 08:55:44.273,1.51289,1.51317,1.00,1.00
2016.12.23 08:55:44.616,1.51289,1.51307,1.00,1.00
2016.12.23 08:55:45.183,1.51289,1.51317,1.00,1.00
2016.12.23 08:55:45.284,1.51289,1.51317,1.00,1.00
2016.12.23 08:55:45.335,1.51289,1.51319,1.00,1.00
2016.12.23 08:55:45.549,1.51289,1.51316,1.00,1.00
2016.12.23 08:55:46.262,1.51288,1.51315,1.00,1.00
2016.12.23 08:55:46.752,1.51288,1.51316,1.00,1.00
2016.12.23 08:55:46.802,1.51286,1.51315,1.00,1.00
2016.12.23 08:55:48.193,1.51285,1.51314,1.00,1.00
2016.12.23 08:55:48.244,1.51285,1.51315,1.00,1.00
2016.12.23 08:55:48.832,1.51285,1.51314,1.00,1.00
2016.12.23 08:55:48.933,1.51285,1.51316,1.00,1.00
2016.12.23 08:55:49.620,1.51285,1.51317,1.00,1.00
2016.12.23 08:55:50.882,1.51283,1.51317,1.00,1.37
2016.12.23 08:55:51.134,1.51281,1.51306,1.00,1.00
2016.12.23 08:55:51.902,1.51281,1.51307,1.00,1.00
2016.12.23 08:55:51.965,1.51278,1.51307,1.00,1.00
2016.12.23 08:55:52.016,1.51276,1.51307,1.00,1.00
2016.12.23 08:55:52.283,1.51276,1.51297,1.00,1.00
2016.12.23 08:55:52.593,1.51276,1.51297,1.00,1.00
2016.12.23 08:55:54.495,1.51276,1.51297,1.00,1.00
2016.12.23 08:55:54.596,1.51276,1.51307,1.00,1.00
2016.12.23 08:55:56.636,1.51276,1.51307,1.00,1.00
2016.12.23 08:56:00.213,1.51277,1.51307,1.00,1.00
2016.12.23 08:56:00.264,1.51277,1.51314,2.50,1.00
2016.12.23 08:56:00.365,1.51277,1.51307,2.50,1.00
2016.12.23 08:56:00.902,1.51277,1.51314,1.00,1.00
2016.12.23 08:56:01.994,1.51277,1.51306,1.00,1.00
2016.12.23 08:56:02.815,1.51277,1.51314,1.00,1.12
2016.12.23 08:56:03.967,1.51277,1.51307,1.00,1.00
2016.12.23 08:56:04.276,1.51279,1.51306,1.00,1.00
2016.12.23 08:56:04.457,1.51279,1.51314,1.00,1.00
2016.12.23 08:56:04.508,1.51279,1.51306,1.00,1.00
2016.12.23 08:56:05.057,1.51279,1.51306,1.00,1.00
2016.12.23 08:56:05.158,1.51279,1.51312,1.00,1.37
2016.12.23 08:56:05.266,1.51279,1.51306,1.00,1.00
2016.12.23 08:56:05.418,1.51279,1.51306,1.00,1.00
2016.12.23 08:56:05.519,1.51275,1.51313,1.00,1.87
2016.12.23 08:56:05.620,1.51274,1.51311,1.50,1.00
2016.12.23 08:56:05.923,1.51274,1.51307,1.00,1.37
2016.12.23 08:56:06.491,1.51274,1.51307,1.00,1.37
2016.12.23 08:56:06.542,1.51274,1.51306,1.00,1.00
2016.12.23 08:56:06.643,1.51274,1.51306,1.00,1.00
2016.12.23 08:56:09.247,1.51277,1.51306,1.00,1.00
2016.12.23 08:56:09.960,1.51277,1.51307,1.00,1.12
2016.12.23 08:56:10.498,1.51277,1.51306,1.00,1.00
2016.12.23 08:56:12.053,1.51277,1.51306,2.50,1.00
2016.12.23 08:56:13.613,1.51277,1.51307,1.00,1.00
2016.12.23 08:56:13.764,1.51277,1.51306,1.00,1.00
2016.12.23 08:56:13.915,1.51277,1.51306,1.00,1.00
2016.12.23 08:56:14.248,1.51278,1.51313,1.00,1.37
2016.12.23 08:56:14.298,1.51278,1.51306,1.00,1.00
2016.12.23 08:56:14.802,1.51278,1.51313,1.00,1.37
2016.12.23 08:56:14.903,1.51278,1.51313,1.00,1.37
2016.12.23 08:56:15.134,1.51278,1.51307,1.00,1.00
2016.12.23 08:56:15.658,1.51278,1.51306,1.00,1.00
2016.12.23 08:56:16.549,1.51278,1.51307,1.00,1.00
2016.12.23 08:56:17.856,1.51278,1.51307,1.00,1.00
2016.12.23 08:56:18.036,1.51275,1.51305,1.00,1.00
2016.12.23 08:56:18.188,1.51275,1.51305,1.00,1.37
2016.12.23 08:56:18.238,1.51275,1.51305,1.00,1.00
2016.12.23 08:56:18.666,1.51274,1.51296,1.00,1.00
2016.12.23 08:56:19.262,1.51274,1.51296,1.00,1.00
2016.12.23 08:56:19.662,1.51274,1.51306,1.00,1.37
2016.12.23 08:56:23.395,1.51274,1.51307,1.00,1.37
2016.12.23 08:56:24.998,1.51274,1.51307,1.00,1.37
2016.12.23 08:56:25.765,1.51274,1.51306,1.00,1.37
2016.12.23 08:56:27.282,1.51274,1.51306,1.00,1.37
2016.12.23 08:56:27.333,1.51275,1.51306,1.00,1.37
2016.12.23 08:56:27.384,1.51276,1.51306,1.00,1.12
2016.12.23 08:56:28.256,1.51276,1.51306,1.00,1.00
2016.12.23 08:56:32.520,1.51276,1.51306,1.00,1.00
2016.12.23 08:56:32.622,1.51276,1.51309,1.00,1.12
2016.12.23 08:56:32.779,1.51276,1.51311,1.00,1.87
2016.12.23 08:56:33.220,1.51277,1.51312,1.00,1.37
2016.12.23 08:56:33.649,1.51277,1.51307,1.00,1.00
2016.12.23 08:56:34.662,1.51277,1.51312,1.00,1.37
2016.12.23 08:56:35.215,1.51277,1.51307,1.00,1.00
2016.12.23 08:56:40.482,1.51277,1.51307,1.00,1.00
2016.12.23 08:56:43.286,1.51277,1.51307,1.00,1.00
2016.12.23 08:56:43.915,1.51277,1.5131,1.00,1.00
2016.12.23 08:56:44.189,1.51277,1.51306,1.00,1.00
2016.12.23 08:56:44.407,1.51278,1.51313,1.00,1.37
2016.12.23 08:56:45.011,1.5128,1.51315,1.00,1.37
2016.12.23 08:56:45.425,1.51283,1.51316,1.00,1.37
2016.12.23 08:56:45.890,1.51283,1.51316,1.00,1.37
2016.12.23 08:56:47.452,1.51283,1.51316,1.00,1.37
2016.12.23 08:56:47.966,1.51283,1.51306,1.00,1.00
2016.12.23 08:56:48.017,1.51283,1.51306,1.00,1.00
2016.12.23 08:56:48.168,1.51283,1.51313,1.00,1.37
2016.12.23 08:56:48.332,1.51283,1.51313,1.00,1.37
2016.12.23 08:56:49.966,1.51283,1.51307,1.00,1.00
2016.12.23 08:56:50.017,1.51283,1.51313,1.00,1.37
2016.12.23 08:56:51.572,1.51282,1.51312,1.00,1.37
2016.12.23 08:56:52.869,1.51282,1.51312,1.00,1.37
2016.12.23 08:56:53.807,1.51282,1.51313,1.00,1.37
2016.12.23 08:56:54.387,1.51282,1.51313,1.00,1.37
2016.12.23 08:56:54.438,1.51282,1.51316,1.00,1.37
2016.12.23 08:56:54.539,1.51282,1.51317,1.00,1.00
2016.12.23 08:56:54.590,1.51284,1.51317,1.00,1.37
2016.12.23 08:56:54.640,1.51284,1.51316,1.00,1.00
2016.12.23 08:56:54.875,1.51284,1.51319,1.00,1.00
2016.12.23 08:56:54.926,1.51284,1.51319,1.00,1.37
2016.12.23 08:56:55.617,1.51284,1.51316,1.00,1.00
2016.12.23 08:56:55.922,1.51291,1.51317,1.00,1.12
2016.12.23 08:56:55.972,1.51293,1.51327,1.00,1.00
2016.12.23 08:56:56.023,1.51293,1.51326,1.00,1.50
2016.12.23 08:56:56.225,1.51293,1.51323,1.00,1.37
2016.12.23 08:56:57.021,1.51291,1.51323,1.00,1.37
2016.12.23 08:56:57.575,1.51291,1.51323,1.00,1.37
2016.12.23 08:56:59.165,1.51291,1.51322,1.00,1.37
2016.12.23 08:57:00.885,1.51291,1.51326,1.00,1.37
2016.12.23 08:57:00.936,1.51292,1.51326,1.00,1.37
2016.12.23 08:57:00.986,1.51294,1.51326,1.00,1.37
2016.12.23 08:57:01.234,1.51294,1.51327,1.00,1.00
2016.12.23 08:57:01.373,1.51294,1.51327,1.00,1.50
2016.12.23 08:57:01.424,1.51294,1.51327,1.00,1.87
2016.12.23 08:57:01.943,1.51294,1.51326,1.00,1.37
2016.12.23 08:57:02.213,1.51292,1.51324,1.00,1.12
2016.12.23 08:57:02.582,1.51291,1.51321,1.00,1.00
2016.12.23 08:57:02.632,1.51289,1.5132,1.00,1.00
2016.12.23 08:57:02.855,1.51289,1.51317,1.00,1.00
2016.12.23 08:57:03.365,1.51288,1.51317,1.00,1.00
2016.12.23 08:57:03.516,1.51286,1.51316,1.00,1.50
2016.12.23 08:57:03.839,1.51284,1.51313,1.00,1.00
2016.12.23 08:57:05.219,1.51284,1.51315,1.00,1.00
2016.12.23 08:57:06.500,1.51284,1.51313,1.00,1.00
2016.12.23 08:57:06.702,1.51282,1.51313,1.00,1.00
2016.12.23 08:57:07.496,1.51282,1.51314,1.00,1.00
2016.12.23 08:57:08.214,1.51282,1.51314,1.00,1.37
2016.12.23 08:57:08.837,1.51282,1.51313,1.00,1.12
2016.12.23 08:57:10.022,1.51281,1.51313,1.00,1.37
2016.12.23 08:57:10.073,1.51279,1.51306,1.00,1.00
2016.12.23 08:57:10.124,1.51277,1.51306,1.00,1.50
2016.12.23 08:57:10.225,1.51275,1.51304,1.00,1.00
2016.12.23 08:57:13.346,1.51275,1.51306,1.00,1.37
2016.12.23 08:57:15.509,1.51275,1.51306,1.00,1.00
2016.12.23 08:57:16.242,1.51275,1.51305,1.00,1.00
2016.12.23 08:57:16.343,1.51274,1.51303,1.00,1.00
2016.12.23 08:57:16.921,1.51274,1.51304,1.00,1.00
2016.12.23 08:57:17.523,1.51274,1.51304,1.00,1.00
2016.12.23 08:57:19.366,1.51272,1.51301,1.00,1.00
2016.12.23 08:57:19.619,1.51272,1.51304,1.00,1.00
2016.12.23 08:57:20.664,1.51272,1.51303,1.00,1.00
2016.12.23 08:57:20.978,1.51272,1.51301,1.00,1.00
2016.12.23 08:57:22.581,1.5127,1.51301,1.00,1.00
2016.12.23 08:57:23.029,1.5127,1.51296,1.00,1.00
2016.12.23 08:57:23.130,1.51273,1.51306,2.50,1.00
2016.12.23 08:57:23.533,1.51273,1.51304,1.50,1.00
2016.12.23 08:57:23.688,1.51274,1.51306,1.50,1.50
2016.12.23 08:57:24.240,1.51274,1.51306,1.00,1.00
2016.12.23 08:57:24.656,1.5128,1.51306,2.50,1.00
2016.12.23 08:57:25.293,1.51281,1.51306,1.50,1.00
2016.12.23 08:57:25.343,1.51278,1.51306,1.00,1.00
2016.12.23 08:57:25.394,1.51276,1.51305,1.00,1.00
2016.12.23 08:57:27.789,1.51276,1.51306,1.00,1.50
2016.12.23 08:57:27.995,1.51276,1.51309,1.00,1.00
2016.12.23 08:57:28.323,1.51281,1.51317,1.00,1.87
2016.12.23 08:57:28.373,1.51285,1.51317,1.50,1.50
2016.12.23 08:57:28.815,1.51284,1.51313,1.00,1.00
2016.12.23 08:57:29.067,1.51284,1.5132,1.00,1.12
2016.12.23 08:57:29.117,1.51291,1.51317,1.00,1.00
2016.12.23 08:57:29.218,1.51291,1.51326,2.50,1.50
2016.12.23 08:57:29.270,1.51291,1.51326,2.50,1.50
2016.12.23 08:57:29.821,1.51291,1.51326,2.50,1.50
2016.12.23 08:57:30.358,1.51291,1.51326,2.50,1.00
2016.12.23 08:57:30.884,1.51291,1.51325,2.50,1.00
2016.12.23 08:57:31.407,1.51294,1.51326,1.00,1.00
2016.12.23 08:57:31.660,1.51298,1.51331,1.00,1.00
2016.12.23 08:57:32.015,1.51298,1.51326,1.00,1.00
2016.12.23 08:57:32.530,1.51298,1.51326,1.00,1.00
2016.12.23 08:57:33.211,1.51295,1.51326,1.00,1.50
2016.12.23 08:57:33.262,1.51296,1.51327,1.00,1.00
2016.12.23 08:57:33.995,1.51296,1.51326,1.00,1.00
2016.12.23 08:57:34.213,1.51296,1.51326,1.00,1.00
2016.12.23 08:57:34.364,1.51296,1.51326,1.00,1.00
2016.12.23 08:57:34.415,1.51299,1.51333,1.00,1.00
2016.12.23 08:57:34.617,1.51302,1.51335,1.00,1.50
2016.12.23 08:57:34.952,1.51302,1.51326,1.00,1.00
2016.12.23 08:57:35.281,1.51302,1.51326,1.00,1.00
2016.12.23 08:57:38.012,1.51302,1.51327,1.00,1.00
2016.12.23 08:57:38.602,1.51302,1.51327,1.00,1.00
2016.12.23 08:57:39.317,1.51302,1.51326,1.00,1.00
2016.12.23 08:57:42.471,1.51303,1.51336,1.00,2.25
2016.12.23 08:57:42.623,1.51305,1.51336,1.00,1.50
2016.12.23 08:57:43.210,1.51305,1.51335,1.00,1.00
2016.12.23 08:57:44.036,1.51305,1.51335,1.00,1.00
2016.12.23 08:57:44.424,1.51306,1.51335,1.00,1.00
2016.12.23 08:57:44.576,1.51305,1.51334,1.00,1.00
2016.12.23 08:57:44.777,1.51305,1.51326,1.00,1.00
2016.12.23 08:57:45.386,1.51305,1.51326,1.00,1.00
2016.12.23 08:57:45.555,1.51305,1.51334,1.00,1.00
2016.12.23 08:57:46.093,1.51305,1.51333,1.00,1.00
2016.12.23 08:57:47.059,1.51305,1.51335,1.00,1.00
2016.12.23 08:57:47.872,1.51305,1.51336,1.00,2.25
2016.12.23 08:57:48.510,1.51305,1.51335,1.00,1.00
2016.12.23 08:57:49.011,1.51299,1.51328,1.00,1.00
2016.12.23 08:57:49.340,1.51298,1.51326,1.00,1.00
2016.12.23 08:57:50.008,1.51298,1.51325,1.00,1.00
2016.12.23 08:57:51.248,1.51296,1.51325,1.00,1.00
2016.12.23 08:57:51.349,1.51296,1.51325,1.00,1.00
2016.12.23 08:57:53.069,1.51296,1.51324,1.00,1.00
2016.12.23 08:57:53.836,1.51296,1.51323,1.00,1.00
2016.12.23 08:57:54.248,1.51296,1.51325,1.00,1.00
2016.12.23 08:57:54.512,1.51293,1.5132,1.00,1.00
2016.12.23 08:57:54.562,1.51288,1.51316,1.50,1.00
2016.12.23 08:57:56.500,1.51286,1.51316,1.00,1.50
2016.12.23 08:57:59.242,1.51286,1.51316,1.00,1.00
2016.12.23 08:57:59.293,1.51289,1.51322,1.00,1.00
2016.12.23 08:57:59.445,1.51294,1.51326,1.00,1.50
2016.12.23 08:57:59.959,1.51295,1.51327,1.00,1.87
2016.12.23 08:58:00.271,1.51299,1.51327,1.00,1.00
2016.12.23 08:58:00.423,1.51299,1.51327,1.00,1.00
2016.12.23 08:58:00.949,1.51299,1.51326,1.00,1.00
2016.12.23 08:58:01.626,1.51299,1.51328,1.00,1.00
2016.12.23 08:58:01.937,1.51299,1.51326,1.00,1.00
2016.12.23 08:58:03.597,1.51299,1.51327,1.00,1.00
2016.12.23 08:58:04.228,1.51299,1.51328,1.00,1.00
2016.12.23 08:58:05.836,1.51299,1.51331,1.00,1.37
2016.12.23 08:58:05.886,1.513,1.51332,1.00,1.00
2016.12.23 08:58:07.682,1.513,1.5133,1.00,1.00
2016.12.23 08:58:07.833,1.51297,1.51326,1.00,1.00
2016.12.23 08:58:08.136,1.51293,1.51322,1.00,1.00
2016.12.23 08:58:09.053,1.51293,1.5132,1.00,1.00
2016.12.23 08:58:09.103,1.5129,1.51319,1.00,1.00
2016.12.23 08:58:10.050,1.5129,1.5132,1.00,1.12
2016.12.23 08:58:10.212,1.5129,1.51319,1.00,1.00
2016.12.23 08:58:10.364,1.51289,1.51316,1.00,1.00
2016.12.23 08:58:11.369,1.51287,1.51316,1.00,1.00
2016.12.23 08:58:11.420,1.51287,1.51314,1.00,1.00
2016.12.23 08:58:11.627,1.51284,1.51312,1.00,1.00
2016.12.23 08:58:11.678,1.51278,1.51307,1.00,1.00
2016.12.23 08:58:12.238,1.51278,1.51306,1.00,1.12
2016.12.23 08:58:12.951,1.51278,1.51305,1.00,1.00
2016.12.23 08:58:13.502,1.51277,1.51304,1.00,1.00
2016.12.23 08:58:15.688,1.51275,1.51302,1.00,1.00
2016.12.23 08:58:15.789,1.51273,1.51302,1.00,1.00
2016.12.23 08:58:15.903,1.51271,1.51298,1.00,1.00
2016.12.23 08:58:16.206,1.51269,1.51296,1.00,1.00
2016.12.23 08:58:16.863,1.51268,1.51303,1.00,1.00
2016.12.23 08:58:16.913,1.51269,1.51303,1.50,1.50
2016.12.23 08:58:17.246,1.51269,1.51301,1.00,1.00
2016.12.23 08:58:17.448,1.51269,1.51304,1.00,1.00
2016.12.23 08:58:17.871,1.5127,1.51302,1.00,1.00
2016.12.23 08:58:18.985,1.5127,1.51296,1.00,1.00
2016.12.23 08:58:19.452,1.5127,1.51302,1.00,1.00
2016.12.23 08:58:20.369,1.5127,1.51302,1.00,1.00
2016.12.23 08:58:21.091,1.51268,1.51298,1.00,1.00
2016.12.23 08:58:21.411,1.51266,1.51295,1.00,1.00
2016.12.23 08:58:22.068,1.51265,1.51293,1.00,1.00
2016.12.23 08:58:22.562,1.51264,1.51295,1.00,1.00
2016.12.23 08:58:23.178,1.51264,1.51294,1.00,1.00
2016.12.23 08:58:23.698,1.51264,1.51296,1.00,1.50
2016.12.23 08:58:24.606,1.51264,1.51296,1.00,1.00
2016.12.23 08:58:25.186,1.51264,1.51295,1.00,1.00
2016.12.23 08:58:28.533,1.51264,1.51296,1.00,1.00
2016.12.23 08:58:29.590,1.51264,1.51297,1.00,1.50
2016.12.23 08:58:29.921,1.51271,1.51303,1.00,1.00
2016.12.23 08:58:30.022,1.51271,1.51305,1.00,1.00
2016.12.23 08:58:30.275,1.51271,1.513,1.00,1.00
2016.12.23 08:58:30.527,1.51271,1.51306,1.00,1.00
2016.12.23 08:58:31.212,1.51271,1.51305,1.00,1.00
2016.12.23 08:58:31.263,1.51271,1.51303,1.00,1.00
2016.12.23 08:58:31.314,1.51269,1.51302,1.00,1.00
2016.12.23 08:58:31.616,1.51269,1.51297,1.00,1.00
2016.12.23 08:58:32.249,1.51269,1.51297,1.00,1.00
2016.12.23 08:58:35.643,1.51269,1.51296,1.00,1.00
2016.12.23 08:58:36.283,1.51269,1.51296,1.00,1.00
2016.12.23 08:58:36.434,1.51269,1.513,1.00,1.00
2016.12.23 08:58:36.628,1.51269,1.51296,1.00,1.00
2016.12.23 08:58:36.811,1.51269,1.51296,1.00,1.00
2016.12.23 08:58:37.005,1.51269,1.51296,1.00,1.00
2016.12.23 08:58:37.056,1.51269,1.51301,1.00,1.12
2016.12.23 08:58:37.491,1.51272,1.51306,1.00,1.37
2016.12.23 08:58:37.593,1.51274,1.51306,1.00,1.37
2016.12.23 08:58:37.644,1.51281,1.51306,1.00,1.00
2016.12.23 08:58:37.695,1.51281,1.51306,1.00,1.00
2016.12.23 08:58:37.746,1.51281,1.51306,1.00,1.00
2016.12.23 08:58:37.797,1.51279,1.51306,1.00,1.00
2016.12.23 08:58:37.848,1.51279,1.51306,1.00,1.00
2016.12.23 08:58:38.049,1.51279,1.51314,1.00,1.00
2016.12.23 08:58:38.617,1.51279,1.51311,1.00,1.00
2016.12.23 08:58:41.019,1.5128,1.51314,1.00,1.00
2016.12.23 08:58:41.577,1.51281,1.51315,1.00,1.12
2016.12.23 08:58:43.528,1.51281,1.51314,1.00,1.00
2016.12.23 08:58:44.656,1.51281,1.51314,1.00,1.00
2016.12.23 08:58:45.556,1.51281,1.51307,1.00,1.00
2016.12.23 08:58:47.115,1.51281,1.51314,1.00,1.00
2016.12.23 08:58:47.303,1.51281,1.51312,1.00,1.00
2016.12.23 08:58:47.455,1.51281,1.51316,1.00,1.00
2016.12.23 08:58:47.819,1.51283,1.51316,1.00,1.00
2016.12.23 08:58:48.160,1.51283,1.51314,1.00,1.00
2016.12.23 08:58:48.544,1.51283,1.51306,1.00,1.00
2016.12.23 08:58:48.645,1.51283,1.51314,1.00,1.00
2016.12.23 08:58:48.695,1.51282,1.51306,1.00,1.00
2016.12.23 08:58:48.954,1.51282,1.51311,1.00,1.00
2016.12.23 08:58:49.393,1.51282,1.51307,1.00,1.00
2016.12.23 08:58:49.871,1.51282,1.51311,1.00,1.00
2016.12.23 08:58:50.448,1.51281,1.5131,1.00,1.00
2016.12.23 08:58:50.570,1.51281,1.5131,1.00,1.00
2016.12.23 08:58:50.955,1.51281,1.51313,1.00,1.00
2016.12.23 08:58:51.959,1.51281,1.51313,1.00,1.00
2016.12.23 08:58:52.383,1.51282,1.51316,1.00,1.50
2016.12.23 08:58:52.484,1.51285,1.51316,1.00,1.00
2016.12.23 08:58:53.305,1.51285,1.51316,1.00,1.50
2016.12.23 08:58:53.657,1.51285,1.51314,1.00,1.00
2016.12.23 08:58:53.708,1.51285,1.51312,1.00,1.00
2016.12.23 08:58:53.859,1.5128,1.51308,1.00,1.00
2016.12.23 08:58:53.960,1.5128,1.51306,1.00,1.00
2016.12.23 08:58:54.222,1.5128,1.51312,1.00,1.00
2016.12.23 08:58:54.642,1.51282,1.51315,1.00,1.00
2016.12.23 08:58:54.782,1.51282,1.51307,1.00,1.00
2016.12.23 08:58:54.832,1.51282,1.51312,1.00,1.00
2016.12.23 08:58:55.336,1.51282,1.51313,1.00,1.00
2016.12.23 08:58:55.393,1.51282,1.51306,1.00,1.00
2016.12.23 08:58:55.537,1.51282,1.51313,1.00,1.00
2016.12.23 08:58:56.001,1.51282,1.51306,1.00,1.00
2016.12.23 08:58:56.055,1.51282,1.51313,1.00,1.00
2016.12.23 08:58:57.089,1.51282,1.51309,1.00,1.00
2016.12.23 08:58:57.461,1.51277,1.51306,1.00,1.00
2016.12.23 08:58:57.592,1.51277,1.51306,1.00,1.00
2016.12.23 08:58:57.643,1.51277,1.5131,1.00,1.00
2016.12.23 08:58:57.694,1.51277,1.51311,1.00,1.00
2016.12.23 08:58:58.034,1.51276,1.51305,1.00,1.00
2016.12.23 08:58:58.783,1.51276,1.51304,1.00,1.00
2016.12.23 08:58:59.498,1.51276,1.51303,1.00,1.00
2016.12.23 08:59:00.192,1.51276,1.51302,1.00,1.00
2016.12.23 08:59:00.893,1.51271,1.513,1.00,1.00
2016.12.23 08:59:04.430,1.51271,1.51298,1.00,1.00
2016.12.23 08:59:04.481,1.51269,1.51298,1.00,1.00
2016.12.23 08:59:04.582,1.51266,1.51293,1.00,1.00
2016.12.23 08:59:05.549,1.51266,1.51294,1.00,1.00
2016.12.23 08:59:06.390,1.51266,1.51295,1.00,1.00
2016.12.23 08:59:09.080,1.51266,1.51295,1.00,1.00
2016.12.23 08:59:09.248,1.51264,1.51293,1.00,1.00
2016.12.23 08:59:09.766,1.51263,1.51292,1.00,1.00
2016.12.23 08:59:10.117,1.51263,1.5129,1.00,1.00
2016.12.23 08:59:10.382,1.51262,1.51292,1.00,1.00
2016.12.23 08:59:13.328,1.51262,1.51295,1.00,1.00
2016.12.23 08:59:13.379,1.51262,1.51294,1.00,1.00
2016.12.23 08:59:13.429,1.51262,1.51296,1.00,1.00
2016.12.23 08:59:14.328,1.51262,1.51294,1.00,1.00
2016.12.23 08:59:15.557,1.51262,1.51295,1.00,1.00
2016.12.23 08:59:15.608,1.51261,1.51289,1.00,1.00
2016.12.23 08:59:15.910,1.51262,1.51294,1.00,1.00
2016.12.23 08:59:16.826,1.51262,1.51294,1.00,1.00
2016.12.23 08:59:17.747,1.51262,1.51293,1.00,1.00
2016.12.23 08:59:17.896,1.51262,1.51295,1.00,1.00
2016.12.23 08:59:18.154,1.51263,1.51296,1.00,1.50
2016.12.23 08:59:18.455,1.51267,1.51296,1.00,1.00
2016.12.23 08:59:18.902,1.51264,1.51291,1.00,1.00
2016.12.23 08:59:20.458,1.5126,1.51288,1.00,1.00
2016.12.23 08:59:21.922,1.5126,1.51289,1.00,1.00
2016.12.23 08:59:21.973,1.51261,1.51293,1.00,1.12
2016.12.23 08:59:22.125,1.51263,1.51296,1.00,1.00
2016.12.23 08:59:22.939,1.51263,1.51295,1.00,1.12
2016.12.23 08:59:24.035,1.51263,1.51295,1.00,1.12
2016.12.23 08:59:24.432,1.51262,1.51291,1.00,1.00
2016.12.23 08:59:25.800,1.51259,1.51286,1.00,1.00
2016.12.23 08:59:25.851,1.51259,1.51288,1.00,1.00
2016.12.23 08:59:25.952,1.51258,1.51287,1.50,1.00
2016.12.23 08:59:26.153,1.51258,1.51288,1.00,1.37
2016.12.23 08:59:26.691,1.51258,1.51288,1.00,1.00
2016.12.23 08:59:26.792,1.51258,1.51291,1.00,1.12
2016.12.23 08:59:28.632,1.51258,1.51291,1.00,1.12
2016.12.23 08:59:31.012,1.51258,1.51289,1.00,1.00
2016.12.23 08:59:32.013,1.51258,1.5129,1.00,1.00
2016.12.23 08:59:32.149,1.51258,1.51286,1.00,1.00
2016.12.23 08:59:32.643,1.5126,1.51286,1.00,1.00
2016.12.23 08:59:32.694,1.51263,1.51296,1.00,1.00
2016.12.23 08:59:33.666,1.51266,1.51296,1.00,1.00
2016.12.23 08:59:33.975,1.51273,1.51306,1.00,1.60
2016.12.23 08:59:34.026,1.51273,1.51306,1.00,1.00
2016.12.23 08:59:34.076,1.51276,1.51306,1.00,1.00
2016.12.23 08:59:34.178,1.51276,1.5131,1.00,1.00
2016.12.23 08:59:34.591,1.51276,1.51307,1.00,1.00
2016.12.23 08:59:35.567,1.51276,1.51308,1.00,1.00
2016.12.23 08:59:36.130,1.51276,1.51308,1.50,1.00
2016.12.23 08:59:37.412,1.51276,1.51305,1.50,1.00
2016.12.23 08:59:37.531,1.51276,1.51307,1.00,1.00
2016.12.23 08:59:37.634,1.51276,1.51307,1.00,1.00
2016.12.23 08:59:37.712,1.51276,1.51307,1.00,1.00
2016.12.23 08:59:39.000,1.51277,1.51307,1.00,1.00
2016.12.23 08:59:39.201,1.5128,1.51314,1.00,1.00
2016.12.23 08:59:40.172,1.51281,1.51315,1.00,1.00
2016.12.23 08:59:40.573,1.51274,1.51301,2.25,1.00
2016.12.23 08:59:41.221,1.51269,1.51298,1.00,1.00
2016.12.23 08:59:41.472,1.51269,1.51296,1.00,1.00
2016.12.23 08:59:42.091,1.51268,1.51296,1.00,1.50
2016.12.23 08:59:42.596,1.51266,1.51294,1.00,1.00
2016.12.23 08:59:42.911,1.51266,1.51296,1.00,1.00
2016.12.23 08:59:42.962,1.51266,1.51296,1.00,1.50
2016.12.23 08:59:43.498,1.51266,1.51294,1.00,1.00
2016.12.23 08:59:43.765,1.51266,1.51296,1.00,1.00
2016.12.23 08:59:43.916,1.51266,1.51296,1.00,1.00
2016.12.23 08:59:45.200,1.51265,1.51296,1.00,1.00
2016.12.23 08:59:45.702,1.51265,1.51296,1.00,1.00
2016.12.23 08:59:46.233,1.51265,1.51296,1.00,1.00
2016.12.23 08:59:47.324,1.51261,1.51296,1.00,1.00
2016.12.23 08:59:47.924,1.5126,1.51296,1.00,1.50
2016.12.23 08:59:48.262,1.5126,1.51296,1.00,1.00
2016.12.23 08:59:48.363,1.51268,1.51307,2.12,1.50
2016.12.23 08:59:48.552,1.51268,1.51307,1.00,1.00
2016.12.23 08:59:49.272,1.51268,1.51296,1.00,1.00
2016.12.23 08:59:49.577,1.51267,1.51302,1.00,1.00
2016.12.23 08:59:49.901,1.51267,1.51297,1.00,1.00
2016.12.23 08:59:50.471,1.51265,1.51297,1.00,1.00
2016.12.23 08:59:50.572,1.51263,1.51298,1.00,1.12
2016.12.23 08:59:50.673,1.5126,1.51296,1.00,1.50
2016.12.23 08:59:51.004,1.5126,1.51296,1.00,1.00
2016.12.23 08:59:51.431,1.51267,1.51296,1.00,1.00
2016.12.23 08:59:51.482,1.51267,1.51304,1.00,1.00
2016.12.23 08:59:51.631,1.51267,1.51306,1.00,1.50
2016.12.23 08:59:52.118,1.51267,1.51297,1.00,1.00
2016.12.23 08:59:52.509,1.51267,1.51305,1.00,1.00
2016.12.23 08:59:52.574,1.51267,1.51296,1.00,1.00
2016.12.23 08:59:53.660,1.51267,1.51305,1.00,1.00
2016.12.23 08:59:53.886,1.51267,1.51297,1.00,1.00
2016.12.23 08:59:54.763,1.51266,1.51307,1.20,1.00
2016.12.23 08:59:54.813,1.5127,1.51307,1.00,1.00
2016.12.23 08:59:55.116,1.51276,1.51307,1.00,1.00
2016.12.23 08:59:55.420,1.51276,1.51316,1.00,1.00
2016.12.23 08:59:55.521,1.51276,1.51306,1.50,1.00
2016.12.23 08:59:55.622,1.51276,1.51314,1.00,1.00
2016.12.23 08:59:56.074,1.51276,1.51307,1.00,1.00
2016.12.23 08:59:56.209,1.51279,1.51315,1.00,1.00
2016.12.23 08:59:57.097,1.51279,1.51315,1.00,1.00
2016.12.23 08:59:57.558,1.51279,1.51306,1.00,1.00
2016.12.23 08:59:58.822,1.51279,1.51314,1.00,1.00
2016.12.23 08:59:58.873,1.51279,1.51317,1.00,1.00
2016.12.23 08:59:59.013,1.5128,1.51317,1.00,1.00
2016.12.23 08:59:59.591,1.5128,1.51306,1.00,1.00
2016.12.23 08:59:59.695,1.5128,1.51306,1.00,1.00
2016.12.23 08:59:59.983,1.5128,1.51306,1.00,1.00
