2010.10.04 13:00:01.304,1.84735,1.84795,3.60,1.20
2010.10.04 13:00:02.283,1.8474,1.84765,1.60,1.00
2010.10.04 13:00:03.313,1.8471,1.84765,1.00,1.00
2010.10.04 13:00:04.712,1.84735,1.84775,1.20,1.00
2010.10.04 13:00:04.991,1.84765,1.8481,1.00,3.20
2010.10.04 13:00:05.787,1.84745,1.848,1.20,1.00
2010.10.04 13:00:06.141,1.8477,1.8481,1.00,1.00
2010.10.04 13:00:07.178,1.8476,1.8481,1.00,1.00
2010.10.04 13:00:07.419,1.84775,1.84825,3.20,1.00
2010.10.04 13:00:07.654,1.8475,1.84825,1.00,1.00
2010.10.04 13:00:08.711,1.8478,1.8483,3.20,1.00
2010.10.04 13:00:10.303,1.8477,1.8483,1.60,1.00
2010.10.04 13:00:10.653,1.84795,1.84835,1.60,1.00
2010.10.04 13:00:10.914,1.8479,1.84835,1.60,1.00
2010.10.04 13:00:11.653,1.84775,1.84835,1.00,1.00
2010.10.04 13:00:11.923,1.84775,1.84835,3.60,1.00
2010.10.04 13:00:12.427,1.8479,1.84835,1.00,1.00
2010.10.04 13:00:13.406,1.8478,1.84835,1.00,1.00
2010.10.04 13:00:18.684,1.8479,1.84835,1.00,1.00
2010.10.04 13:00:18.823,1.8478,1.84835,1.00,1.00
2010.10.04 13:00:20.378,1.8479,1.84835,1.00,1.00
2010.10.04 13:00:21.376,1.8479,1.84825,1.00,1.00
2010.10.04 13:00:24.836,1.8478,1.84825,1.00,1.00
2010.10.04 13:00:31.022,1.8479,1.84825,1.00,1.00
2010.10.04 13:00:31.767,1.8479,1.84835,1.00,1.60
2010.10.04 13:00:31.974,1.8479,1.84835,1.00,1.00
2010.10.04 13:00:39.803,1.8479,1.84835,1.00,1.00
2010.10.04 13:00:42.025,1.84775,1.84835,3.60,1.00
2010.10.04 13:00:43.047,1.8478,1.84835,1.70,1.00
2010.10.04 13:00:43.333,1.8478,1.84835,1.00,1.00
2010.10.04 13:00:45.333,1.8479,1.84835,1.00,1.00
2010.10.04 13:00:46.130,1.8481,1.84835,1.60,1.00
2010.10.04 13:00:46.414,1.848,1.8485,3.20,1.00
2010.10.04 13:00:51.202,1.848,1.84835,1.60,1.20
2010.10.04 13:00:51.486,1.84785,1.84825,1.60,1.00
2010.10.04 13:00:54.297,1.84785,1.8484,3.20,1.00
2010.10.04 13:00:55.794,1.8479,1.8484,1.60,1.00
2010.10.04 13:00:56.065,1.8479,1.8484,3.20,1.00
2010.10.04 13:00:56.334,1.84785,1.8484,1.60,1.00
2010.10.04 13:00:57.310,1.8479,1.8484,3.20,1.00
2010.10.04 13:00:58.744,1.8479,1.8484,1.60,1.00
2010.10.04 13:00:59.106,1.8479,1.8484,3.20,1.00
2010.10.04 13:01:00.739,1.8479,1.84865,2.00,1.00
2010.10.04 13:01:00.945,1.848,1.8487,1.00,1.00
2010.10.04 13:01:02.004,1.84795,1.84855,1.60,1.00
2010.10.04 13:01:02.326,1.848,1.84855,3.20,1.00
2010.10.04 13:01:03.396,1.8479,1.84855,1.00,1.00
2010.10.04 13:01:04.457,1.8481,1.84865,1.00,2.00
2010.10.04 13:01:04.767,1.84795,1.84865,1.00,2.00
2010.10.04 13:01:05.712,1.8481,1.84865,1.00,2.00
2010.10.04 13:01:05.996,1.84795,1.8486,1.00,1.60
2010.10.04 13:01:07.722,1.84795,1.8486,1.00,3.20
2010.10.04 13:01:08.246,1.848,1.8486,1.00,1.60
2010.10.04 13:01:09.481,1.848,1.84855,1.00,1.20
2010.10.04 13:01:09.584,1.8479,1.84845,1.00,1.00
2010.10.04 13:01:11.792,1.8479,1.84855,1.00,1.60
2010.10.04 13:01:12.646,1.8478,1.84835,3.30,1.00
2010.10.04 13:01:14.154,1.8478,1.84845,3.30,1.00
2010.10.04 13:01:14.492,1.8479,1.84845,1.00,1.00
2010.10.04 13:01:16.132,1.8478,1.84845,3.30,1.00
2010.10.04 13:01:16.213,1.8478,1.8483,3.30,1.00
2010.10.04 13:01:16.294,1.8478,1.8483,1.00,1.00
2010.10.04 13:01:17.384,1.8478,1.8484,1.00,1.00
2010.10.04 13:01:18.719,1.8479,1.84845,1.00,1.00
2010.10.04 13:01:19.475,1.8479,1.8484,1.00,1.00
2010.10.04 13:01:22.563,1.8479,1.84865,1.00,1.00
2010.10.04 13:01:24.585,1.8479,1.8486,1.00,1.00
2010.10.04 13:01:27.549,1.848,1.84865,1.00,1.00
2010.10.04 13:01:29.161,1.8479,1.84855,1.00,1.00
2010.10.04 13:01:30.698,1.84795,1.84865,1.00,2.00
2010.10.04 13:01:31.708,1.84795,1.84865,1.00,1.00
2010.10.04 13:01:32.000,1.84805,1.84865,2.00,1.00
2010.10.04 13:01:32.749,1.84805,1.84865,3.60,1.00
2010.10.04 13:01:33.104,1.8481,1.84875,1.00,1.00
2010.10.04 13:01:34.456,1.84805,1.84865,2.00,1.00
2010.10.04 13:01:34.738,1.8481,1.8487,1.00,1.00
2010.10.04 13:01:36.057,1.8481,1.8487,1.00,3.30
2010.10.04 13:01:36.354,1.8479,1.8485,2.00,1.00
2010.10.04 13:01:37.083,1.8479,1.8485,1.00,1.00
2010.10.04 13:01:37.398,1.84765,1.8484,1.00,1.00
2010.10.04 13:01:38.540,1.8477,1.8484,1.00,1.00
2010.10.04 13:01:40.802,1.84765,1.8484,1.00,1.00
2010.10.04 13:01:52.201,1.84765,1.8483,1.00,1.00
2010.10.04 13:01:53.481,1.8477,1.8483,1.00,1.00
2010.10.04 13:01:54.858,1.84765,1.8483,2.00,1.00
2010.10.04 13:01:55.199,1.8476,1.8483,1.60,1.00
2010.10.04 13:01:55.402,1.8476,1.8483,1.00,1.00
2010.10.04 13:01:56.255,1.84755,1.8483,3.20,1.00
2010.10.04 13:01:56.578,1.84765,1.8483,1.00,1.00
2010.10.04 13:01:56.901,1.8477,1.8483,1.00,1.00
2010.10.04 13:01:57.626,1.8477,1.8483,1.70,1.00
2010.10.04 13:01:57.961,1.8477,1.8483,1.00,1.00
2010.10.04 13:01:58.285,1.84765,1.8483,1.00,1.00
2010.10.04 13:01:59.297,1.84765,1.8484,1.00,5.00
2010.10.04 13:01:59.570,1.84775,1.8483,1.60,1.00
2010.10.04 13:02:00.316,1.84775,1.8483,3.20,1.00
2010.10.04 13:02:00.664,1.84775,1.84845,1.00,1.00
2010.10.04 13:02:01.006,1.84765,1.8484,1.00,3.60
2010.10.04 13:02:02.048,1.8476,1.8482,1.60,1.00
2010.10.04 13:02:02.345,1.8476,1.8482,1.00,1.00
2010.10.04 13:02:03.349,1.8475,1.8482,1.00,3.60
2010.10.04 13:02:03.653,1.8475,1.8482,1.00,2.00
2010.10.04 13:02:04.386,1.8475,1.8482,1.00,3.60
2010.10.04 13:02:04.680,1.84765,1.84825,1.00,3.20
2010.10.04 13:02:04.984,1.84765,1.8483,1.00,2.00
2010.10.04 13:02:05.726,1.84765,1.8483,1.00,1.00
2010.10.04 13:02:06.029,1.84765,1.8483,1.00,3.60
2010.10.04 13:02:07.318,1.84765,1.8483,1.00,2.00
2010.10.04 13:02:07.568,1.84765,1.8483,1.00,3.60
2010.10.04 13:02:08.719,1.8477,1.8483,1.00,1.00
2010.10.04 13:02:09.323,1.84765,1.8483,1.00,2.00
2010.10.04 13:02:10.468,1.84765,1.8483,1.00,3.60
2010.10.04 13:02:11.641,1.84765,1.8483,1.00,2.00
2010.10.04 13:02:12.224,1.84765,1.8483,1.00,3.60
2010.10.04 13:02:13.464,1.8477,1.8483,1.00,3.20
2010.10.04 13:02:13.703,1.84765,1.8483,1.00,1.00
2010.10.04 13:02:14.645,1.84765,1.8483,1.00,2.00
2010.10.04 13:02:15.287,1.8478,1.84835,1.00,3.20
2010.10.04 13:02:16.311,1.8477,1.8484,1.00,1.60
2010.10.04 13:02:16.535,1.8476,1.8482,1.00,1.60
2010.10.04 13:02:16.756,1.8477,1.84815,1.00,1.60
2010.10.04 13:02:17.845,1.8477,1.8482,1.00,3.20
2010.10.04 13:02:18.184,1.8477,1.8482,1.00,1.60
2010.10.04 13:02:20.132,1.8477,1.84825,1.00,3.20
2010.10.04 13:02:21.103,1.8477,1.8482,1.00,1.60
2010.10.04 13:02:21.545,1.84775,1.8483,1.00,3.20
2010.10.04 13:02:21.764,1.84785,1.8483,1.00,3.20
2010.10.04 13:02:22.530,1.84785,1.8483,1.00,1.60
2010.10.04 13:02:22.829,1.84785,1.8484,1.00,3.20
2010.10.04 13:02:24.364,1.84785,1.84835,1.00,1.60
2010.10.04 13:02:24.632,1.84785,1.8484,1.00,3.20
2010.10.04 13:02:26.001,1.8477,1.84825,1.00,1.60
2010.10.04 13:02:26.310,1.8477,1.8482,1.00,1.60
2010.10.04 13:02:26.502,1.8477,1.8482,1.00,3.20
2010.10.04 13:02:27.397,1.8477,1.8482,1.00,1.60
2010.10.04 13:02:27.630,1.8477,1.8482,1.00,1.60
2010.10.04 13:02:27.844,1.8477,1.8482,1.00,3.20
2010.10.04 13:02:28.922,1.8477,1.8482,1.00,1.60
2010.10.04 13:02:29.254,1.8475,1.8482,3.60,1.00
2010.10.04 13:02:29.564,1.8476,1.8482,1.00,1.00
2010.10.04 13:02:30.536,1.8476,1.8483,1.00,1.00
2010.10.04 13:02:32.260,1.8476,1.84805,1.00,1.00
2010.10.04 13:02:32.537,1.8476,1.8483,1.00,1.00
2010.10.04 13:02:32.816,1.8476,1.8483,3.20,1.00
2010.10.04 13:02:33.597,1.8476,1.8483,3.20,1.00
2010.10.04 13:02:34.056,1.8477,1.8483,1.00,1.00
2010.10.04 13:02:34.297,1.8476,1.8483,3.30,1.00
2010.10.04 13:02:34.535,1.8476,1.8483,1.70,1.00
2010.10.04 13:02:36.173,1.84765,1.8483,2.00,1.00
2010.10.04 13:02:37.051,1.84765,1.8483,1.60,1.00
2010.10.04 13:02:37.339,1.8476,1.8483,1.00,1.00
2010.10.04 13:02:40.721,1.8476,1.8483,1.00,1.00
2010.10.04 13:02:41.183,1.8476,1.8482,1.00,1.00
2010.10.04 13:02:42.227,1.8475,1.8482,3.70,1.00
2010.10.04 13:02:42.519,1.8476,1.8482,1.00,1.00
2010.10.04 13:02:44.335,1.8475,1.8482,1.00,1.00
2010.10.04 13:02:44.401,1.8475,1.8482,1.00,1.00
2010.10.04 13:02:45.271,1.8475,1.84805,1.00,1.00
2010.10.04 13:02:45.350,1.8474,1.84805,1.60,1.00
2010.10.04 13:02:46.372,1.8475,1.84805,1.00,1.00
2010.10.04 13:02:46.724,1.8475,1.84805,1.00,1.00
2010.10.04 13:02:49.288,1.8476,1.84805,1.00,1.00
2010.10.04 13:02:49.553,1.8475,1.84805,1.00,1.00
2010.10.04 13:02:52.743,1.8475,1.84815,1.00,1.20
2010.10.04 13:02:52.883,1.8475,1.8482,1.00,1.00
2010.10.04 13:03:00.041,1.8475,1.84805,1.00,1.00
2010.10.04 13:03:01.237,1.8474,1.84805,1.00,1.00
2010.10.04 13:03:01.393,1.8475,1.84805,1.00,1.00
2010.10.04 13:03:01.551,1.8474,1.84805,1.00,1.00
2010.10.04 13:03:02.854,1.8474,1.84805,1.70,1.00
2010.10.04 13:03:07.615,1.8474,1.84805,3.30,1.00
2010.10.04 13:03:07.722,1.8474,1.84805,1.00,1.00
2010.10.04 13:03:09.471,1.8475,1.84805,1.00,1.00
2010.10.04 13:03:11.393,1.8475,1.84805,1.00,1.00
2010.10.04 13:03:14.883,1.8476,1.84805,1.00,1.00
2010.10.04 13:03:16.051,1.8477,1.84805,1.00,1.00
2010.10.04 13:03:21.544,1.8475,1.84805,1.00,1.00
2010.10.04 13:03:23.071,1.8475,1.8482,1.00,1.00
2010.10.04 13:03:26.297,1.8475,1.84805,1.00,1.00
2010.10.04 13:03:32.753,1.8475,1.8482,1.00,1.00
2010.10.04 13:03:33.818,1.8475,1.8482,1.00,1.00
2010.10.04 13:03:37.403,1.8475,1.8482,1.00,1.00
2010.10.04 13:03:38.419,1.84755,1.8483,1.00,1.00
2010.10.04 13:03:42.332,1.84755,1.8483,2.00,1.00
2010.10.04 13:03:43.207,1.84765,1.84835,1.00,1.00
2010.10.04 13:03:44.819,1.84765,1.84815,1.00,1.20
2010.10.04 13:03:45.090,1.8475,1.84795,1.00,1.60
2010.10.04 13:03:46.308,1.8473,1.84805,1.00,1.00
2010.10.04 13:03:46.583,1.8474,1.8481,1.00,2.00
2010.10.04 13:03:47.546,1.8474,1.8481,1.00,3.60
2010.10.04 13:03:47.813,1.8475,1.8481,1.00,2.00
2010.10.04 13:03:49.350,1.8474,1.8478,3.20,1.00
2010.10.04 13:03:50.298,1.8474,1.8478,1.00,1.00
2010.10.04 13:03:50.615,1.8473,1.8478,1.00,1.00
2010.10.04 13:04:01.681,1.8473,1.8479,1.00,4.80
2010.10.04 13:04:01.841,1.8473,1.8479,1.00,2.00
2010.10.04 13:04:02.003,1.84735,1.8478,1.60,1.00
2010.10.04 13:04:03.103,1.8473,1.8478,1.00,1.00
2010.10.04 13:04:03.955,1.8473,1.84775,1.00,1.00
2010.10.04 13:04:04.124,1.84725,1.84775,1.60,1.00
2010.10.04 13:04:05.404,1.8472,1.84795,1.00,1.00
2010.10.04 13:04:05.873,1.8472,1.84795,1.00,1.00
2010.10.04 13:04:06.876,1.8473,1.84795,1.00,1.00
2010.10.04 13:04:08.394,1.8473,1.84795,1.00,1.00
2010.10.04 13:04:11.666,1.8474,1.84795,1.00,1.00
2010.10.04 13:04:11.902,1.8473,1.84795,1.00,1.00
2010.10.04 13:04:17.314,1.84725,1.84795,1.00,1.00
2010.10.04 13:04:17.415,1.8473,1.84795,1.00,1.00
2010.10.04 13:04:17.991,1.84725,1.84795,1.00,1.00
2010.10.04 13:04:21.554,1.8473,1.84795,1.00,1.00
2010.10.04 13:04:25.846,1.84735,1.8479,1.60,1.20
2010.10.04 13:04:25.962,1.84735,1.8478,1.60,1.00
2010.10.04 13:04:26.192,1.8472,1.8478,1.00,1.00
2010.10.04 13:04:27.681,1.8472,1.8478,2.00,1.00
2010.10.04 13:04:28.002,1.84735,1.8478,1.60,1.00
2010.10.04 13:04:28.464,1.8472,1.8478,1.00,1.00
2010.10.04 13:04:28.625,1.8473,1.8478,1.00,1.00
2010.10.04 13:04:29.369,1.8473,1.84765,1.00,1.00
2010.10.04 13:04:29.694,1.8472,1.84765,3.30,1.00
2010.10.04 13:04:31.821,1.8472,1.84765,3.20,1.00
2010.10.04 13:04:32.829,1.8472,1.84765,1.60,1.00
2010.10.04 13:04:32.931,1.84705,1.84765,1.00,1.00
2010.10.04 13:04:34.318,1.8472,1.84765,3.20,1.00
2010.10.04 13:04:36.901,1.84715,1.84765,1.60,1.00
2010.10.04 13:04:37.829,1.8471,1.84765,1.60,1.00
2010.10.04 13:04:38.060,1.847,1.84755,1.00,1.00
2010.10.04 13:04:38.274,1.8471,1.84755,1.00,1.00
2010.10.04 13:04:39.176,1.8471,1.84755,1.00,1.00
2010.10.04 13:04:39.448,1.84705,1.84755,1.60,1.00
2010.10.04 13:04:41.581,1.847,1.84755,3.20,1.00
2010.10.04 13:04:42.688,1.84705,1.84765,1.00,1.60
2010.10.04 13:04:42.901,1.8471,1.84765,3.20,1.00
2010.10.04 13:04:43.115,1.84705,1.84765,3.60,1.00
2010.10.04 13:04:46.766,1.84725,1.84765,3.20,1.00
2010.10.04 13:04:46.926,1.8473,1.84775,1.60,1.00
2010.10.04 13:04:47.740,1.8473,1.84765,3.20,1.00
2010.10.04 13:04:48.085,1.84725,1.84765,3.20,1.00
2010.10.04 13:04:49.804,1.8471,1.84765,1.00,1.00
2010.10.04 13:04:51.169,1.84705,1.84765,3.60,1.00
2010.10.04 13:04:51.424,1.8471,1.84765,1.00,1.00
2010.10.04 13:04:53.413,1.8471,1.8477,1.00,1.00
2010.10.04 13:04:54.451,1.8471,1.84775,3.60,1.00
2010.10.04 13:04:54.599,1.8472,1.84775,1.00,1.00
2010.10.04 13:04:54.743,1.84715,1.84775,1.60,1.00
2010.10.04 13:04:55.562,1.8471,1.84775,3.60,1.00
2010.10.04 13:04:55.930,1.8472,1.8477,1.00,1.00
2010.10.04 13:04:57.236,1.8467,1.84725,1.00,1.00
2010.10.04 13:04:59.739,1.8466,1.84725,1.00,1.00
2010.10.04 13:05:03.202,1.8465,1.84725,1.00,1.60
2010.10.04 13:05:03.291,1.8466,1.8472,1.00,1.00
2010.10.04 13:05:04.210,1.8465,1.8472,1.00,1.00
2010.10.04 13:05:05.259,1.8466,1.847,1.00,1.00
2010.10.04 13:05:05.570,1.8466,1.847,3.20,1.00
2010.10.04 13:05:05.882,1.8466,1.8473,1.60,1.00
2010.10.04 13:05:06.928,1.8466,1.8473,3.20,1.00
2010.10.04 13:05:07.512,1.8466,1.8473,3.30,1.00
2010.10.04 13:05:11.009,1.8466,1.8472,1.60,1.00
2010.10.04 13:05:11.193,1.84655,1.8472,1.60,1.00
2010.10.04 13:05:12.332,1.8466,1.8473,3.30,1.00
2010.10.04 13:05:13.081,1.8467,1.8473,1.00,1.00
2010.10.04 13:05:16.901,1.8466,1.8473,3.20,1.00
2010.10.04 13:05:18.213,1.8467,1.8473,1.00,1.00
2010.10.04 13:05:18.292,1.8467,1.8473,1.70,1.00
2010.10.04 13:05:19.061,1.8467,1.8473,3.30,1.00
2010.10.04 13:05:19.410,1.8467,1.8473,1.70,1.00
2010.10.04 13:05:19.753,1.8467,1.8473,3.30,1.00
2010.10.04 13:05:20.515,1.8467,1.8473,1.70,1.00
2010.10.04 13:05:21.160,1.8468,1.84735,1.00,1.00
2010.10.04 13:05:22.120,1.8468,1.8474,1.00,3.20
2010.10.04 13:05:22.378,1.8468,1.8474,1.00,1.60
2010.10.04 13:05:22.882,1.8468,1.8474,1.00,1.60
2010.10.04 13:05:24.180,1.8468,1.84735,1.00,1.60
2010.10.04 13:05:24.547,1.8468,1.8473,1.00,3.20
2010.10.04 13:05:25.552,1.8468,1.84735,1.00,3.20
2010.10.04 13:05:27.913,1.8468,1.84735,1.00,3.20
2010.10.04 13:05:28.762,1.8468,1.8473,1.00,1.60
2010.10.04 13:05:29.663,1.8468,1.8474,1.00,1.00
2010.10.04 13:05:31.220,1.8468,1.8473,1.00,1.00
2010.10.04 13:05:31.458,1.8466,1.8473,1.00,1.00
2010.10.04 13:05:31.700,1.8467,1.8473,1.00,1.00
2010.10.04 13:05:31.935,1.8467,1.8474,1.00,1.00
2010.10.04 13:05:32.683,1.8467,1.8474,1.00,1.00
2010.10.04 13:05:33.246,1.8467,1.8473,1.00,1.00
2010.10.04 13:05:34.248,1.8467,1.8473,1.00,1.00
2010.10.04 13:05:40.742,1.8467,1.84715,1.00,1.00
2010.10.04 13:05:41.954,1.8467,1.84725,1.00,2.00
2010.10.04 13:05:42.286,1.8468,1.84725,1.00,1.00
2010.10.04 13:05:43.564,1.8467,1.84725,1.00,1.00
2010.10.04 13:05:44.804,1.8467,1.84725,1.00,1.00
2010.10.04 13:05:51.353,1.8466,1.84715,1.00,1.00
2010.10.04 13:05:54.563,1.84665,1.84725,1.00,1.00
2010.10.04 13:05:56.092,1.8467,1.84725,1.00,1.00
2010.10.04 13:05:57.102,1.8468,1.84725,1.00,1.00
2010.10.04 13:05:57.865,1.8468,1.8473,1.00,1.60
2010.10.04 13:05:58.013,1.8467,1.8473,1.70,1.00
2010.10.04 13:05:58.155,1.8468,1.8474,1.00,1.00
2010.10.04 13:05:59.802,1.8468,1.8473,1.00,1.00
2010.10.04 13:06:00.997,1.8467,1.8473,1.00,1.00
2010.10.04 13:06:02.045,1.8467,1.8473,1.00,1.00
2010.10.04 13:06:04.922,1.8468,1.8473,1.00,1.00
2010.10.04 13:06:05.167,1.8467,1.8474,1.00,1.00
2010.10.04 13:06:06.516,1.8468,1.8474,1.00,1.00
2010.10.04 13:06:09.913,1.8468,1.84745,1.00,1.00
2010.10.04 13:06:10.837,1.8468,1.84745,1.00,1.00
2010.10.04 13:06:11.171,1.8469,1.84745,1.00,1.00
2010.10.04 13:06:12.754,1.8468,1.84745,1.00,1.00
2010.10.04 13:06:13.003,1.84675,1.84745,1.00,1.00
2010.10.04 13:06:15.400,1.8468,1.84745,1.00,1.00
2010.10.04 13:06:15.596,1.8469,1.84745,1.00,1.00
2010.10.04 13:06:16.935,1.8468,1.84745,1.00,1.00
2010.10.04 13:06:17.802,1.8469,1.84745,1.00,1.00
2010.10.04 13:06:22.954,1.8468,1.84745,1.00,1.00
2010.10.04 13:06:28.030,1.8467,1.8474,1.00,1.00
2010.10.04 13:06:29.062,1.8467,1.8474,3.70,1.00
2010.10.04 13:06:29.927,1.8467,1.8474,2.10,1.00
2010.10.04 13:06:30.117,1.8468,1.8474,1.00,1.00
2010.10.04 13:06:34.753,1.8468,1.84745,1.00,1.00
2010.10.04 13:06:39.293,1.8468,1.8474,1.00,1.00
2010.10.04 13:06:39.442,1.8467,1.8474,1.00,1.00
2010.10.04 13:06:41.146,1.8468,1.8474,1.00,1.00
2010.10.04 13:06:41.373,1.8467,1.8474,1.00,1.00
2010.10.04 13:06:43.080,1.8467,1.8473,1.00,1.00
2010.10.04 13:06:45.035,1.84675,1.84735,1.00,1.20
2010.10.04 13:06:45.337,1.8468,1.84745,1.00,1.00
2010.10.04 13:06:46.562,1.84675,1.84745,1.00,1.00
2010.10.04 13:06:46.822,1.84675,1.84745,2.00,1.00
2010.10.04 13:06:47.083,1.8468,1.84745,1.00,1.00
2010.10.04 13:06:48.501,1.84675,1.84745,1.00,1.00
2010.10.04 13:06:49.015,1.8468,1.84745,1.00,1.00
2010.10.04 13:06:50.448,1.8467,1.8474,1.00,1.00
2010.10.04 13:06:53.885,1.8468,1.8473,1.00,1.00
2010.10.04 13:06:55.437,1.8467,1.8474,1.00,1.00
2010.10.04 13:06:57.475,1.84665,1.8474,1.00,1.00
2010.10.04 13:06:57.566,1.8467,1.8474,1.00,1.00
2010.10.04 13:06:58.832,1.8467,1.84735,1.00,1.20
2010.10.04 13:06:59.175,1.8467,1.8473,1.00,1.00
2010.10.04 13:07:00.883,1.8468,1.8473,1.00,1.00
2010.10.04 13:07:01.442,1.8468,1.84735,1.00,1.20
2010.10.04 13:07:02.302,1.8468,1.84725,1.00,1.20
2010.10.04 13:07:02.651,1.84665,1.84725,1.00,2.00
2010.10.04 13:07:03.467,1.84665,1.8472,1.00,1.60
2010.10.04 13:07:03.627,1.8467,1.84725,1.60,1.00
2010.10.04 13:07:05.017,1.84665,1.84725,1.00,1.00
2010.10.04 13:07:05.274,1.8467,1.84735,1.00,4.80
2010.10.04 13:07:06.053,1.8468,1.84735,1.00,2.80
2010.10.04 13:07:06.366,1.8466,1.84715,1.00,1.00
2010.10.04 13:07:09.479,1.8465,1.84715,1.00,1.00
2010.10.04 13:07:14.666,1.8466,1.84715,1.00,1.00
2010.10.04 13:07:16.903,1.8465,1.847,1.00,1.00
2010.10.04 13:07:16.947,1.8465,1.8471,1.00,1.00
2010.10.04 13:07:17.044,1.8465,1.8471,1.00,1.00
2010.10.04 13:07:17.794,1.8465,1.8471,1.00,2.00
2010.10.04 13:07:17.859,1.8465,1.8471,1.00,2.00
2010.10.04 13:07:18.208,1.8465,1.84705,1.00,1.60
2010.10.04 13:07:19.255,1.8465,1.8471,1.00,3.60
2010.10.04 13:07:19.641,1.8465,1.84705,1.00,1.60
2010.10.04 13:07:19.842,1.8465,1.8471,1.00,3.60
2010.10.04 13:07:21.581,1.8465,1.8471,1.00,3.60
2010.10.04 13:07:22.887,1.8465,1.84705,1.00,1.60
2010.10.04 13:07:23.213,1.8465,1.8471,1.00,3.60
2010.10.04 13:07:24.144,1.8465,1.8471,1.00,2.00
2010.10.04 13:07:25.174,1.8465,1.8471,1.00,1.00
2010.10.04 13:07:25.337,1.8466,1.8471,1.00,1.00
2010.10.04 13:07:26.416,1.8465,1.8472,1.00,1.00
2010.10.04 13:07:26.755,1.8466,1.8472,1.00,1.00
2010.10.04 13:07:27.869,1.8467,1.84715,1.00,1.00
2010.10.04 13:07:28.138,1.84675,1.8474,1.00,1.00
2010.10.04 13:07:29.364,1.8467,1.84725,1.00,1.00
2010.10.04 13:07:29.694,1.84665,1.84725,1.00,1.00
2010.10.04 13:07:30.405,1.8466,1.84725,1.00,1.00
2010.10.04 13:07:31.335,1.8467,1.84735,1.00,1.20
2010.10.04 13:07:32.304,1.8467,1.8474,1.00,2.20
2010.10.04 13:07:32.646,1.8467,1.8474,1.00,1.00
2010.10.04 13:07:32.785,1.8468,1.8474,1.00,1.00
2010.10.04 13:07:33.971,1.8468,1.84755,1.30,1.00
2010.10.04 13:07:34.321,1.8469,1.84755,1.00,1.00
2010.10.04 13:07:35.314,1.84695,1.84755,1.00,1.00
2010.10.04 13:07:35.612,1.8469,1.84755,1.00,1.00
2010.10.04 13:07:36.854,1.8469,1.8475,1.00,1.00
2010.10.04 13:07:37.079,1.8469,1.8476,1.00,1.00
2010.10.04 13:07:37.308,1.84705,1.8475,1.00,1.00
2010.10.04 13:07:38.225,1.84695,1.8476,1.00,1.00
2010.10.04 13:07:38.546,1.84695,1.8476,1.00,1.00
2010.10.04 13:07:39.546,1.84695,1.8476,1.00,1.00
2010.10.04 13:07:39.871,1.84695,1.84755,1.00,1.00
2010.10.04 13:07:40.885,1.8468,1.84745,1.80,1.00
2010.10.04 13:07:41.188,1.8468,1.8475,1.00,1.00
2010.10.04 13:07:41.484,1.8468,1.8474,1.00,1.00
2010.10.04 13:07:42.475,1.8468,1.84745,1.00,1.00
2010.10.04 13:07:42.804,1.84675,1.8474,1.00,1.00
2010.10.04 13:07:44.238,1.8468,1.8475,1.00,1.00
2010.10.04 13:07:45.675,1.8468,1.84745,1.00,1.00
2010.10.04 13:07:45.897,1.8469,1.84755,1.00,1.00
2010.10.04 13:07:46.116,1.8469,1.8476,1.00,1.00
2010.10.04 13:07:47.144,1.8468,1.8473,1.00,1.00
2010.10.04 13:07:48.162,1.8467,1.84725,1.00,1.00
2010.10.04 13:07:48.450,1.8467,1.84725,1.70,1.00
2010.10.04 13:07:48.733,1.8467,1.84725,3.30,1.00
2010.10.04 13:07:49.804,1.8467,1.84725,1.70,1.00
2010.10.04 13:07:50.363,1.8467,1.8473,1.70,1.00
2010.10.04 13:07:51.265,1.8466,1.8472,3.30,1.00
2010.10.04 13:07:51.473,1.8466,1.8472,3.20,1.00
2010.10.04 13:07:52.590,1.8465,1.84705,3.70,1.00
2010.10.04 13:07:52.940,1.84655,1.8471,1.60,1.00
2010.10.04 13:07:54.017,1.8464,1.847,1.00,1.00
2010.10.04 13:07:54.345,1.84645,1.847,1.00,1.00
2010.10.04 13:07:55.070,1.8465,1.84705,1.00,1.00
2010.10.04 13:07:55.354,1.84645,1.8473,2.20,1.00
2010.10.04 13:07:55.626,1.84645,1.8473,1.00,1.00
2010.10.04 13:07:56.603,1.8465,1.8472,1.00,1.00
2010.10.04 13:07:56.896,1.84655,1.8473,1.00,1.40
2010.10.04 13:07:57.184,1.84655,1.8473,1.00,1.00
2010.10.04 13:07:58.225,1.8466,1.8474,1.00,2.00
2010.10.04 13:07:59.206,1.84655,1.8474,1.00,1.00
2010.10.04 13:07:59.499,1.8466,1.8474,1.00,1.00
2010.10.04 13:08:00.188,1.8467,1.8475,1.00,1.00
2010.10.04 13:08:00.952,1.8467,1.84755,1.00,1.00
2010.10.04 13:08:01.310,1.8467,1.8475,1.00,1.00
2010.10.04 13:08:04.565,1.8467,1.8475,1.00,1.00
2010.10.04 13:08:04.806,1.8468,1.8475,1.00,1.00
2010.10.04 13:08:05.631,1.8467,1.84745,1.00,1.00
2010.10.04 13:08:05.974,1.8467,1.84745,1.00,1.00
2010.10.04 13:08:06.987,1.8468,1.84745,1.00,1.00
2010.10.04 13:08:07.289,1.8468,1.84745,1.00,1.00
2010.10.04 13:08:08.836,1.8468,1.84755,1.00,1.60
2010.10.04 13:08:09.127,1.8468,1.8476,1.00,3.60
2010.10.04 13:08:10.157,1.8468,1.8475,1.00,1.00
2010.10.04 13:08:11.720,1.8469,1.8476,1.00,1.00
2010.10.04 13:08:11.964,1.8469,1.8476,1.00,1.00
2010.10.04 13:08:12.916,1.8469,1.84745,1.00,1.00
2010.10.04 13:08:13.216,1.8468,1.84745,1.00,1.00
2010.10.04 13:08:15.242,1.8468,1.8476,1.00,3.60
2010.10.04 13:08:16.278,1.8468,1.8476,1.00,2.00
2010.10.04 13:08:18.164,1.8468,1.84745,1.00,1.00
2010.10.04 13:08:18.448,1.8469,1.8476,1.00,2.00
2010.10.04 13:08:20.279,1.8469,1.8476,1.00,1.00
2010.10.04 13:08:21.272,1.8469,1.8476,1.00,1.00
2010.10.04 13:08:21.615,1.8469,1.8476,1.00,1.00
2010.10.04 13:08:21.954,1.8468,1.8476,1.00,3.70
2010.10.04 13:08:22.934,1.8468,1.8476,1.00,1.00
2010.10.04 13:08:23.201,1.8468,1.8476,1.00,2.10
2010.10.04 13:08:23.956,1.8469,1.8476,1.00,2.00
2010.10.04 13:08:24.306,1.8468,1.84745,1.00,1.00
2010.10.04 13:08:25.358,1.8467,1.84745,1.00,1.00
2010.10.04 13:08:25.676,1.8468,1.84745,1.00,1.00
2010.10.04 13:08:28.768,1.8467,1.84745,3.70,1.00
2010.10.04 13:08:30.546,1.8468,1.84745,1.00,1.00
2010.10.04 13:08:32.483,1.84675,1.84745,1.60,1.00
2010.10.04 13:08:32.795,1.8468,1.84745,1.00,1.00
2010.10.04 13:08:37.677,1.84685,1.84745,1.60,1.00
2010.10.04 13:08:37.766,1.8468,1.84745,1.00,1.00
2010.10.04 13:08:39.737,1.847,1.8476,1.00,1.00
2010.10.04 13:08:39.903,1.847,1.8476,1.00,1.00
2010.10.04 13:08:40.736,1.8469,1.8476,1.00,1.00
2010.10.04 13:08:42.624,1.847,1.8476,1.00,1.00
2010.10.04 13:08:43.375,1.8469,1.8476,1.00,2.00
2010.10.04 13:08:44.244,1.8469,1.8476,1.00,3.60
2010.10.04 13:08:44.603,1.8469,1.84755,1.00,1.60
2010.10.04 13:08:45.743,1.8469,1.8476,1.00,2.00
2010.10.04 13:08:46.906,1.8467,1.84735,1.00,1.00
2010.10.04 13:08:47.854,1.84675,1.84735,1.00,1.00
2010.10.04 13:08:47.962,1.8466,1.84735,1.00,1.00
2010.10.04 13:08:49.215,1.8467,1.84735,1.00,1.00
2010.10.04 13:08:50.782,1.8467,1.84735,1.00,1.00
2010.10.04 13:08:52.872,1.8468,1.84735,1.00,1.00
2010.10.04 13:08:54.206,1.8467,1.8473,1.00,1.00
2010.10.04 13:08:55.601,1.84665,1.8473,1.00,1.00
2010.10.04 13:08:55.811,1.8467,1.8473,1.00,1.00
2010.10.04 13:08:57.333,1.8467,1.8474,1.00,1.00
2010.10.04 13:08:58.353,1.8468,1.84745,1.00,2.80
2010.10.04 13:08:58.707,1.8467,1.84735,1.20,1.00
2010.10.04 13:08:58.933,1.84665,1.84735,1.00,1.00
2010.10.04 13:08:59.153,1.84665,1.8473,1.00,1.00
2010.10.04 13:09:00.073,1.84665,1.8473,1.00,1.00
2010.10.04 13:09:00.313,1.84665,1.8472,1.00,1.00
2010.10.04 13:09:00.553,1.8466,1.8472,1.00,1.00
2010.10.04 13:09:01.589,1.84635,1.84695,1.00,1.00
2010.10.04 13:09:06.493,1.84635,1.8469,1.00,1.00
2010.10.04 13:09:06.706,1.8463,1.8469,3.20,1.00
2010.10.04 13:09:07.446,1.8463,1.8469,1.60,1.00
2010.10.04 13:09:07.718,1.84625,1.8469,2.00,1.00
2010.10.04 13:09:07.984,1.84625,1.8468,1.00,1.00
2010.10.04 13:09:09.556,1.84625,1.8468,1.00,1.00
2010.10.04 13:09:12.702,1.84625,1.8468,1.00,1.90
2010.10.04 13:09:12.866,1.84625,1.8468,1.00,1.00
2010.10.04 13:09:14.122,1.84625,1.8468,2.00,1.00
2010.10.04 13:09:14.465,1.84625,1.8468,1.00,1.00
2010.10.04 13:09:15.917,1.84625,1.8468,1.00,1.00
2010.10.04 13:09:16.055,1.84635,1.84695,1.00,1.80
2010.10.04 13:09:16.915,1.84625,1.8469,2.00,1.00
2010.10.04 13:09:17.182,1.84625,1.8469,2.00,1.00
2010.10.04 13:09:17.452,1.84625,1.8469,3.60,1.00
2010.10.04 13:09:18.904,1.84625,1.8469,3.60,1.00
2010.10.04 13:09:19.313,1.84625,1.8468,3.60,1.00
2010.10.04 13:09:19.524,1.84625,1.8468,1.00,1.00
2010.10.04 13:09:20.772,1.84625,1.8468,2.00,1.00
2010.10.04 13:09:22.345,1.84615,1.84665,3.20,1.00
2010.10.04 13:09:22.489,1.84615,1.8468,3.20,1.00
2010.10.04 13:09:22.628,1.8461,1.8468,3.60,1.00
2010.10.04 13:09:23.466,1.8462,1.8467,1.00,3.20
2010.10.04 13:09:23.804,1.84615,1.8467,1.00,3.20
2010.10.04 13:09:25.183,1.84615,1.84675,2.00,1.00
2010.10.04 13:09:26.508,1.84625,1.8468,1.00,1.00
2010.10.04 13:09:28.338,1.84625,1.84685,1.00,1.00
2010.10.04 13:09:30.055,1.84625,1.8468,1.00,1.00
2010.10.04 13:09:31.787,1.84625,1.84685,2.00,1.00
2010.10.04 13:09:32.022,1.84625,1.8469,3.60,1.00
2010.10.04 13:09:33.466,1.84615,1.8468,1.00,1.00
2010.10.04 13:09:34.778,1.84615,1.8468,1.00,1.00
2010.10.04 13:09:35.875,1.84615,1.8467,1.00,1.00
2010.10.04 13:09:36.128,1.846,1.84655,1.00,3.20
2010.10.04 13:09:36.386,1.846,1.8467,1.00,3.60
2010.10.04 13:09:36.636,1.8461,1.8467,1.00,3.20
2010.10.04 13:09:37.432,1.84625,1.8467,1.00,3.20
2010.10.04 13:09:37.710,1.84625,1.84695,3.60,1.00
2010.10.04 13:09:38.881,1.84625,1.84695,2.00,1.00
2010.10.04 13:09:39.178,1.8463,1.84685,1.60,1.60
2010.10.04 13:09:39.473,1.8463,1.84685,1.00,3.40
2010.10.04 13:09:39.777,1.8464,1.8468,1.00,3.20
2010.10.04 13:09:40.773,1.8463,1.84685,1.00,3.20
2010.10.04 13:09:41.249,1.84625,1.8468,1.00,3.20
2010.10.04 13:09:42.254,1.84635,1.84685,1.60,1.00
2010.10.04 13:09:45.546,1.8466,1.8471,1.00,3.20
2010.10.04 13:09:45.876,1.8465,1.8471,1.00,3.80
2010.10.04 13:09:49.324,1.8465,1.84705,1.00,3.20
2010.10.04 13:09:49.553,1.8465,1.84705,1.00,1.60
2010.10.04 13:09:49.785,1.8465,1.8471,1.00,3.60
2010.10.04 13:09:50.964,1.84655,1.84715,1.00,1.60
2010.10.04 13:09:51.162,1.84655,1.8472,1.00,3.20
2010.10.04 13:09:52.507,1.84655,1.8472,1.00,3.20
2010.10.04 13:10:02.714,1.84665,1.8472,1.00,1.60
2010.10.04 13:10:02.959,1.84665,1.84715,1.00,3.20
2010.10.04 13:10:05.432,1.8465,1.84715,1.00,3.20
2010.10.04 13:10:05.692,1.8465,1.8471,1.00,3.60
2010.10.04 13:10:05.945,1.84655,1.8471,1.00,3.20
2010.10.04 13:10:06.889,1.84655,1.8472,1.00,3.20
2010.10.04 13:10:12.448,1.84655,1.8472,1.00,3.20
2010.10.04 13:10:14.533,1.84645,1.8471,1.00,1.00
2010.10.04 13:10:14.582,1.84645,1.8471,1.60,3.30
2010.10.04 13:10:15.345,1.84645,1.8471,1.00,3.30
2010.10.04 13:10:15.418,1.84645,1.8471,1.00,3.20
2010.10.04 13:10:18.635,1.84645,1.8471,1.00,1.60
2010.10.04 13:10:19.965,1.84645,1.8471,1.00,2.00
2010.10.04 13:10:20.731,1.84645,1.84705,1.00,1.60
2010.10.04 13:10:20.901,1.84655,1.8471,1.00,1.60
2010.10.04 13:10:21.066,1.84655,1.8472,1.00,3.40
2010.10.04 13:10:22.454,1.8465,1.847,1.00,1.00
2010.10.04 13:10:22.796,1.84655,1.8471,1.00,1.60
2010.10.04 13:10:23.840,1.84645,1.8471,1.00,1.80
2010.10.04 13:10:24.094,1.8465,1.8471,1.00,1.80
2010.10.04 13:10:24.833,1.8465,1.8471,1.00,1.00
2010.10.04 13:10:25.127,1.8465,1.84705,1.00,1.00
2010.10.04 13:10:25.418,1.8465,1.84705,1.00,1.80
2010.10.04 13:10:26.455,1.8465,1.847,1.00,3.40
2010.10.04 13:10:29.455,1.8465,1.84695,1.00,1.60
2010.10.04 13:10:29.726,1.8464,1.84695,1.00,3.40
2010.10.04 13:10:31.006,1.8464,1.84695,1.00,3.20
2010.10.04 13:10:31.328,1.8465,1.84695,1.00,1.60
2010.10.04 13:10:32.372,1.8465,1.847,1.00,3.20
2010.10.04 13:10:32.665,1.8465,1.84695,1.00,1.60
2010.10.04 13:10:36.023,1.8465,1.847,1.00,3.20
2010.10.04 13:10:37.356,1.84665,1.8471,1.00,3.30
2010.10.04 13:10:38.628,1.8462,1.84685,1.00,1.00
2010.10.04 13:10:39.409,1.8462,1.84665,1.00,1.60
2010.10.04 13:10:39.729,1.8462,1.8467,1.00,1.00
2010.10.04 13:10:40.053,1.8461,1.8467,1.00,1.80
2010.10.04 13:10:40.374,1.8461,1.8467,1.00,1.00
2010.10.04 13:10:41.387,1.8461,1.8467,1.60,1.80
2010.10.04 13:10:41.737,1.8462,1.84695,1.00,1.00
2010.10.04 13:10:41.884,1.8462,1.847,1.00,3.80
2010.10.04 13:10:42.760,1.84635,1.847,1.00,3.80
2010.10.04 13:10:43.030,1.84635,1.847,1.00,1.00
2010.10.04 13:10:43.832,1.84635,1.84685,1.00,1.00
2010.10.04 13:10:44.146,1.8461,1.8467,1.00,1.00
2010.10.04 13:10:45.217,1.84615,1.8468,1.00,1.60
2010.10.04 13:10:46.261,1.84645,1.84695,1.00,3.20
2010.10.04 13:10:46.577,1.84645,1.8471,1.00,1.00
2010.10.04 13:10:47.586,1.8463,1.84695,1.00,1.00
2010.10.04 13:10:47.876,1.84645,1.84695,1.00,1.60
2010.10.04 13:10:48.166,1.84645,1.8471,1.00,1.00
2010.10.04 13:10:48.959,1.84645,1.84695,1.00,1.00
2010.10.04 13:10:49.302,1.8462,1.8468,1.00,3.20
2010.10.04 13:10:49.648,1.8463,1.84685,1.00,1.00
2010.10.04 13:10:50.658,1.8463,1.84695,1.00,1.00
2010.10.04 13:10:53.788,1.84625,1.84695,1.00,3.40
2010.10.04 13:10:54.025,1.84625,1.84675,1.00,1.00
2010.10.04 13:10:55.195,1.846,1.84665,1.00,1.00
2010.10.04 13:10:55.526,1.846,1.84665,1.00,1.00
2010.10.04 13:10:55.854,1.846,1.84675,1.00,1.40
2010.10.04 13:10:56.954,1.846,1.84675,1.00,1.00
2010.10.04 13:10:57.075,1.846,1.84675,1.00,1.00
2010.10.04 13:10:57.197,1.8461,1.84665,1.00,1.00
2010.10.04 13:10:58.280,1.846,1.84665,1.00,1.00
2010.10.04 13:10:58.572,1.846,1.84675,1.00,1.00
2010.10.04 13:10:59.542,1.8461,1.84665,1.00,1.00
2010.10.04 13:10:59.835,1.846,1.84665,1.00,1.00
2010.10.04 13:11:00.125,1.84605,1.84665,1.00,1.00
2010.10.04 13:11:01.157,1.8461,1.84665,1.00,1.00
2010.10.04 13:11:01.460,1.8461,1.84675,1.00,1.00
2010.10.04 13:11:02.447,1.8461,1.84665,1.00,1.00
2010.10.04 13:11:02.709,1.846,1.84665,1.00,1.00
2010.10.04 13:11:02.966,1.8461,1.84665,1.00,1.00
2010.10.04 13:11:03.226,1.84605,1.84665,1.00,1.00
2010.10.04 13:11:04.151,1.8461,1.8466,1.00,1.20
2010.10.04 13:11:04.518,1.84605,1.84645,3.20,1.00
2010.10.04 13:11:05.739,1.8462,1.8468,1.00,1.00
2010.10.04 13:11:07.329,1.8462,1.84685,1.00,1.00
2010.10.04 13:11:09.548,1.8461,1.8467,1.60,1.00
2010.10.04 13:11:10.518,1.846,1.8467,1.00,1.40
2010.10.04 13:11:10.860,1.8461,1.8467,1.00,1.00
2010.10.04 13:11:11.786,1.846,1.8466,1.40,1.00
2010.10.04 13:11:12.036,1.8461,1.8467,1.00,1.00
2010.10.04 13:11:13.581,1.8462,1.84685,1.00,1.00
2010.10.04 13:11:14.014,1.8462,1.8468,1.00,1.00
2010.10.04 13:11:15.151,1.8462,1.8468,1.00,1.00
2010.10.04 13:11:15.479,1.8463,1.8469,1.00,1.00
2010.10.04 13:11:16.792,1.8463,1.84685,1.00,1.00
2010.10.04 13:11:17.404,1.8462,1.84685,3.60,1.00
2010.10.04 13:11:18.134,1.8462,1.8468,3.60,1.00
2010.10.04 13:11:19.984,1.8462,1.8468,1.00,1.00
2010.10.04 13:11:20.263,1.8462,1.84685,1.00,1.00
2010.10.04 13:11:20.545,1.8461,1.8468,1.00,1.00
2010.10.04 13:11:22.352,1.8461,1.8469,1.00,3.80
2010.10.04 13:11:23.387,1.8461,1.8468,1.00,1.00
2010.10.04 13:11:26.302,1.84605,1.84665,1.00,1.00
2010.10.04 13:11:26.658,1.8461,1.8468,1.00,1.00
2010.10.04 13:11:27.173,1.8461,1.84685,1.00,1.00
2010.10.04 13:11:27.905,1.84625,1.84685,1.00,1.00
2010.10.04 13:11:28.117,1.8461,1.8468,1.00,1.00
2010.10.04 13:11:28.323,1.84615,1.8468,1.00,1.00
2010.10.04 13:11:28.954,1.84625,1.8469,1.00,1.80
2010.10.04 13:11:30.003,1.84615,1.8468,1.00,1.00
2010.10.04 13:11:31.361,1.84615,1.84685,1.00,1.00
2010.10.04 13:11:31.596,1.84615,1.8468,1.00,1.00
2010.10.04 13:11:32.052,1.84615,1.84675,1.00,1.00
2010.10.04 13:11:32.282,1.8461,1.84675,1.00,1.00
2010.10.04 13:11:32.513,1.8461,1.8468,1.00,1.00
2010.10.04 13:11:33.557,1.84615,1.8468,1.00,1.00
2010.10.04 13:11:34.662,1.84615,1.84675,1.00,1.20
2010.10.04 13:11:34.944,1.8461,1.8469,1.00,1.00
2010.10.04 13:11:35.895,1.8461,1.84665,1.00,1.00
2010.10.04 13:11:36.517,1.8461,1.84665,1.00,1.00
2010.10.04 13:11:37.409,1.8461,1.84665,1.70,1.00
2010.10.04 13:11:38.254,1.8461,1.84665,1.00,1.00
2010.10.04 13:11:38.867,1.8461,1.84665,1.70,1.00
2010.10.04 13:11:39.647,1.8461,1.84665,1.00,1.00
2010.10.04 13:11:39.783,1.84615,1.84675,1.00,1.00
2010.10.04 13:11:39.896,1.84615,1.84675,2.00,1.00
2010.10.04 13:11:41.013,1.84615,1.8467,1.00,1.00
2010.10.04 13:11:41.354,1.84615,1.8467,1.00,3.20
2010.10.04 13:11:42.388,1.84615,1.8467,1.00,3.40
2010.10.04 13:11:44.177,1.84615,1.8467,1.00,3.40
2010.10.04 13:11:44.316,1.84615,1.8467,1.00,3.40
2010.10.04 13:11:45.545,1.84615,1.8467,1.00,1.80
2010.10.04 13:11:46.063,1.84615,1.8467,1.00,3.40
2010.10.04 13:11:47.561,1.84615,1.8467,1.00,1.80
2010.10.04 13:11:48.487,1.84615,1.84655,1.00,1.00
2010.10.04 13:11:49.501,1.8461,1.84635,1.00,1.00
2010.10.04 13:11:49.849,1.84585,1.84635,1.00,1.80
2010.10.04 13:11:50.594,1.8459,1.84635,1.00,1.80
2010.10.04 13:11:50.898,1.84585,1.84635,1.00,1.80
2010.10.04 13:11:51.207,1.84585,1.84635,1.00,1.60
2010.10.04 13:11:52.198,1.8459,1.84635,1.00,1.60
2010.10.04 13:11:52.504,1.84585,1.8464,1.00,3.20
2010.10.04 13:11:53.373,1.84585,1.8464,1.00,1.60
2010.10.04 13:11:53.743,1.84585,1.8464,1.00,3.20
2010.10.04 13:11:54.087,1.8459,1.8464,1.00,3.20
2010.10.04 13:11:55.142,1.84585,1.8464,1.00,1.60
2010.10.04 13:11:55.438,1.84585,1.84635,1.00,1.00
2010.10.04 13:11:55.734,1.8458,1.84625,1.00,1.00
2010.10.04 13:11:56.854,1.8456,1.8461,1.00,3.20
2010.10.04 13:11:56.998,1.8456,1.8461,1.00,1.60
2010.10.04 13:11:58.293,1.84545,1.84585,1.00,1.00
2010.10.04 13:11:59.260,1.8457,1.84605,1.00,1.20
2010.10.04 13:11:59.531,1.84575,1.84615,3.20,1.00
2010.10.04 13:12:01.077,1.84575,1.8461,3.20,1.00
2010.10.04 13:12:01.316,1.84575,1.8463,1.60,1.20
2010.10.04 13:12:01.556,1.8457,1.84635,1.00,1.00
2010.10.04 13:12:02.474,1.8457,1.84635,1.00,1.00
2010.10.04 13:12:02.693,1.8459,1.8466,1.00,1.00
2010.10.04 13:12:02.907,1.84595,1.8466,1.20,1.00
2010.10.04 13:12:03.128,1.8461,1.8466,2.00,1.00
2010.10.04 13:12:04.011,1.8461,1.8466,3.60,1.00
2010.10.04 13:12:04.265,1.8461,1.8466,1.00,1.00
2010.10.04 13:12:09.424,1.846,1.8466,1.60,1.00
2010.10.04 13:12:09.713,1.846,1.84655,1.60,1.00
2010.10.04 13:12:09.987,1.84605,1.84655,3.20,1.00
2010.10.04 13:12:10.754,1.84605,1.8465,3.20,1.00
2010.10.04 13:12:11.061,1.84605,1.8465,1.60,1.00
2010.10.04 13:12:11.913,1.84605,1.84645,1.60,1.00
2010.10.04 13:12:12.939,1.84605,1.84655,3.20,1.00
2010.10.04 13:12:13.244,1.84605,1.84665,3.20,1.00
2010.10.04 13:12:13.466,1.8461,1.84655,2.00,1.00
2010.10.04 13:12:13.576,1.8461,1.84655,3.60,1.00
2010.10.04 13:12:14.607,1.84605,1.8466,3.20,1.00
2010.10.04 13:12:14.944,1.84605,1.84655,3.20,1.00
2010.10.04 13:12:15.961,1.8461,1.8466,1.00,1.00
2010.10.04 13:12:17.140,1.8461,1.84665,3.60,1.00
2010.10.04 13:12:17.417,1.8461,1.84675,3.60,1.00
2010.10.04 13:12:18.482,1.8462,1.84675,1.00,1.00
2010.10.04 13:12:19.582,1.84625,1.84675,1.00,1.00
2010.10.04 13:12:20.680,1.8462,1.8469,1.00,1.00
2010.10.04 13:12:21.686,1.8462,1.84685,1.00,1.00
2010.10.04 13:12:21.961,1.8462,1.84685,1.00,1.00
2010.10.04 13:12:23.872,1.8462,1.8468,1.00,1.00
2010.10.04 13:12:24.116,1.8462,1.8468,1.00,1.00
2010.10.04 13:12:25.230,1.8461,1.84675,1.00,1.00
2010.10.04 13:12:26.156,1.8462,1.84675,1.00,1.00
2010.10.04 13:12:26.350,1.8462,1.84685,1.00,1.00
2010.10.04 13:12:26.702,1.8462,1.84675,1.00,1.00
2010.10.04 13:12:27.425,1.8464,1.84675,1.00,1.00
2010.10.04 13:12:27.735,1.8463,1.8468,1.00,1.00
2010.10.04 13:12:29.061,1.8462,1.84675,1.00,1.00
2010.10.04 13:12:30.857,1.8462,1.84675,1.00,1.00
2010.10.04 13:12:30.953,1.8463,1.84675,1.60,1.00
2010.10.04 13:12:31.755,1.8464,1.84675,1.60,1.00
2010.10.04 13:12:31.865,1.8463,1.84685,3.30,1.00
2010.10.04 13:12:32.920,1.8463,1.84685,3.20,1.00
2010.10.04 13:12:33.165,1.8464,1.847,1.60,1.00
2010.10.04 13:12:33.411,1.8465,1.847,1.60,1.00
2010.10.04 13:12:34.200,1.84655,1.847,1.60,1.00
2010.10.04 13:12:34.548,1.84655,1.84695,3.20,1.00
2010.10.04 13:12:35.598,1.84655,1.84695,1.60,1.00
2010.10.04 13:12:35.838,1.8465,1.8469,3.20,1.00
2010.10.04 13:12:37.171,1.84645,1.8469,1.60,1.00
2010.10.04 13:12:37.507,1.8465,1.8469,1.60,1.00
2010.10.04 13:12:38.563,1.8463,1.84675,3.20,1.00
2010.10.04 13:12:38.813,1.84635,1.84675,1.60,1.00
2010.10.04 13:12:40.271,1.8463,1.84685,3.20,1.00
2010.10.04 13:12:40.391,1.84635,1.84675,1.60,1.00
2010.10.04 13:12:43.544,1.8463,1.84675,3.20,1.00
2010.10.04 13:12:43.972,1.8463,1.84685,3.20,1.00
2010.10.04 13:12:44.197,1.8463,1.8469,3.30,1.00
2010.10.04 13:12:45.089,1.8464,1.8469,1.60,1.00
2010.10.04 13:12:45.266,1.84635,1.8469,3.20,1.00
2010.10.04 13:12:46.245,1.84635,1.84685,3.20,1.00
2010.10.04 13:12:48.202,1.84635,1.8468,3.20,1.00
2010.10.04 13:12:48.346,1.84635,1.8468,1.60,1.00
2010.10.04 13:12:49.305,1.8463,1.8468,3.20,1.00
2010.10.04 13:12:49.646,1.8463,1.84675,3.20,1.00
2010.10.04 13:12:49.983,1.84635,1.8468,1.60,1.00
2010.10.04 13:12:51.446,1.84635,1.84675,1.60,1.00
2010.10.04 13:12:51.802,1.8463,1.84675,3.20,1.00
2010.10.04 13:12:51.953,1.84635,1.84675,1.60,1.00
2010.10.04 13:13:00.845,1.8464,1.8469,1.00,1.40
2010.10.04 13:13:00.916,1.8464,1.8469,1.60,1.40
2010.10.04 13:13:00.984,1.8464,1.8469,3.20,1.00
2010.10.04 13:13:01.329,1.84645,1.8469,3.20,1.00
2010.10.04 13:13:02.644,1.8465,1.84695,1.00,1.00
2010.10.04 13:13:02.795,1.8465,1.84695,3.20,1.00
2010.10.04 13:13:03.787,1.8465,1.847,1.60,1.00
2010.10.04 13:13:05.106,1.8466,1.84715,3.20,1.00
2010.10.04 13:13:05.388,1.84655,1.84715,1.00,1.00
2010.10.04 13:13:06.117,1.8466,1.84715,1.60,1.00
2010.10.04 13:13:06.438,1.84665,1.8473,1.60,1.00
2010.10.04 13:13:07.490,1.8468,1.8472,1.00,1.00
2010.10.04 13:13:07.829,1.84675,1.8472,1.60,1.00
2010.10.04 13:13:08.566,1.8468,1.8472,1.00,1.00
2010.10.04 13:13:08.882,1.84685,1.84725,1.00,1.00
2010.10.04 13:13:09.644,1.847,1.84725,1.00,1.00
2010.10.04 13:13:09.994,1.8467,1.8471,1.60,1.00
2010.10.04 13:13:11.150,1.8465,1.8471,3.70,1.00
2010.10.04 13:13:12.132,1.8465,1.8471,1.00,1.00
2010.10.04 13:13:12.381,1.8466,1.84725,1.00,1.00
2010.10.04 13:13:13.276,1.8466,1.84725,1.00,1.00
2010.10.04 13:13:13.623,1.8467,1.8472,1.00,1.00
2010.10.04 13:13:14.674,1.84665,1.8472,1.60,1.20
2010.10.04 13:13:15.021,1.8466,1.84735,1.60,1.00
2010.10.04 13:13:15.751,1.8466,1.84735,1.00,1.00
2010.10.04 13:13:16.059,1.8468,1.84735,1.00,1.00
2010.10.04 13:13:17.412,1.8467,1.84735,1.00,1.00
2010.10.04 13:13:17.721,1.8467,1.84745,1.00,1.00
2010.10.04 13:13:18.804,1.8467,1.84745,1.00,1.00
2010.10.04 13:13:19.773,1.8467,1.84725,1.00,1.00
2010.10.04 13:13:20.030,1.84665,1.8472,1.60,1.00
2010.10.04 13:13:21.018,1.8467,1.8472,3.20,1.00
2010.10.04 13:13:21.363,1.84665,1.8472,3.20,1.00
2010.10.04 13:13:22.480,1.84665,1.84725,1.00,1.00
2010.10.04 13:13:22.755,1.8466,1.8471,1.00,1.00
2010.10.04 13:13:24.148,1.8466,1.8472,3.20,1.20
2010.10.04 13:13:24.843,1.8466,1.8472,1.00,1.20
2010.10.04 13:13:25.153,1.8466,1.84715,1.00,1.00
2010.10.04 13:13:26.175,1.8466,1.84715,1.00,1.00
2010.10.04 13:13:26.461,1.8465,1.84715,1.00,1.00
2010.10.04 13:13:27.524,1.8465,1.84715,1.00,1.20
2010.10.04 13:13:27.866,1.8465,1.8473,1.00,1.60
2010.10.04 13:13:28.574,1.8465,1.8473,1.00,1.00
2010.10.04 13:13:28.926,1.84655,1.8473,1.00,1.00
2010.10.04 13:13:30.229,1.8465,1.8472,1.00,1.00
2010.10.04 13:13:33.424,1.8465,1.8472,1.00,1.00
2010.10.04 13:13:34.741,1.8465,1.84715,1.00,1.00
2010.10.04 13:13:35.012,1.84645,1.84715,1.00,1.00
2010.10.04 13:13:35.978,1.8464,1.84715,1.00,1.00
2010.10.04 13:13:36.307,1.84645,1.84715,1.00,1.00
2010.10.04 13:13:36.636,1.8464,1.84715,1.00,1.00
2010.10.04 13:13:37.638,1.84645,1.84695,1.60,1.00
2010.10.04 13:13:37.878,1.8464,1.84715,1.00,1.00
2010.10.04 13:13:39.284,1.8464,1.84705,1.00,1.00
2010.10.04 13:13:39.524,1.8464,1.847,1.00,1.00
2010.10.04 13:13:40.419,1.8464,1.84695,1.00,1.20
2010.10.04 13:13:40.783,1.84635,1.84685,3.20,1.00
2010.10.04 13:13:42.393,1.84615,1.84685,1.00,1.00
2010.10.04 13:13:43.859,1.84615,1.84685,1.00,2.00
2010.10.04 13:13:44.169,1.84615,1.84685,1.00,3.60
2010.10.04 13:13:44.534,1.8462,1.84685,1.00,3.60
2010.10.04 13:13:45.626,1.84615,1.84685,1.00,3.60
2010.10.04 13:13:46.726,1.8462,1.84685,1.20,3.60
2010.10.04 13:13:46.991,1.8463,1.84685,1.00,1.60
2010.10.04 13:13:47.257,1.8463,1.8469,1.00,1.60
2010.10.04 13:13:48.588,1.8463,1.8469,1.00,3.20
2010.10.04 13:13:50.082,1.8463,1.84685,1.00,1.60
2010.10.04 13:13:50.417,1.8463,1.84685,1.00,3.20
2010.10.04 13:13:51.444,1.8463,1.84695,1.00,3.60
2010.10.04 13:13:51.733,1.8463,1.84695,1.00,2.00
2010.10.04 13:13:51.883,1.8463,1.84695,1.00,1.00
2010.10.04 13:13:52.033,1.8463,1.84695,1.00,1.00
2010.10.04 13:13:52.979,1.8463,1.84695,1.00,1.00
2010.10.04 13:13:53.467,1.8463,1.84695,1.00,1.00
2010.10.04 13:13:54.677,1.8464,1.84695,1.00,1.00
2010.10.04 13:13:57.874,1.8464,1.84695,1.00,1.00
2010.10.04 13:13:58.829,1.8464,1.84695,3.30,1.00
2010.10.04 13:13:59.009,1.8465,1.8471,3.20,1.00
2010.10.04 13:13:59.186,1.84655,1.8471,1.60,1.00
2010.10.04 13:14:00.308,1.8464,1.8471,1.00,3.60
2010.10.04 13:14:00.656,1.8464,1.84705,1.00,3.20
2010.10.04 13:14:01.695,1.8464,1.8471,1.00,3.60
2010.10.04 13:14:02.038,1.8464,1.84705,1.00,3.20
2010.10.04 13:14:02.303,1.8464,1.847,1.00,1.60
2010.10.04 13:14:02.435,1.84635,1.84695,1.00,1.00
2010.10.04 13:14:03.470,1.8464,1.84695,3.20,1.00
2010.10.04 13:14:06.311,1.8464,1.84705,3.70,1.20
2010.10.04 13:14:06.518,1.8464,1.8471,1.00,1.00
2010.10.04 13:14:08.086,1.8464,1.84695,1.00,1.00
2010.10.04 13:14:08.427,1.8464,1.8471,1.00,1.00
2010.10.04 13:14:09.450,1.8464,1.8471,1.00,1.00
2010.10.04 13:14:09.653,1.8464,1.8471,1.00,1.00
2010.10.04 13:14:09.863,1.8464,1.84705,1.00,3.20
2010.10.04 13:14:10.867,1.8464,1.8471,1.00,2.00
2010.10.04 13:14:13.958,1.8464,1.84695,1.00,1.00
2010.10.04 13:14:16.086,1.8464,1.8471,1.00,1.00
2010.10.04 13:14:17.075,1.8463,1.847,1.00,1.60
2010.10.04 13:14:17.354,1.84635,1.847,1.00,1.70
2010.10.04 13:14:18.085,1.8464,1.847,1.60,1.00
2010.10.04 13:14:18.430,1.8463,1.8471,1.00,1.00
2010.10.04 13:14:18.778,1.8464,1.8471,1.00,1.00
2010.10.04 13:14:19.586,1.8464,1.8471,1.00,1.00
2010.10.04 13:14:26.037,1.8464,1.847,1.00,1.00
2010.10.04 13:14:26.140,1.84635,1.84695,1.00,1.00
2010.10.04 13:14:26.244,1.84645,1.84695,1.60,1.00
2010.10.04 13:14:27.058,1.84635,1.84695,1.00,1.00
2010.10.04 13:14:27.415,1.8464,1.847,3.20,1.00
2010.10.04 13:14:28.364,1.8463,1.84685,1.00,1.00
2010.10.04 13:14:28.643,1.84625,1.84665,1.00,3.20
2010.10.04 13:14:29.850,1.8462,1.8468,1.00,1.00
2010.10.04 13:14:30.154,1.84625,1.84685,1.00,3.20
2010.10.04 13:14:31.146,1.8463,1.84695,1.00,1.00
2010.10.04 13:14:31.449,1.84635,1.8469,1.00,1.20
2010.10.04 13:14:31.696,1.84635,1.84705,2.00,1.00
2010.10.04 13:14:32.749,1.8465,1.847,1.00,3.20
2010.10.04 13:14:34.153,1.84655,1.847,1.00,3.20
2010.10.04 13:14:34.500,1.8465,1.8468,1.00,1.60
2010.10.04 13:14:35.932,1.84635,1.84695,1.00,3.20
2010.10.04 13:14:36.286,1.8464,1.84695,1.00,3.20
2010.10.04 13:14:37.337,1.84635,1.84695,1.00,1.60
2010.10.04 13:14:39.237,1.84635,1.8469,1.00,3.20
2010.10.04 13:14:43.643,1.8464,1.8469,1.00,3.20
2010.10.04 13:14:43.900,1.8464,1.84705,1.00,3.20
2010.10.04 13:14:44.158,1.8464,1.8469,1.00,1.60
2010.10.04 13:14:44.415,1.8464,1.84705,1.00,3.20
2010.10.04 13:14:45.397,1.84645,1.8471,1.00,1.00
2010.10.04 13:14:51.194,1.84645,1.8471,1.00,1.00
2010.10.04 13:14:52.942,1.8465,1.8471,1.00,1.00
2010.10.04 13:14:54.178,1.84645,1.8471,1.00,1.00
2010.10.04 13:14:54.444,1.84645,1.8469,1.00,3.20
2010.10.04 13:14:55.201,1.84635,1.8469,1.60,3.20
2010.10.04 13:14:55.542,1.8464,1.84705,1.70,1.00
2010.10.04 13:14:56.498,1.8464,1.84705,3.30,1.00
2010.10.04 13:14:57.410,1.8465,1.84705,1.00,1.00
2010.10.04 13:14:58.721,1.8464,1.84695,1.60,1.00
2010.10.04 13:14:59.174,1.8464,1.84695,3.20,1.00
2010.10.04 13:15:00.126,1.8464,1.84695,1.60,1.00
2010.10.04 13:15:00.644,1.8464,1.84695,3.20,1.00
2010.10.04 13:15:01.377,1.8464,1.84695,1.60,1.00
2010.10.04 13:15:01.674,1.8464,1.84695,3.20,1.00
2010.10.04 13:15:01.938,1.84635,1.84695,1.60,1.00
2010.10.04 13:15:02.883,1.84645,1.84695,1.60,1.00
2010.10.04 13:15:03.137,1.8465,1.84705,1.60,1.00
2010.10.04 13:15:04.724,1.84645,1.84705,3.20,1.00
2010.10.04 13:15:05.066,1.8465,1.84705,3.20,1.00
2010.10.04 13:15:06.118,1.84645,1.84695,3.20,1.00
2010.10.04 13:15:06.296,1.84645,1.8469,3.20,1.00
2010.10.04 13:15:07.030,1.84645,1.84705,1.60,1.00
2010.10.04 13:15:07.212,1.84645,1.84705,1.00,3.80
2010.10.04 13:15:08.362,1.84645,1.84705,1.00,1.00
2010.10.04 13:15:08.665,1.8464,1.84705,1.60,1.00
2010.10.04 13:15:09.394,1.84645,1.84705,1.00,1.00
2010.10.04 13:15:09.902,1.84645,1.847,1.00,1.00
2010.10.04 13:15:11.472,1.8459,1.84635,1.00,1.00
2010.10.04 13:15:12.270,1.8459,1.84645,1.00,1.00
2010.10.04 13:15:12.512,1.8458,1.84635,1.00,1.00
2010.10.04 13:15:13.676,1.8457,1.84635,1.00,1.00
2010.10.04 13:15:14.777,1.8458,1.84635,1.00,1.00
2010.10.04 13:15:15.146,1.8458,1.8464,1.00,1.00
2010.10.04 13:15:16.117,1.8459,1.8465,1.00,1.00
2010.10.04 13:15:16.605,1.8459,1.8465,1.00,1.00
2010.10.04 13:15:17.937,1.8459,1.84645,1.00,1.00
2010.10.04 13:15:20.542,1.8459,1.84645,1.00,1.00
2010.10.04 13:15:21.460,1.84605,1.84645,1.00,1.00
2010.10.04 13:15:21.498,1.84605,1.8466,1.00,1.00
2010.10.04 13:15:21.771,1.8461,1.8466,1.00,1.00
2010.10.04 13:15:25.747,1.846,1.8466,1.00,1.80
2010.10.04 13:15:26.052,1.846,1.8466,1.00,3.40
2010.10.04 13:15:27.218,1.846,1.84655,1.00,1.00
2010.10.04 13:15:27.883,1.846,1.8466,1.00,3.20
2010.10.04 13:15:29.352,1.846,1.8466,1.00,1.60
2010.10.04 13:15:29.653,1.846,1.8466,1.00,3.20
2010.10.04 13:15:30.544,1.846,1.8466,1.00,1.60
2010.10.04 13:15:32.503,1.846,1.84665,1.00,3.60
2010.10.04 13:15:34.512,1.846,1.8466,1.00,3.20
2010.10.04 13:15:35.252,1.846,1.8466,1.00,1.60
2010.10.04 13:15:36.715,1.846,1.8466,1.00,3.20
2010.10.04 13:15:37.042,1.846,1.8466,1.00,1.60
2010.10.04 13:15:38.267,1.846,1.84665,1.00,3.60
2010.10.04 13:15:38.446,1.846,1.84665,1.00,3.60
2010.10.04 13:15:38.623,1.846,1.8466,1.00,1.60
2010.10.04 13:15:40.073,1.846,1.8466,1.00,3.20
2010.10.04 13:15:42.020,1.84595,1.84655,1.00,1.00
2010.10.04 13:15:42.254,1.84595,1.84655,1.00,2.00
2010.10.04 13:15:43.060,1.84595,1.84655,1.00,3.60
2010.10.04 13:15:44.740,1.84585,1.8465,1.00,3.20
2010.10.04 13:15:47.107,1.84585,1.8464,1.00,1.00
2010.10.04 13:15:48.478,1.84585,1.8464,1.00,2.00
2010.10.04 13:15:48.805,1.8459,1.8464,1.00,2.00
2010.10.04 13:15:49.856,1.8458,1.8464,1.00,1.60
2010.10.04 13:15:50.755,1.8458,1.84645,1.00,1.60
2010.10.04 13:15:51.005,1.8459,1.84655,1.00,1.00
2010.10.04 13:15:52.120,1.8459,1.84655,1.00,1.00
2010.10.04 13:15:52.374,1.8459,1.84655,1.00,1.00
2010.10.04 13:15:55.925,1.846,1.84655,1.00,1.00
2010.10.04 13:15:56.713,1.8459,1.84675,1.00,1.00
2010.10.04 13:15:57.058,1.84605,1.8468,1.00,1.00
2010.10.04 13:15:58.055,1.84605,1.8468,1.00,1.00
2010.10.04 13:15:58.355,1.8461,1.8467,1.00,1.00
2010.10.04 13:15:58.649,1.84625,1.8467,1.60,1.00
2010.10.04 13:15:59.372,1.8463,1.8467,1.60,1.00
2010.10.04 13:15:59.708,1.8463,1.8467,3.20,1.00
2010.10.04 13:16:00.047,1.8463,1.8469,3.20,1.00
2010.10.04 13:16:00.774,1.8463,1.8469,1.60,1.00
2010.10.04 13:16:01.069,1.8461,1.8469,1.00,1.00
2010.10.04 13:16:01.367,1.8461,1.8469,1.00,1.00
2010.10.04 13:16:03.267,1.8461,1.8469,3.30,1.00
2010.10.04 13:16:03.442,1.84655,1.847,1.60,1.20
2010.10.04 13:16:04.203,1.84655,1.84705,1.60,1.00
2010.10.04 13:16:04.383,1.8465,1.84705,1.60,1.00
2010.10.04 13:16:05.425,1.8466,1.84705,3.20,1.00
2010.10.04 13:16:05.761,1.84645,1.84685,3.20,1.20
2010.10.04 13:16:06.583,1.8463,1.8469,1.00,1.00
2010.10.04 13:16:06.933,1.8463,1.847,3.20,1.00
2010.10.04 13:16:08.324,1.8464,1.8468,3.20,1.00
2010.10.04 13:16:09.994,1.8464,1.8468,3.20,1.00
2010.10.04 13:16:10.900,1.84635,1.84675,1.60,1.20
2010.10.04 13:16:11.122,1.8463,1.84665,1.60,1.00
2010.10.04 13:16:12.257,1.8463,1.84665,3.20,1.00
2010.10.04 13:16:12.551,1.8463,1.84665,1.60,1.00
2010.10.04 13:16:13.866,1.8463,1.84665,3.30,1.00
2010.10.04 13:16:14.484,1.8463,1.84665,3.20,1.00
2010.10.04 13:16:15.496,1.84635,1.84675,1.60,1.00
2010.10.04 13:16:15.847,1.8463,1.847,3.20,1.00
2010.10.04 13:16:16.704,1.8463,1.8468,1.60,1.00
2010.10.04 13:16:16.746,1.8461,1.8468,3.30,1.00
2010.10.04 13:16:16.989,1.84635,1.8468,1.60,1.00
2010.10.04 13:16:17.475,1.8463,1.8468,3.20,1.00
2010.10.04 13:16:18.447,1.84635,1.8468,3.20,1.00
2010.10.04 13:16:20.496,1.8464,1.8468,1.60,1.00
2010.10.04 13:16:21.484,1.8464,1.8468,3.20,1.00
2010.10.04 13:16:22.026,1.8464,1.8468,1.60,1.00
2010.10.04 13:16:22.293,1.8464,1.8468,3.20,1.00
2010.10.04 13:16:23.252,1.8464,1.847,1.60,1.00
2010.10.04 13:16:23.479,1.84635,1.8468,1.60,1.00
2010.10.04 13:16:24.721,1.84635,1.8468,3.20,1.00
2010.10.04 13:16:26.286,1.84635,1.8468,1.60,1.00
2010.10.04 13:16:26.783,1.84635,1.8468,3.20,1.00
2010.10.04 13:16:28.099,1.8461,1.847,3.30,1.00
2010.10.04 13:16:28.226,1.8461,1.847,1.00,1.00
2010.10.04 13:16:28.354,1.8462,1.8468,1.00,1.00
2010.10.04 13:16:28.484,1.8463,1.8468,1.60,1.00
2010.10.04 13:16:28.614,1.84635,1.8468,1.60,1.00
2010.10.04 13:16:30.005,1.84615,1.8468,3.20,1.00
2010.10.04 13:16:30.961,1.8461,1.8468,3.70,1.00
2010.10.04 13:16:31.264,1.8462,1.8468,1.00,1.00
2010.10.04 13:16:31.873,1.8462,1.8468,1.60,1.00
2010.10.04 13:16:32.609,1.8462,1.8468,1.00,1.00
2010.10.04 13:16:33.104,1.8462,1.8468,1.60,1.00
2010.10.04 13:16:33.352,1.8462,1.8468,1.00,1.00
2010.10.04 13:16:34.890,1.84635,1.8468,1.60,1.00
2010.10.04 13:16:35.174,1.8463,1.8468,3.20,1.00
2010.10.04 13:16:38.689,1.84635,1.8468,1.60,1.00
2010.10.04 13:16:39.142,1.8463,1.8468,3.20,1.00
2010.10.04 13:16:41.659,1.84635,1.8468,1.60,1.00
2010.10.04 13:16:43.343,1.8462,1.8468,3.20,1.00
2010.10.04 13:16:44.137,1.84625,1.8468,1.60,1.00
2010.10.04 13:16:44.419,1.8461,1.8468,3.70,1.00
2010.10.04 13:16:44.704,1.8462,1.8468,1.00,1.00
2010.10.04 13:16:44.986,1.84625,1.8468,1.60,1.00
2010.10.04 13:16:48.242,1.8461,1.8468,3.60,1.00
2010.10.04 13:16:48.665,1.8462,1.8468,1.00,1.00
2010.10.04 13:16:48.735,1.8462,1.8468,1.60,1.00
2010.10.04 13:16:48.803,1.84625,1.8468,1.60,1.00
2010.10.04 13:16:56.103,1.84625,1.8469,2.00,1.20
2010.10.04 13:16:56.233,1.84625,1.8469,1.60,1.00
2010.10.04 13:16:56.362,1.84625,1.8469,3.20,1.00
2010.10.04 13:16:57.411,1.84635,1.8468,1.60,1.00
2010.10.04 13:16:57.747,1.8464,1.8468,3.20,1.00
2010.10.04 13:17:01.081,1.84645,1.84695,3.20,1.00
2010.10.04 13:17:01.274,1.84645,1.84695,1.60,1.00
2010.10.04 13:17:01.443,1.84625,1.84695,1.00,1.00
2010.10.04 13:17:01.613,1.8463,1.84695,1.00,1.00
2010.10.04 13:17:02.470,1.8463,1.84695,1.00,1.00
2010.10.04 13:17:02.731,1.84645,1.8469,1.60,1.00
2010.10.04 13:17:04.045,1.8464,1.8468,3.20,1.00
2010.10.04 13:17:04.386,1.84635,1.84705,1.00,1.00
2010.10.04 13:17:05.450,1.8464,1.84705,1.00,1.00
2010.10.04 13:17:05.753,1.84655,1.84705,1.60,1.00
2010.10.04 13:17:06.054,1.84665,1.84705,1.60,1.00
2010.10.04 13:17:07.496,1.8466,1.84705,3.20,1.00
2010.10.04 13:17:08.396,1.8467,1.8473,2.00,1.00
2010.10.04 13:17:08.660,1.84655,1.84705,3.20,1.00
2010.10.04 13:17:08.925,1.84655,1.84705,1.60,1.00
2010.10.04 13:17:09.185,1.84655,1.84705,3.20,1.00
2010.10.04 13:17:10.111,1.8466,1.84705,1.60,1.00
2010.10.04 13:17:10.464,1.8466,1.84705,3.30,1.00
2010.10.04 13:17:10.628,1.8466,1.84705,3.20,1.00
2010.10.04 13:17:11.488,1.8466,1.8473,1.00,1.00
2010.10.04 13:17:13.327,1.8466,1.84725,1.00,1.00
2010.10.04 13:17:15.067,1.8467,1.84725,1.00,1.00
2010.10.04 13:17:15.423,1.8466,1.84725,1.00,1.00
2010.10.04 13:17:16.559,1.8465,1.84725,1.00,1.00
2010.10.04 13:17:20.783,1.8466,1.84725,1.00,1.00
2010.10.04 13:17:22.864,1.8466,1.84725,1.00,1.00
2010.10.04 13:17:23.354,1.8465,1.84725,1.00,1.00
2010.10.04 13:17:24.412,1.8466,1.8474,1.00,1.00
2010.10.04 13:17:25.768,1.8467,1.8474,1.00,1.00
2010.10.04 13:17:27.580,1.8466,1.8474,1.00,1.00
2010.10.04 13:17:29.411,1.8467,1.84755,1.00,1.00
2010.10.04 13:17:30.358,1.84665,1.8475,1.00,1.00
2010.10.04 13:17:32.804,1.8467,1.84755,1.00,1.00
2010.10.04 13:17:33.856,1.84665,1.8475,1.00,1.40
2010.10.04 13:17:34.194,1.84665,1.8475,1.00,1.00
2010.10.04 13:17:35.768,1.847,1.84755,1.00,1.00
2010.10.04 13:17:40.179,1.84685,1.84755,1.00,1.00
2010.10.04 13:17:40.374,1.8469,1.8474,1.00,1.00
2010.10.04 13:17:41.246,1.8469,1.8475,1.00,1.00
2010.10.04 13:17:46.516,1.84735,1.84755,1.00,3.20
2010.10.04 13:17:47.422,1.84725,1.84755,1.00,3.20
2010.10.04 13:17:47.779,1.84735,1.84775,1.00,3.20
2010.10.04 13:17:49.105,1.8473,1.8477,1.60,1.00
2010.10.04 13:17:49.381,1.8473,1.8477,1.00,1.00
2010.10.04 13:17:50.336,1.8474,1.8478,1.00,1.00
2010.10.04 13:17:50.649,1.84725,1.8478,1.00,1.00
2010.10.04 13:17:51.602,1.84725,1.8478,1.00,1.00
2010.10.04 13:17:51.957,1.84715,1.8478,1.00,1.00
2010.10.04 13:17:52.967,1.84715,1.8477,1.00,1.00
2010.10.04 13:17:53.231,1.84715,1.84775,1.00,1.20
2010.10.04 13:17:53.489,1.8472,1.8478,1.00,1.00
2010.10.04 13:17:54.728,1.84735,1.84785,1.00,1.00
2010.10.04 13:17:56.345,1.8474,1.84785,1.00,1.00
2010.10.04 13:18:01.843,1.84725,1.84785,1.00,1.00
2010.10.04 13:18:02.026,1.8473,1.8478,1.00,1.00
2010.10.04 13:18:03.138,1.8472,1.84765,1.60,1.00
2010.10.04 13:18:03.455,1.84725,1.84765,1.60,1.00
2010.10.04 13:18:04.741,1.84725,1.8477,3.40,1.00
2010.10.04 13:18:06.175,1.84725,1.8477,1.00,1.00
2010.10.04 13:18:06.454,1.84725,1.8477,3.40,1.00
2010.10.04 13:18:08.373,1.8473,1.8477,1.60,1.00
2010.10.04 13:18:10.124,1.84725,1.8477,1.00,1.00
2010.10.04 13:18:17.592,1.84715,1.84755,1.00,1.00
2010.10.04 13:18:17.826,1.84715,1.84755,3.40,1.00
2010.10.04 13:18:18.550,1.84715,1.84755,1.80,1.00
2010.10.04 13:18:21.309,1.84715,1.84755,1.00,1.00
2010.10.04 13:18:21.844,1.84725,1.84755,1.00,1.00
2010.10.04 13:18:22.115,1.84725,1.8477,1.00,1.60
2010.10.04 13:18:22.911,1.84725,1.8477,1.80,1.00
2010.10.04 13:18:23.180,1.84725,1.8477,3.40,1.00
2010.10.04 13:18:25.227,1.84725,1.8477,1.00,1.00
2010.10.04 13:18:29.580,1.84725,1.8477,1.00,2.00
2010.10.04 13:18:29.825,1.84725,1.8477,1.00,1.00
2010.10.04 13:18:33.363,1.84725,1.8477,1.00,2.00
2010.10.04 13:18:35.273,1.8473,1.8477,1.00,1.00
2010.10.04 13:18:35.785,1.8473,1.8477,1.80,1.00
2010.10.04 13:18:36.879,1.84735,1.84775,1.00,1.00
2010.10.04 13:18:38.413,1.8475,1.84785,3.40,1.00
2010.10.04 13:18:38.731,1.84755,1.84785,1.00,1.00
2010.10.04 13:18:39.772,1.84755,1.84795,1.00,3.60
2010.10.04 13:18:40.105,1.84755,1.84795,1.00,2.00
2010.10.04 13:18:41.159,1.84755,1.84795,1.00,3.60
2010.10.04 13:18:41.476,1.84755,1.84795,1.00,2.00
2010.10.04 13:18:42.485,1.84755,1.84795,1.00,3.60
2010.10.04 13:18:42.738,1.84745,1.84785,1.00,1.00
2010.10.04 13:18:42.971,1.84725,1.84785,1.00,1.00
2010.10.04 13:18:43.882,1.8472,1.8477,1.00,1.60
2010.10.04 13:18:44.185,1.8472,1.84765,1.00,1.00
2010.10.04 13:18:45.513,1.8471,1.8475,1.00,1.00
2010.10.04 13:18:45.828,1.84705,1.8475,1.00,1.00
2010.10.04 13:18:50.739,1.8469,1.84745,1.00,1.00
2010.10.04 13:18:50.924,1.8469,1.84735,1.00,1.00
2010.10.04 13:18:51.116,1.84695,1.84745,1.00,1.00
2010.10.04 13:18:51.306,1.84695,1.84745,1.00,1.60
2010.10.04 13:18:51.496,1.847,1.84745,1.00,1.00
2010.10.04 13:18:54.429,1.847,1.8475,1.00,1.00
2010.10.04 13:18:54.733,1.84705,1.8475,1.00,1.00
2010.10.04 13:19:01.153,1.84715,1.8475,1.00,1.00
2010.10.04 13:19:01.277,1.84715,1.8476,1.00,1.00
2010.10.04 13:19:03.474,1.84715,1.8476,1.00,2.00
2010.10.04 13:19:04.614,1.84715,1.8476,1.00,1.00
2010.10.04 13:19:04.707,1.84715,1.8476,1.00,2.00
2010.10.04 13:19:05.157,1.84705,1.8476,1.00,2.00
2010.10.04 13:19:05.338,1.84705,1.84745,1.00,1.00
2010.10.04 13:19:09.633,1.847,1.84745,1.80,1.00
2010.10.04 13:19:09.827,1.847,1.8474,1.60,1.00
2010.10.04 13:19:10.538,1.847,1.8474,3.20,1.00
2010.10.04 13:19:10.918,1.84715,1.8476,1.00,1.00
2010.10.04 13:19:14.465,1.8472,1.8476,1.00,1.00
2010.10.04 13:19:14.645,1.84725,1.8477,1.00,1.00
2010.10.04 13:19:14.830,1.8472,1.8477,1.00,1.00
2010.10.04 13:19:15.999,1.8471,1.8476,1.00,1.00
2010.10.04 13:19:16.299,1.8471,1.8476,1.00,1.00
2010.10.04 13:19:17.278,1.84715,1.8476,1.00,1.00
2010.10.04 13:19:17.573,1.8472,1.8477,1.00,1.00
2010.10.04 13:19:24.444,1.84715,1.8477,1.00,1.00
2010.10.04 13:19:25.518,1.8471,1.8476,1.00,1.00
2010.10.04 13:19:26.054,1.84715,1.8476,1.00,1.00
2010.10.04 13:19:26.454,1.84715,1.8477,1.00,1.00
2010.10.04 13:19:32.805,1.8471,1.8477,1.00,1.00
2010.10.04 13:19:32.915,1.8471,1.8476,1.00,1.00
2010.10.04 13:19:34.339,1.84705,1.8476,1.00,1.00
2010.10.04 13:19:35.217,1.8471,1.84755,1.00,1.00
2010.10.04 13:19:35.532,1.8471,1.8476,1.00,1.00
2010.10.04 13:19:36.457,1.84715,1.8476,1.00,1.00
2010.10.04 13:19:37.381,1.84705,1.84755,1.00,1.00
2010.10.04 13:19:50.472,1.8471,1.84755,1.00,1.00
2010.10.04 13:19:52.191,1.84695,1.84745,1.00,1.00
2010.10.04 13:19:52.494,1.8469,1.84745,1.00,1.00
2010.10.04 13:19:56.067,1.84685,1.84745,3.40,1.00
2010.10.04 13:19:57.096,1.84675,1.8473,1.00,1.00
2010.10.04 13:19:57.237,1.8468,1.8473,1.00,1.00
2010.10.04 13:19:58.865,1.84675,1.8473,3.40,1.00
2010.10.04 13:19:59.205,1.84675,1.8473,1.80,1.00
2010.10.04 13:20:00.218,1.8467,1.8473,3.50,1.00
2010.10.04 13:20:00.411,1.8467,1.8472,3.40,1.00
2010.10.04 13:20:01.315,1.8467,1.8472,1.80,1.00
2010.10.04 13:20:01.961,1.8467,1.8472,1.90,1.00
2010.10.04 13:20:02.276,1.8467,1.8472,1.00,1.00
2010.10.04 13:20:03.229,1.8468,1.8472,1.00,1.00
2010.10.04 13:20:05.165,1.84675,1.8472,1.00,1.00
2010.10.04 13:20:06.478,1.8469,1.8473,1.00,1.00
2010.10.04 13:20:06.688,1.8468,1.8473,1.00,1.00
2010.10.04 13:20:07.625,1.8468,1.84725,1.00,1.00
2010.10.04 13:20:07.929,1.8469,1.8473,3.40,1.00
2010.10.04 13:20:09.874,1.8469,1.8473,1.00,1.00
2010.10.04 13:20:10.144,1.8469,1.8473,3.40,1.00
2010.10.04 13:20:13.103,1.8469,1.8473,1.80,1.00
2010.10.04 13:20:13.976,1.8469,1.8473,1.80,1.00
2010.10.04 13:20:14.295,1.8469,1.8473,3.40,1.00
2010.10.04 13:20:15.594,1.8469,1.8473,3.40,1.00
2010.10.04 13:20:15.814,1.8469,1.8473,1.80,1.00
2010.10.04 13:20:16.034,1.8469,1.8473,3.40,1.00
2010.10.04 13:20:16.925,1.8469,1.8473,1.80,1.00
2010.10.04 13:20:18.513,1.8469,1.8473,1.80,1.00
2010.10.04 13:20:18.743,1.8469,1.8473,3.40,1.00
2010.10.04 13:20:18.973,1.8469,1.8473,3.40,1.00
2010.10.04 13:20:19.204,1.8469,1.8473,1.80,1.00
2010.10.04 13:20:20.639,1.84675,1.8472,1.00,1.00
2010.10.04 13:20:26.158,1.84665,1.8472,1.00,1.00
2010.10.04 13:20:26.328,1.84665,1.84705,1.00,1.00
2010.10.04 13:20:27.205,1.8469,1.84735,1.00,2.00
2010.10.04 13:20:27.453,1.8469,1.84735,1.00,1.00
2010.10.04 13:20:28.978,1.8468,1.8473,1.00,1.00
2010.10.04 13:20:31.446,1.84685,1.84735,1.00,1.00
2010.10.04 13:20:32.348,1.8469,1.84735,1.00,1.00
2010.10.04 13:20:36.780,1.8468,1.8473,1.00,1.00
2010.10.04 13:20:38.191,1.84685,1.84735,1.00,1.00
2010.10.04 13:20:38.715,1.8469,1.84735,1.00,1.00
2010.10.04 13:20:45.183,1.8469,1.8473,1.00,1.00
2010.10.04 13:20:45.467,1.8469,1.84735,1.00,2.00
2010.10.04 13:20:45.739,1.84675,1.8472,1.00,1.00
2010.10.04 13:20:46.951,1.84675,1.8472,1.00,3.60
2010.10.04 13:20:47.186,1.84675,1.8471,1.00,1.60
2010.10.04 13:20:47.426,1.84675,1.8471,1.00,3.20
2010.10.04 13:20:50.214,1.84675,1.84705,1.00,1.60
2010.10.04 13:20:50.793,1.8466,1.84705,1.00,1.60
2010.10.04 13:20:50.999,1.84675,1.84705,1.00,1.60
2010.10.04 13:20:51.304,1.84675,1.8471,1.00,3.20
2010.10.04 13:20:52.114,1.84675,1.84705,1.00,1.60
2010.10.04 13:20:52.713,1.84675,1.8471,1.00,3.20
2010.10.04 13:20:56.273,1.84665,1.847,1.00,1.60
2010.10.04 13:20:56.419,1.84665,1.84705,1.00,3.20
2010.10.04 13:21:00.915,1.8467,1.84705,1.00,3.20
2010.10.04 13:21:01.611,1.8467,1.84705,1.00,1.60
2010.10.04 13:21:01.699,1.84675,1.8471,1.00,1.60
2010.10.04 13:21:02.987,1.84675,1.8471,1.00,1.60
2010.10.04 13:21:03.818,1.84665,1.8471,1.00,1.00
2010.10.04 13:21:04.131,1.84645,1.84685,1.00,1.00
2010.10.04 13:21:06.983,1.8463,1.84675,1.00,1.00
2010.10.04 13:21:07.141,1.84645,1.84675,1.00,1.00
2010.10.04 13:21:07.908,1.84645,1.8468,1.00,1.00
2010.10.04 13:21:08.367,1.84645,1.84705,1.00,1.00
2010.10.04 13:21:08.702,1.8466,1.84705,1.00,1.00
2010.10.04 13:21:09.703,1.84655,1.84705,1.00,1.00
2010.10.04 13:21:12.837,1.84645,1.84705,1.00,1.00
2010.10.04 13:21:14.037,1.8465,1.84705,1.00,1.00
2010.10.04 13:21:14.677,1.84665,1.84705,1.00,1.00
2010.10.04 13:21:15.585,1.84665,1.8471,1.00,1.00
2010.10.04 13:21:15.901,1.84655,1.84705,1.00,1.00
2010.10.04 13:21:17.883,1.84665,1.8471,1.00,1.00
2010.10.04 13:21:19.193,1.84675,1.8472,1.00,1.60
2010.10.04 13:21:20.139,1.84665,1.8472,1.00,1.60
2010.10.04 13:21:20.459,1.8466,1.84705,1.00,1.00
2010.10.04 13:21:21.397,1.8467,1.84715,1.00,1.20
2010.10.04 13:21:22.289,1.8467,1.8472,1.00,1.00
2010.10.04 13:21:22.425,1.8468,1.8472,1.00,1.00
2010.10.04 13:21:22.550,1.8468,1.84725,1.00,1.00
2010.10.04 13:21:22.680,1.84675,1.84725,1.00,1.00
2010.10.04 13:21:23.768,1.84655,1.84695,1.00,1.00
2010.10.04 13:21:24.823,1.84645,1.84705,1.00,1.00
2010.10.04 13:21:25.093,1.8467,1.8471,1.00,1.00
2010.10.04 13:21:28.391,1.8467,1.8471,1.00,1.00
2010.10.04 13:21:30.299,1.84665,1.8471,1.00,1.00
2010.10.04 13:21:30.531,1.84675,1.8472,1.00,1.60
2010.10.04 13:21:31.466,1.84675,1.8472,1.00,1.00
2010.10.04 13:21:31.809,1.8467,1.8472,1.00,1.00
2010.10.04 13:21:35.125,1.8467,1.8472,1.00,1.00
2010.10.04 13:21:35.820,1.8467,1.8472,1.00,1.00
2010.10.04 13:21:43.509,1.84655,1.8472,1.00,1.00
2010.10.04 13:21:43.630,1.84655,1.847,1.00,1.00
2010.10.04 13:21:45.159,1.8465,1.84695,1.00,1.00
2010.10.04 13:21:45.973,1.84655,1.84695,1.00,1.00
2010.10.04 13:21:46.245,1.84655,1.847,1.00,1.00
2010.10.04 13:21:48.920,1.84665,1.8471,1.00,1.00
2010.10.04 13:21:49.199,1.8467,1.8471,1.00,1.00
2010.10.04 13:22:00.491,1.8466,1.8471,1.00,1.00
2010.10.04 13:22:00.832,1.8467,1.8471,1.00,1.00
2010.10.04 13:22:01.861,1.84665,1.8471,1.00,1.00
2010.10.04 13:22:02.110,1.8465,1.84685,1.00,1.00
2010.10.04 13:22:02.350,1.84655,1.847,1.00,1.00
2010.10.04 13:22:03.251,1.84665,1.847,1.00,1.00
2010.10.04 13:22:03.572,1.84665,1.8471,1.00,1.00
2010.10.04 13:22:04.939,1.84645,1.8468,1.00,3.20
2010.10.04 13:22:05.950,1.8464,1.8468,1.00,1.00
2010.10.04 13:22:06.294,1.8464,1.84685,1.00,1.00
2010.10.04 13:22:07.650,1.8464,1.8468,1.00,1.00
2010.10.04 13:22:07.901,1.8464,1.84675,1.00,1.60
2010.10.04 13:22:08.799,1.8462,1.84665,1.00,1.20
2010.10.04 13:22:09.083,1.8463,1.84675,1.00,1.00
2010.10.04 13:22:09.355,1.8463,1.84665,1.00,1.60
2010.10.04 13:22:11.177,1.8463,1.8467,1.00,3.20
2010.10.04 13:22:12.094,1.8464,1.84675,1.00,1.60
2010.10.04 13:22:12.438,1.8464,1.8468,1.00,3.20
2010.10.04 13:22:13.295,1.84645,1.8468,1.00,3.20
2010.10.04 13:22:14.423,1.8463,1.84665,1.00,1.60
2010.10.04 13:22:15.413,1.8463,1.8467,1.00,3.60
2010.10.04 13:22:15.727,1.8463,1.8467,1.00,1.00
2010.10.04 13:22:16.712,1.8463,1.8468,1.00,1.00
2010.10.04 13:22:16.978,1.8464,1.8468,1.00,1.00
2010.10.04 13:22:17.242,1.8464,1.84685,1.00,1.00
2010.10.04 13:22:18.343,1.84635,1.84685,1.00,1.00
2010.10.04 13:22:18.674,1.8464,1.84675,1.00,1.00
2010.10.04 13:22:19.701,1.84635,1.8468,1.00,1.60
2010.10.04 13:22:19.976,1.84635,1.8468,1.00,1.00
2010.10.04 13:22:21.273,1.84635,1.84675,1.00,1.60
2010.10.04 13:22:21.616,1.84635,1.8468,1.00,2.00
2010.10.04 13:22:22.657,1.8463,1.84675,1.00,1.60
2010.10.04 13:22:24.748,1.8463,1.84645,1.00,1.00
2010.10.04 13:22:25.013,1.8461,1.8465,1.00,1.00
2010.10.04 13:22:26.167,1.84605,1.8465,1.00,1.00
2010.10.04 13:22:26.607,1.8461,1.8465,1.00,1.00
2010.10.04 13:22:27.943,1.84605,1.8465,1.00,1.00
2010.10.04 13:22:28.368,1.84605,1.8466,1.00,1.60
2010.10.04 13:22:29.304,1.84615,1.8466,1.00,1.00
2010.10.04 13:22:29.598,1.84615,1.84665,1.00,1.00
2010.10.04 13:22:30.972,1.8462,1.84665,1.00,1.00
2010.10.04 13:22:32.977,1.8462,1.84655,1.00,1.60
2010.10.04 13:22:34.237,1.8462,1.84665,1.00,1.00
2010.10.04 13:22:34.598,1.84605,1.84665,1.00,1.00
2010.10.04 13:22:34.806,1.84595,1.8466,1.00,2.00
2010.10.04 13:22:35.943,1.84605,1.8466,1.00,1.00
2010.10.04 13:22:36.277,1.84605,1.8465,1.00,1.60
2010.10.04 13:22:37.311,1.84605,1.84655,1.00,1.60
2010.10.04 13:22:37.664,1.84615,1.8466,1.00,3.20
2010.10.04 13:22:38.722,1.8461,1.8466,1.00,3.60
2010.10.04 13:22:39.065,1.8461,1.84655,1.00,3.20
2010.10.04 13:22:39.406,1.84605,1.84655,1.00,3.20
2010.10.04 13:22:43.934,1.84605,1.84655,1.00,1.60
2010.10.04 13:22:44.279,1.84605,1.8466,1.00,3.60
2010.10.04 13:22:44.386,1.84605,1.8466,1.00,1.00
2010.10.04 13:22:44.797,1.8462,1.8466,1.00,1.00
2010.10.04 13:22:45.532,1.84605,1.8466,1.00,1.00
2010.10.04 13:22:45.848,1.8462,1.8468,1.00,1.00
2010.10.04 13:22:46.157,1.84605,1.8466,1.00,1.00
2010.10.04 13:22:47.555,1.846,1.8466,1.00,1.00
2010.10.04 13:22:47.700,1.846,1.8466,1.00,1.00
2010.10.04 13:22:47.847,1.846,1.8465,1.00,1.00
2010.10.04 13:22:48.991,1.84605,1.8465,1.00,1.00
2010.10.04 13:22:49.309,1.8459,1.8465,1.00,1.00
2010.10.04 13:22:49.627,1.8459,1.8465,1.00,1.00
2010.10.04 13:22:50.598,1.846,1.8466,1.00,1.00
2010.10.04 13:22:52.608,1.846,1.8466,1.00,1.00
2010.10.04 13:22:53.813,1.8461,1.84675,1.00,1.00
2010.10.04 13:22:55.425,1.846,1.84675,1.00,1.00
2010.10.04 13:22:56.145,1.84605,1.84675,1.00,1.00
2010.10.04 13:22:56.447,1.8461,1.84675,1.00,1.00
2010.10.04 13:22:56.737,1.8462,1.84675,1.00,1.00
2010.10.04 13:22:57.704,1.84605,1.8467,1.00,1.60
2010.10.04 13:22:58.010,1.846,1.8465,1.00,1.00
2010.10.04 13:22:59.353,1.8461,1.8465,1.00,1.00
2010.10.04 13:22:59.610,1.84605,1.8465,1.00,1.00
2010.10.04 13:23:03.670,1.84595,1.8465,1.00,1.00
2010.10.04 13:23:03.975,1.84595,1.84635,1.00,1.00
2010.10.04 13:23:05.483,1.84605,1.8465,1.00,1.00
2010.10.04 13:23:05.730,1.8459,1.8465,1.00,1.00
2010.10.04 13:23:07.894,1.8458,1.8465,1.00,1.00
2010.10.04 13:23:09.106,1.8458,1.8465,1.00,1.00
2010.10.04 13:23:10.595,1.8458,1.84635,1.00,1.00
2010.10.04 13:23:10.886,1.8458,1.84635,1.00,3.60
2010.10.04 13:23:11.645,1.84575,1.84635,1.00,3.60
2010.10.04 13:23:12.003,1.8456,1.8461,1.00,1.00
2010.10.04 13:23:13.337,1.8457,1.8461,1.00,1.00
2010.10.04 13:23:13.635,1.8456,1.8461,1.00,1.00
2010.10.04 13:23:13.935,1.84555,1.8461,3.20,1.00
2010.10.04 13:23:14.921,1.8456,1.8461,1.00,1.00
2010.10.04 13:23:16.225,1.84555,1.8461,3.20,1.00
2010.10.04 13:23:16.545,1.8455,1.8461,1.00,1.00
2010.10.04 13:23:17.549,1.8455,1.8461,1.00,1.00
2010.10.04 13:23:17.828,1.8456,1.8461,1.80,1.00
2010.10.04 13:23:18.102,1.84575,1.8463,1.00,1.00
2010.10.04 13:23:18.845,1.8456,1.84595,3.20,1.00
2010.10.04 13:23:19.127,1.84545,1.8461,1.00,1.00
2010.10.04 13:23:20.553,1.8456,1.8462,1.00,1.00
2010.10.04 13:23:20.898,1.8456,1.8462,1.00,1.00
2010.10.04 13:23:25.026,1.8457,1.8462,1.00,1.00
2010.10.04 13:23:26.116,1.8457,1.8463,1.00,3.20
2010.10.04 13:23:26.434,1.846,1.84635,1.00,1.00
2010.10.04 13:23:33.525,1.84625,1.84635,1.00,1.00
2010.10.04 13:23:33.766,1.84625,1.8466,1.00,1.00
2010.10.04 13:23:37.021,1.846,1.8466,1.00,1.00
2010.10.04 13:23:37.147,1.84585,1.8462,1.00,1.00
2010.10.04 13:23:37.996,1.846,1.84645,1.00,1.20
2010.10.04 13:23:38.306,1.8457,1.84645,1.00,1.00
2010.10.04 13:23:39.580,1.8456,1.84645,1.00,1.00
2010.10.04 13:23:41.000,1.8457,1.8464,1.00,1.00
2010.10.04 13:23:42.560,1.8457,1.8463,1.00,1.00
2010.10.04 13:23:42.797,1.8456,1.8463,1.00,1.00
2010.10.04 13:23:43.729,1.8458,1.8463,1.00,1.00
2010.10.04 13:23:44.743,1.8457,1.84635,1.00,1.00
2010.10.04 13:23:45.083,1.8458,1.8465,1.00,1.00
2010.10.04 13:23:46.130,1.8459,1.8465,1.70,1.00
2010.10.04 13:23:46.460,1.84585,1.8465,1.60,1.00
2010.10.04 13:23:48.140,1.8458,1.84635,1.00,1.00
2010.10.04 13:23:48.695,1.84575,1.84635,1.60,1.00
2010.10.04 13:23:50.523,1.8457,1.84635,3.30,1.00
2010.10.04 13:23:53.399,1.84575,1.84635,1.60,1.00
2010.10.04 13:23:53.634,1.8458,1.84625,1.00,1.00
2010.10.04 13:23:54.953,1.8458,1.8463,1.00,1.60
2010.10.04 13:23:55.273,1.8458,1.84625,1.60,1.00
2010.10.04 13:23:56.246,1.8457,1.84625,1.60,1.20
2010.10.04 13:23:56.578,1.8457,1.84625,1.60,1.20
2010.10.04 13:23:59.476,1.84565,1.84625,3.20,1.20
2010.10.04 13:23:59.976,1.8456,1.84625,1.00,1.20
2010.10.04 13:24:00.948,1.8456,1.84625,1.60,1.20
2010.10.04 13:24:01.455,1.8456,1.84625,3.20,1.20
2010.10.04 13:24:02.434,1.8457,1.84625,1.00,1.20
2010.10.04 13:24:04.529,1.8456,1.84625,1.00,1.20
2010.10.04 13:24:05.019,1.8457,1.84625,1.00,1.20
2010.10.04 13:24:06.537,1.8456,1.84625,1.00,1.20
2010.10.04 13:24:08.375,1.8457,1.84625,1.00,1.20
2010.10.04 13:24:12.881,1.8457,1.84625,1.00,1.00
2010.10.04 13:24:18.895,1.8456,1.8462,1.70,1.60
2010.10.04 13:24:18.980,1.8455,1.8461,1.70,1.00
2010.10.04 13:24:23.311,1.8455,1.8461,3.30,1.00
2010.10.04 13:24:23.495,1.8455,1.8461,1.70,1.00
2010.10.04 13:24:24.562,1.8455,1.84595,1.00,1.00
2010.10.04 13:24:25.491,1.8456,1.84595,1.00,1.00
2010.10.04 13:24:25.844,1.8455,1.8461,1.00,1.00
2010.10.04 13:24:26.185,1.8455,1.84615,1.00,1.00
2010.10.04 13:24:27.185,1.8456,1.84615,1.00,1.00
2010.10.04 13:24:29.090,1.8456,1.8461,1.00,1.00
2010.10.04 13:24:29.947,1.8455,1.8461,1.00,1.00
2010.10.04 13:24:30.294,1.8456,1.8461,1.00,1.00
2010.10.04 13:24:30.636,1.8455,1.8461,1.00,1.00
2010.10.04 13:24:32.015,1.8456,1.8461,1.00,1.00
2010.10.04 13:24:37.518,1.8457,1.8461,1.00,1.00
2010.10.04 13:24:40.142,1.8455,1.8461,1.00,1.00
2010.10.04 13:24:42.759,1.84555,1.8461,1.60,1.00
2010.10.04 13:24:42.964,1.8455,1.8461,1.00,1.00
2010.10.04 13:24:44.996,1.8455,1.8462,1.00,1.00
2010.10.04 13:24:50.957,1.8455,1.8462,1.60,1.00
2010.10.04 13:24:51.106,1.8455,1.8462,1.00,1.00
2010.10.04 13:24:52.247,1.8457,1.8462,1.00,1.00
2010.10.04 13:24:58.357,1.84555,1.84625,1.00,1.00
2010.10.04 13:24:59.285,1.8456,1.8463,1.00,1.60
2010.10.04 13:24:59.512,1.8456,1.84625,1.00,1.00
2010.10.04 13:24:59.745,1.8456,1.8463,1.00,1.00
2010.10.04 13:25:00.963,1.8457,1.8463,1.00,1.00
2010.10.04 13:25:01.499,1.8457,1.84625,1.00,1.00
2010.10.04 13:25:02.799,1.8456,1.84625,1.00,1.00
2010.10.04 13:25:04.087,1.84555,1.84625,1.00,1.00
2010.10.04 13:25:04.280,1.8455,1.8462,1.00,1.00
2010.10.04 13:25:05.190,1.84545,1.8463,1.00,1.00
2010.10.04 13:25:05.544,1.8456,1.8461,1.00,1.00
2010.10.04 13:25:06.544,1.8455,1.8461,3.30,1.00
2010.10.04 13:25:06.842,1.84555,1.8462,1.60,1.00
2010.10.04 13:25:07.136,1.8455,1.8462,3.30,1.00
2010.10.04 13:25:07.424,1.8456,1.8462,1.00,1.00
2010.10.04 13:25:08.629,1.8456,1.84625,3.20,1.00
2010.10.04 13:25:09.174,1.8456,1.84625,1.00,1.00
2010.10.04 13:25:19.911,1.84555,1.84625,1.00,1.00
2010.10.04 13:25:20.036,1.8456,1.84625,1.00,1.00
2010.10.04 13:25:20.279,1.8456,1.8463,1.00,1.60
2010.10.04 13:25:21.357,1.8457,1.8463,1.00,1.00
2010.10.04 13:25:21.696,1.84555,1.8463,1.00,1.00
2010.10.04 13:25:22.746,1.8456,1.8463,1.00,1.00
2010.10.04 13:25:23.090,1.8456,1.84625,1.00,1.00
2010.10.04 13:25:24.467,1.8457,1.84625,1.00,1.00
2010.10.04 13:25:26.457,1.8456,1.84625,1.00,1.00
2010.10.04 13:25:26.641,1.8456,1.84625,1.60,1.00
2010.10.04 13:25:26.906,1.8456,1.8461,1.60,1.00
2010.10.04 13:25:27.726,1.8455,1.8461,1.60,1.00
2010.10.04 13:25:28.020,1.8455,1.8461,1.00,1.00
2010.10.04 13:25:29.660,1.8456,1.8462,1.00,1.00
2010.10.04 13:25:39.284,1.8458,1.84655,1.00,2.00
2010.10.04 13:25:39.531,1.8459,1.84655,1.00,1.00
2010.10.04 13:25:40.278,1.8459,1.8466,1.00,1.30
2010.10.04 13:25:40.617,1.8459,1.8466,1.00,1.00
2010.10.04 13:25:41.909,1.846,1.8466,1.00,1.00
2010.10.04 13:25:42.487,1.846,1.84645,1.00,1.00
2010.10.04 13:25:43.629,1.846,1.84645,3.20,1.00
2010.10.04 13:25:43.895,1.846,1.84645,3.20,1.00
2010.10.04 13:25:44.956,1.84595,1.84645,3.20,1.00
2010.10.04 13:25:45.187,1.8459,1.84645,1.60,1.00
2010.10.04 13:25:45.415,1.8459,1.84645,1.70,1.00
2010.10.04 13:25:46.481,1.84585,1.84645,1.00,1.00
2010.10.04 13:25:46.795,1.84585,1.84645,1.00,2.00
2010.10.04 13:25:47.810,1.84585,1.8464,1.00,1.60
2010.10.04 13:25:48.018,1.8457,1.84625,1.00,1.00
2010.10.04 13:25:48.211,1.8458,1.84625,1.00,1.00
2010.10.04 13:25:48.963,1.8457,1.8463,1.00,3.20
2010.10.04 13:25:49.310,1.8456,1.84625,1.00,1.00
2010.10.04 13:25:49.656,1.8456,1.8463,1.00,1.00
2010.10.04 13:25:51.314,1.8456,1.84625,1.00,3.20
2010.10.04 13:25:52.658,1.8456,1.84625,1.00,3.60
2010.10.04 13:25:52.699,1.8456,1.84625,1.00,3.20
2010.10.04 13:25:52.872,1.8456,1.8462,1.00,1.60
2010.10.04 13:25:52.975,1.8456,1.8462,1.00,3.20
2010.10.04 13:25:53.680,1.8456,1.8462,1.00,1.60
2010.10.04 13:25:54.025,1.8457,1.84625,1.00,3.20
2010.10.04 13:25:54.366,1.8457,1.8462,1.00,1.60
2010.10.04 13:25:55.374,1.8456,1.8462,1.00,1.60
2010.10.04 13:25:55.604,1.8456,1.8463,1.00,3.60
2010.10.04 13:25:56.882,1.8457,1.8463,1.00,1.00
2010.10.04 13:25:58.176,1.8457,1.84625,1.00,1.00
2010.10.04 13:26:05.239,1.8457,1.84625,1.00,1.60
2010.10.04 13:26:05.338,1.8455,1.846,1.00,1.00
2010.10.04 13:26:06.132,1.8455,1.846,1.00,1.00
2010.10.04 13:26:06.246,1.8454,1.84595,1.00,1.00
2010.10.04 13:26:07.059,1.8454,1.84595,1.00,1.00
2010.10.04 13:26:08.158,1.8454,1.84585,1.00,1.60
2010.10.04 13:26:08.608,1.8452,1.8457,1.00,1.00
2010.10.04 13:26:09.110,1.84515,1.8457,3.60,1.00
2010.10.04 13:26:10.048,1.8451,1.8456,1.00,1.00
2010.10.04 13:26:13.439,1.8451,1.8456,1.60,1.00
2010.10.04 13:26:13.616,1.8451,1.84565,1.60,1.00
2010.10.04 13:26:13.974,1.8451,1.84565,1.00,1.00
2010.10.04 13:26:15.375,1.8451,1.84565,1.00,1.00
2010.10.04 13:26:16.364,1.8451,1.84575,1.00,1.00
2010.10.04 13:26:17.175,1.84505,1.84575,3.20,1.00
2010.10.04 13:26:17.287,1.84515,1.84575,3.20,1.00
2010.10.04 13:26:17.624,1.8452,1.84575,1.60,1.00
2010.10.04 13:26:18.409,1.8452,1.84575,3.20,1.00
2010.10.04 13:26:18.748,1.84525,1.8459,1.00,1.00
2010.10.04 13:26:19.862,1.84525,1.8459,1.00,2.10
2010.10.04 13:26:20.427,1.84525,1.8459,1.00,3.70
2010.10.04 13:26:21.489,1.8454,1.84605,1.00,3.60
2010.10.04 13:26:22.720,1.8454,1.846,1.00,1.00
2010.10.04 13:26:23.008,1.8453,1.846,1.00,2.00
2010.10.04 13:26:23.286,1.8453,1.846,1.00,3.60
2010.10.04 13:26:23.565,1.84525,1.846,1.00,3.60
2010.10.04 13:26:24.538,1.84525,1.8459,1.00,2.00
2010.10.04 13:26:24.825,1.8453,1.8459,1.00,2.00
2010.10.04 13:26:25.609,1.8453,1.8459,1.00,1.00
2010.10.04 13:26:25.920,1.8453,1.8459,1.00,2.00
2010.10.04 13:26:26.227,1.84525,1.8459,1.00,2.00
2010.10.04 13:26:28.154,1.84525,1.8459,1.00,3.60
2010.10.04 13:26:28.336,1.8453,1.8459,1.00,2.00
2010.10.04 13:26:29.201,1.8453,1.8459,1.00,1.00
2010.10.04 13:26:29.389,1.84535,1.8459,3.20,1.00
2010.10.04 13:26:34.787,1.84545,1.84605,3.20,1.00
2010.10.04 13:26:34.842,1.84545,1.846,3.20,1.00
2010.10.04 13:26:35.186,1.8454,1.846,3.20,1.00
2010.10.04 13:26:36.250,1.84535,1.846,3.20,1.20
2010.10.04 13:26:37.086,1.84535,1.846,1.60,1.20
2010.10.04 13:26:37.434,1.84525,1.8459,1.00,1.00
2010.10.04 13:26:37.776,1.84525,1.8459,2.00,1.00
2010.10.04 13:26:39.119,1.84525,1.8459,1.00,1.00
2010.10.04 13:26:39.247,1.84525,1.8459,2.00,1.00
2010.10.04 13:26:40.524,1.84525,1.8459,1.00,1.00
2010.10.04 13:26:40.947,1.84525,1.8459,2.00,1.00
2010.10.04 13:26:41.155,1.84525,1.8459,1.00,1.00
2010.10.04 13:26:41.369,1.84525,1.8459,1.00,1.00
2010.10.04 13:26:42.096,1.84525,1.8459,1.00,1.00
2010.10.04 13:26:44.365,1.84525,1.8459,1.00,1.00
2010.10.04 13:26:44.665,1.8452,1.84575,2.00,1.00
2010.10.04 13:26:44.966,1.8452,1.84575,1.00,1.00
2010.10.04 13:26:48.216,1.8452,1.84575,1.00,2.00
2010.10.04 13:26:49.180,1.845,1.84565,1.00,1.00
2010.10.04 13:26:52.168,1.8452,1.84575,1.00,1.00
2010.10.04 13:26:53.979,1.8451,1.84565,1.00,1.00
2010.10.04 13:26:55.011,1.8451,1.84565,1.00,1.00
2010.10.04 13:27:03.033,1.845,1.8456,1.00,1.00
2010.10.04 13:27:03.468,1.845,1.8456,1.00,1.00
2010.10.04 13:27:04.589,1.8449,1.8455,1.00,1.00
2010.10.04 13:27:05.953,1.845,1.8454,1.00,1.00
2010.10.04 13:27:07.514,1.8449,1.8455,1.00,1.60
2010.10.04 13:27:07.800,1.8449,1.8455,1.00,1.00
2010.10.04 13:27:09.575,1.8449,1.8455,1.60,1.00
2010.10.04 13:27:09.662,1.84495,1.84555,1.00,1.00
2010.10.04 13:27:11.203,1.84505,1.8457,1.00,2.00
2010.10.04 13:27:11.465,1.84505,1.8457,1.00,1.00
2010.10.04 13:27:13.092,1.84515,1.84575,1.00,1.00
2010.10.04 13:27:28.924,1.84515,1.8457,1.00,1.60
2010.10.04 13:27:30.765,1.84515,1.84575,1.00,3.60
2010.10.04 13:27:32.666,1.8451,1.8456,1.00,1.00
2010.10.04 13:27:33.486,1.8452,1.8456,1.00,1.00
2010.10.04 13:27:33.551,1.8451,1.8457,1.00,2.00
2010.10.04 13:27:34.624,1.8451,1.8457,1.00,1.00
2010.10.04 13:27:34.875,1.8452,1.8457,1.00,1.00
2010.10.04 13:27:40.156,1.8452,1.8456,1.00,1.00
2010.10.04 13:27:40.278,1.8451,1.8456,1.00,1.00
2010.10.04 13:27:41.962,1.84515,1.8457,1.00,1.60
2010.10.04 13:27:42.228,1.8452,1.84575,1.00,1.00
2010.10.04 13:27:52.186,1.84515,1.84575,1.00,1.00
2010.10.04 13:27:53.187,1.8451,1.8457,1.00,1.00
2010.10.04 13:27:53.357,1.8452,1.8458,1.00,1.00
2010.10.04 13:27:53.518,1.84525,1.8458,1.60,1.00
2010.10.04 13:27:54.947,1.8453,1.8458,1.00,1.00
2010.10.04 13:27:58.390,1.8453,1.8457,1.00,1.00
2010.10.04 13:27:58.727,1.8453,1.84585,1.00,1.00
2010.10.04 13:27:59.069,1.8453,1.8458,1.00,1.00
2010.10.04 13:27:59.796,1.84525,1.8458,3.20,1.00
2010.10.04 13:28:00.151,1.84525,1.8458,1.60,1.00
2010.10.04 13:28:04.374,1.8453,1.8458,1.00,1.00
2010.10.04 13:28:04.465,1.8453,1.8458,1.70,1.00
2010.10.04 13:28:04.635,1.8453,1.8458,3.30,1.00
2010.10.04 13:28:04.765,1.8453,1.8458,1.70,1.00
2010.10.04 13:28:06.029,1.8452,1.8458,1.00,1.00
2010.10.04 13:28:06.265,1.8453,1.8458,1.00,1.00
2010.10.04 13:28:06.563,1.8452,1.8458,1.00,1.00
2010.10.04 13:28:07.997,1.8452,1.8458,1.00,1.00
2010.10.04 13:28:08.300,1.8452,1.8458,1.00,1.00
2010.10.04 13:28:12.726,1.8453,1.84585,1.00,1.00
2010.10.04 13:28:17.727,1.8453,1.84575,1.00,3.20
2010.10.04 13:28:20.198,1.8453,1.84585,1.00,1.00
2010.10.04 13:28:25.388,1.8453,1.8458,1.00,1.00
2010.10.04 13:28:26.665,1.8452,1.8458,1.00,1.00
2010.10.04 13:28:28.404,1.8453,1.8458,1.00,1.00
2010.10.04 13:28:33.476,1.8452,1.8458,1.00,1.00
2010.10.04 13:28:34.240,1.8453,1.84585,1.00,1.00
2010.10.04 13:28:38.525,1.8453,1.8458,1.00,1.00
2010.10.04 13:28:41.264,1.8452,1.8458,2.00,1.00
2010.10.04 13:28:42.125,1.8452,1.8458,1.00,1.00
2010.10.04 13:28:42.654,1.8452,1.8458,2.00,1.00
2010.10.04 13:28:42.794,1.8452,1.8458,1.00,1.00
2010.10.04 13:28:43.880,1.8452,1.8458,1.00,1.00
2010.10.04 13:28:44.147,1.8453,1.8458,1.00,1.00
2010.10.04 13:28:47.272,1.8452,1.8458,3.70,1.00
2010.10.04 13:28:47.482,1.8453,1.84585,1.00,1.00
2010.10.04 13:28:47.686,1.8453,1.84585,1.00,1.00
2010.10.04 13:28:49.091,1.8453,1.84595,1.00,1.00
2010.10.04 13:28:49.429,1.8454,1.84595,1.00,1.00
2010.10.04 13:28:50.127,1.8454,1.84595,1.00,1.00
2010.10.04 13:28:54.585,1.8454,1.84585,1.00,1.00
2010.10.04 13:28:56.091,1.8453,1.84585,1.00,1.00
2010.10.04 13:29:02.685,1.8454,1.84585,1.00,1.00
2010.10.04 13:29:03.661,1.84555,1.84595,1.00,1.60
2010.10.04 13:29:03.786,1.84545,1.846,1.00,3.20
2010.10.04 13:29:04.616,1.84545,1.846,1.00,1.60
2010.10.04 13:29:04.966,1.8454,1.8459,1.00,1.60
2010.10.04 13:29:06.856,1.8454,1.8459,1.00,3.20
2010.10.04 13:29:07.415,1.8454,1.8459,1.00,1.60
2010.10.04 13:29:08.234,1.8453,1.8459,1.00,1.60
2010.10.04 13:29:08.355,1.8453,1.84595,1.00,3.60
2010.10.04 13:29:09.527,1.8453,1.8459,1.00,1.60
2010.10.04 13:29:09.866,1.8453,1.8459,1.00,3.20
2010.10.04 13:29:10.206,1.8454,1.84595,1.00,3.20
2010.10.04 13:29:10.407,1.8453,1.84595,1.00,2.00
2010.10.04 13:29:11.286,1.8453,1.8459,1.00,1.60
2010.10.04 13:29:11.498,1.8453,1.8459,1.00,3.20
2010.10.04 13:29:14.139,1.8454,1.8459,1.00,1.60
2010.10.04 13:29:14.236,1.8454,1.846,1.00,2.00
2010.10.04 13:29:14.335,1.8454,1.84595,1.00,1.60
2010.10.04 13:29:14.536,1.8454,1.8459,1.00,1.60
2010.10.04 13:29:15.586,1.8454,1.84595,1.00,3.20
2010.10.04 13:29:15.917,1.8454,1.846,1.00,3.60
2010.10.04 13:29:17.225,1.84545,1.846,1.00,1.00
2010.10.04 13:29:17.925,1.84545,1.846,1.00,2.00
2010.10.04 13:29:20.227,1.84545,1.846,1.00,3.60
2010.10.04 13:29:20.354,1.84545,1.846,1.00,2.00
2010.10.04 13:29:20.624,1.8455,1.846,1.00,1.60
2010.10.04 13:29:20.755,1.8455,1.84595,1.00,1.60
2010.10.04 13:29:20.885,1.8455,1.846,1.00,1.60
2010.10.04 13:29:21.622,1.8455,1.84605,1.00,1.60
2010.10.04 13:29:21.904,1.8455,1.8461,1.00,3.70
2010.10.04 13:29:22.179,1.84555,1.8461,1.00,3.30
2010.10.04 13:29:22.447,1.84555,1.8461,1.00,3.20
2010.10.04 13:29:24.314,1.84555,1.8461,1.00,3.30
2010.10.04 13:29:27.264,1.84555,1.8461,1.00,3.20
2010.10.04 13:29:28.753,1.84555,1.8461,1.00,3.30
2010.10.04 13:29:30.894,1.84545,1.846,1.00,3.20
2010.10.04 13:29:41.615,1.84545,1.84595,1.00,1.60
2010.10.04 13:29:41.755,1.84545,1.84595,1.00,3.20
2010.10.04 13:29:44.544,1.84545,1.846,1.00,3.20
2010.10.04 13:29:48.289,1.84545,1.84595,1.00,1.60
2010.10.04 13:29:48.325,1.84545,1.84595,1.00,3.20
2010.10.04 13:29:49.125,1.84545,1.846,1.00,3.20
2010.10.04 13:29:58.914,1.84545,1.84595,1.00,1.60
2010.10.04 13:29:59.950,1.84545,1.8459,1.00,1.60
2010.10.04 13:30:01.487,1.84545,1.84595,1.00,3.20
2010.10.04 13:30:02.817,1.84545,1.846,1.00,3.20
2010.10.04 13:30:06.280,1.84545,1.846,1.00,1.60
2010.10.04 13:30:06.439,1.84545,1.84605,1.00,3.60
2010.10.04 13:30:06.599,1.8456,1.84605,1.00,3.20
2010.10.04 13:30:07.654,1.8453,1.84595,1.00,1.00
2010.10.04 13:30:08.711,1.8453,1.84595,1.00,1.00
2010.10.04 13:30:08.982,1.84535,1.84595,1.00,1.00
2010.10.04 13:30:09.934,1.84535,1.8459,1.00,1.60
2010.10.04 13:30:12.145,1.84535,1.8459,1.00,3.20
2010.10.04 13:30:12.294,1.84535,1.8459,1.00,1.60
2010.10.04 13:30:13.315,1.84535,1.8459,1.00,3.20
2010.10.04 13:30:14.600,1.84525,1.8459,1.00,3.60
2010.10.04 13:30:14.890,1.8453,1.84595,1.00,1.00
2010.10.04 13:30:16.318,1.8455,1.8461,1.00,3.20
2010.10.04 13:30:16.588,1.84555,1.84615,1.60,1.00
2010.10.04 13:30:17.548,1.8456,1.8462,1.00,1.00
2010.10.04 13:30:18.746,1.84545,1.8461,1.00,1.00
2010.10.04 13:30:20.093,1.8455,1.8461,1.00,1.00
2010.10.04 13:30:20.970,1.84545,1.8461,1.00,1.00
2010.10.04 13:30:23.601,1.8455,1.8461,1.00,1.00
2010.10.04 13:30:25.621,1.8455,1.8462,1.00,1.00
2010.10.04 13:30:25.801,1.84555,1.84625,1.00,1.00
2010.10.04 13:30:28.723,1.84555,1.8461,3.20,1.00
2010.10.04 13:30:29.145,1.8456,1.8461,1.60,1.00
2010.10.04 13:30:29.989,1.8456,1.84625,1.60,1.60
2010.10.04 13:30:30.214,1.84555,1.84625,1.00,1.00
2010.10.04 13:30:30.628,1.84555,1.84625,1.00,1.60
2010.10.04 13:30:31.517,1.84545,1.8461,2.00,1.00
2010.10.04 13:30:31.723,1.8455,1.8462,1.00,1.00
2010.10.04 13:30:33.028,1.8455,1.8462,3.20,1.00
2010.10.04 13:30:33.365,1.8455,1.8462,1.60,1.00
2010.10.04 13:30:34.386,1.8455,1.8462,3.20,1.00
2010.10.04 13:30:34.726,1.8455,1.8462,1.60,1.00
2010.10.04 13:30:34.855,1.8455,1.8462,3.20,1.00
2010.10.04 13:30:34.985,1.8455,1.8462,1.60,1.00
2010.10.04 13:30:35.114,1.8455,1.8461,1.00,1.00
2010.10.04 13:30:38.010,1.8456,1.8462,1.00,1.00
2010.10.04 13:30:38.176,1.8456,1.8461,1.00,1.00
2010.10.04 13:30:41.378,1.8456,1.8461,1.00,1.00
2010.10.04 13:30:42.266,1.8455,1.8462,1.00,1.00
2010.10.04 13:30:42.560,1.84555,1.84625,1.00,1.00
2010.10.04 13:30:45.730,1.8456,1.8462,1.00,1.00
2010.10.04 13:30:46.832,1.8455,1.8461,1.00,1.00
2010.10.04 13:30:47.157,1.8455,1.8461,1.00,1.00
2010.10.04 13:30:48.215,1.8455,1.8461,1.00,1.00
2010.10.04 13:30:49.533,1.8456,1.8461,1.00,1.00
2010.10.04 13:30:49.788,1.8455,1.8461,1.00,1.00
2010.10.04 13:30:51.621,1.8455,1.8461,4.60,1.00
2010.10.04 13:30:51.749,1.84555,1.8461,3.20,1.00
2010.10.04 13:30:51.879,1.84555,1.84625,3.60,1.00
2010.10.04 13:30:52.702,1.8456,1.8462,1.00,1.00
2010.10.04 13:30:53.385,1.8456,1.8462,1.00,2.00
2010.10.04 13:30:53.725,1.8456,1.8462,1.00,1.00
2010.10.04 13:30:54.714,1.8456,1.8462,1.00,1.00
2010.10.04 13:30:54.835,1.8455,1.84605,3.20,1.00
2010.10.04 13:30:54.919,1.8455,1.84605,1.60,1.00
2010.10.04 13:30:55.728,1.8456,1.84605,1.00,1.00
2010.10.04 13:30:56.065,1.8455,1.84605,1.00,1.00
2010.10.04 13:30:56.406,1.8456,1.8462,1.00,2.00
2010.10.04 13:30:57.388,1.8456,1.8462,2.00,1.00
2010.10.04 13:30:57.647,1.8456,1.8462,1.00,1.00
2010.10.04 13:30:58.590,1.8455,1.8461,1.60,1.00
2010.10.04 13:30:58.891,1.8455,1.8461,1.00,1.00
2010.10.04 13:30:59.480,1.8456,1.8461,1.00,1.00
2010.10.04 13:31:02.536,1.8455,1.8461,1.00,1.00
2010.10.04 13:31:05.398,1.8454,1.8461,2.10,1.00
2010.10.04 13:31:09.174,1.84545,1.8463,1.00,2.10
2010.10.04 13:31:09.239,1.8454,1.8461,1.00,1.00
2010.10.04 13:31:10.763,1.8454,1.8459,1.00,1.00
2010.10.04 13:31:11.440,1.8453,1.8459,3.30,1.00
2010.10.04 13:31:12.389,1.84535,1.84595,3.60,1.00
2010.10.04 13:31:13.079,1.84535,1.84595,2.00,1.00
2010.10.04 13:31:14.411,1.84535,1.84595,3.60,1.00
2010.10.04 13:31:15.576,1.8457,1.8462,1.00,1.00
2010.10.04 13:31:15.751,1.8454,1.8461,1.00,1.00
2010.10.04 13:31:16.566,1.8454,1.8461,1.00,1.00
2010.10.04 13:31:17.848,1.8454,1.8461,2.10,1.00
2010.10.04 13:31:18.336,1.8455,1.8461,1.00,1.00
2010.10.04 13:31:22.025,1.8454,1.8461,3.60,1.00
2010.10.04 13:31:22.196,1.8454,1.8461,2.00,1.00
2010.10.04 13:31:23.225,1.8456,1.8461,1.20,1.00
2010.10.04 13:31:23.583,1.8456,1.8462,1.00,1.00
2010.10.04 13:31:23.708,1.84555,1.8462,1.00,3.20
2010.10.04 13:31:24.633,1.84555,1.8463,1.00,3.60
2010.10.04 13:31:24.911,1.84555,1.8463,1.00,1.00
2010.10.04 13:31:26.684,1.8455,1.8463,1.20,1.00
2010.10.04 13:31:26.980,1.84555,1.8463,1.00,1.00
2010.10.04 13:31:28.869,1.84565,1.84635,1.00,1.00
2010.10.04 13:31:29.166,1.84565,1.84635,3.60,1.00
2010.10.04 13:31:30.404,1.84555,1.8462,1.00,1.00
2010.10.04 13:31:38.245,1.8456,1.8462,1.00,1.00
2010.10.04 13:31:38.408,1.8456,1.8462,1.30,1.00
2010.10.04 13:31:38.447,1.8456,1.8462,2.90,1.00
2010.10.04 13:31:39.213,1.84555,1.8462,1.00,1.00
2010.10.04 13:31:59.079,1.8455,1.8461,1.70,1.00
2010.10.04 13:31:59.178,1.8455,1.8461,1.00,1.00
2010.10.04 13:32:00.043,1.8455,1.84615,1.00,1.00
2010.10.04 13:32:01.617,1.8455,1.84615,1.00,1.00
2010.10.04 13:32:06.773,1.84555,1.8462,1.00,1.00
2010.10.04 13:32:07.021,1.84555,1.8462,1.00,2.00
2010.10.04 13:32:07.898,1.84545,1.846,1.00,1.00
2010.10.04 13:32:08.243,1.84545,1.846,3.60,1.00
2010.10.04 13:32:08.591,1.8454,1.8459,1.00,1.00
2010.10.04 13:32:09.626,1.84535,1.8459,3.20,1.00
2010.10.04 13:32:10.105,1.84535,1.8459,1.60,1.00
2010.10.04 13:32:10.958,1.8453,1.84605,2.00,1.20
2010.10.04 13:32:11.229,1.8453,1.8459,1.60,1.00
2010.10.04 13:32:11.777,1.8453,1.8459,3.20,1.00
2010.10.04 13:32:12.599,1.8453,1.8459,3.20,1.00
2010.10.04 13:32:12.832,1.8453,1.8459,1.60,1.00
2010.10.04 13:32:13.068,1.84525,1.8459,3.60,1.00
2010.10.04 13:32:14.272,1.84525,1.8459,1.00,1.00
2010.10.04 13:32:17.848,1.8452,1.8459,1.00,1.00
2010.10.04 13:32:19.151,1.84525,1.8459,1.00,1.00
2010.10.04 13:32:29.985,1.8453,1.8459,1.00,1.00
2010.10.04 13:32:33.050,1.84525,1.8459,1.00,1.00
2010.10.04 13:32:35.205,1.8453,1.8459,1.00,1.00
2010.10.04 13:32:35.937,1.8453,1.8459,1.00,1.60
2010.10.04 13:32:36.143,1.8453,1.8459,1.00,1.00
2010.10.04 13:32:37.588,1.8453,1.8458,1.00,1.00
2010.10.04 13:32:42.187,1.8452,1.8458,1.00,1.00
2010.10.04 13:32:42.516,1.8451,1.8458,1.00,2.00
2010.10.04 13:32:43.429,1.8451,1.8458,1.00,1.00
2010.10.04 13:32:43.733,1.84515,1.8459,1.00,1.00
2010.10.04 13:32:46.591,1.8451,1.8458,1.00,1.00
2010.10.04 13:32:51.877,1.8451,1.8458,1.00,1.00
2010.10.04 13:32:52.983,1.8452,1.8458,1.00,1.00
2010.10.04 13:32:53.267,1.8451,1.8458,1.00,1.00
2010.10.04 13:32:55.255,1.8452,1.8458,1.00,1.00
2010.10.04 13:32:56.655,1.8451,1.8458,1.00,1.00
2010.10.04 13:32:56.977,1.8452,1.8458,1.00,1.00
2010.10.04 13:33:02.966,1.84515,1.8458,1.00,1.00
2010.10.04 13:33:03.268,1.8451,1.8457,1.00,1.00
2010.10.04 13:33:04.304,1.845,1.8457,1.00,1.00
2010.10.04 13:33:05.289,1.84505,1.8457,1.00,1.00
2010.10.04 13:33:05.546,1.84505,1.8457,1.00,1.00
2010.10.04 13:33:06.325,1.84505,1.8457,1.00,1.00
2010.10.04 13:33:07.382,1.84515,1.8458,1.00,1.00
2010.10.04 13:33:07.647,1.84515,1.84585,1.00,1.00
2010.10.04 13:33:11.860,1.8453,1.8459,1.00,1.00
2010.10.04 13:33:12.070,1.84525,1.8458,1.00,1.00
2010.10.04 13:33:13.013,1.84525,1.8458,1.00,2.00
2010.10.04 13:33:13.362,1.8451,1.84565,1.00,1.60
2010.10.04 13:33:14.582,1.84515,1.84585,1.00,3.60
2010.10.04 13:33:14.886,1.84515,1.8458,1.00,1.60
2010.10.04 13:33:15.185,1.84515,1.84585,1.00,3.60
2010.10.04 13:33:16.173,1.84515,1.8458,1.00,1.60
2010.10.04 13:33:16.491,1.84515,1.84585,1.00,1.00
2010.10.04 13:33:17.095,1.84515,1.84585,1.00,3.60
2010.10.04 13:33:17.949,1.84515,1.8458,1.00,1.60
2010.10.04 13:33:18.120,1.84515,1.8458,1.00,3.30
2010.10.04 13:33:18.637,1.84515,1.8458,1.00,3.20
2010.10.04 13:33:20.405,1.84515,1.8458,1.00,1.60
2010.10.04 13:33:21.643,1.84525,1.8458,1.00,2.00
2010.10.04 13:33:21.778,1.84525,1.8458,1.00,1.00
2010.10.04 13:33:21.918,1.84525,1.8458,1.00,1.00
2010.10.04 13:33:23.635,1.84525,1.8458,1.00,2.00
2010.10.04 13:33:25.105,1.84515,1.84585,1.00,2.00
2010.10.04 13:33:25.287,1.84515,1.84585,1.00,1.00
2010.10.04 13:33:26.346,1.8452,1.84585,1.00,1.00
2010.10.04 13:33:28.647,1.84515,1.84585,1.00,2.00
2010.10.04 13:33:29.420,1.8452,1.8459,1.00,3.20
2010.10.04 13:33:30.109,1.8453,1.8459,1.00,1.60
2010.10.04 13:33:31.219,1.8453,1.8459,1.00,1.00
2010.10.04 13:33:33.244,1.8453,1.8459,1.00,3.30
2010.10.04 13:33:39.277,1.8453,1.8459,1.00,1.70
2010.10.04 13:33:41.825,1.8453,1.84585,1.00,1.60
2010.10.04 13:33:42.167,1.8453,1.84585,1.00,3.20
2010.10.04 13:33:43.047,1.8453,1.8458,1.00,1.00
2010.10.04 13:33:44.236,1.8453,1.84585,1.00,3.20
2010.10.04 13:33:45.135,1.8453,1.8458,1.00,1.00
2010.10.04 13:33:45.317,1.8453,1.8459,1.00,1.00
2010.10.04 13:33:46.177,1.8453,1.84595,1.00,1.00
2010.10.04 13:33:46.357,1.8453,1.8459,1.00,3.20
2010.10.04 13:33:47.315,1.8452,1.84585,1.00,1.00
2010.10.04 13:33:47.656,1.84515,1.8458,1.00,1.60
2010.10.04 13:33:47.987,1.8452,1.84585,1.00,3.20
2010.10.04 13:33:49.351,1.8451,1.8458,1.00,3.20
2010.10.04 13:33:50.993,1.8451,1.8458,1.00,1.60
2010.10.04 13:33:51.335,1.8451,1.8458,1.00,3.20
2010.10.04 13:33:51.515,1.8451,1.8458,1.00,1.60
2010.10.04 13:33:52.345,1.8451,1.8458,1.00,1.60
2010.10.04 13:33:52.985,1.8451,1.8458,1.00,3.20
2010.10.04 13:33:53.977,1.8451,1.8458,1.00,1.00
2010.10.04 13:33:54.214,1.8451,1.8457,1.00,1.20
2010.10.04 13:33:54.442,1.8453,1.8458,1.60,1.00
2010.10.04 13:33:54.669,1.84535,1.84585,1.00,3.20
2010.10.04 13:33:55.655,1.8452,1.8458,1.00,1.60
2010.10.04 13:33:55.936,1.8452,1.84585,1.00,3.20
2010.10.04 13:33:56.486,1.8452,1.8458,1.00,1.60
2010.10.04 13:33:56.827,1.84515,1.84585,1.00,3.60
2010.10.04 13:33:57.680,1.84515,1.8458,1.00,3.20
2010.10.04 13:33:58.346,1.84515,1.8458,1.00,1.60
2010.10.04 13:33:58.584,1.84515,1.8458,1.00,3.20
2010.10.04 13:33:58.925,1.84515,1.8458,1.00,1.60
2010.10.04 13:33:59.945,1.84515,1.8458,1.00,3.20
2010.10.04 13:34:01.279,1.84515,1.8458,1.00,1.60
2010.10.04 13:34:09.374,1.84515,1.8458,1.00,3.20
2010.10.04 13:34:09.606,1.84515,1.84585,1.00,3.60
2010.10.04 13:34:09.845,1.84515,1.84585,1.00,2.00
2010.10.04 13:34:10.634,1.84515,1.84585,1.00,3.60
2010.10.04 13:34:10.918,1.8451,1.8458,1.00,1.00
2010.10.04 13:34:13.444,1.8452,1.8458,1.00,1.00
2010.10.04 13:34:16.483,1.84505,1.84575,1.00,1.00
2010.10.04 13:34:16.626,1.84505,1.84575,1.00,2.00
2010.10.04 13:34:16.695,1.84505,1.84575,1.00,3.60
2010.10.04 13:34:17.820,1.84505,1.84575,1.00,2.00
2010.10.04 13:34:18.167,1.84505,1.84575,1.00,3.60
2010.10.04 13:34:18.506,1.84505,1.84565,1.00,1.60
2010.10.04 13:34:19.075,1.84505,1.84565,1.00,3.20
2010.10.04 13:34:19.938,1.84505,1.84565,1.00,1.60
2010.10.04 13:34:20.087,1.8451,1.84565,1.00,1.60
2010.10.04 13:34:20.375,1.8451,1.84565,1.00,3.20
2010.10.04 13:34:20.525,1.84505,1.84565,1.00,3.20
2010.10.04 13:34:21.320,1.84505,1.84565,1.00,1.60
2010.10.04 13:34:21.576,1.84505,1.84565,1.00,3.20
2010.10.04 13:34:22.786,1.8451,1.84565,1.00,3.20
2010.10.04 13:34:23.577,1.845,1.8457,1.00,1.00
2010.10.04 13:34:23.747,1.845,1.8457,1.00,2.00
2010.10.04 13:34:24.507,1.845,1.8457,1.00,1.60
2010.10.04 13:34:24.851,1.845,1.84555,1.00,1.00
2010.10.04 13:34:25.888,1.8449,1.84555,1.00,1.00
2010.10.04 13:34:26.646,1.8449,1.84555,1.00,1.00
2010.10.04 13:34:27.590,1.845,1.84555,1.00,1.00
2010.10.04 13:34:31.194,1.845,1.84555,1.00,2.00
2010.10.04 13:34:31.260,1.845,1.84555,1.00,3.60
2010.10.04 13:34:31.375,1.845,1.84555,1.00,2.00
2010.10.04 13:34:31.436,1.845,1.84555,1.00,1.00
2010.10.04 13:34:32.793,1.845,1.8455,1.00,1.00
2010.10.04 13:34:33.048,1.845,1.8455,1.00,1.00
2010.10.04 13:34:33.546,1.8449,1.8455,1.00,1.00
2010.10.04 13:34:33.797,1.8449,1.8455,1.00,2.00
2010.10.04 13:34:33.977,1.8449,1.8455,1.00,1.00
2010.10.04 13:34:34.156,1.8449,1.8455,1.00,2.00
2010.10.04 13:34:35.257,1.8449,1.8455,1.00,1.00
2010.10.04 13:34:35.818,1.8449,1.84555,1.00,3.20
2010.10.04 13:34:37.705,1.845,1.84555,1.00,3.20
2010.10.04 13:34:38.472,1.845,1.84555,1.00,1.60
2010.10.04 13:34:38.805,1.845,1.8456,1.00,3.20
2010.10.04 13:34:40.740,1.845,1.84565,1.00,3.60
2010.10.04 13:34:42.318,1.845,1.8456,1.00,1.60
2010.10.04 13:34:42.497,1.845,1.84565,1.00,3.60
2010.10.04 13:34:50.417,1.845,1.84565,1.00,3.60
2010.10.04 13:34:51.305,1.845,1.8456,1.00,3.20
2010.10.04 13:34:51.615,1.845,1.84565,1.00,1.00
2010.10.04 13:34:52.356,1.845,1.84565,1.00,1.00
2010.10.04 13:34:53.676,1.845,1.8456,1.00,1.00
2010.10.04 13:34:54.507,1.8449,1.8455,1.00,1.00
2010.10.04 13:34:57.066,1.845,1.8455,1.00,1.00
2010.10.04 13:34:58.077,1.8449,1.8455,1.00,3.20
2010.10.04 13:34:59.243,1.84485,1.8455,1.20,1.60
2010.10.04 13:34:59.564,1.8449,1.8455,1.00,1.60
2010.10.04 13:35:01.387,1.8449,1.8455,1.00,3.20
2010.10.04 13:35:01.648,1.8449,1.84555,1.00,3.20
2010.10.04 13:35:02.697,1.8449,1.8455,1.00,1.60
2010.10.04 13:35:04.056,1.8449,1.84555,1.00,1.60
2010.10.04 13:35:04.333,1.84495,1.84555,1.20,1.60
2010.10.04 13:35:07.052,1.84505,1.84555,1.00,1.60
2010.10.04 13:35:07.359,1.845,1.8456,1.00,1.60
2010.10.04 13:35:08.681,1.845,1.8455,1.00,1.60
2010.10.04 13:35:09.327,1.845,1.84565,1.00,3.60
2010.10.04 13:35:12.087,1.845,1.8455,1.00,1.00
2010.10.04 13:35:12.216,1.845,1.8456,1.00,3.20
2010.10.04 13:35:14.208,1.845,1.84545,1.00,3.20
2010.10.04 13:35:15.019,1.845,1.84545,1.00,1.60
2010.10.04 13:35:15.348,1.845,1.8456,1.00,3.20
2010.10.04 13:35:16.963,1.845,1.84545,1.00,1.60
2010.10.04 13:35:17.102,1.845,1.84545,1.00,3.20
2010.10.04 13:35:17.237,1.845,1.8456,1.00,3.20
2010.10.04 13:35:18.577,1.845,1.8456,1.00,1.60
2010.10.04 13:35:18.815,1.8451,1.84565,1.00,3.20
2010.10.04 13:35:19.041,1.8451,1.84565,1.00,1.60
2010.10.04 13:35:19.981,1.8451,1.84555,1.00,1.60
2010.10.04 13:35:20.313,1.8451,1.8456,1.00,3.20
2010.10.04 13:35:22.696,1.8451,1.84555,1.00,1.60
2010.10.04 13:35:23.065,1.8451,1.8456,1.00,3.20
2010.10.04 13:35:23.195,1.8451,1.84555,1.00,1.60
2010.10.04 13:35:24.233,1.8451,1.8457,1.00,3.60
2010.10.04 13:35:25.614,1.8451,1.84555,1.00,3.20
2010.10.04 13:35:26.942,1.8451,1.8457,1.00,3.60
2010.10.04 13:35:27.199,1.8451,1.8457,1.00,2.00
2010.10.04 13:35:27.447,1.8451,1.8457,1.00,3.60
2010.10.04 13:35:28.644,1.8451,1.8457,1.00,2.00
2010.10.04 13:35:28.994,1.8451,1.8457,1.00,3.60
2010.10.04 13:35:30.612,1.845,1.84565,1.00,1.00
2010.10.04 13:35:31.650,1.845,1.84565,1.00,2.00
2010.10.04 13:35:31.984,1.845,1.84565,1.00,3.60
2010.10.04 13:35:33.011,1.84505,1.8457,1.00,2.00
2010.10.04 13:35:33.295,1.84505,1.8457,1.00,3.60
2010.10.04 13:35:34.864,1.8452,1.8458,1.00,1.60
2010.10.04 13:35:34.942,1.8452,1.8458,3.60,1.00
2010.10.04 13:35:35.000,1.8452,1.8458,2.00,1.00
2010.10.04 13:35:35.752,1.8452,1.8458,1.00,1.00
2010.10.04 13:35:37.261,1.8452,1.8458,1.00,1.00
2010.10.04 13:35:37.402,1.84535,1.8459,1.00,3.20
2010.10.04 13:35:37.535,1.8454,1.84575,1.00,3.20
2010.10.04 13:35:38.628,1.84545,1.84595,1.00,3.20
2010.10.04 13:35:41.098,1.84535,1.8459,1.00,1.60
2010.10.04 13:35:41.348,1.84535,1.8458,1.00,3.20
2010.10.04 13:35:41.596,1.84535,1.84575,1.00,1.60
2010.10.04 13:35:42.331,1.84535,1.84575,1.00,3.20
2010.10.04 13:35:42.670,1.8452,1.8457,1.00,3.20
2010.10.04 13:35:43.017,1.8452,1.8458,1.00,2.00
2010.10.04 13:35:43.717,1.84525,1.8458,1.60,1.00
2010.10.04 13:35:44.010,1.84525,1.8459,1.00,1.00
2010.10.04 13:35:45.684,1.84535,1.84595,1.00,1.00
2010.10.04 13:35:46.718,1.84535,1.84585,1.00,1.60
2010.10.04 13:35:47.619,1.84535,1.8459,1.00,3.20
2010.10.04 13:35:48.236,1.84535,1.84595,1.00,2.00
2010.10.04 13:35:48.546,1.84535,1.8459,1.00,3.20
2010.10.04 13:35:49.516,1.84535,1.84595,1.00,1.00
2010.10.04 13:35:50.207,1.84535,1.84595,1.00,2.00
2010.10.04 13:35:51.159,1.84535,1.84595,1.00,1.00
2010.10.04 13:35:55.563,1.84525,1.8458,1.60,1.00
2010.10.04 13:35:55.866,1.84505,1.84565,1.00,1.00
2010.10.04 13:35:57.048,1.8452,1.8458,1.00,1.00
2010.10.04 13:35:58.418,1.84535,1.8459,3.20,1.00
2010.10.04 13:35:58.728,1.8453,1.8459,2.00,1.00
2010.10.04 13:35:59.783,1.8452,1.8458,1.00,1.00
2010.10.04 13:36:00.815,1.8452,1.8457,1.00,1.60
2010.10.04 13:36:02.177,1.8452,1.8457,1.00,1.60
2010.10.04 13:36:02.413,1.84535,1.84595,1.00,3.60
2010.10.04 13:36:03.345,1.8451,1.84555,1.60,1.00
2010.10.04 13:36:03.693,1.8451,1.8457,1.00,2.00
2010.10.04 13:36:04.747,1.8451,1.8457,1.00,1.00
2010.10.04 13:36:05.044,1.845,1.84565,1.00,3.60
2010.10.04 13:36:05.341,1.845,1.84565,1.00,1.00
2010.10.04 13:36:06.333,1.8451,1.84565,1.20,1.00
2010.10.04 13:36:07.350,1.84525,1.84585,1.00,1.60
2010.10.04 13:36:07.612,1.84525,1.8459,1.60,1.00
2010.10.04 13:36:08.908,1.84515,1.8459,1.00,1.00
2010.10.04 13:36:10.741,1.84515,1.8459,1.00,1.00
2010.10.04 13:36:11.008,1.8451,1.84575,1.60,1.00
2010.10.04 13:36:11.850,1.8449,1.84565,1.00,1.00
2010.10.04 13:36:12.115,1.8449,1.84565,1.00,1.00
2010.10.04 13:36:16.604,1.8449,1.84565,1.00,2.00
2010.10.04 13:36:17.620,1.8449,1.84565,1.00,1.00
2010.10.04 13:36:19.672,1.845,1.84565,3.20,1.00
2010.10.04 13:36:19.831,1.84505,1.84565,1.00,1.00
2010.10.04 13:36:20.832,1.84505,1.84575,1.00,1.00
2010.10.04 13:36:25.367,1.84495,1.84565,1.20,1.00
2010.10.04 13:36:25.498,1.84485,1.84555,1.00,1.00
2010.10.04 13:36:26.372,1.84485,1.84555,2.00,1.00
2010.10.04 13:36:26.728,1.84485,1.84555,1.00,1.00
2010.10.04 13:36:27.871,1.8448,1.8455,1.20,1.00
2010.10.04 13:36:28.129,1.8448,1.8457,1.00,1.00
2010.10.04 13:36:28.385,1.8449,1.8457,1.00,1.00
2010.10.04 13:36:29.483,1.84485,1.84555,1.00,1.00
2010.10.04 13:36:31.385,1.84485,1.84555,1.00,2.00
2010.10.04 13:36:32.295,1.84485,1.84555,1.00,1.00
2010.10.04 13:36:32.509,1.8447,1.8455,1.00,1.00
2010.10.04 13:36:33.438,1.84465,1.8455,1.00,1.00
2010.10.04 13:36:33.775,1.8446,1.84545,1.00,1.00
2010.10.04 13:36:34.695,1.84465,1.84545,1.20,1.00
2010.10.04 13:36:34.975,1.84475,1.8455,1.00,2.00
2010.10.04 13:36:36.781,1.84475,1.8455,1.00,1.00
2010.10.04 13:36:38.089,1.84485,1.84555,1.00,1.00
2010.10.04 13:36:38.336,1.8448,1.8455,1.20,1.00
2010.10.04 13:36:39.289,1.84485,1.84555,1.00,1.00
2010.10.04 13:36:40.850,1.8449,1.84545,1.00,1.00
2010.10.04 13:36:41.099,1.8448,1.84545,1.00,1.00
2010.10.04 13:36:42.087,1.84475,1.84545,1.00,1.00
2010.10.04 13:36:44.665,1.84475,1.84545,1.00,2.00
2010.10.04 13:36:45.015,1.84475,1.84545,3.60,1.00
2010.10.04 13:36:46.379,1.8448,1.84555,1.00,1.20
2010.10.04 13:36:46.671,1.84475,1.84545,1.00,1.00
2010.10.04 13:36:51.259,1.8448,1.8456,1.30,1.00
2010.10.04 13:36:51.446,1.8449,1.8456,1.00,1.00
2010.10.04 13:36:53.007,1.8449,1.84565,1.00,2.00
2010.10.04 13:36:53.556,1.84485,1.84555,1.00,1.00
2010.10.04 13:36:54.921,1.8446,1.8453,1.00,1.00
2010.10.04 13:36:55.055,1.84465,1.8453,1.60,1.00
2010.10.04 13:36:56.249,1.8446,1.8453,1.00,1.00
2010.10.04 13:36:57.818,1.8446,1.8453,1.00,1.00
2010.10.04 13:36:58.344,1.84465,1.8454,1.00,1.00
2010.10.04 13:36:59.333,1.84475,1.8455,1.00,2.00
2010.10.04 13:36:59.548,1.84475,1.8455,1.00,1.00
2010.10.04 13:37:00.593,1.8448,1.8455,1.00,1.00
2010.10.04 13:37:02.854,1.84475,1.8455,1.00,1.00
2010.10.04 13:37:03.166,1.8447,1.8454,1.00,1.00
2010.10.04 13:37:04.240,1.8446,1.84535,1.00,1.00
2010.10.04 13:37:04.551,1.8445,1.84535,1.00,1.00
2010.10.04 13:37:05.272,1.8445,1.84535,1.70,1.00
2010.10.04 13:37:05.563,1.84445,1.84515,1.00,1.00
2010.10.04 13:37:19.282,1.8445,1.84515,1.00,1.00
2010.10.04 13:37:19.451,1.8446,1.8453,1.00,3.60
2010.10.04 13:37:20.651,1.8446,1.8453,1.00,2.00
2010.10.04 13:37:20.995,1.8446,1.8453,1.00,3.60
2010.10.04 13:37:21.676,1.8446,1.8453,1.00,3.60
2010.10.04 13:37:22.627,1.8446,1.8453,1.00,1.00
2010.10.04 13:37:23.106,1.84465,1.84535,1.00,3.20
2010.10.04 13:37:24.375,1.84465,1.84535,1.00,1.60
2010.10.04 13:37:24.645,1.84465,1.84535,1.00,3.20
2010.10.04 13:37:25.609,1.84465,1.84535,1.00,1.60
2010.10.04 13:37:25.836,1.84465,1.8454,1.00,3.60
2010.10.04 13:37:26.505,1.84465,1.84535,1.00,1.60
2010.10.04 13:37:27.208,1.84475,1.84535,1.00,1.60
2010.10.04 13:37:27.550,1.84475,1.84545,1.00,2.00
2010.10.04 13:37:29.348,1.84475,1.84545,1.00,1.00
2010.10.04 13:37:33.452,1.8448,1.84545,1.00,1.60
2010.10.04 13:37:33.783,1.84475,1.84535,1.00,1.60
2010.10.04 13:37:34.811,1.84475,1.84535,1.00,3.20
2010.10.04 13:37:35.134,1.84485,1.84535,1.00,1.60
2010.10.04 13:37:35.450,1.84485,1.84545,1.00,2.00
2010.10.04 13:37:36.585,1.8449,1.8456,1.00,3.60
2010.10.04 13:37:38.303,1.84505,1.84555,1.00,1.60
2010.10.04 13:37:38.583,1.84505,1.8457,1.00,3.20
2010.10.04 13:37:39.323,1.84505,1.8457,1.00,1.60
2010.10.04 13:37:39.670,1.84505,1.84575,1.00,3.20
2010.10.04 13:37:40.019,1.84505,1.8457,1.00,1.60
2010.10.04 13:37:40.979,1.845,1.8457,1.00,1.60
2010.10.04 13:37:41.237,1.845,1.84575,1.00,3.60
2010.10.04 13:37:41.717,1.845,1.8457,1.00,1.60
2010.10.04 13:37:43.608,1.845,1.8457,1.00,1.60
2010.10.04 13:37:45.934,1.8449,1.8456,1.80,1.00
2010.10.04 13:37:46.674,1.84495,1.84565,1.00,1.00
2010.10.04 13:37:46.754,1.845,1.84565,1.00,1.00
2010.10.04 13:37:47.924,1.845,1.8456,1.00,1.60
2010.10.04 13:37:48.267,1.84505,1.8456,1.00,3.20
2010.10.04 13:37:49.271,1.8451,1.84565,1.00,1.00
2010.10.04 13:37:50.262,1.8451,1.84575,1.00,1.60
2010.10.04 13:37:50.558,1.8451,1.8458,1.00,2.00
2010.10.04 13:37:51.135,1.8451,1.8458,1.00,2.00
2010.10.04 13:37:52.088,1.8451,1.8458,1.00,1.00
2010.10.04 13:37:52.567,1.8451,1.8458,1.00,1.00
2010.10.04 13:37:54.309,1.8452,1.8458,1.00,1.00
2010.10.04 13:37:55.734,1.8452,1.84585,1.00,1.60
2010.10.04 13:37:55.876,1.8451,1.84585,1.00,1.60
2010.10.04 13:37:57.160,1.8452,1.84585,1.00,1.60
2010.10.04 13:37:58.056,1.8451,1.8458,1.00,1.00
2010.10.04 13:37:58.315,1.8451,1.8458,1.00,2.00
2010.10.04 13:37:59.228,1.8451,1.8458,1.00,1.00
2010.10.04 13:38:07.078,1.8451,1.8458,1.00,1.00
2010.10.04 13:38:07.218,1.84505,1.8458,1.00,1.00
2010.10.04 13:38:07.775,1.8451,1.8458,1.00,1.00
2010.10.04 13:38:08.726,1.84505,1.8458,1.00,1.00
2010.10.04 13:38:09.168,1.84505,1.8458,2.00,1.00
2010.10.04 13:38:09.954,1.84505,1.8458,3.60,1.00
2010.10.04 13:38:10.170,1.8451,1.8458,1.00,1.00
2010.10.04 13:38:11.700,1.8452,1.8458,1.00,1.00
2010.10.04 13:38:12.407,1.8452,1.8458,1.00,1.00
2010.10.04 13:38:14.025,1.8451,1.8458,3.30,1.00
2010.10.04 13:38:14.134,1.84515,1.8458,1.60,1.00
2010.10.04 13:38:14.465,1.8451,1.8458,1.00,1.00
2010.10.04 13:38:15.327,1.8451,1.8458,1.70,1.00
2010.10.04 13:38:15.874,1.8451,1.8458,1.60,1.00
2010.10.04 13:38:16.427,1.8452,1.8458,1.00,1.00
2010.10.04 13:38:17.379,1.8452,1.846,1.00,1.00
2010.10.04 13:38:18.452,1.8452,1.846,1.00,1.00
2010.10.04 13:38:21.156,1.8452,1.8459,1.00,1.00
2010.10.04 13:38:22.006,1.8453,1.846,1.00,1.00
2010.10.04 13:38:22.368,1.8452,1.846,1.00,1.00
2010.10.04 13:38:24.396,1.8452,1.846,1.00,1.60
2010.10.04 13:38:25.195,1.8452,1.8459,1.00,1.00
2010.10.04 13:38:25.403,1.8453,1.846,1.00,1.20
2010.10.04 13:38:25.611,1.8454,1.84605,1.00,1.00
2010.10.04 13:38:26.522,1.8454,1.84605,1.00,1.00
2010.10.04 13:38:28.677,1.8454,1.84605,1.70,1.00
2010.10.04 13:38:28.920,1.8455,1.84605,1.00,1.00
2010.10.04 13:38:31.256,1.84545,1.84605,3.20,1.00
2010.10.04 13:38:32.063,1.8454,1.84605,1.00,1.00
2010.10.04 13:38:32.281,1.8454,1.84605,1.60,1.00
2010.10.04 13:38:32.515,1.8454,1.84615,3.20,1.00
2010.10.04 13:38:33.438,1.84545,1.84595,1.60,1.00
2010.10.04 13:38:33.663,1.8453,1.84595,1.00,1.00
2010.10.04 13:38:34.701,1.8454,1.84595,1.40,1.00
2010.10.04 13:38:35.020,1.8453,1.846,1.00,3.60
2010.10.04 13:38:36.107,1.8454,1.84615,1.00,1.00
2010.10.04 13:38:36.451,1.8456,1.84635,1.00,1.00
2010.10.04 13:38:37.445,1.84555,1.8462,1.00,1.00
2010.10.04 13:38:38.222,1.8455,1.8462,1.00,1.00
2010.10.04 13:38:38.543,1.8456,1.8462,1.00,1.00
2010.10.04 13:38:39.920,1.8456,1.84625,1.00,1.60
2010.10.04 13:38:40.745,1.84555,1.8462,1.00,1.00
2010.10.04 13:38:41.065,1.84565,1.8464,1.00,3.20
2010.10.04 13:38:42.090,1.84565,1.8464,1.00,1.60
2010.10.04 13:38:42.375,1.8457,1.84645,1.00,3.60
2010.10.04 13:38:42.653,1.8459,1.84645,1.00,3.60
2010.10.04 13:38:43.637,1.8457,1.8464,1.00,1.00
2010.10.04 13:38:43.976,1.8457,1.8464,3.70,1.00
2010.10.04 13:38:44.688,1.8458,1.84645,1.00,2.00
2010.10.04 13:38:44.982,1.8458,1.84645,2.00,1.00
2010.10.04 13:38:45.750,1.8458,1.84645,1.00,1.00
2010.10.04 13:38:46.086,1.8459,1.84655,1.00,3.20
2010.10.04 13:38:46.419,1.8459,1.8466,1.00,1.00
2010.10.04 13:38:46.749,1.8459,1.8466,1.00,2.00
2010.10.04 13:38:47.809,1.8458,1.8465,1.00,1.60
2010.10.04 13:38:48.557,1.8458,1.84655,1.00,2.00
2010.10.04 13:38:48.753,1.8458,1.84655,1.00,1.00
2010.10.04 13:38:49.659,1.8459,1.84655,1.00,1.00
2010.10.04 13:38:50.231,1.84585,1.8466,1.00,1.00
2010.10.04 13:38:51.027,1.8458,1.84645,1.00,1.00
2010.10.04 13:38:51.306,1.8458,1.8464,1.00,1.00
2010.10.04 13:38:51.581,1.8458,1.84645,1.00,1.60
2010.10.04 13:38:52.652,1.8458,1.84655,1.00,1.00
2010.10.04 13:38:53.704,1.84585,1.84655,1.60,1.00
2010.10.04 13:38:53.970,1.8458,1.84645,1.00,1.00
2010.10.04 13:38:54.869,1.8458,1.84655,1.00,1.00
2010.10.04 13:38:55.215,1.8458,1.84655,1.00,3.60
2010.10.04 13:38:56.216,1.8458,1.84655,1.00,2.00
2010.10.04 13:38:56.483,1.8458,1.84655,1.00,3.60
2010.10.04 13:38:56.742,1.8458,1.84645,1.60,1.00
2010.10.04 13:38:57.572,1.8458,1.84645,1.00,1.00
2010.10.04 13:38:57.903,1.846,1.84655,1.00,3.20
2010.10.04 13:38:58.229,1.846,1.84655,1.00,1.60
2010.10.04 13:38:59.260,1.84585,1.8466,1.00,1.60
2010.10.04 13:38:59.588,1.8457,1.8466,1.00,1.00
2010.10.04 13:39:00.618,1.8457,1.8466,1.00,1.00
2010.10.04 13:39:02.808,1.8458,1.8466,1.00,1.00
2010.10.04 13:39:03.158,1.8458,1.8466,1.00,1.00
2010.10.04 13:39:04.065,1.8457,1.8466,1.00,1.00
2010.10.04 13:39:05.187,1.8457,1.84655,1.00,1.00
2010.10.04 13:39:05.360,1.8456,1.84645,1.00,1.00
2010.10.04 13:39:06.241,1.84575,1.8465,1.00,1.00
2010.10.04 13:39:06.547,1.84575,1.8465,1.00,1.80
2010.10.04 13:39:07.411,1.84555,1.84645,1.00,1.00
2010.10.04 13:39:07.704,1.8456,1.84635,1.00,1.00
2010.10.04 13:39:08.779,1.8456,1.8463,1.00,1.00
2010.10.04 13:39:10.167,1.8456,1.8463,1.00,1.00
2010.10.04 13:39:10.472,1.84555,1.8463,3.60,1.60
2010.10.04 13:39:11.206,1.84555,1.8463,2.00,1.60
2010.10.04 13:39:11.532,1.8456,1.8463,1.00,1.60
2010.10.04 13:39:11.865,1.8457,1.8463,1.00,1.00
2010.10.04 13:39:12.946,1.8456,1.8463,1.00,1.00
2010.10.04 13:39:14.306,1.84575,1.8465,1.00,1.00
2010.10.04 13:39:15.601,1.84575,1.84645,1.00,1.00
2010.10.04 13:39:15.858,1.8458,1.84645,1.00,3.20
2010.10.04 13:39:16.892,1.84565,1.84635,1.00,1.00
2010.10.04 13:39:18.240,1.8458,1.84645,1.00,1.20
2010.10.04 13:39:18.548,1.8458,1.8465,1.00,1.00
2010.10.04 13:39:19.507,1.8458,1.8465,1.00,1.00
2010.10.04 13:39:19.783,1.8457,1.84645,1.00,1.00
2010.10.04 13:39:20.047,1.8457,1.84635,1.00,1.00
2010.10.04 13:39:20.316,1.84575,1.84635,1.00,1.00
2010.10.04 13:39:21.032,1.8458,1.84645,1.00,1.20
2010.10.04 13:39:24.115,1.8458,1.8465,1.00,2.00
2010.10.04 13:39:24.181,1.8458,1.8465,1.00,1.00
2010.10.04 13:39:25.076,1.8458,1.84645,1.00,1.00
2010.10.04 13:39:25.317,1.84555,1.8462,1.60,1.00
2010.10.04 13:39:25.662,1.8455,1.84635,1.70,1.00
2010.10.04 13:39:26.382,1.8455,1.84635,1.00,1.00
2010.10.04 13:39:26.673,1.84565,1.84635,1.00,1.00
2010.10.04 13:39:27.649,1.8456,1.84635,1.00,1.00
2010.10.04 13:39:27.950,1.8455,1.84635,1.00,1.00
2010.10.04 13:39:28.257,1.8456,1.84635,1.00,1.00
2010.10.04 13:39:29.264,1.8456,1.84635,1.40,1.00
2010.10.04 13:39:29.553,1.8457,1.84645,1.00,1.00
2010.10.04 13:39:29.840,1.84575,1.84645,1.00,1.00
2010.10.04 13:39:30.830,1.8456,1.84625,1.00,1.00
2010.10.04 13:39:31.111,1.8456,1.8462,1.00,1.00
2010.10.04 13:39:32.141,1.8455,1.8461,1.00,1.00
2010.10.04 13:39:33.199,1.8455,1.8461,1.00,1.00
2010.10.04 13:39:33.494,1.8456,1.8464,1.00,2.00
2010.10.04 13:39:34.460,1.8455,1.8463,1.00,1.20
2010.10.04 13:39:34.786,1.8455,1.8462,1.00,1.00
2010.10.04 13:39:35.108,1.8455,1.8462,3.50,1.00
2010.10.04 13:39:35.848,1.8455,1.8462,1.80,1.00
2010.10.04 13:39:36.116,1.8455,1.8462,1.00,1.00
2010.10.04 13:39:37.624,1.8456,1.8462,1.00,1.00
2010.10.04 13:39:37.833,1.8455,1.8462,1.00,1.00
2010.10.04 13:39:40.716,1.8455,1.8462,1.00,1.00
2010.10.04 13:39:41.002,1.8455,1.8462,1.00,1.00
2010.10.04 13:39:42.463,1.8455,1.8462,1.00,1.60
2010.10.04 13:39:42.685,1.8455,1.8462,1.00,1.00
2010.10.04 13:39:46.788,1.8455,1.8462,1.00,1.00
2010.10.04 13:39:46.862,1.8455,1.8462,1.00,1.00
2010.10.04 13:39:50.470,1.84545,1.8461,1.00,1.00
2010.10.04 13:39:51.491,1.8455,1.8462,1.00,1.20
2010.10.04 13:39:51.837,1.8456,1.8463,1.00,1.00
2010.10.04 13:39:52.177,1.8457,1.84635,1.00,2.00
2010.10.04 13:39:53.258,1.84545,1.8461,1.00,1.00
2010.10.04 13:39:53.588,1.8454,1.846,1.00,1.00
2010.10.04 13:39:54.403,1.8454,1.84605,1.00,1.60
2010.10.04 13:39:54.692,1.8454,1.84605,1.00,1.00
2010.10.04 13:39:54.971,1.84535,1.84605,3.20,1.00
2010.10.04 13:39:55.914,1.84535,1.846,1.60,1.00
2010.10.04 13:39:56.447,1.8453,1.846,3.50,1.00
2010.10.04 13:39:58.022,1.84545,1.8461,1.00,1.00
2010.10.04 13:39:58.276,1.8455,1.8461,1.00,1.00
2010.10.04 13:39:59.108,1.8454,1.84605,1.00,1.00
2010.10.04 13:39:59.787,1.8454,1.84605,1.00,1.00
2010.10.04 13:40:00.759,1.84555,1.84625,1.00,1.00
2010.10.04 13:40:01.938,1.8456,1.8462,1.00,1.00
2010.10.04 13:40:02.211,1.8455,1.8462,1.00,1.00
2010.10.04 13:40:03.155,1.84545,1.8462,1.00,1.00
2010.10.04 13:40:03.505,1.8454,1.84605,1.00,1.00
2010.10.04 13:40:04.576,1.8455,1.8461,1.00,1.00
2010.10.04 13:40:05.904,1.8456,1.8461,1.00,1.00
2010.10.04 13:40:06.246,1.84545,1.8461,1.00,1.00
2010.10.04 13:40:09.423,1.8455,1.8461,1.00,1.00
2010.10.04 13:40:12.572,1.8455,1.8463,1.00,1.20
2010.10.04 13:40:12.742,1.84555,1.8463,1.00,1.20
2010.10.04 13:40:13.601,1.8455,1.8461,1.00,1.00
2010.10.04 13:40:15.215,1.84555,1.8462,1.00,1.00
2010.10.04 13:40:15.423,1.8456,1.8462,1.00,1.00
2010.10.04 13:40:15.632,1.84555,1.8462,1.00,1.00
2010.10.04 13:40:16.515,1.8455,1.8461,1.00,1.00
2010.10.04 13:40:18.591,1.8456,1.8463,1.00,1.00
2010.10.04 13:40:18.958,1.8456,1.8463,1.00,1.00
2010.10.04 13:40:19.781,1.8456,1.84625,1.00,1.00
2010.10.04 13:40:21.121,1.8456,1.84625,1.00,1.00
2010.10.04 13:40:21.433,1.8456,1.8465,1.00,1.80
2010.10.04 13:40:22.440,1.84555,1.8463,1.00,1.00
2010.10.04 13:40:22.757,1.8455,1.84625,1.00,1.00
2010.10.04 13:40:23.073,1.8455,1.84615,1.00,1.00
2010.10.04 13:40:23.891,1.8455,1.84615,1.00,1.00
2010.10.04 13:40:24.224,1.8456,1.84625,1.00,1.00
2010.10.04 13:40:25.262,1.8455,1.84625,1.00,1.00
2010.10.04 13:40:25.538,1.8455,1.84625,1.80,1.00
2010.10.04 13:40:25.815,1.8455,1.8462,1.00,1.00
2010.10.04 13:40:26.096,1.8456,1.8462,1.00,1.00
2010.10.04 13:40:27.039,1.8456,1.84625,1.80,1.00
2010.10.04 13:40:27.248,1.8456,1.84625,1.90,1.00
2010.10.04 13:40:27.997,1.8456,1.84625,1.00,1.00
2010.10.04 13:40:28.203,1.8455,1.84615,1.00,1.00
2010.10.04 13:40:28.548,1.8455,1.8462,1.00,1.00
2010.10.04 13:40:29.590,1.84555,1.8464,1.00,1.00
2010.10.04 13:40:29.941,1.8457,1.8463,1.60,1.00
2010.10.04 13:40:30.665,1.8457,1.84635,1.60,1.00
2010.10.04 13:40:30.958,1.84575,1.84635,1.60,1.00
2010.10.04 13:40:31.925,1.84575,1.84635,3.20,1.00
2010.10.04 13:40:32.202,1.84585,1.8466,1.00,1.00
2010.10.04 13:40:32.468,1.8457,1.84635,1.00,1.00
2010.10.04 13:40:33.452,1.8456,1.8463,1.00,3.60
2010.10.04 13:40:33.789,1.8455,1.8461,1.00,1.00
2010.10.04 13:40:34.852,1.8454,1.84605,1.00,1.00
2010.10.04 13:40:35.840,1.8455,1.84605,1.00,1.00
2010.10.04 13:40:36.146,1.8455,1.8463,1.00,1.00
2010.10.04 13:40:36.457,1.8454,1.84605,1.00,1.00
2010.10.04 13:40:36.766,1.84545,1.8461,1.00,1.00
2010.10.04 13:40:37.939,1.8453,1.8461,1.40,1.00
2010.10.04 13:40:38.879,1.8453,1.8461,1.00,1.00
2010.10.04 13:40:40.090,1.8453,1.8461,1.00,1.00
2010.10.04 13:40:42.246,1.8452,1.8459,1.00,1.00
2010.10.04 13:40:42.368,1.8453,1.8459,1.00,1.00
2010.10.04 13:40:42.489,1.84545,1.84605,1.00,1.60
2010.10.04 13:40:42.609,1.84545,1.8461,1.00,1.00
2010.10.04 13:40:43.620,1.84545,1.8461,1.00,1.00
2010.10.04 13:40:47.000,1.84535,1.84605,1.00,1.00
2010.10.04 13:40:48.808,1.84535,1.84605,3.40,1.00
2010.10.04 13:40:49.013,1.84535,1.846,3.20,1.00
2010.10.04 13:40:49.211,1.8453,1.84595,3.30,1.00
2010.10.04 13:40:50.120,1.8453,1.8459,1.00,1.00
2010.10.04 13:40:50.472,1.84525,1.8459,3.20,1.00
2010.10.04 13:40:50.821,1.84525,1.84595,3.80,1.00
2010.10.04 13:40:51.813,1.8454,1.84595,1.00,1.00
2010.10.04 13:40:52.107,1.8453,1.8459,1.00,1.00
2010.10.04 13:40:53.442,1.8453,1.84595,3.30,1.00
2010.10.04 13:40:53.688,1.8454,1.84595,1.00,1.00
2010.10.04 13:40:54.672,1.8452,1.8458,4.80,1.00
2010.10.04 13:40:55.694,1.84515,1.84565,1.00,1.00
2010.10.04 13:40:55.974,1.84515,1.8458,1.00,1.00
2010.10.04 13:40:57.257,1.8451,1.84575,1.00,1.00
2010.10.04 13:40:59.416,1.8451,1.84575,1.00,1.00
2010.10.04 13:41:00.747,1.8451,1.84575,1.00,1.00
2010.10.04 13:41:01.671,1.84515,1.8458,1.00,1.00
2010.10.04 13:41:01.929,1.8452,1.84585,1.00,1.00
2010.10.04 13:41:02.958,1.84515,1.84585,1.00,1.00
2010.10.04 13:41:04.257,1.8453,1.846,1.00,1.00
2010.10.04 13:41:04.549,1.84525,1.84595,1.00,1.00
2010.10.04 13:41:05.494,1.8453,1.84595,1.00,1.00
2010.10.04 13:41:05.819,1.84505,1.8459,1.00,1.00
2010.10.04 13:41:06.140,1.84505,1.8457,1.00,1.00
2010.10.04 13:41:07.138,1.8451,1.8457,1.00,1.00
2010.10.04 13:41:07.418,1.84515,1.8457,1.00,1.00
2010.10.04 13:41:07.699,1.8451,1.8459,1.00,1.00
2010.10.04 13:41:08.993,1.8451,1.8457,1.00,1.00
2010.10.04 13:41:10.430,1.8451,1.8459,1.00,1.00
2010.10.04 13:41:10.688,1.8451,1.8457,1.00,1.00
2010.10.04 13:41:11.712,1.84515,1.8457,1.00,1.00
2010.10.04 13:41:11.898,1.84515,1.8459,1.00,1.00
2010.10.04 13:41:13.207,1.8451,1.8459,1.00,1.00
2010.10.04 13:41:13.438,1.8452,1.84575,1.00,1.00
2010.10.04 13:41:14.161,1.8452,1.8458,1.00,1.00
2010.10.04 13:41:14.493,1.8452,1.84575,1.00,1.00
2010.10.04 13:41:15.250,1.8451,1.84575,1.00,1.00
2010.10.04 13:41:17.267,1.84505,1.8457,1.00,1.00
2010.10.04 13:41:18.650,1.84515,1.84575,1.00,1.00
2010.10.04 13:41:18.930,1.84525,1.84595,1.00,1.00
2010.10.04 13:41:19.211,1.84515,1.8459,1.00,1.00
2010.10.04 13:41:20.148,1.8452,1.8459,1.00,1.00
2010.10.04 13:41:20.489,1.8452,1.8459,1.00,1.00
2010.10.04 13:41:22.171,1.84505,1.84575,1.00,1.00
2010.10.04 13:41:23.413,1.845,1.84565,1.00,1.00
2010.10.04 13:41:24.844,1.845,1.84565,1.00,1.00
2010.10.04 13:41:26.177,1.8449,1.84555,1.00,1.00
2010.10.04 13:41:26.698,1.84495,1.84555,1.00,1.00
2010.10.04 13:41:31.818,1.845,1.84555,1.00,1.00
2010.10.04 13:41:32.625,1.845,1.8456,1.00,1.20
2010.10.04 13:41:32.866,1.8451,1.84565,1.60,1.00
2010.10.04 13:41:33.846,1.84515,1.84565,3.20,1.00
2010.10.04 13:41:34.072,1.8451,1.84565,1.60,1.00
2010.10.04 13:41:34.297,1.84505,1.84565,3.40,1.00
2010.10.04 13:41:35.249,1.8451,1.84565,3.20,1.00
2010.10.04 13:41:35.586,1.8451,1.84565,3.20,1.00
2010.10.04 13:41:36.496,1.84515,1.84565,1.60,1.00
2010.10.04 13:41:36.811,1.8451,1.8456,1.60,1.00
2010.10.04 13:41:38.745,1.845,1.8455,3.20,1.00
2010.10.04 13:41:38.928,1.84505,1.84575,1.00,1.00
2010.10.04 13:41:39.680,1.84515,1.84575,1.00,1.00
2010.10.04 13:41:39.873,1.8453,1.84585,3.40,1.00
2010.10.04 13:41:40.227,1.8452,1.84575,1.60,1.00
2010.10.04 13:41:41.272,1.8453,1.8459,1.00,1.00
2010.10.04 13:41:42.815,1.8453,1.8459,1.00,1.00
2010.10.04 13:41:44.375,1.8453,1.8459,1.00,1.00
2010.10.04 13:41:45.790,1.8453,1.8459,1.00,1.00
2010.10.04 13:41:47.945,1.84535,1.8459,1.80,1.00
2010.10.04 13:41:48.025,1.84545,1.846,1.00,1.00
2010.10.04 13:41:48.820,1.8454,1.846,1.00,1.00
2010.10.04 13:41:48.904,1.84505,1.8457,1.00,1.00
2010.10.04 13:41:49.696,1.8451,1.8457,1.00,1.00
2010.10.04 13:41:51.241,1.84515,1.84575,2.00,1.00
2010.10.04 13:41:52.581,1.8452,1.84575,1.00,1.00
2010.10.04 13:41:52.827,1.84515,1.84575,1.00,1.00
2010.10.04 13:41:53.829,1.84515,1.8459,1.00,1.00
2010.10.04 13:41:54.152,1.8452,1.8459,1.00,1.00
2010.10.04 13:41:55.151,1.84525,1.84595,1.00,1.00
2010.10.04 13:41:56.443,1.84515,1.8459,1.00,1.00
2010.10.04 13:41:56.770,1.8451,1.84575,1.00,1.60
2010.10.04 13:41:57.554,1.8451,1.84575,1.00,1.00
2010.10.04 13:41:57.864,1.8452,1.84575,1.00,1.00
2010.10.04 13:41:58.861,1.8452,1.84575,1.60,1.00
2010.10.04 13:41:59.182,1.8452,1.84575,3.30,1.00
2010.10.04 13:41:59.498,1.8452,1.84575,3.20,1.00
2010.10.04 13:42:01.087,1.84515,1.84575,1.00,1.00
2010.10.04 13:42:02.110,1.8451,1.84575,1.60,1.00
2010.10.04 13:42:02.336,1.8451,1.84575,3.20,1.00
2010.10.04 13:42:03.533,1.8451,1.84575,1.70,1.00
2010.10.04 13:42:03.830,1.8451,1.8459,1.00,1.00
2010.10.04 13:42:05.072,1.845,1.84565,1.00,1.00
2010.10.04 13:42:05.321,1.8451,1.84565,1.00,1.00
2010.10.04 13:42:06.288,1.8453,1.8459,1.00,1.00
2010.10.04 13:42:07.286,1.8453,1.8459,1.00,1.00
2010.10.04 13:42:07.319,1.8453,1.8459,1.00,1.00
2010.10.04 13:42:07.641,1.8453,1.8459,1.00,1.00
2010.10.04 13:42:08.965,1.84515,1.84575,1.00,1.00
2010.10.04 13:42:09.268,1.8452,1.84575,1.00,1.00
2010.10.04 13:42:10.317,1.84505,1.8456,1.00,1.00
2010.10.04 13:42:10.628,1.84515,1.84575,1.00,1.00
2010.10.04 13:42:12.311,1.84505,1.84575,1.00,1.00
2010.10.04 13:42:13.048,1.8451,1.84575,1.00,1.00
2010.10.04 13:42:13.299,1.84505,1.8457,1.00,3.60
2010.10.04 13:42:13.550,1.84505,1.8456,1.00,1.60
2010.10.04 13:42:14.627,1.84505,1.8456,1.00,3.60
2010.10.04 13:42:16.393,1.84505,1.84555,1.00,1.60
2010.10.04 13:42:19.768,1.84505,1.8456,1.00,3.60
2010.10.04 13:42:21.589,1.84505,1.84555,1.00,1.60
2010.10.04 13:42:21.655,1.84505,1.8456,1.00,3.60
2010.10.04 13:42:23.766,1.8451,1.8456,1.00,3.60
2010.10.04 13:42:23.976,1.84505,1.8456,1.00,2.00
2010.10.04 13:42:24.735,1.84505,1.84555,1.00,1.60
2010.10.04 13:42:24.995,1.84515,1.84575,1.00,1.00
2010.10.04 13:42:26.082,1.8451,1.8456,1.00,3.60
2010.10.04 13:42:27.231,1.84515,1.84575,1.00,1.00
2010.10.04 13:42:29.669,1.8451,1.8456,1.00,1.00
2010.10.04 13:42:31.856,1.84505,1.8456,1.00,1.00
2010.10.04 13:42:32.909,1.84505,1.8456,1.00,2.00
2010.10.04 13:42:36.781,1.84505,1.84555,1.00,3.20
2010.10.04 13:42:38.078,1.84505,1.84555,1.00,3.20
2010.10.04 13:42:38.373,1.8451,1.8456,1.00,1.60
2010.10.04 13:42:38.936,1.8451,1.8456,1.00,3.20
2010.10.04 13:42:40.334,1.84515,1.8457,1.00,3.20
2010.10.04 13:42:40.470,1.84515,1.8457,1.00,3.20
2010.10.04 13:42:41.402,1.8451,1.84575,1.00,2.00
2010.10.04 13:42:42.955,1.845,1.84575,1.00,3.60
2010.10.04 13:42:43.150,1.845,1.8456,1.00,2.00
2010.10.04 13:42:44.050,1.84495,1.8456,1.00,2.00
2010.10.04 13:42:44.259,1.8449,1.84545,1.00,1.00
2010.10.04 13:42:45.817,1.8448,1.84545,1.00,1.00
2010.10.04 13:42:46.066,1.8448,1.84545,1.00,1.00
2010.10.04 13:42:49.544,1.84475,1.84535,2.00,1.00
2010.10.04 13:42:49.818,1.84475,1.84535,1.00,1.00
2010.10.04 13:42:50.843,1.84475,1.84535,1.00,1.00
2010.10.04 13:42:54.388,1.8448,1.84535,1.00,1.00
2010.10.04 13:42:55.567,1.8448,1.84535,1.00,1.00
2010.10.04 13:42:56.940,1.84475,1.84535,1.00,1.00
2010.10.04 13:42:57.209,1.8448,1.84535,1.00,1.00
2010.10.04 13:42:57.477,1.8449,1.84545,1.00,4.80
2010.10.04 13:42:58.496,1.8449,1.8455,1.00,2.00
2010.10.04 13:43:00.110,1.8448,1.84535,1.00,1.00
2010.10.04 13:43:01.178,1.84475,1.84535,1.00,2.00
2010.10.04 13:43:02.402,1.84475,1.84535,1.00,1.00
2010.10.04 13:43:02.659,1.84475,1.84535,1.00,1.00
2010.10.04 13:43:04.274,1.8448,1.8454,1.00,1.00
2010.10.04 13:43:05.294,1.8448,1.84525,1.00,1.00
2010.10.04 13:43:05.584,1.8447,1.84525,1.00,1.00
2010.10.04 13:43:07.139,1.8446,1.8452,1.60,1.00
2010.10.04 13:43:07.430,1.84465,1.84525,1.00,1.00
2010.10.04 13:43:09.830,1.8447,1.84525,1.00,1.00
2010.10.04 13:43:11.417,1.84455,1.8451,1.60,1.00
2010.10.04 13:43:11.681,1.8445,1.8451,1.00,1.00
2010.10.04 13:43:12.677,1.84455,1.8452,1.00,1.00
2010.10.04 13:43:13.297,1.84465,1.84525,1.00,1.00
2010.10.04 13:43:14.367,1.8447,1.84535,1.00,2.80
2010.10.04 13:43:14.607,1.8447,1.84535,1.00,1.00
2010.10.04 13:43:14.849,1.8446,1.84535,1.00,1.00
2010.10.04 13:43:15.837,1.8446,1.84535,2.00,1.00
2010.10.04 13:43:16.127,1.8447,1.84535,1.00,1.00
2010.10.04 13:43:16.417,1.8447,1.8454,1.00,1.00
2010.10.04 13:43:17.418,1.8447,1.84535,1.00,1.00
2010.10.04 13:43:26.430,1.84465,1.84535,1.00,1.00
2010.10.04 13:43:26.601,1.8448,1.8454,1.00,1.00
2010.10.04 13:43:27.645,1.8447,1.84535,1.00,1.20
2010.10.04 13:43:27.940,1.8448,1.84535,1.00,2.00
2010.10.04 13:43:28.897,1.8448,1.84535,1.00,1.00
2010.10.04 13:43:29.234,1.8448,1.84535,1.00,1.00
2010.10.04 13:43:30.531,1.8448,1.84535,1.00,3.20
2010.10.04 13:43:30.810,1.8447,1.84525,1.00,1.00
2010.10.04 13:43:31.843,1.84465,1.84525,1.00,1.00
2010.10.04 13:43:32.408,1.8446,1.84525,1.00,1.00
2010.10.04 13:43:35.316,1.8447,1.84525,1.00,1.00
2010.10.04 13:43:35.487,1.8447,1.84525,1.60,1.00
2010.10.04 13:43:35.657,1.8447,1.84525,1.00,1.00
2010.10.04 13:43:36.517,1.8447,1.84525,1.60,1.00
2010.10.04 13:43:36.803,1.8447,1.84525,1.00,1.00
2010.10.04 13:43:37.078,1.8447,1.84525,1.60,1.00
2010.10.04 13:43:37.358,1.84475,1.84525,1.60,1.00
2010.10.04 13:43:38.819,1.8447,1.8451,3.20,1.00
2010.10.04 13:43:39.079,1.8447,1.8452,1.00,1.20
2010.10.04 13:43:40.144,1.84465,1.84525,3.60,1.00
2010.10.04 13:43:41.737,1.84465,1.8452,3.20,1.00
2010.10.04 13:43:41.957,1.8447,1.8452,1.00,1.00
2010.10.04 13:43:42.799,1.8447,1.84525,1.00,1.00
2010.10.04 13:43:44.382,1.8446,1.84525,2.00,1.00
2010.10.04 13:43:45.483,1.8446,1.84525,3.60,1.00
2010.10.04 13:43:45.752,1.84465,1.84525,3.20,1.00
2010.10.04 13:43:47.025,1.84455,1.8452,3.20,1.00
2010.10.04 13:43:51.969,1.84455,1.8452,1.60,1.00
2010.10.04 13:43:52.259,1.8445,1.8452,3.60,1.00
2010.10.04 13:43:52.549,1.8446,1.84525,1.00,1.60
2010.10.04 13:43:53.283,1.8446,1.8453,1.00,1.60
2010.10.04 13:43:53.500,1.8446,1.84525,1.00,1.00
2010.10.04 13:43:53.715,1.8446,1.84525,2.00,1.00
2010.10.04 13:43:53.937,1.8446,1.84525,1.00,1.00
2010.10.04 13:43:54.992,1.84455,1.8451,1.60,1.00
2010.10.04 13:43:55.307,1.8445,1.8451,3.70,1.00
2010.10.04 13:43:56.136,1.84455,1.8451,1.60,1.00
2010.10.04 13:43:56.454,1.8446,1.84525,3.60,1.00
2010.10.04 13:43:58.326,1.84465,1.84525,1.00,1.00
2010.10.04 13:43:58.607,1.84465,1.84525,2.00,1.00
2010.10.04 13:43:59.454,1.84465,1.84525,1.00,1.00
2010.10.04 13:43:59.683,1.84465,1.8452,1.00,1.20
2010.10.04 13:44:00.607,1.84465,1.84525,1.00,2.00
2010.10.04 13:44:00.953,1.84465,1.84525,1.00,1.00
2010.10.04 13:44:01.302,1.8448,1.84535,1.00,1.00
2010.10.04 13:44:02.010,1.8448,1.84535,1.00,1.00
2010.10.04 13:44:02.315,1.8449,1.8455,1.00,1.00
2010.10.04 13:44:03.920,1.84495,1.8456,1.00,3.60
2010.10.04 13:44:04.696,1.845,1.8456,1.60,2.00
2010.10.04 13:44:05.024,1.84505,1.8456,3.20,1.00
2010.10.04 13:44:06.048,1.84505,1.8455,1.60,1.00
2010.10.04 13:44:06.354,1.845,1.84565,1.00,1.00
2010.10.04 13:44:07.403,1.8449,1.8456,2.30,1.20
2010.10.04 13:44:07.683,1.8449,1.8455,1.00,1.00
2010.10.04 13:44:08.656,1.8449,1.84565,1.00,1.00
2010.10.04 13:44:10.199,1.8449,1.84565,2.10,1.00
2010.10.04 13:44:10.452,1.84485,1.8455,2.00,1.00
2010.10.04 13:44:10.695,1.84485,1.8455,3.60,1.00
2010.10.04 13:44:11.643,1.8449,1.8455,1.00,1.00
2010.10.04 13:44:11.883,1.84485,1.8455,1.00,1.00
2010.10.04 13:44:12.126,1.84495,1.8455,3.20,1.00
2010.10.04 13:44:12.844,1.84495,1.8456,1.60,1.20
2010.10.04 13:44:13.192,1.84495,1.8455,1.60,1.00
2010.10.04 13:44:13.541,1.84485,1.8455,3.20,1.00
2010.10.04 13:44:15.150,1.8449,1.8455,1.00,1.00
2010.10.04 13:44:16.087,1.84485,1.8455,2.00,1.00
2010.10.04 13:44:16.433,1.8448,1.84535,1.00,1.00
2010.10.04 13:44:16.598,1.8448,1.84535,2.00,1.00
2010.10.04 13:44:17.508,1.84485,1.84535,3.20,1.00
2010.10.04 13:44:19.345,1.8449,1.84535,1.60,1.00
2010.10.04 13:44:19.577,1.8449,1.84535,3.20,1.00
2010.10.04 13:44:20.977,1.8449,1.8455,3.20,1.60
2010.10.04 13:44:21.237,1.84485,1.8455,1.00,1.00
2010.10.04 13:44:22.270,1.8449,1.8455,1.00,1.00
2010.10.04 13:44:24.356,1.8449,1.8455,1.60,1.00
2010.10.04 13:44:25.077,1.8449,1.8455,1.00,1.00
2010.10.04 13:44:25.112,1.8449,1.8455,1.60,1.00
2010.10.04 13:44:25.458,1.8449,1.8455,1.00,1.00
2010.10.04 13:44:26.145,1.845,1.84565,1.00,1.00
2010.10.04 13:44:27.126,1.8449,1.84565,1.00,1.00
2010.10.04 13:44:28.086,1.8449,1.8455,3.20,1.00
2010.10.04 13:44:28.348,1.845,1.84535,1.60,1.00
2010.10.04 13:44:28.626,1.8449,1.84535,3.20,1.00
2010.10.04 13:44:29.346,1.8449,1.84535,1.60,1.00
2010.10.04 13:44:31.403,1.84495,1.8455,3.20,1.00
2010.10.04 13:44:31.509,1.84495,1.8455,1.60,1.00
2010.10.04 13:44:32.897,1.845,1.8456,1.60,1.20
2010.10.04 13:44:33.225,1.8449,1.84565,1.00,1.00
2010.10.04 13:44:36.287,1.845,1.84565,1.00,1.00
2010.10.04 13:44:37.308,1.8449,1.8455,1.70,1.00
2010.10.04 13:44:37.602,1.8449,1.8455,2.00,1.00
2010.10.04 13:44:38.608,1.845,1.84565,1.00,1.00
2010.10.04 13:44:38.927,1.845,1.84565,1.00,1.00
2010.10.04 13:44:39.663,1.845,1.84565,1.00,1.00
2010.10.04 13:44:39.942,1.845,1.84565,1.00,1.00
2010.10.04 13:44:41.183,1.845,1.84565,1.00,1.00
2010.10.04 13:44:41.422,1.845,1.84565,1.00,1.00
2010.10.04 13:44:42.730,1.84495,1.84565,1.00,1.00
2010.10.04 13:44:43.000,1.845,1.84565,1.00,1.00
2010.10.04 13:44:43.270,1.8451,1.84565,1.00,1.00
2010.10.04 13:44:44.248,1.8451,1.8457,1.00,1.20
2010.10.04 13:44:44.553,1.845,1.84565,1.00,1.00
2010.10.04 13:44:46.536,1.8451,1.84565,1.00,1.00
2010.10.04 13:44:48.056,1.845,1.84565,1.00,1.00
2010.10.04 13:44:50.922,1.8451,1.8457,1.00,1.20
2010.10.04 13:44:51.166,1.8451,1.84575,1.00,1.00
2010.10.04 13:44:52.545,1.84505,1.8456,1.60,1.00
2010.10.04 13:44:54.092,1.84505,1.84565,3.60,1.00
2010.10.04 13:44:55.661,1.8451,1.84565,1.60,1.00
2010.10.04 13:44:55.909,1.8451,1.84565,1.60,1.00
2010.10.04 13:44:57.108,1.8451,1.84565,3.20,1.00
2010.10.04 13:44:57.338,1.8451,1.84565,1.60,1.00
2010.10.04 13:44:57.797,1.8451,1.84565,1.60,1.00
2010.10.04 13:44:58.767,1.8451,1.84565,3.20,1.00
2010.10.04 13:44:59.246,1.8451,1.84565,1.60,1.00
2010.10.04 13:44:59.486,1.8451,1.84565,3.20,1.00
2010.10.04 13:45:00.449,1.8451,1.84575,3.20,1.60
2010.10.04 13:45:00.684,1.84515,1.84575,3.60,1.00
2010.10.04 13:45:01.886,1.84505,1.84565,2.00,1.00
2010.10.04 13:45:02.486,1.84505,1.84565,1.00,1.00
2010.10.04 13:45:07.266,1.8451,1.84565,1.60,1.00
2010.10.04 13:45:08.247,1.84505,1.84565,1.00,1.00
2010.10.04 13:45:10.139,1.8451,1.8457,3.60,1.00
2010.10.04 13:45:10.267,1.8452,1.84575,1.00,1.00
2010.10.04 13:45:10.526,1.8452,1.84575,1.00,1.00
2010.10.04 13:45:11.566,1.8452,1.8459,1.00,2.00
2010.10.04 13:45:11.895,1.8452,1.84575,1.00,1.00
2010.10.04 13:45:12.879,1.8453,1.8459,1.00,3.20
2010.10.04 13:45:13.167,1.8452,1.84575,1.00,1.00
2010.10.04 13:45:14.209,1.8452,1.84575,1.00,1.00
2010.10.04 13:45:14.551,1.84505,1.8454,1.00,1.00
2010.10.04 13:45:15.323,1.8449,1.84525,3.20,1.00
2010.10.04 13:45:15.580,1.8448,1.8454,3.60,1.00
2010.10.04 13:45:15.818,1.84485,1.8454,1.60,1.00
2010.10.04 13:45:16.773,1.8447,1.84525,3.60,1.00
2010.10.04 13:45:18.679,1.84475,1.84525,1.60,1.00
2010.10.04 13:45:20.127,1.8447,1.84525,2.00,1.00
2010.10.04 13:45:21.476,1.8448,1.8454,1.00,1.00
2010.10.04 13:45:21.642,1.8448,1.8454,1.00,1.00
2010.10.04 13:45:22.514,1.8448,1.8454,1.60,1.00
2010.10.04 13:45:22.863,1.8447,1.84525,2.20,1.00
2010.10.04 13:45:23.733,1.8447,1.8453,3.80,1.00
2010.10.04 13:45:24.051,1.8447,1.84525,1.00,1.60
2010.10.04 13:45:24.890,1.8447,1.84525,1.00,1.00
2010.10.04 13:45:25.240,1.84465,1.84515,1.60,1.00
2010.10.04 13:45:26.609,1.84465,1.84525,1.60,1.00
2010.10.04 13:45:26.972,1.8447,1.84525,1.60,1.00
2010.10.04 13:45:28.101,1.8447,1.84525,3.20,1.00
2010.10.04 13:45:28.431,1.8448,1.8454,1.00,1.60
2010.10.04 13:45:29.162,1.8448,1.8454,1.00,1.00
2010.10.04 13:45:29.512,1.84435,1.84515,1.00,1.00
2010.10.04 13:45:30.403,1.8443,1.8449,1.00,1.00
2010.10.04 13:45:30.644,1.84425,1.84495,1.00,1.00
2010.10.04 13:45:32.457,1.8443,1.84495,1.00,1.00
2010.10.04 13:45:33.566,1.84435,1.84495,1.00,1.00
2010.10.04 13:45:33.815,1.8443,1.8449,1.00,1.20
2010.10.04 13:45:34.042,1.84445,1.8449,1.00,1.20
2010.10.04 13:45:34.961,1.84415,1.8448,1.00,1.00
2010.10.04 13:45:36.780,1.84435,1.8449,1.00,1.60
2010.10.04 13:45:38.561,1.84445,1.8449,3.20,1.00
2010.10.04 13:45:38.717,1.84445,1.8449,1.60,1.00
2010.10.04 13:45:39.623,1.84445,1.8449,3.20,1.00
2010.10.04 13:45:40.310,1.84445,1.84505,3.20,1.60
2010.10.04 13:45:41.112,1.84445,1.84505,3.20,1.00
2010.10.04 13:45:41.343,1.84415,1.8448,1.00,1.00
2010.10.04 13:45:42.236,1.8442,1.8448,1.00,1.00
2010.10.04 13:45:43.741,1.84435,1.84495,1.00,1.00
2010.10.04 13:45:44.799,1.8444,1.84495,1.00,1.00
2010.10.04 13:45:45.119,1.8445,1.84505,1.00,3.20
2010.10.04 13:45:48.231,1.8443,1.84495,3.20,1.00
2010.10.04 13:45:48.429,1.84435,1.84495,1.00,1.00
2010.10.04 13:45:49.340,1.8444,1.84505,1.00,3.60
2010.10.04 13:45:50.395,1.8444,1.84505,1.00,1.00
2010.10.04 13:45:50.623,1.8444,1.84505,2.00,2.00
2010.10.04 13:45:51.571,1.8444,1.84505,2.00,1.00
2010.10.04 13:45:51.885,1.8445,1.8452,1.00,1.00
2010.10.04 13:45:52.942,1.84455,1.8452,3.20,1.00
2010.10.04 13:45:54.252,1.8445,1.8452,3.70,1.00
2010.10.04 13:45:54.533,1.84455,1.8452,3.20,1.00
2010.10.04 13:45:55.292,1.8446,1.84525,1.00,1.00
2010.10.04 13:45:55.601,1.8446,1.84525,1.00,1.00
2010.10.04 13:45:56.743,1.8446,1.84525,1.00,3.60
2010.10.04 13:45:58.010,1.8446,1.84525,1.00,1.00
2010.10.04 13:46:00.701,1.84465,1.8453,1.00,1.00
2010.10.04 13:46:03.347,1.8446,1.84525,1.00,2.00
2010.10.04 13:46:04.340,1.8446,1.84525,1.00,3.60
2010.10.04 13:46:05.635,1.8446,1.84525,1.00,2.00
2010.10.04 13:46:06.147,1.8446,1.84515,1.00,1.00
2010.10.04 13:46:07.917,1.8446,1.84525,1.00,1.00
2010.10.04 13:46:09.830,1.8446,1.8452,1.00,1.60
2010.10.04 13:46:10.497,1.8446,1.84515,1.00,1.00
2010.10.04 13:46:11.776,1.8446,1.84515,1.00,1.60
2010.10.04 13:46:12.056,1.84455,1.8452,3.20,1.00
2010.10.04 13:46:13.032,1.84455,1.84525,1.00,1.00
2010.10.04 13:46:13.354,1.8445,1.8451,1.00,1.00
2010.10.04 13:46:14.620,1.8445,1.8451,2.00,1.00
2010.10.04 13:46:14.927,1.8445,1.8451,1.00,1.00
2010.10.04 13:46:15.937,1.84455,1.8452,3.20,1.00
2010.10.04 13:46:16.217,1.8445,1.84515,1.00,1.60
2010.10.04 13:46:16.988,1.8445,1.84515,1.00,3.20
2010.10.04 13:46:19.548,1.8445,1.84515,1.00,1.60
2010.10.04 13:46:19.641,1.8445,1.8451,1.00,2.00
2010.10.04 13:46:20.403,1.8445,1.8451,1.00,1.60
2010.10.04 13:46:20.490,1.8444,1.84505,2.00,1.00
2010.10.04 13:46:21.285,1.8444,1.84505,2.00,1.00
2010.10.04 13:46:21.629,1.8445,1.84515,1.00,2.80
2010.10.04 13:46:21.919,1.8445,1.84505,1.00,1.00
2010.10.04 13:46:24.947,1.8445,1.84505,2.00,1.00
2010.10.04 13:46:25.287,1.8445,1.84505,1.00,1.00
2010.10.04 13:46:26.129,1.8445,1.84505,2.00,1.00
2010.10.04 13:46:29.686,1.8445,1.84505,1.00,1.00
2010.10.04 13:46:30.790,1.8445,1.84505,2.00,1.00
2010.10.04 13:46:31.080,1.8445,1.84505,1.00,1.00
2010.10.04 13:46:31.245,1.8445,1.84505,2.00,1.00
2010.10.04 13:46:33.928,1.8445,1.84505,1.00,1.00
2010.10.04 13:46:34.126,1.8445,1.84505,2.00,1.00
2010.10.04 13:46:35.271,1.8445,1.8451,1.00,2.00
2010.10.04 13:46:35.603,1.84465,1.84515,1.00,3.20
2010.10.04 13:46:36.333,1.84465,1.84515,1.00,1.60
2010.10.04 13:46:36.683,1.8444,1.845,1.00,3.60
2010.10.04 13:46:37.743,1.8444,1.84495,1.00,3.20
2010.10.04 13:46:38.024,1.8444,1.8449,1.00,1.60
2010.10.04 13:46:38.992,1.8444,1.84495,1.00,3.20
2010.10.04 13:46:39.341,1.8444,1.84495,1.00,1.60
2010.10.04 13:46:41.099,1.8444,1.845,1.00,3.60
2010.10.04 13:46:41.241,1.8444,1.84495,1.00,1.60
2010.10.04 13:46:43.872,1.8444,1.845,1.00,3.20
2010.10.04 13:46:44.416,1.8444,1.845,1.00,1.60
2010.10.04 13:46:45.311,1.8444,1.845,1.00,3.20
2010.10.04 13:46:45.585,1.8444,1.84505,1.00,3.20
2010.10.04 13:46:46.804,1.8444,1.84505,1.00,1.60
2010.10.04 13:46:47.111,1.8444,1.845,1.00,1.00
2010.10.04 13:46:48.175,1.8444,1.84495,1.00,3.20
2010.10.04 13:46:49.208,1.8444,1.84495,1.00,1.60
2010.10.04 13:46:50.732,1.8444,1.8449,1.00,1.60
2010.10.04 13:46:50.997,1.8444,1.84495,1.00,3.60
2010.10.04 13:46:52.040,1.84445,1.84515,1.00,1.00
2010.10.04 13:46:52.320,1.8444,1.84495,1.00,1.00
2010.10.04 13:46:53.562,1.8444,1.84505,2.00,1.00
2010.10.04 13:46:53.822,1.8444,1.84505,3.20,1.00
2010.10.04 13:46:54.861,1.8444,1.84495,2.00,1.00
2010.10.04 13:46:55.934,1.8444,1.84505,2.00,1.00
2010.10.04 13:46:56.167,1.84455,1.8451,1.00,1.00
2010.10.04 13:46:57.434,1.84455,1.8451,1.00,1.00
2010.10.04 13:46:58.850,1.84455,1.8451,1.00,1.00
2010.10.04 13:46:59.094,1.84455,1.8451,1.00,3.70
2010.10.04 13:46:59.329,1.84455,1.8451,1.00,2.10
2010.10.04 13:47:00.382,1.84455,1.8451,1.00,1.00
2010.10.04 13:47:00.586,1.84455,1.8451,1.00,3.70
2010.10.04 13:47:01.745,1.84455,1.8451,1.00,3.60
2010.10.04 13:47:01.989,1.84455,1.8451,1.00,2.00
2010.10.04 13:47:04.753,1.84455,1.84515,1.00,1.60
2010.10.04 13:47:05.069,1.84455,1.8452,1.00,1.00
2010.10.04 13:47:06.032,1.84465,1.84525,1.00,2.00
2010.10.04 13:47:06.291,1.84465,1.84525,1.00,1.00
2010.10.04 13:47:07.570,1.84465,1.84525,1.00,2.00
2010.10.04 13:47:07.897,1.84465,1.84525,1.00,3.60
2010.10.04 13:47:09.276,1.84455,1.8452,1.00,1.00
2010.10.04 13:47:09.439,1.84455,1.8452,1.00,2.00
2010.10.04 13:47:09.597,1.84465,1.8452,1.00,1.60
2010.10.04 13:47:10.485,1.8446,1.84515,1.00,2.00
2010.10.04 13:47:10.820,1.84455,1.8451,1.00,1.00
2010.10.04 13:47:13.447,1.84455,1.8451,1.00,2.00
2010.10.04 13:47:15.091,1.84455,1.8451,1.00,3.60
2010.10.04 13:47:15.304,1.84465,1.8452,1.00,1.70
2010.10.04 13:47:15.517,1.84465,1.8452,1.00,3.20
2010.10.04 13:47:16.248,1.84465,1.8452,1.00,1.60
2010.10.04 13:47:16.581,1.84465,1.8452,1.00,3.20
2010.10.04 13:47:17.236,1.84465,1.8452,1.00,1.60
2010.10.04 13:47:18.293,1.84465,1.8452,2.00,1.00
2010.10.04 13:47:19.186,1.84465,1.8451,1.00,1.00
2010.10.04 13:47:19.334,1.84465,1.84515,1.00,1.60
2010.10.04 13:47:20.399,1.84455,1.8451,1.00,1.00
2010.10.04 13:47:20.879,1.84455,1.8451,1.00,1.00
2010.10.04 13:47:21.664,1.8444,1.84505,3.60,1.00
2010.10.04 13:47:21.962,1.84455,1.8451,1.00,1.00
2010.10.04 13:47:22.259,1.84455,1.8451,1.00,2.10
2010.10.04 13:47:23.814,1.84455,1.8451,1.00,2.00
2010.10.04 13:47:24.877,1.8444,1.84505,1.00,1.00
2010.10.04 13:47:25.133,1.84465,1.84515,1.00,1.60
2010.10.04 13:47:25.387,1.84465,1.8452,1.00,3.20
2010.10.04 13:47:26.352,1.8445,1.8451,1.00,1.00
2010.10.04 13:47:26.687,1.8445,1.8451,1.00,3.60
2010.10.04 13:47:27.762,1.8445,1.8451,1.00,2.00
2010.10.04 13:47:28.058,1.8445,1.8451,1.00,1.00
2010.10.04 13:47:29.213,1.84465,1.8452,1.00,1.00
2010.10.04 13:47:29.959,1.84465,1.8452,1.00,1.60
2010.10.04 13:47:30.758,1.84465,1.84515,1.00,3.20
2010.10.04 13:47:31.106,1.84465,1.8451,1.00,3.20
2010.10.04 13:47:31.240,1.84465,1.8452,1.00,1.70
2010.10.04 13:47:32.191,1.84455,1.8452,1.00,3.70
2010.10.04 13:47:33.219,1.84465,1.84515,1.00,1.60
2010.10.04 13:47:34.210,1.84465,1.8451,1.00,1.00
2010.10.04 13:47:34.378,1.8446,1.84515,1.00,1.00
2010.10.04 13:47:34.550,1.84465,1.8452,1.00,3.20
2010.10.04 13:47:37.421,1.84455,1.8452,1.00,3.60
2010.10.04 13:47:37.714,1.84465,1.8452,1.00,3.60
2010.10.04 13:47:38.166,1.84465,1.84515,1.00,1.60
2010.10.04 13:47:39.037,1.84465,1.8452,1.00,3.60
2010.10.04 13:47:40.932,1.8445,1.8451,1.00,3.60
2010.10.04 13:47:42.102,1.8445,1.8451,1.00,2.00
2010.10.04 13:47:42.377,1.8445,1.8451,1.00,1.00
2010.10.04 13:47:48.495,1.8444,1.84495,1.00,1.00
2010.10.04 13:47:50.932,1.84435,1.84495,1.00,1.00
2010.10.04 13:47:51.228,1.84445,1.84505,3.20,1.00
2010.10.04 13:47:51.513,1.8445,1.84505,3.60,1.00
2010.10.04 13:47:52.498,1.84455,1.84505,1.60,1.00
2010.10.04 13:47:52.826,1.8445,1.84505,3.20,1.00
2010.10.04 13:47:53.156,1.84455,1.84505,1.60,1.00
2010.10.04 13:47:53.935,1.8445,1.84505,3.20,1.00
2010.10.04 13:47:54.271,1.84445,1.84505,1.00,1.00
2010.10.04 13:47:55.652,1.84445,1.84505,1.00,1.60
2010.10.04 13:47:56.736,1.8443,1.8449,3.60,1.00
2010.10.04 13:47:58.381,1.84435,1.845,1.00,2.00
2010.10.04 13:47:59.430,1.84445,1.84505,1.00,1.00
2010.10.04 13:48:02.252,1.8443,1.8449,3.60,1.00
2010.10.04 13:48:03.527,1.84435,1.8449,1.60,1.00
2010.10.04 13:48:04.126,1.8443,1.8449,3.60,1.00
2010.10.04 13:48:05.491,1.8443,1.8449,1.00,1.00
2010.10.04 13:48:05.629,1.8443,1.8449,3.60,1.00
2010.10.04 13:48:06.527,1.84435,1.845,1.00,1.00
2010.10.04 13:48:06.814,1.8443,1.8449,1.00,1.00
2010.10.04 13:48:07.768,1.8443,1.8449,2.00,1.00
2010.10.04 13:48:08.084,1.8443,1.8449,1.00,1.00
2010.10.04 13:48:10.132,1.84445,1.8449,1.60,1.00
2010.10.04 13:48:11.222,1.84445,1.8449,3.20,1.00
2010.10.04 13:48:11.699,1.84445,1.84505,1.60,1.00
2010.10.04 13:48:12.669,1.84435,1.8449,1.60,1.00
2010.10.04 13:48:13.873,1.8444,1.84505,1.00,1.00
2010.10.04 13:48:14.340,1.8443,1.8449,1.00,1.00
2010.10.04 13:48:19.928,1.84435,1.845,1.00,3.60
2010.10.04 13:48:20.753,1.8443,1.8449,1.00,1.00
2010.10.04 13:48:20.892,1.84435,1.8449,1.00,1.00
2010.10.04 13:48:23.823,1.84435,1.8449,2.00,1.00
2010.10.04 13:48:24.073,1.8444,1.84505,1.00,1.00
2010.10.04 13:48:28.019,1.84435,1.8449,1.00,1.00
2010.10.04 13:48:29.624,1.8444,1.845,1.00,2.00
2010.10.04 13:48:33.127,1.8444,1.845,1.00,3.60
2010.10.04 13:48:33.827,1.8444,1.845,1.00,2.00
2010.10.04 13:48:37.910,1.8444,1.845,1.00,2.00
2010.10.04 13:48:38.048,1.8444,1.845,1.00,1.00
2010.10.04 13:48:38.188,1.8444,1.845,2.00,1.00
2010.10.04 13:48:40.948,1.8444,1.845,1.00,1.00
2010.10.04 13:48:42.122,1.8444,1.84505,1.00,1.00
2010.10.04 13:48:42.411,1.8444,1.84505,1.00,1.00
2010.10.04 13:48:43.213,1.84455,1.8452,1.00,1.00
2010.10.04 13:48:44.769,1.8444,1.84505,1.00,1.00
2010.10.04 13:48:45.750,1.8444,1.84505,1.00,1.00
2010.10.04 13:48:47.414,1.8444,1.84505,1.00,1.00
2010.10.04 13:48:48.979,1.84445,1.84515,1.00,1.00
2010.10.04 13:48:50.421,1.8444,1.84505,1.00,1.00
2010.10.04 13:48:51.778,1.8444,1.84505,1.00,1.00
2010.10.04 13:48:52.949,1.8444,1.8451,1.00,1.00
2010.10.04 13:48:57.745,1.8443,1.84505,2.00,1.00
2010.10.04 13:48:58.000,1.8443,1.84495,1.00,1.00
2010.10.04 13:49:00.781,1.8443,1.84505,1.00,1.00
2010.10.04 13:49:02.418,1.8444,1.8451,1.00,1.00
2010.10.04 13:49:04.211,1.8443,1.84495,1.00,1.00
2010.10.04 13:49:06.759,1.8443,1.84495,1.00,1.00
2010.10.04 13:49:08.011,1.8443,1.8449,1.00,1.00
2010.10.04 13:49:09.074,1.84435,1.8449,1.60,1.00
2010.10.04 13:49:09.379,1.84445,1.8449,1.60,1.00
2010.10.04 13:49:10.776,1.84445,1.8449,3.20,1.00
2010.10.04 13:49:11.110,1.8445,1.8449,1.60,1.00
2010.10.04 13:49:11.812,1.84445,1.8449,3.20,1.00
2010.10.04 13:49:12.070,1.84455,1.845,1.60,1.00
2010.10.04 13:49:12.309,1.84455,1.845,3.20,1.00
2010.10.04 13:49:13.269,1.84455,1.8449,3.20,1.00
2010.10.04 13:49:13.538,1.84445,1.8449,3.20,1.00
2010.10.04 13:49:18.111,1.8445,1.8449,1.60,1.00
2010.10.04 13:49:18.735,1.84445,1.8449,3.20,1.00
2010.10.04 13:49:20.018,1.84455,1.8451,1.00,1.00
2010.10.04 13:49:20.131,1.84455,1.8451,1.00,3.60
2010.10.04 13:49:20.954,1.8445,1.84515,1.00,1.00
2010.10.04 13:49:25.501,1.84455,1.8452,1.00,1.00
2010.10.04 13:49:26.442,1.8445,1.84515,1.00,1.00
2010.10.04 13:49:29.512,1.8445,1.8451,1.00,1.00
2010.10.04 13:49:29.766,1.84435,1.845,1.00,1.00
2010.10.04 13:49:31.108,1.84455,1.84505,1.00,3.20
2010.10.04 13:49:34.414,1.8447,1.84505,1.00,1.60
2010.10.04 13:49:34.540,1.8447,1.84515,1.00,1.60
2010.10.04 13:49:34.658,1.8447,1.8452,1.00,3.20
2010.10.04 13:49:38.839,1.8447,1.8452,1.00,1.60
2010.10.04 13:49:39.088,1.8447,1.8452,1.00,3.20
2010.10.04 13:49:39.337,1.8447,1.8452,1.00,1.60
2010.10.04 13:49:41.035,1.8447,1.84525,1.00,3.20
2010.10.04 13:49:41.211,1.8447,1.8452,1.00,3.20
2010.10.04 13:49:42.829,1.8447,1.84515,1.00,1.60
2010.10.04 13:49:44.050,1.8447,1.84515,1.00,3.20
2010.10.04 13:49:44.276,1.8447,1.84515,1.00,1.60
2010.10.04 13:49:47.639,1.8446,1.84515,1.00,1.60
2010.10.04 13:49:47.827,1.8445,1.84515,1.00,3.60
2010.10.04 13:49:48.019,1.8445,1.8451,1.00,1.60
2010.10.04 13:49:49.277,1.8445,1.84515,1.00,3.60
2010.10.04 13:49:50.846,1.84445,1.84505,1.00,3.60
2010.10.04 13:49:51.026,1.84445,1.84505,1.00,2.00
2010.10.04 13:49:51.900,1.8445,1.84505,1.00,3.20
2010.10.04 13:49:52.238,1.84445,1.84505,1.00,2.00
2010.10.04 13:49:52.577,1.8445,1.8451,1.00,3.20
2010.10.04 13:49:53.519,1.84445,1.8451,1.00,3.20
2010.10.04 13:49:55.647,1.8445,1.8451,1.00,3.20
2010.10.04 13:49:55.918,1.84445,1.8451,1.00,3.20
2010.10.04 13:49:57.062,1.84445,1.84505,1.00,2.00
2010.10.04 13:49:57.252,1.8443,1.8449,1.00,1.00
2010.10.04 13:49:58.341,1.8443,1.8449,1.00,1.00
2010.10.04 13:49:58.688,1.84435,1.8449,1.00,1.00
2010.10.04 13:49:59.759,1.84435,1.845,1.00,2.00
2010.10.04 13:50:01.186,1.84445,1.845,1.00,1.60
2010.10.04 13:50:01.659,1.84435,1.84495,1.60,1.00
2010.10.04 13:50:02.455,1.8444,1.84495,1.00,1.00
2010.10.04 13:50:02.587,1.84445,1.84505,1.00,2.00
2010.10.04 13:50:03.636,1.84445,1.84505,1.00,3.60
2010.10.04 13:50:04.870,1.84445,1.845,1.00,1.60
2010.10.04 13:50:05.197,1.84445,1.8451,1.00,3.20
2010.10.04 13:50:05.525,1.84445,1.84505,1.00,1.60
2010.10.04 13:50:06.483,1.84445,1.84505,1.00,2.00
2010.10.04 13:50:06.762,1.84445,1.84505,1.00,3.60
2010.10.04 13:50:08.583,1.8445,1.84505,1.00,1.60
2010.10.04 13:50:08.708,1.8445,1.8451,1.00,3.20
2010.10.04 13:50:08.948,1.8445,1.84515,1.00,3.60
2010.10.04 13:50:09.068,1.8445,1.8451,1.00,1.60
2010.10.04 13:50:10.049,1.8445,1.84515,1.00,3.60
2010.10.04 13:50:10.320,1.8445,1.8451,1.00,3.20
2010.10.04 13:50:10.589,1.84445,1.84505,1.00,2.00
2010.10.04 13:50:10.861,1.84445,1.845,1.00,3.20
2010.10.04 13:50:11.611,1.84445,1.84505,1.00,3.60
2010.10.04 13:50:14.589,1.84445,1.845,1.00,1.60
2010.10.04 13:50:15.716,1.8446,1.84515,1.00,3.20
2010.10.04 13:50:17.758,1.8445,1.84515,1.00,3.60
2010.10.04 13:50:17.986,1.8445,1.8451,1.00,3.20
2010.10.04 13:50:22.867,1.8445,1.84505,1.00,3.20
2010.10.04 13:50:23.841,1.8445,1.84505,1.00,1.60
2010.10.04 13:50:23.923,1.8445,1.84505,1.00,3.20
2010.10.04 13:50:24.067,1.8445,1.84505,1.00,1.60
2010.10.04 13:50:25.099,1.8445,1.84505,1.00,3.20
2010.10.04 13:50:26.117,1.8445,1.84505,1.00,1.60
2010.10.04 13:50:26.296,1.8445,1.84505,1.00,3.20
2010.10.04 13:50:26.660,1.8445,1.84505,1.00,1.60
2010.10.04 13:50:27.019,1.8445,1.84505,1.00,3.20
2010.10.04 13:50:27.876,1.84445,1.84505,1.00,3.60
2010.10.04 13:50:28.067,1.84445,1.845,1.00,1.60
2010.10.04 13:50:29.696,1.8446,1.84505,1.00,3.20
2010.10.04 13:50:30.668,1.8446,1.84515,1.00,3.20
2010.10.04 13:50:30.964,1.8445,1.8451,1.00,3.20
2010.10.04 13:50:31.944,1.8446,1.8451,1.00,3.20
2010.10.04 13:50:32.285,1.8445,1.84505,1.00,3.20
2010.10.04 13:50:33.257,1.8445,1.845,1.00,1.60
2010.10.04 13:50:34.283,1.8445,1.84505,1.00,3.20
2010.10.04 13:50:35.641,1.8445,1.84505,1.00,1.60
2010.10.04 13:50:35.858,1.8445,1.84505,1.00,3.20
2010.10.04 13:50:36.289,1.8445,1.84505,1.00,1.60
2010.10.04 13:50:36.659,1.84445,1.84505,1.00,3.60
2010.10.04 13:50:37.410,1.84435,1.84505,2.00,3.60
2010.10.04 13:50:37.580,1.84435,1.84495,1.00,3.20
2010.10.04 13:50:38.138,1.84435,1.845,1.00,3.20
2010.10.04 13:50:39.043,1.84425,1.8449,1.00,1.00
2010.10.04 13:50:39.260,1.8444,1.8449,3.20,1.00
2010.10.04 13:50:39.469,1.8444,1.84505,3.20,1.00
2010.10.04 13:50:40.365,1.84435,1.84495,1.00,3.20
2010.10.04 13:50:42.977,1.84435,1.8449,1.00,1.60
2010.10.04 13:50:43.867,1.84435,1.84495,1.00,3.20
2010.10.04 13:50:44.279,1.84435,1.8449,1.00,1.60
2010.10.04 13:50:44.476,1.84435,1.84495,1.00,3.20
2010.10.04 13:50:44.876,1.84435,1.8449,1.00,1.60
2010.10.04 13:50:47.442,1.8442,1.8448,1.00,1.60
2010.10.04 13:50:48.811,1.8442,1.84485,1.00,3.20
2010.10.04 13:50:49.128,1.84435,1.84485,1.00,3.20
2010.10.04 13:50:49.438,1.84435,1.84485,1.00,1.60
2010.10.04 13:50:50.448,1.84435,1.84485,1.00,3.20
2010.10.04 13:50:50.696,1.84435,1.84485,1.00,1.60
2010.10.04 13:50:50.946,1.8442,1.8448,2.20,1.60
2010.10.04 13:50:51.824,1.8442,1.8448,1.00,1.60
2010.10.04 13:50:52.381,1.84435,1.84485,1.00,3.20
2010.10.04 13:50:53.250,1.8442,1.84485,1.60,2.00
2010.10.04 13:50:53.572,1.84415,1.84485,1.00,1.00
2010.10.04 13:50:59.359,1.8441,1.8448,1.00,1.00
2010.10.04 13:51:01.276,1.84405,1.8448,1.00,1.00
2010.10.04 13:51:01.416,1.8441,1.8448,1.00,1.00
2010.10.04 13:51:02.892,1.8441,1.8447,1.00,1.00
2010.10.04 13:51:03.101,1.8442,1.84485,1.00,1.00
2010.10.04 13:51:06.124,1.84415,1.84485,1.00,1.00
2010.10.04 13:51:06.349,1.84405,1.8448,1.60,1.00
2010.10.04 13:51:06.459,1.84405,1.8448,1.00,1.00
2010.10.04 13:51:07.610,1.8441,1.8447,1.00,1.00
2010.10.04 13:51:07.931,1.84415,1.84485,1.00,1.00
2010.10.04 13:51:12.011,1.8442,1.84485,1.00,1.00
2010.10.04 13:51:13.664,1.8443,1.84485,1.00,1.00
2010.10.04 13:51:13.913,1.8443,1.84495,1.00,1.00
2010.10.04 13:51:14.844,1.8443,1.8449,1.00,1.60
2010.10.04 13:51:15.195,1.8444,1.8448,3.20,1.00
2010.10.04 13:51:16.183,1.84425,1.8448,3.60,1.00
2010.10.04 13:51:16.526,1.8442,1.8448,1.60,1.00
2010.10.04 13:51:17.543,1.8441,1.8448,1.00,3.20
2010.10.04 13:51:17.860,1.8443,1.8447,1.60,1.00
2010.10.04 13:51:18.873,1.8443,1.8448,1.60,1.00
2010.10.04 13:51:19.154,1.84425,1.8448,3.20,1.00
2010.10.04 13:51:19.432,1.84425,1.8448,1.60,1.00
2010.10.04 13:51:20.696,1.8443,1.8447,1.60,1.00
2010.10.04 13:51:21.774,1.8442,1.8447,3.20,1.00
2010.10.04 13:51:23.380,1.84425,1.8447,1.60,1.00
2010.10.04 13:51:23.620,1.8442,1.8447,3.20,1.00
2010.10.04 13:51:24.980,1.84435,1.84495,1.00,1.00
2010.10.04 13:51:25.261,1.84435,1.84495,1.00,3.60
2010.10.04 13:51:26.294,1.84435,1.84495,1.00,2.00
2010.10.04 13:51:27.506,1.84435,1.84495,1.00,3.60
2010.10.04 13:51:28.106,1.84435,1.84495,1.00,2.00
2010.10.04 13:51:29.070,1.84435,1.84495,1.00,1.00
2010.10.04 13:51:37.894,1.84425,1.8448,1.60,1.00
2010.10.04 13:51:37.999,1.8442,1.8448,3.60,1.00
2010.10.04 13:51:39.340,1.8442,1.8448,1.00,1.00
2010.10.04 13:51:39.668,1.8442,1.8449,1.00,3.60
2010.10.04 13:51:40.419,1.8442,1.8449,1.00,3.60
2010.10.04 13:51:40.744,1.8442,1.84485,1.00,1.60
2010.10.04 13:51:41.058,1.8442,1.8448,1.00,1.00
2010.10.04 13:51:41.883,1.84425,1.8448,1.00,3.20
2010.10.04 13:51:42.158,1.84425,1.84485,1.00,1.60
2010.10.04 13:51:42.422,1.84425,1.84485,1.00,3.20
2010.10.04 13:51:43.183,1.84425,1.84485,1.00,1.60
2010.10.04 13:51:43.512,1.84425,1.84485,1.00,3.20
2010.10.04 13:51:43.840,1.84435,1.8449,1.00,3.20
2010.10.04 13:51:44.897,1.84425,1.84485,1.00,3.20
2010.10.04 13:51:45.227,1.8442,1.8448,1.00,2.00
2010.10.04 13:51:45.558,1.8442,1.8448,1.00,3.60
2010.10.04 13:51:46.956,1.8442,1.8448,1.00,2.00
2010.10.04 13:51:48.031,1.8442,1.8448,1.00,3.60
2010.10.04 13:51:51.673,1.8442,1.8448,1.00,2.00
2010.10.04 13:51:51.950,1.8442,1.8448,1.00,3.60
2010.10.04 13:51:52.229,1.8442,1.8448,1.00,3.60
2010.10.04 13:51:52.300,1.8442,1.8448,1.00,2.00
2010.10.04 13:51:53.050,1.8442,1.8448,1.00,3.60
2010.10.04 13:51:53.569,1.84425,1.84485,1.00,3.20
2010.10.04 13:51:54.619,1.84435,1.8449,1.00,1.60
2010.10.04 13:51:56.410,1.84435,1.8449,1.00,3.20
2010.10.04 13:51:57.885,1.84435,1.8449,1.00,1.60
2010.10.04 13:51:58.986,1.84435,1.8449,1.00,3.20
2010.10.04 13:51:59.270,1.84435,1.84495,1.00,3.60
2010.10.04 13:51:59.529,1.84435,1.8449,1.00,1.60
2010.10.04 13:51:59.788,1.84435,1.84495,1.00,3.60
2010.10.04 13:52:00.048,1.84435,1.8449,1.00,1.60
2010.10.04 13:52:01.083,1.8442,1.8448,2.00,1.00
2010.10.04 13:52:02.142,1.8443,1.8449,3.20,1.00
2010.10.04 13:52:02.493,1.8443,1.8449,1.00,1.00
2010.10.04 13:52:03.453,1.8443,1.8449,1.00,3.60
2010.10.04 13:52:03.743,1.8443,1.8449,1.00,1.00
2010.10.04 13:52:05.758,1.8443,1.8449,1.00,1.00
2010.10.04 13:52:06.647,1.84435,1.845,1.00,3.60
2010.10.04 13:52:06.996,1.84435,1.8449,3.20,1.00
2010.10.04 13:52:08.600,1.84435,1.8448,3.20,1.00
2010.10.04 13:52:09.755,1.8444,1.8448,1.60,1.00
2010.10.04 13:52:10.946,1.84435,1.8449,3.20,1.60
2010.10.04 13:52:11.294,1.84445,1.8449,1.60,1.00
2010.10.04 13:52:11.999,1.8445,1.8449,1.60,1.00
2010.10.04 13:52:12.439,1.84445,1.8449,3.20,1.00
2010.10.04 13:52:13.724,1.8445,1.8449,1.60,1.00
2010.10.04 13:52:14.539,1.8445,1.8449,3.20,1.00
2010.10.04 13:52:14.839,1.8445,1.8449,1.60,1.00
2010.10.04 13:52:16.007,1.8445,1.8449,3.20,1.00
2010.10.04 13:52:18.722,1.84445,1.84485,1.60,1.00
2010.10.04 13:52:18.959,1.84445,1.84475,3.20,1.00
2010.10.04 13:52:20.051,1.8444,1.84475,3.20,1.00
2010.10.04 13:52:20.738,1.84445,1.84475,1.60,1.00
2010.10.04 13:52:21.147,1.8444,1.84475,3.20,1.00
2010.10.04 13:52:22.059,1.8444,1.8448,1.60,1.00
2010.10.04 13:52:22.191,1.8442,1.8448,1.60,1.00
2010.10.04 13:52:23.232,1.84435,1.8448,3.20,1.00
2010.10.04 13:52:23.581,1.8444,1.8448,3.20,1.00
2010.10.04 13:52:24.634,1.8442,1.8449,3.50,1.00
2010.10.04 13:52:24.920,1.8442,1.8449,1.90,1.00
2010.10.04 13:52:26.013,1.8443,1.8449,1.00,1.00
2010.10.04 13:52:26.341,1.8443,1.8449,1.00,1.00
2010.10.04 13:52:27.341,1.8443,1.8449,1.00,1.00
2010.10.04 13:52:27.603,1.8443,1.8449,1.00,1.00
2010.10.04 13:52:27.858,1.8443,1.8449,1.80,1.00
2010.10.04 13:52:28.120,1.8443,1.8449,3.50,1.00
2010.10.04 13:52:29.095,1.8443,1.8449,1.00,1.00
2010.10.04 13:52:29.793,1.8443,1.8449,1.80,1.00
2010.10.04 13:52:30.778,1.8443,1.8449,1.00,1.00
2010.10.04 13:52:31.050,1.84425,1.8448,3.20,1.00
2010.10.04 13:52:32.017,1.8442,1.8448,1.00,1.00
2010.10.04 13:52:32.559,1.84415,1.8448,1.00,1.00
2010.10.04 13:52:33.640,1.8442,1.8448,3.20,1.00
2010.10.04 13:52:33.970,1.84415,1.8448,3.40,1.00
2010.10.04 13:52:35.369,1.84415,1.8448,1.80,1.00
2010.10.04 13:52:36.359,1.8442,1.8448,1.00,1.00
2010.10.04 13:52:36.700,1.84415,1.8448,1.80,1.00
2010.10.04 13:52:38.179,1.84415,1.8448,1.00,1.00
2010.10.04 13:52:41.452,1.8442,1.8448,1.00,1.00
2010.10.04 13:52:42.999,1.8443,1.84495,1.00,1.00
2010.10.04 13:52:44.010,1.84425,1.84495,1.00,1.00
2010.10.04 13:52:44.356,1.8441,1.8448,1.00,1.00
2010.10.04 13:52:45.372,1.84395,1.8445,1.00,1.60
2010.10.04 13:52:45.686,1.84405,1.84455,3.20,1.00
2010.10.04 13:52:46.693,1.8442,1.84465,1.00,1.00
2010.10.04 13:52:46.976,1.8443,1.84465,1.00,1.00
2010.10.04 13:52:49.181,1.8443,1.8448,1.00,2.00
2010.10.04 13:52:49.448,1.8443,1.8448,1.00,1.00
2010.10.04 13:52:51.308,1.8443,1.8449,1.00,1.20
2010.10.04 13:52:52.183,1.84445,1.845,1.00,1.00
2010.10.04 13:52:52.454,1.84445,1.84505,1.00,1.00
2010.10.04 13:52:55.874,1.84445,1.845,1.00,1.00
2010.10.04 13:52:57.121,1.84445,1.8449,1.00,1.60
2010.10.04 13:52:57.404,1.84445,1.8449,1.00,1.00
2010.10.04 13:52:57.828,1.8443,1.8449,1.00,1.00
2010.10.04 13:52:58.751,1.8443,1.8449,1.00,1.00
2010.10.04 13:52:58.942,1.8443,1.8449,1.00,3.60
2010.10.04 13:53:00.321,1.8443,1.84485,1.00,1.60
2010.10.04 13:53:00.644,1.8443,1.8448,1.00,1.60
2010.10.04 13:53:00.958,1.8443,1.84485,1.00,3.20
2010.10.04 13:53:01.854,1.8443,1.84485,1.00,3.20
2010.10.04 13:53:02.195,1.84425,1.84475,1.00,1.00
2010.10.04 13:53:02.340,1.84415,1.84475,1.00,1.20
2010.10.04 13:53:03.193,1.8442,1.84475,1.00,1.00
2010.10.04 13:53:04.240,1.8442,1.84475,1.80,1.00
2010.10.04 13:53:04.565,1.8442,1.84475,3.20,1.00
2010.10.04 13:53:04.892,1.8442,1.84475,1.00,1.00
2010.10.04 13:53:05.220,1.8442,1.84485,1.00,1.00
2010.10.04 13:53:06.270,1.84425,1.84485,1.00,1.00
2010.10.04 13:53:06.756,1.8442,1.84485,2.20,1.00
2010.10.04 13:53:07.126,1.8442,1.84485,3.80,1.00
2010.10.04 13:53:08.338,1.84455,1.84485,1.60,2.00
2010.10.04 13:53:09.198,1.84455,1.845,1.60,1.00
2010.10.04 13:53:09.468,1.84445,1.84485,3.20,1.00
2010.10.04 13:53:11.122,1.8444,1.8448,1.60,1.00
2010.10.04 13:53:12.227,1.84425,1.8449,1.80,1.00
2010.10.04 13:53:13.197,1.84425,1.8448,1.00,1.00
2010.10.04 13:53:15.843,1.8445,1.84485,1.60,1.00
2010.10.04 13:53:16.687,1.84455,1.845,3.20,1.60
2010.10.04 13:53:16.835,1.84455,1.845,3.20,1.00
2010.10.04 13:53:19.645,1.8446,1.845,1.60,1.00
2010.10.04 13:53:19.868,1.8446,1.845,3.20,1.00
2010.10.04 13:53:20.098,1.84465,1.845,1.60,1.00
2010.10.04 13:53:21.640,1.8446,1.845,3.20,1.00
2010.10.04 13:53:22.757,1.84465,1.845,1.60,1.00
2010.10.04 13:53:23.937,1.8446,1.845,3.20,1.00
2010.10.04 13:53:24.206,1.84465,1.84485,1.60,1.00
2010.10.04 13:53:24.474,1.8445,1.84485,3.20,1.00
2010.10.04 13:53:25.526,1.8446,1.845,1.60,1.00
2010.10.04 13:53:25.870,1.8446,1.84485,1.60,1.00
2010.10.04 13:53:26.210,1.8445,1.84485,1.60,1.00
2010.10.04 13:53:26.934,1.8445,1.84485,3.20,1.00
2010.10.04 13:53:27.194,1.84455,1.84485,1.60,1.00
2010.10.04 13:53:28.407,1.8445,1.84485,1.60,1.00
2010.10.04 13:53:28.659,1.84445,1.84485,1.60,1.00
2010.10.04 13:53:28.900,1.84445,1.84485,3.20,1.00
2010.10.04 13:53:29.970,1.84445,1.84485,3.40,1.00
2010.10.04 13:53:30.308,1.84445,1.84485,1.80,1.00
2010.10.04 13:53:31.458,1.84445,1.84485,3.40,1.00
2010.10.04 13:53:31.939,1.8445,1.84485,1.60,1.00
2010.10.04 13:53:32.726,1.8445,1.84475,1.60,1.00
2010.10.04 13:53:33.012,1.8444,1.84475,3.20,1.00
2010.10.04 13:53:35.873,1.84435,1.84475,3.40,1.00
2010.10.04 13:53:37.168,1.84455,1.84475,1.60,1.00
2010.10.04 13:53:37.454,1.84455,1.84465,1.60,1.00
2010.10.04 13:53:38.187,1.8445,1.84465,1.60,1.00
2010.10.04 13:53:38.513,1.8443,1.8447,3.20,1.00
2010.10.04 13:53:38.838,1.8443,1.8447,1.60,1.00
2010.10.04 13:53:39.792,1.8443,1.8447,3.20,1.00
2010.10.04 13:53:40.028,1.8443,1.8447,1.60,1.00
2010.10.04 13:53:41.041,1.8443,1.8446,1.60,1.00
2010.10.04 13:53:41.365,1.8444,1.84475,1.60,1.00
2010.10.04 13:53:41.680,1.8443,1.8447,1.60,1.00
2010.10.04 13:53:42.716,1.84435,1.8447,1.60,1.00
2010.10.04 13:53:43.709,1.8443,1.84475,3.40,1.00
2010.10.04 13:53:43.994,1.8444,1.84475,3.20,1.00
2010.10.04 13:53:45.270,1.84435,1.84475,3.40,1.00
2010.10.04 13:53:45.611,1.8444,1.84475,1.60,1.00
2010.10.04 13:53:46.598,1.84435,1.84475,3.20,1.00
2010.10.04 13:53:46.803,1.8443,1.8446,3.20,1.00
2010.10.04 13:53:47.773,1.8443,1.8446,1.60,1.00
2010.10.04 13:53:48.117,1.8442,1.84455,1.60,1.00
2010.10.04 13:53:49.337,1.84415,1.84445,3.20,1.60
2010.10.04 13:53:50.092,1.84415,1.84445,3.20,1.00
2010.10.04 13:53:50.443,1.84405,1.84445,1.60,1.00
2010.10.04 13:53:51.485,1.84405,1.84445,1.80,1.00
2010.10.04 13:53:51.746,1.84415,1.84445,1.60,1.00
2010.10.04 13:53:53.072,1.84415,1.84455,1.60,1.00
2010.10.04 13:53:53.418,1.84415,1.84455,3.20,1.00
2010.10.04 13:53:54.466,1.8442,1.8446,3.20,1.00
2010.10.04 13:53:54.761,1.84425,1.8446,1.60,1.00
2010.10.04 13:53:55.496,1.8442,1.8446,3.20,1.00
2010.10.04 13:53:55.815,1.8442,1.84445,3.20,1.00
2010.10.04 13:53:56.869,1.84415,1.84445,1.60,1.00
2010.10.04 13:53:57.183,1.84415,1.84455,3.20,1.00
2010.10.04 13:53:58.505,1.8442,1.84455,1.60,1.00
2010.10.04 13:53:58.817,1.8443,1.8447,1.00,1.20
2010.10.04 13:53:59.565,1.8443,1.8448,1.00,1.20
2010.10.04 13:53:59.900,1.84445,1.84485,1.00,1.00
2010.10.04 13:54:03.974,1.8443,1.84485,1.00,1.00
2010.10.04 13:54:04.261,1.84435,1.84485,1.00,1.00
2010.10.04 13:54:05.280,1.8442,1.8447,1.00,1.00
2010.10.04 13:54:05.580,1.84425,1.8447,1.00,1.00
2010.10.04 13:54:06.886,1.8442,1.8447,1.00,1.00
2010.10.04 13:54:07.198,1.84415,1.8447,1.00,1.00
2010.10.04 13:54:08.217,1.84415,1.84455,1.00,1.00
2010.10.04 13:54:08.547,1.84405,1.84445,1.00,1.00
2010.10.04 13:54:09.451,1.8444,1.8447,1.00,1.00
2010.10.04 13:54:10.684,1.84425,1.84465,3.40,1.00
2010.10.04 13:54:11.480,1.84425,1.84465,1.80,1.00
2010.10.04 13:54:11.766,1.84425,1.84465,1.00,1.00
2010.10.04 13:54:13.180,1.84465,1.8448,1.00,1.00
2010.10.04 13:54:13.448,1.8444,1.8448,1.00,1.00
2010.10.04 13:54:14.966,1.8445,1.84485,1.00,1.00
2010.10.04 13:54:15.966,1.8445,1.8449,1.00,1.00
2010.10.04 13:54:16.272,1.84465,1.84505,1.00,1.20
2010.10.04 13:54:17.242,1.84465,1.8451,1.00,1.00
2010.10.04 13:54:17.785,1.8445,1.8451,1.00,1.00
2010.10.04 13:54:18.835,1.84425,1.8447,1.00,1.00
2010.10.04 13:54:20.162,1.8444,1.8447,1.00,1.00
2010.10.04 13:54:20.444,1.8444,1.84485,1.00,1.00
2010.10.04 13:54:21.497,1.8443,1.8448,1.60,1.00
2010.10.04 13:54:21.840,1.84425,1.8448,3.40,1.00
2010.10.04 13:54:22.570,1.84425,1.8448,1.80,1.00
2010.10.04 13:54:22.865,1.84435,1.84485,1.00,1.00
2010.10.04 13:54:23.163,1.84435,1.84485,3.40,1.00
2010.10.04 13:54:24.154,1.8443,1.84485,3.20,1.00
2010.10.04 13:54:24.397,1.84435,1.8447,1.60,1.00
2010.10.04 13:54:25.360,1.8443,1.8447,1.60,1.00
2010.10.04 13:54:25.701,1.84425,1.8447,3.20,1.00
2010.10.04 13:54:27.004,1.84435,1.8448,1.00,1.00
2010.10.04 13:54:28.374,1.8444,1.8449,1.00,1.00
2010.10.04 13:54:29.010,1.8443,1.8448,3.40,1.00
2010.10.04 13:54:30.095,1.84435,1.8449,1.00,1.00
2010.10.04 13:54:30.238,1.84435,1.8449,1.80,1.00
2010.10.04 13:54:30.378,1.8444,1.8449,1.60,1.00
2010.10.04 13:54:31.177,1.8444,1.8448,3.20,1.00
2010.10.04 13:54:31.473,1.84435,1.8448,3.20,1.00
2010.10.04 13:54:31.758,1.8444,1.8448,1.60,1.00
2010.10.04 13:54:32.940,1.84435,1.8448,3.20,1.00
2010.10.04 13:54:33.191,1.8444,1.8448,1.60,1.00
2010.10.04 13:54:33.677,1.84435,1.8448,3.40,1.00
2010.10.04 13:54:34.396,1.8444,1.8448,1.60,1.00
2010.10.04 13:54:34.744,1.84435,1.8448,3.40,1.00
2010.10.04 13:54:36.088,1.8444,1.8448,1.60,1.00
2010.10.04 13:54:36.305,1.84435,1.8448,3.40,1.00
2010.10.04 13:54:37.887,1.8444,1.8448,1.60,1.00
2010.10.04 13:54:38.871,1.84435,1.8448,3.40,1.00
2010.10.04 13:54:39.152,1.8445,1.84515,1.00,1.20
2010.10.04 13:54:40.948,1.8445,1.845,1.00,1.00
2010.10.04 13:54:42.688,1.8445,1.8451,1.00,1.00
2010.10.04 13:54:42.898,1.8445,1.8451,1.00,1.00
2010.10.04 13:54:43.855,1.8445,1.8452,1.00,1.00
2010.10.04 13:54:44.109,1.8445,1.84505,1.00,1.00
2010.10.04 13:54:45.153,1.84445,1.845,1.80,1.00
2010.10.04 13:54:46.252,1.84445,1.84495,1.80,1.00
2010.10.04 13:54:46.542,1.8446,1.8451,1.00,1.00
2010.10.04 13:54:46.830,1.8446,1.8451,1.00,1.00
2010.10.04 13:54:47.850,1.84455,1.8451,1.00,1.00
2010.10.04 13:54:48.718,1.8445,1.84505,1.00,1.00
2010.10.04 13:54:49.036,1.84445,1.84495,1.00,1.00
2010.10.04 13:54:51.429,1.8444,1.84495,1.00,1.00
2010.10.04 13:54:51.726,1.84445,1.84495,1.00,1.00
2010.10.04 13:54:54.555,1.8446,1.8451,1.00,1.00
2010.10.04 13:54:58.061,1.84465,1.8452,1.00,3.60
2010.10.04 13:54:59.125,1.84465,1.8452,1.00,1.00
2010.10.04 13:55:01.061,1.84455,1.8451,1.00,1.00
2010.10.04 13:55:02.099,1.8446,1.8451,1.00,1.00
2010.10.04 13:55:02.268,1.8446,1.8451,1.00,1.00
2010.10.04 13:55:03.930,1.84465,1.8451,1.00,1.00
2010.10.04 13:55:04.920,1.8445,1.84505,1.00,1.00
2010.10.04 13:55:06.219,1.8444,1.84495,3.20,1.00
2010.10.04 13:55:07.515,1.8447,1.84485,1.60,1.00
2010.10.04 13:55:08.524,1.8446,1.8451,1.00,1.20
2010.10.04 13:55:08.774,1.84475,1.84505,1.00,1.60
2010.10.04 13:55:09.759,1.8445,1.84505,1.00,1.00
2010.10.04 13:55:11.155,1.8446,1.8451,1.00,1.00
2010.10.04 13:55:11.478,1.8446,1.8451,1.00,1.00
2010.10.04 13:55:12.284,1.84455,1.8451,1.00,1.00
2010.10.04 13:55:12.611,1.8446,1.8451,1.00,1.00
2010.10.04 13:55:15.744,1.84455,1.84505,1.60,1.00
2010.10.04 13:55:15.879,1.8445,1.84505,1.00,1.00
2010.10.04 13:55:16.851,1.84455,1.84505,1.00,1.00
2010.10.04 13:55:18.365,1.8446,1.84505,1.80,1.00
2010.10.04 13:55:18.601,1.8446,1.8451,1.80,1.00
2010.10.04 13:55:19.643,1.84455,1.84505,3.40,1.00
2010.10.04 13:55:20.656,1.84455,1.84505,1.00,1.00
2010.10.04 13:55:21.006,1.8445,1.84505,3.40,1.00
2010.10.04 13:55:21.317,1.8445,1.84505,1.80,1.00
2010.10.04 13:55:22.300,1.8445,1.84505,3.40,1.00
2010.10.04 13:55:23.296,1.84455,1.84505,1.60,1.00
2010.10.04 13:55:24.220,1.8445,1.84505,3.40,1.00
2010.10.04 13:55:24.478,1.84465,1.84505,1.00,1.00
2010.10.04 13:55:25.308,1.84465,1.8452,1.00,1.00
2010.10.04 13:55:27.060,1.84475,1.84525,1.00,1.00
2010.10.04 13:55:28.754,1.84465,1.84525,1.60,1.00
2010.10.04 13:55:29.511,1.8446,1.84525,1.00,1.00
2010.10.04 13:55:29.851,1.8446,1.8451,1.00,1.00
2010.10.04 13:55:30.932,1.84465,1.8452,1.60,1.00
2010.10.04 13:55:31.994,1.84475,1.8454,1.00,1.00
2010.10.04 13:55:32.256,1.84465,1.8452,1.00,1.00
2010.10.04 13:55:33.156,1.8447,1.8452,1.60,1.00
2010.10.04 13:55:33.450,1.8446,1.8452,1.00,1.00
2010.10.04 13:55:34.760,1.8446,1.8452,1.80,1.00
2010.10.04 13:55:35.057,1.8446,1.8452,1.00,1.00
2010.10.04 13:55:38.207,1.84455,1.8452,3.80,1.00
2010.10.04 13:55:38.319,1.84455,1.8451,3.40,1.00
2010.10.04 13:55:38.429,1.84455,1.8451,1.80,1.00
2010.10.04 13:55:39.468,1.8446,1.8451,1.00,1.00
2010.10.04 13:55:42.409,1.8446,1.8451,1.00,1.00
2010.10.04 13:55:43.960,1.84465,1.8451,3.20,1.00
2010.10.04 13:55:44.184,1.8446,1.8451,1.00,1.00
2010.10.04 13:55:44.401,1.8446,1.8451,1.00,1.00
2010.10.04 13:55:45.156,1.8446,1.8451,1.00,1.00
2010.10.04 13:55:45.484,1.8448,1.84535,3.40,1.00
2010.10.04 13:55:46.743,1.84485,1.84525,1.60,1.00
2010.10.04 13:55:47.029,1.8448,1.8454,1.00,1.00
2010.10.04 13:55:47.985,1.8447,1.8453,1.00,1.00
2010.10.04 13:55:48.281,1.8448,1.8452,1.00,1.00
2010.10.04 13:55:49.249,1.84485,1.8454,3.20,1.00
2010.10.04 13:55:49.538,1.84485,1.84545,1.00,1.00
2010.10.04 13:55:50.527,1.84495,1.84545,1.60,1.00
2010.10.04 13:55:50.883,1.8449,1.8454,1.60,1.00
2010.10.04 13:55:51.876,1.84475,1.8452,1.60,1.00
2010.10.04 13:55:52.176,1.8449,1.8454,3.20,1.00
2010.10.04 13:55:53.186,1.8449,1.8454,1.60,1.00
2010.10.04 13:55:53.494,1.84485,1.84545,1.00,1.00
2010.10.04 13:55:53.792,1.8448,1.8453,3.20,1.00
2010.10.04 13:55:55.573,1.84485,1.84535,1.00,1.00
2010.10.04 13:55:58.270,1.84485,1.84535,1.80,1.00
2010.10.04 13:55:59.226,1.84495,1.8455,1.00,1.00
2010.10.04 13:55:59.551,1.84495,1.8455,1.00,1.00
2010.10.04 13:55:59.874,1.8449,1.8455,1.00,1.00
2010.10.04 13:56:00.585,1.8449,1.84545,1.00,1.00
2010.10.04 13:56:00.876,1.8449,1.84535,1.60,1.00
2010.10.04 13:56:01.892,1.8449,1.84535,3.20,1.00
2010.10.04 13:56:02.428,1.8449,1.84535,1.60,1.00
2010.10.04 13:56:03.801,1.8448,1.84535,1.00,1.00
2010.10.04 13:56:08.222,1.8449,1.84535,1.60,1.00
2010.10.04 13:56:08.669,1.8449,1.8455,3.20,1.00
2010.10.04 13:56:09.413,1.8449,1.8455,3.20,1.70
2010.10.04 13:56:09.861,1.8449,1.8455,3.20,1.00
2010.10.04 13:56:11.000,1.84495,1.8455,1.00,1.00
2010.10.04 13:56:11.385,1.84495,1.8455,1.80,1.00
2010.10.04 13:56:11.641,1.84495,1.84535,3.20,1.00
2010.10.04 13:56:12.570,1.84495,1.84535,1.60,1.00
2010.10.04 13:56:12.852,1.8449,1.84535,3.20,1.00
2010.10.04 13:56:13.127,1.84495,1.84535,1.60,1.00
2010.10.04 13:56:14.403,1.84495,1.8455,3.20,1.00
2010.10.04 13:56:15.522,1.8449,1.84535,3.20,1.00
2010.10.04 13:56:16.524,1.84495,1.84535,1.60,1.00
2010.10.04 13:56:17.500,1.8449,1.84535,3.20,1.00
2010.10.04 13:56:19.724,1.845,1.8455,3.20,1.00
2010.10.04 13:56:19.889,1.84495,1.8455,1.00,1.00
2010.10.04 13:56:20.647,1.84495,1.8455,1.00,1.00
2010.10.04 13:56:21.145,1.8451,1.8456,1.00,1.00
2010.10.04 13:56:21.854,1.8451,1.8456,1.00,1.00
2010.10.04 13:56:22.166,1.84505,1.84565,1.00,1.00
2010.10.04 13:56:23.404,1.8452,1.8457,1.00,1.00
2010.10.04 13:56:24.752,1.84515,1.8457,1.00,1.00
2010.10.04 13:56:25.092,1.8451,1.8457,1.00,1.00
2010.10.04 13:56:25.429,1.8451,1.84575,1.00,1.00
2010.10.04 13:56:26.486,1.84505,1.84565,1.00,1.00
2010.10.04 13:56:26.620,1.84505,1.84565,1.80,1.00
2010.10.04 13:56:27.548,1.84505,1.84565,1.60,1.00
2010.10.04 13:56:27.861,1.84505,1.8456,1.80,1.00
2010.10.04 13:56:28.182,1.84505,1.84565,1.80,1.00
2010.10.04 13:56:29.219,1.845,1.84555,3.80,1.00
2010.10.04 13:56:30.547,1.8454,1.8459,1.00,1.00
2010.10.04 13:56:30.796,1.8458,1.8465,1.00,3.60
2010.10.04 13:56:31.604,1.8458,1.8465,1.00,3.60
2010.10.04 13:56:32.675,1.84545,1.84585,3.20,1.20
2010.10.04 13:56:32.997,1.8453,1.84575,1.00,1.00
2010.10.04 13:56:33.994,1.8453,1.8459,1.00,1.00
2010.10.04 13:56:34.299,1.84515,1.84585,1.00,1.00
2010.10.04 13:56:34.886,1.84515,1.8458,1.00,1.00
2010.10.04 13:56:35.923,1.84545,1.8459,1.00,1.00
2010.10.04 13:56:36.245,1.8453,1.84605,1.00,1.20
2010.10.04 13:56:37.291,1.84525,1.8458,1.60,1.00
2010.10.04 13:56:37.575,1.8452,1.8458,1.00,1.00
2010.10.04 13:56:38.840,1.84525,1.8458,1.60,1.00
2010.10.04 13:56:39.119,1.8452,1.8458,1.00,1.00
2010.10.04 13:56:40.103,1.8452,1.8458,1.00,1.00
2010.10.04 13:56:40.361,1.84515,1.8458,1.00,1.00
2010.10.04 13:56:41.705,1.84505,1.84565,1.00,1.00
2010.10.04 13:56:42.044,1.84505,1.84565,2.20,1.00
2010.10.04 13:56:43.072,1.8452,1.8458,1.00,3.60
2010.10.04 13:56:43.368,1.8452,1.8458,3.60,1.00
2010.10.04 13:56:44.385,1.8451,1.84575,1.00,1.00
2010.10.04 13:56:44.674,1.8451,1.8457,1.00,1.00
2010.10.04 13:56:46.627,1.8451,1.8457,1.00,1.70
2010.10.04 13:56:47.651,1.84515,1.84575,1.00,1.60
2010.10.04 13:56:47.958,1.84515,1.8458,1.00,1.00
2010.10.04 13:56:48.953,1.84515,1.8458,1.00,1.00
2010.10.04 13:56:49.159,1.84515,1.8458,3.60,1.00
2010.10.04 13:56:49.786,1.84515,1.8458,2.00,1.00
2010.10.04 13:56:51.054,1.84555,1.8461,1.00,1.00
2010.10.04 13:56:51.228,1.84555,1.8461,1.00,1.00
2010.10.04 13:56:52.128,1.84545,1.8461,1.00,1.00
2010.10.04 13:56:52.454,1.84545,1.8461,3.60,1.00
2010.10.04 13:56:53.519,1.84555,1.846,1.00,1.00
2010.10.04 13:56:55.205,1.84555,1.846,1.60,1.00
2010.10.04 13:56:55.460,1.8453,1.846,1.80,1.00
2010.10.04 13:56:56.426,1.84545,1.8461,1.00,1.00
2010.10.04 13:56:56.757,1.84555,1.8461,1.00,1.00
2010.10.04 13:56:58.010,1.8456,1.8461,1.00,1.00
2010.10.04 13:57:01.542,1.8456,1.8462,1.00,1.00
2010.10.04 13:57:01.908,1.8456,1.8461,1.00,1.00
2010.10.04 13:57:03.177,1.8455,1.8462,1.00,1.00
2010.10.04 13:57:04.098,1.8456,1.8463,1.00,1.00
2010.10.04 13:57:04.442,1.8456,1.8463,1.00,1.00
2010.10.04 13:57:07.966,1.8457,1.8463,1.00,1.00
2010.10.04 13:57:08.710,1.8458,1.8464,1.00,1.00
2010.10.04 13:57:08.946,1.84585,1.8463,1.00,1.00
2010.10.04 13:57:10.210,1.84595,1.8464,1.20,3.20
2010.10.04 13:57:10.554,1.8459,1.8465,1.00,2.00
2010.10.04 13:57:11.296,1.84595,1.8465,1.60,2.00
2010.10.04 13:57:11.618,1.84585,1.8464,1.60,1.00
2010.10.04 13:57:13.019,1.84585,1.8464,1.00,1.00
2010.10.04 13:57:13.321,1.8458,1.8464,1.60,1.00
2010.10.04 13:57:13.617,1.8458,1.8465,1.60,1.00
2010.10.04 13:57:14.464,1.8458,1.84645,1.60,1.00
2010.10.04 13:57:14.663,1.8458,1.8464,1.60,1.00
2010.10.04 13:57:16.474,1.8458,1.8464,1.60,1.00
2010.10.04 13:57:16.546,1.8459,1.8464,1.00,1.00
2010.10.04 13:57:18.223,1.846,1.8464,1.00,1.00
2010.10.04 13:57:18.490,1.846,1.8465,1.00,1.00
2010.10.04 13:57:18.759,1.846,1.8465,1.00,1.00
2010.10.04 13:57:19.776,1.846,1.8464,1.00,1.00
2010.10.04 13:57:20.052,1.84615,1.8465,1.00,1.00
2010.10.04 13:57:21.047,1.84615,1.84645,1.00,1.60
2010.10.04 13:57:21.326,1.84605,1.8464,1.00,1.00
2010.10.04 13:57:22.705,1.846,1.8464,1.00,1.00
2010.10.04 13:57:24.078,1.8461,1.8465,1.00,1.00
2010.10.04 13:57:25.053,1.8462,1.8468,1.20,1.00
2010.10.04 13:57:25.393,1.8461,1.84665,1.00,1.60
2010.10.04 13:57:25.736,1.84615,1.84665,1.00,1.60
2010.10.04 13:57:27.089,1.84615,1.8467,1.00,1.00
2010.10.04 13:57:27.413,1.84615,1.8466,1.00,1.00
2010.10.04 13:57:31.067,1.84615,1.8465,1.00,1.00
2010.10.04 13:57:32.123,1.84625,1.8467,1.00,1.00
2010.10.04 13:57:33.514,1.84625,1.8468,1.00,3.30
2010.10.04 13:57:34.058,1.84625,1.8468,1.00,1.70
2010.10.04 13:57:34.780,1.84625,1.8468,1.00,1.00
2010.10.04 13:57:35.468,1.84625,1.8467,1.00,1.00
2010.10.04 13:57:38.425,1.8462,1.8467,1.00,1.00
2010.10.04 13:57:39.726,1.84635,1.8468,1.00,1.00
2010.10.04 13:57:41.821,1.8463,1.8468,1.20,1.00
2010.10.04 13:57:41.948,1.84635,1.8468,1.00,1.00
2010.10.04 13:57:43.030,1.84635,1.8469,1.00,3.20
2010.10.04 13:57:43.367,1.8463,1.8469,1.00,1.00
2010.10.04 13:57:44.423,1.8463,1.8468,1.00,1.00
2010.10.04 13:57:45.387,1.8463,1.8469,1.00,3.60
2010.10.04 13:57:45.663,1.8463,1.8469,1.00,1.00
2010.10.04 13:57:45.938,1.8463,1.8469,3.60,1.00
2010.10.04 13:57:46.208,1.8463,1.8469,1.60,1.00
2010.10.04 13:57:46.478,1.84625,1.8469,3.60,1.00
2010.10.04 13:57:46.798,1.8463,1.8469,1.60,1.00
2010.10.04 13:57:47.798,1.84625,1.8469,2.00,1.00
2010.10.04 13:57:49.707,1.84625,1.8469,3.60,1.00
2010.10.04 13:57:51.036,1.84625,1.8469,3.60,1.00
2010.10.04 13:57:51.168,1.8463,1.847,2.00,1.00
2010.10.04 13:57:52.322,1.8463,1.847,1.00,2.10
2010.10.04 13:57:52.609,1.8463,1.847,2.00,1.00
2010.10.04 13:57:52.891,1.8463,1.8469,2.00,1.00
2010.10.04 13:57:54.178,1.8463,1.847,1.00,2.10
2010.10.04 13:57:54.510,1.8463,1.8469,1.00,1.00
2010.10.04 13:57:54.657,1.84625,1.8469,3.60,1.00
2010.10.04 13:57:58.081,1.84625,1.8469,3.60,1.00
2010.10.04 13:57:58.277,1.8463,1.8469,1.00,1.00
2010.10.04 13:57:58.478,1.84625,1.8469,3.60,1.00
2010.10.04 13:58:00.010,1.84625,1.8469,3.60,1.00
2010.10.04 13:58:00.274,1.84635,1.8469,1.00,1.00
2010.10.04 13:58:00.413,1.84635,1.847,1.00,1.60
2010.10.04 13:58:01.239,1.8464,1.84705,1.00,1.00
2010.10.04 13:58:01.494,1.84645,1.8472,3.20,1.00
2010.10.04 13:58:01.749,1.8464,1.8472,3.60,1.00
2010.10.04 13:58:02.633,1.8464,1.8472,3.20,1.00
2010.10.04 13:58:02.902,1.8464,1.8472,3.20,1.00
2010.10.04 13:58:03.429,1.84655,1.8472,1.00,1.00
2010.10.04 13:58:04.731,1.84655,1.8472,1.00,1.00
2010.10.04 13:58:06.744,1.8465,1.84715,1.00,1.00
2010.10.04 13:58:10.473,1.8466,1.84725,1.00,1.20
2010.10.04 13:58:10.681,1.8466,1.8473,1.00,1.00
2010.10.04 13:58:13.988,1.8466,1.8473,1.00,1.00
2010.10.04 13:58:14.117,1.8466,1.8473,3.70,1.00
2010.10.04 13:58:15.411,1.84675,1.8473,1.60,1.00
2010.10.04 13:58:15.639,1.84675,1.8473,3.20,1.00
2010.10.04 13:58:17.615,1.84675,1.8474,3.60,1.00
2010.10.04 13:58:18.534,1.84685,1.8474,1.60,1.00
2010.10.04 13:58:18.848,1.84675,1.8474,1.60,1.00
2010.10.04 13:58:19.909,1.84665,1.8474,2.00,1.00
2010.10.04 13:58:22.038,1.84665,1.8473,1.00,1.00
2010.10.04 13:58:22.627,1.84675,1.8473,1.00,1.00
2010.10.04 13:58:23.797,1.84665,1.8473,1.00,1.00
2010.10.04 13:58:29.527,1.84655,1.84715,3.20,1.00
2010.10.04 13:58:30.471,1.84655,1.8471,2.00,1.00
2010.10.04 13:58:31.571,1.84655,1.8471,1.00,1.00
2010.10.04 13:58:32.257,1.84655,1.8471,3.60,1.00
2010.10.04 13:58:32.596,1.84655,1.8471,2.00,1.00
2010.10.04 13:58:33.645,1.84655,1.8471,3.60,1.00
2010.10.04 13:58:33.859,1.84655,1.8471,2.00,1.00
2010.10.04 13:58:35.188,1.84655,1.8471,3.60,1.00
2010.10.04 13:58:35.637,1.84655,1.8471,2.00,1.00
2010.10.04 13:58:36.383,1.84655,1.8471,2.00,1.00
2010.10.04 13:58:36.671,1.8466,1.8472,3.20,1.00
2010.10.04 13:58:37.247,1.84665,1.8472,1.60,1.00
2010.10.04 13:58:38.000,1.8466,1.8472,3.20,1.00
2010.10.04 13:58:38.261,1.84665,1.8472,1.60,1.00
2010.10.04 13:58:38.519,1.84665,1.8472,1.60,1.00
2010.10.04 13:58:40.341,1.8466,1.8472,3.20,1.00
2010.10.04 13:58:43.747,1.8466,1.8471,3.20,1.00
2010.10.04 13:58:43.977,1.8466,1.8471,1.60,1.00
2010.10.04 13:58:44.715,1.8466,1.84695,1.60,1.00
2010.10.04 13:58:44.971,1.8465,1.84725,1.00,1.00
2010.10.04 13:58:45.228,1.8465,1.8472,1.00,1.00
2010.10.04 13:58:46.169,1.8466,1.8472,1.00,1.00
2010.10.04 13:58:46.489,1.8465,1.84725,1.00,1.00
2010.10.04 13:58:47.801,1.8465,1.84725,1.00,1.00
2010.10.04 13:58:48.053,1.8465,1.84725,2.00,1.00
2010.10.04 13:58:48.298,1.8465,1.84725,3.60,1.00
2010.10.04 13:58:49.539,1.8466,1.8471,3.20,1.00
2010.10.04 13:58:49.845,1.8467,1.8472,1.60,1.00
2010.10.04 13:58:50.677,1.84675,1.8472,1.60,1.00
2010.10.04 13:58:52.525,1.84665,1.8473,1.00,1.00
2010.10.04 13:58:52.789,1.84665,1.8474,1.00,1.70
2010.10.04 13:58:53.740,1.84665,1.8474,1.00,1.00
2010.10.04 13:58:54.012,1.84665,1.8474,1.00,1.00
2010.10.04 13:58:54.562,1.84665,1.8473,1.00,1.00
2010.10.04 13:58:55.289,1.84665,1.8473,1.00,1.00
2010.10.04 13:58:55.546,1.84665,1.8473,1.00,1.00
2010.10.04 13:58:57.265,1.84655,1.8471,1.00,1.00
2010.10.04 13:58:57.564,1.84655,1.8471,3.60,1.00
2010.10.04 13:59:00.599,1.84655,1.8471,1.00,1.00
2010.10.04 13:59:09.956,1.84665,1.8473,1.00,1.00
2010.10.04 13:59:13.960,1.84655,1.8473,1.00,1.00
2010.10.04 13:59:15.632,1.84645,1.8472,1.00,1.00
2010.10.04 13:59:16.279,1.8465,1.8473,1.00,1.00
2010.10.04 13:59:17.439,1.8466,1.8473,1.00,1.00
2010.10.04 13:59:17.700,1.84645,1.8472,1.00,1.00
2010.10.04 13:59:18.967,1.84645,1.8472,1.00,1.00
2010.10.04 13:59:19.268,1.84625,1.84695,1.00,1.00
2010.10.04 13:59:19.566,1.8462,1.84695,1.00,1.00
2010.10.04 13:59:23.786,1.84625,1.84705,1.00,1.00
2010.10.04 13:59:24.715,1.8462,1.84695,1.00,1.00
2010.10.04 13:59:30.348,1.84615,1.847,1.00,1.00
2010.10.04 13:59:30.550,1.8463,1.8471,1.00,1.00
2010.10.04 13:59:31.326,1.8463,1.8471,1.00,1.00
2010.10.04 13:59:31.430,1.84625,1.84705,1.00,1.00
2010.10.04 13:59:33.099,1.8463,1.8471,1.00,1.00
2010.10.04 13:59:33.476,1.84625,1.84705,1.00,1.00
2010.10.04 13:59:34.589,1.8462,1.847,1.60,1.00
2010.10.04 13:59:34.859,1.84625,1.847,1.60,1.00
2010.10.04 13:59:35.122,1.8463,1.8471,2.00,1.00
2010.10.04 13:59:36.210,1.84635,1.8471,1.60,1.00
2010.10.04 13:59:37.512,1.8462,1.847,1.60,1.00
2010.10.04 13:59:38.861,1.84645,1.84715,1.00,1.00
2010.10.04 13:59:39.138,1.84645,1.84725,1.00,1.20
2010.10.04 13:59:40.160,1.84625,1.84715,2.00,1.00
2010.10.04 13:59:40.488,1.8463,1.8471,1.00,1.20
2010.10.04 13:59:41.621,1.84635,1.8472,2.00,1.20
2010.10.04 13:59:41.930,1.8464,1.8472,1.60,1.20
2010.10.04 13:59:42.909,1.84635,1.8472,2.00,1.30
2010.10.04 13:59:43.179,1.84635,1.8472,2.00,1.20
2010.10.04 13:59:43.446,1.84635,1.8472,2.00,1.20
2010.10.04 13:59:44.959,1.8463,1.8471,1.00,1.00
2010.10.04 13:59:45.842,1.84635,1.8471,1.60,1.00
2010.10.04 13:59:46.111,1.84625,1.84705,1.00,1.20
2010.10.04 13:59:46.387,1.84625,1.84705,1.00,1.00
2010.10.04 13:59:48.861,1.8463,1.8471,1.00,1.00
2010.10.04 13:59:49.223,1.8455,1.84665,1.00,1.00
2010.10.04 13:59:50.228,1.8455,1.8467,1.20,1.20
2010.10.04 13:59:50.566,1.84565,1.84665,1.00,1.00
2010.10.04 13:59:51.307,1.8456,1.84665,1.00,1.00
2010.10.04 13:59:51.507,1.84555,1.8467,1.00,1.00
2010.10.04 13:59:51.707,1.84555,1.84675,1.00,1.20
2010.10.04 13:59:53.070,1.8455,1.8468,1.60,1.00
2010.10.04 13:59:53.327,1.84565,1.84685,1.00,1.00
2010.10.04 13:59:53.586,1.8458,1.84695,1.00,1.00
2010.10.04 13:59:54.569,1.8458,1.8469,1.00,1.00
2010.10.04 13:59:54.845,1.84565,1.8469,1.00,1.00
2010.10.04 13:59:57.875,1.8457,1.847,1.00,1.00
