2010.11.08 15:00:00.246,1.7716,1.77189,1.90,2.40
2010.11.08 15:00:01.945,1.77146,1.77189,1.50,1.20
2010.11.08 15:00:02.390,1.77146,1.77183,1.30,1.20
2010.11.08 15:00:03.826,1.77147,1.77183,1.50,1.20
2010.11.08 15:00:04.162,1.77147,1.77182,2.30,2.40
2010.11.08 15:00:04.812,1.7716,1.77192,1.30,1.20
2010.11.08 15:00:04.920,1.77169,1.77192,1.30,1.20
2010.11.08 15:00:05.728,1.7715,1.77226,2.30,1.40
2010.11.08 15:00:06.473,1.77147,1.77223,1.30,2.00
2010.11.08 15:00:07.601,1.7714,1.77218,1.40,2.30
2010.11.08 15:00:07.713,1.77147,1.77218,1.30,3.30
2010.11.08 15:00:08.257,1.77147,1.77219,1.50,1.20
2010.11.08 15:00:08.379,1.7715,1.77212,1.30,1.50
2010.11.08 15:00:08.822,1.7715,1.77219,1.50,1.40
2010.11.08 15:00:09.333,1.77148,1.77222,1.30,3.80
2010.11.08 15:00:10.303,1.7715,1.77227,1.50,2.70
2010.11.08 15:00:11.351,1.77147,1.77222,1.30,6.40
2010.11.08 15:00:11.571,1.77132,1.77206,1.50,2.50
2010.11.08 15:00:11.680,1.77154,1.77206,1.30,2.40
2010.11.08 15:00:12.140,1.77128,1.77183,1.50,1.30
2010.11.08 15:00:12.915,1.77146,1.7719,1.30,1.30
2010.11.08 15:00:15.003,1.77146,1.7719,1.50,1.30
2010.11.08 15:00:15.110,1.77149,1.77201,1.50,2.30
2010.11.08 15:00:15.222,1.77149,1.77201,1.30,2.30
2010.11.08 15:00:15.685,1.77124,1.77167,2.30,2.30
2010.11.08 15:00:15.807,1.771,1.77146,2.30,1.30
2010.11.08 15:00:16.031,1.771,1.77146,2.30,1.30
2010.11.08 15:00:16.785,1.77109,1.77173,1.50,2.30
2010.11.08 15:00:19.107,1.77109,1.77173,1.50,1.50
2010.11.08 15:00:19.226,1.77118,1.77176,1.30,1.50
2010.11.08 15:00:20.256,1.77121,1.77187,1.50,2.70
2010.11.08 15:00:22.255,1.77122,1.77186,1.30,1.50
2010.11.08 15:00:23.595,1.77132,1.77188,1.30,1.30
2010.11.08 15:00:25.650,1.77132,1.77188,1.30,1.50
2010.11.08 15:00:27.710,1.77132,1.77188,1.30,1.50
2010.11.08 15:00:29.766,1.77132,1.77188,1.50,1.30
2010.11.08 15:00:30.540,1.77131,1.77189,1.30,1.30
2010.11.08 15:00:31.671,1.77131,1.77189,2.30,1.30
2010.11.08 15:00:31.783,1.77131,1.77189,2.30,1.30
2010.11.08 15:00:32.296,1.77129,1.77183,1.30,1.50
2010.11.08 15:00:32.740,1.77129,1.77183,1.50,2.30
2010.11.08 15:00:32.850,1.77129,1.77183,1.50,1.50
2010.11.08 15:00:33.453,1.77128,1.77184,1.30,2.30
2010.11.08 15:00:34.853,1.77128,1.77184,2.30,2.30
2010.11.08 15:00:34.963,1.77128,1.77184,1.50,2.30
2010.11.08 15:00:35.935,1.77139,1.77185,1.30,2.30
2010.11.08 15:00:37.983,1.77142,1.77185,1.30,1.60
2010.11.08 15:00:40.013,1.77114,1.7716,1.30,2.30
2010.11.08 15:00:42.060,1.77114,1.7716,1.30,2.30
2010.11.08 15:00:43.690,1.77104,1.77158,1.50,2.30
2010.11.08 15:00:44.367,1.77104,1.77158,1.50,2.30
2010.11.08 15:00:45.637,1.77106,1.77162,2.30,2.30
2010.11.08 15:00:45.970,1.77106,1.77162,1.30,2.30
2010.11.08 15:00:46.081,1.77092,1.77136,1.20,2.30
2010.11.08 15:00:46.191,1.7709,1.77136,2.30,1.30
2010.11.08 15:00:46.299,1.77106,1.77154,2.30,3.00
2010.11.08 15:00:46.934,1.77106,1.77162,2.30,1.30
2010.11.08 15:00:47.162,1.77119,1.77175,2.30,2.30
2010.11.08 15:00:47.805,1.77108,1.77174,2.30,2.30
2010.11.08 15:00:48.143,1.77108,1.77174,1.70,2.30
2010.11.08 15:00:48.886,1.77106,1.7716,1.50,1.30
2010.11.08 15:00:49.472,1.77106,1.7716,2.30,1.30
2010.11.08 15:00:50.038,1.77107,1.77177,2.30,1.10
2010.11.08 15:00:50.370,1.77107,1.77179,1.50,1.10
2010.11.08 15:00:51.081,1.77128,1.77183,1.30,1.50
2010.11.08 15:00:51.946,1.77118,1.77159,2.30,2.40
2010.11.08 15:00:52.932,1.77135,1.77171,1.50,2.40
2010.11.08 15:00:53.374,1.77119,1.7716,1.50,1.20
2010.11.08 15:00:54.096,1.77115,1.77151,1.30,2.40
2010.11.08 15:00:54.215,1.77097,1.77151,1.10,1.20
2010.11.08 15:00:54.334,1.77092,1.77159,1.40,1.20
2010.11.08 15:00:54.443,1.77105,1.7714,1.30,1.20
2010.11.08 15:00:54.938,1.77105,1.77152,1.30,1.20
2010.11.08 15:00:55.880,1.77121,1.77146,1.30,2.40
2010.11.08 15:00:55.996,1.77121,1.77157,1.30,1.20
2010.11.08 15:00:56.713,1.77108,1.77151,1.50,1.30
2010.11.08 15:00:56.828,1.77108,1.77151,1.30,1.30
2010.11.08 15:00:56.943,1.77108,1.77138,1.50,2.40
2010.11.08 15:00:57.577,1.77121,1.77139,1.30,2.40
2010.11.08 15:00:57.803,1.77121,1.77148,1.50,1.20
2010.11.08 15:00:58.559,1.77107,1.77138,1.50,2.40
2010.11.08 15:00:59.750,1.77107,1.77152,1.50,1.50
2010.11.08 15:01:00.498,1.77089,1.77145,2.30,1.30
2010.11.08 15:01:00.614,1.77089,1.77145,1.50,1.50
2010.11.08 15:01:00.721,1.77077,1.77119,1.50,1.30
2010.11.08 15:01:01.548,1.77089,1.77138,1.50,1.60
2010.11.08 15:01:01.661,1.77089,1.77145,1.50,1.50
2010.11.08 15:01:01.772,1.77084,1.7713,1.30,1.30
2010.11.08 15:01:02.499,1.7708,1.77143,1.50,1.50
2010.11.08 15:01:03.628,1.77097,1.77151,1.30,1.40
2010.11.08 15:01:04.702,1.77095,1.77141,1.30,2.30
2010.11.08 15:01:04.812,1.77082,1.77128,1.50,1.50
2010.11.08 15:01:05.574,1.77072,1.77128,1.50,2.30
2010.11.08 15:01:06.455,1.77061,1.77117,6.10,1.50
2010.11.08 15:01:06.571,1.77061,1.77117,2.30,1.50
2010.11.08 15:01:06.791,1.77061,1.77117,1.30,1.50
2010.11.08 15:01:07.316,1.77079,1.77123,1.30,1.30
2010.11.08 15:01:07.432,1.77082,1.77134,1.30,1.50
2010.11.08 15:01:07.542,1.77074,1.77129,1.30,1.30
2010.11.08 15:01:08.472,1.77061,1.77117,1.50,1.30
2010.11.08 15:01:09.025,1.77061,1.77117,1.30,1.30
2010.11.08 15:01:09.253,1.77061,1.77117,2.30,1.30
2010.11.08 15:01:09.365,1.77074,1.77129,1.30,1.30
2010.11.08 15:01:10.192,1.77075,1.77136,1.50,1.20
2010.11.08 15:01:11.023,1.77087,1.77141,1.50,1.30
2010.11.08 15:01:11.776,1.77082,1.77126,1.30,1.30
2010.11.08 15:01:12.333,1.77082,1.77126,2.30,1.30
2010.11.08 15:01:12.838,1.77094,1.7714,1.50,1.30
2010.11.08 15:01:12.954,1.77089,1.77105,1.20,1.30
2010.11.08 15:01:13.708,1.77081,1.77125,1.50,2.30
2010.11.08 15:01:13.823,1.77081,1.77125,2.30,1.50
2010.11.08 15:01:15.779,1.77084,1.77136,2.30,1.30
2010.11.08 15:01:16.353,1.77108,1.77161,2.30,2.30
2010.11.08 15:01:16.466,1.77105,1.7715,1.30,2.30
2010.11.08 15:01:16.969,1.77105,1.77143,1.30,1.10
2010.11.08 15:01:17.094,1.77066,1.77112,2.30,1.50
2010.11.08 15:01:17.204,1.77066,1.77112,1.50,1.50
2010.11.08 15:01:18.220,1.77066,1.77112,2.30,1.30
2010.11.08 15:01:18.963,1.77069,1.77121,2.30,1.50
2010.11.08 15:01:19.080,1.77066,1.77112,1.50,1.50
2010.11.08 15:01:19.302,1.77055,1.77109,1.50,2.30
2010.11.08 15:01:19.947,1.77069,1.77121,1.30,2.30
2010.11.08 15:01:20.746,1.77056,1.77108,2.30,1.30
2010.11.08 15:01:20.972,1.7707,1.77122,1.50,1.50
2010.11.08 15:01:21.081,1.77067,1.77111,2.30,1.30
2010.11.08 15:01:21.785,1.7707,1.77122,1.50,1.70
2010.11.08 15:01:22.125,1.7707,1.77122,1.30,2.40
2010.11.08 15:01:22.820,1.77067,1.77111,2.30,1.30
2010.11.08 15:01:22.948,1.77082,1.77132,1.40,2.30
2010.11.08 15:01:23.063,1.77077,1.77132,1.30,1.30
2010.11.08 15:01:23.578,1.77082,1.77136,2.30,1.30
2010.11.08 15:01:23.691,1.77089,1.77153,1.50,1.50
2010.11.08 15:01:24.558,1.77089,1.77153,2.30,1.30
2010.11.08 15:01:25.817,1.77092,1.77137,2.30,1.30
2010.11.08 15:01:25.931,1.77106,1.77149,1.30,1.30
2010.11.08 15:01:26.961,1.77106,1.77149,2.30,1.30
2010.11.08 15:01:27.180,1.77118,1.77162,1.50,1.50
2010.11.08 15:01:27.400,1.77118,1.77162,1.30,2.30
2010.11.08 15:01:27.958,1.77106,1.77149,1.50,1.30
2010.11.08 15:01:29.250,1.77095,1.77148,1.50,2.30
2010.11.08 15:01:31.405,1.771,1.77154,2.30,1.50
2010.11.08 15:01:32.649,1.771,1.77154,1.30,1.30
2010.11.08 15:01:32.871,1.77089,1.77153,2.30,2.30
2010.11.08 15:01:33.420,1.7709,1.77155,2.30,1.50
2010.11.08 15:01:33.844,1.7709,1.77155,2.30,1.30
2010.11.08 15:01:33.959,1.77126,1.77177,1.30,1.40
2010.11.08 15:01:34.074,1.77118,1.77164,1.30,1.30
2010.11.08 15:01:34.565,1.7712,1.77176,2.30,1.30
2010.11.08 15:01:34.684,1.7712,1.77176,1.50,1.30
2010.11.08 15:01:35.846,1.7712,1.77176,2.30,1.40
2010.11.08 15:01:36.294,1.77131,1.77173,1.30,1.10
2010.11.08 15:01:36.401,1.77116,1.77172,2.30,2.30
2010.11.08 15:01:37.081,1.77116,1.77172,1.50,2.30
2010.11.08 15:01:37.815,1.77105,1.77171,1.50,5.50
2010.11.08 15:01:37.931,1.77105,1.77171,2.30,1.50
2010.11.08 15:01:38.043,1.7711,1.77171,1.40,1.30
2010.11.08 15:01:38.151,1.77119,1.77183,1.50,1.70
2010.11.08 15:01:38.261,1.77119,1.77183,1.50,4.10
2010.11.08 15:01:39.093,1.77119,1.77172,1.30,1.10
2010.11.08 15:01:39.705,1.77069,1.77128,1.70,1.30
2010.11.08 15:01:40.851,1.77068,1.7713,2.30,1.30
2010.11.08 15:01:41.181,1.77077,1.77132,2.30,1.30
2010.11.08 15:01:41.682,1.7708,1.77143,1.50,1.50
2010.11.08 15:01:42.900,1.77089,1.77145,1.30,1.50
2010.11.08 15:01:43.453,1.77089,1.77145,2.30,1.30
2010.11.08 15:01:44.068,1.77089,1.77128,1.20,1.30
2010.11.08 15:01:44.180,1.77089,1.77138,2.20,1.30
2010.11.08 15:01:45.261,1.77096,1.77142,1.30,2.30
2010.11.08 15:01:46.007,1.771,1.7714,2.20,1.30
2010.11.08 15:01:46.124,1.77109,1.77155,1.50,1.50
2010.11.08 15:01:46.231,1.771,1.77143,2.20,1.30
2010.11.08 15:01:47.171,1.77108,1.77156,2.30,1.60
2010.11.08 15:01:49.277,1.77108,1.77156,2.30,1.60
2010.11.08 15:01:50.762,1.77108,1.77156,2.30,1.30
2010.11.08 15:01:50.871,1.7712,1.77168,2.30,1.50
2010.11.08 15:01:51.684,1.77111,1.77164,2.30,1.10
2010.11.08 15:01:53.259,1.77111,1.77167,2.30,1.30
2010.11.08 15:01:53.700,1.7712,1.77168,2.30,1.60
2010.11.08 15:01:53.812,1.77123,1.77179,2.30,3.80
2010.11.08 15:01:54.410,1.77123,1.77179,2.30,1.60
2010.11.08 15:01:54.742,1.77134,1.7718,1.30,1.30
2010.11.08 15:01:55.162,1.77134,1.7718,1.30,1.50
2010.11.08 15:01:56.080,1.77133,1.77179,1.30,2.30
2010.11.08 15:01:56.880,1.77134,1.77178,2.30,1.30
2010.11.08 15:01:57.211,1.77147,1.7719,2.30,1.40
2010.11.08 15:01:57.744,1.77149,1.77202,2.30,1.30
2010.11.08 15:01:57.854,1.77149,1.77202,1.30,2.30
2010.11.08 15:01:57.974,1.77138,1.7719,1.30,2.30
2010.11.08 15:01:58.488,1.77112,1.77174,1.30,2.30
2010.11.08 15:01:58.601,1.77112,1.77174,1.30,1.50
2010.11.08 15:01:58.711,1.77111,1.77175,1.30,2.30
2010.11.08 15:01:59.291,1.77087,1.77152,1.10,1.30
2010.11.08 15:01:59.401,1.77084,1.77152,1.30,1.50
2010.11.08 15:01:59.620,1.77079,1.7715,1.70,1.30
2010.11.08 15:01:59.733,1.77091,1.77173,1.20,1.50
2010.11.08 15:02:00.221,1.7711,1.77173,1.40,1.30
2010.11.08 15:02:00.338,1.77129,1.77198,1.20,3.80
2010.11.08 15:02:00.562,1.77122,1.77198,1.30,1.80
2010.11.08 15:02:01.315,1.77118,1.77175,1.20,1.50
2010.11.08 15:02:01.431,1.77099,1.77175,1.90,1.50
2010.11.08 15:02:01.542,1.77122,1.77175,1.30,1.30
2010.11.08 15:02:01.761,1.77106,1.77174,1.60,2.30
2010.11.08 15:02:02.266,1.77121,1.77176,1.30,1.50
2010.11.08 15:02:02.713,1.77111,1.77175,1.30,1.50
2010.11.08 15:02:03.257,1.77111,1.77175,1.50,1.30
2010.11.08 15:02:05.723,1.77121,1.77176,1.30,1.50
2010.11.08 15:02:06.161,1.77121,1.77176,1.30,2.30
2010.11.08 15:02:06.271,1.77111,1.77172,1.50,1.50
2010.11.08 15:02:07.906,1.77088,1.77168,1.40,2.40
2010.11.08 15:02:08.133,1.77095,1.77162,1.20,1.50
2010.11.08 15:02:08.244,1.77095,1.77162,2.40,1.30
2010.11.08 15:02:09.534,1.77111,1.77155,1.30,1.30
2010.11.08 15:02:10.234,1.77111,1.77155,2.30,1.30
2010.11.08 15:02:10.345,1.77111,1.77155,1.30,1.50
2010.11.08 15:02:10.938,1.77095,1.77157,1.30,2.30
2010.11.08 15:02:11.073,1.77073,1.77154,1.70,2.20
2010.11.08 15:02:11.886,1.77092,1.77148,1.30,1.50
2010.11.08 15:02:12.936,1.77095,1.77157,1.30,1.50
2010.11.08 15:02:13.270,1.77095,1.77157,1.30,1.50
2010.11.08 15:02:13.382,1.77095,1.77153,1.30,1.10
2010.11.08 15:02:13.989,1.771,1.77152,1.30,1.10
2010.11.08 15:02:14.781,1.7708,1.77133,2.30,1.10
2010.11.08 15:02:15.004,1.77083,1.77112,2.30,1.20
2010.11.08 15:02:15.433,1.77083,1.77142,2.30,1.10
2010.11.08 15:02:15.552,1.77072,1.77148,1.30,2.30
2010.11.08 15:02:17.724,1.77072,1.77148,1.30,2.30
2010.11.08 15:02:18.995,1.77093,1.77149,1.30,1.30
2010.11.08 15:02:19.440,1.77071,1.77149,4.00,2.30
2010.11.08 15:02:20.039,1.77097,1.77152,1.30,1.20
2010.11.08 15:02:20.833,1.77099,1.77154,1.30,1.20
2010.11.08 15:02:21.053,1.77077,1.77154,2.00,2.20
2010.11.08 15:02:21.161,1.77078,1.77154,1.40,1.40
2010.11.08 15:02:22.101,1.77088,1.77163,1.30,1.10
2010.11.08 15:02:22.433,1.77082,1.77151,1.20,2.30
2010.11.08 15:02:22.859,1.77082,1.77151,1.40,1.30
2010.11.08 15:02:24.879,1.77087,1.77151,1.30,2.30
2010.11.08 15:02:26.920,1.77087,1.77151,1.30,2.60
2010.11.08 15:02:27.867,1.77083,1.77141,1.30,2.30
2010.11.08 15:02:27.989,1.77075,1.77123,1.30,1.30
2010.11.08 15:02:28.210,1.77075,1.77123,1.30,2.30
2010.11.08 15:02:29.116,1.77083,1.77141,1.30,2.30
2010.11.08 15:02:29.232,1.77068,1.77146,1.90,1.20
2010.11.08 15:02:29.343,1.77087,1.77148,1.30,1.20
2010.11.08 15:02:29.674,1.77086,1.77152,1.30,1.60
2010.11.08 15:02:30.309,1.77086,1.77152,1.30,2.70
2010.11.08 15:02:30.751,1.77083,1.77141,1.30,2.30
2010.11.08 15:02:31.163,1.77069,1.77139,1.20,2.30
2010.11.08 15:02:31.276,1.77061,1.77139,1.30,1.90
2010.11.08 15:02:32.716,1.77065,1.77143,1.30,1.10
2010.11.08 15:02:33.050,1.77065,1.7714,1.30,1.40
2010.11.08 15:02:33.381,1.77083,1.7714,1.30,1.40
2010.11.08 15:02:35.441,1.77083,1.77133,1.30,1.10
2010.11.08 15:02:35.552,1.77074,1.77138,1.40,2.30
2010.11.08 15:02:35.660,1.77074,1.77138,1.50,2.30
2010.11.08 15:02:36.288,1.77084,1.7714,1.30,2.30
2010.11.08 15:02:36.396,1.77068,1.77139,1.30,2.30
2010.11.08 15:02:36.731,1.77061,1.77137,1.30,1.40
2010.11.08 15:02:37.771,1.77061,1.77138,1.30,1.40
2010.11.08 15:02:38.804,1.77065,1.77113,1.30,2.30
2010.11.08 15:02:39.240,1.77054,1.77102,1.70,2.30
2010.11.08 15:02:39.952,1.77054,1.77102,1.70,2.30
2010.11.08 15:02:40.171,1.77054,1.77102,1.90,2.30
2010.11.08 15:02:40.282,1.77043,1.77091,1.50,2.30
2010.11.08 15:02:41.287,1.7704,1.77098,1.30,2.30
2010.11.08 15:02:41.796,1.77025,1.77107,2.20,2.60
2010.11.08 15:02:41.922,1.77015,1.7707,3.20,1.30
2010.11.08 15:02:42.878,1.77005,1.77069,2.10,2.30
2010.11.08 15:02:43.211,1.77004,1.7707,2.10,1.50
2010.11.08 15:02:45.179,1.77022,1.7707,1.60,1.50
2010.11.08 15:02:46.382,1.77014,1.7707,1.30,2.30
2010.11.08 15:02:46.490,1.77002,1.77069,1.20,2.30
2010.11.08 15:02:46.932,1.76995,1.77069,1.40,1.50
2010.11.08 15:02:47.533,1.77013,1.77071,1.30,1.30
2010.11.08 15:02:47.861,1.77004,1.7707,1.30,2.30
2010.11.08 15:02:48.771,1.76991,1.7703,2.00,2.30
2010.11.08 15:02:48.991,1.76983,1.7703,1.10,2.30
2010.11.08 15:02:49.100,1.76987,1.7703,1.10,1.30
2010.11.08 15:02:49.519,1.77005,1.77051,2.30,1.50
2010.11.08 15:02:49.960,1.77006,1.77062,1.30,2.30
2010.11.08 15:02:50.895,1.77009,1.7707,1.70,2.90
2010.11.08 15:02:51.122,1.77009,1.77072,1.30,2.90
2010.11.08 15:02:51.231,1.77002,1.77056,1.30,1.70
2010.11.08 15:02:53.465,1.77011,1.77057,1.30,1.90
2010.11.08 15:02:55.170,1.77017,1.77068,1.10,2.10
2010.11.08 15:02:55.390,1.77014,1.77068,2.30,1.30
2010.11.08 15:02:56.611,1.77025,1.77081,2.30,1.30
2010.11.08 15:02:56.724,1.77036,1.77092,2.30,1.90
2010.11.08 15:02:57.450,1.77047,1.77093,1.30,2.30
2010.11.08 15:02:57.560,1.77032,1.77088,1.50,2.30
2010.11.08 15:02:58.531,1.77032,1.77088,1.30,1.50
2010.11.08 15:02:58.750,1.77035,1.77099,1.50,3.50
2010.11.08 15:02:59.743,1.77035,1.77099,2.30,1.30
2010.11.08 15:03:00.182,1.77046,1.77094,1.30,1.30
2010.11.08 15:03:00.703,1.7705,1.77104,1.30,1.50
2010.11.08 15:03:00.812,1.7705,1.77104,1.50,2.30
2010.11.08 15:03:02.895,1.77058,1.77106,1.30,2.30
2010.11.08 15:03:03.013,1.77049,1.77105,1.30,2.30
2010.11.08 15:03:03.230,1.77049,1.77105,1.30,2.30
2010.11.08 15:03:04.620,1.77049,1.77105,1.30,2.30
2010.11.08 15:03:05.166,1.77061,1.77107,1.30,2.30
2010.11.08 15:03:05.504,1.77037,1.77081,1.20,2.30
2010.11.08 15:03:07.523,1.77033,1.77081,1.30,2.30
2010.11.08 15:03:09.809,1.77035,1.77081,1.30,2.30
2010.11.08 15:03:11.670,1.77035,1.77081,1.30,2.30
2010.11.08 15:03:11.781,1.77025,1.77069,1.30,2.30
2010.11.08 15:03:12.862,1.77025,1.77069,2.30,1.30
2010.11.08 15:03:13.689,1.77037,1.77097,1.30,1.40
2010.11.08 15:03:13.809,1.77047,1.77092,1.50,1.10
2010.11.08 15:03:13.922,1.77047,1.77097,1.30,1.40
2010.11.08 15:03:14.418,1.77023,1.77079,1.80,1.50
2010.11.08 15:03:14.536,1.77023,1.77079,1.30,1.50
2010.11.08 15:03:15.788,1.77023,1.77079,1.30,2.30
2010.11.08 15:03:16.013,1.77011,1.77065,1.70,1.50
2010.11.08 15:03:16.554,1.77013,1.77077,1.70,2.30
2010.11.08 15:03:17.430,1.77023,1.77079,1.30,2.30
2010.11.08 15:03:17.651,1.77011,1.77065,1.30,1.50
2010.11.08 15:03:18.892,1.77011,1.77065,1.30,2.30
2010.11.08 15:03:19.588,1.77004,1.77048,1.30,1.50
2010.11.08 15:03:20.470,1.77016,1.77061,1.50,1.50
2010.11.08 15:03:22.035,1.77024,1.77078,1.50,2.60
2010.11.08 15:03:22.374,1.77024,1.77047,1.30,1.40
2010.11.08 15:03:22.483,1.77009,1.77028,1.20,2.30
2010.11.08 15:03:23.027,1.76983,1.77029,1.50,1.30
2010.11.08 15:03:23.145,1.76978,1.77022,1.30,1.30
2010.11.08 15:03:23.261,1.76984,1.77028,1.30,1.50
2010.11.08 15:03:23.937,1.76968,1.77016,2.40,1.30
2010.11.08 15:03:25.751,1.76972,1.77026,2.30,1.30
2010.11.08 15:03:27.495,1.76995,1.77041,1.50,1.50
2010.11.08 15:03:27.835,1.76972,1.77018,4.20,1.50
2010.11.08 15:03:28.782,1.76972,1.77018,2.10,2.30
2010.11.08 15:03:29.514,1.76972,1.77018,2.10,2.30
2010.11.08 15:03:29.650,1.76959,1.77006,1.50,1.50
2010.11.08 15:03:29.981,1.76945,1.76972,1.20,1.50
2010.11.08 15:03:30.479,1.76941,1.76964,3.00,1.30
2010.11.08 15:03:30.594,1.76907,1.76968,1.40,2.30
2010.11.08 15:03:30.711,1.76907,1.76968,1.40,1.50
2010.11.08 15:03:30.821,1.76914,1.76968,2.30,2.30
2010.11.08 15:03:30.933,1.7693,1.76976,1.30,2.30
2010.11.08 15:03:31.043,1.7692,1.76974,1.30,2.30
2010.11.08 15:03:31.660,1.7693,1.76976,1.50,1.50
2010.11.08 15:03:31.773,1.7693,1.76976,1.30,2.30
2010.11.08 15:03:31.880,1.7692,1.76974,2.30,1.50
2010.11.08 15:03:32.711,1.7693,1.76973,1.30,1.10
2010.11.08 15:03:32.932,1.76917,1.76963,1.50,2.30
2010.11.08 15:03:33.488,1.7692,1.76974,1.50,2.30
2010.11.08 15:03:35.637,1.76916,1.76964,1.30,2.30
2010.11.08 15:03:35.761,1.76903,1.76951,1.90,1.50
2010.11.08 15:03:37.033,1.76916,1.76964,1.30,1.50
2010.11.08 15:03:38.255,1.76903,1.76951,2.30,1.30
2010.11.08 15:03:40.141,1.76907,1.76959,1.60,1.30
2010.11.08 15:03:40.654,1.76929,1.76968,1.30,1.40
2010.11.08 15:03:40.872,1.76919,1.76968,1.50,1.40
2010.11.08 15:03:41.630,1.76919,1.76965,1.30,1.40
2010.11.08 15:03:41.964,1.76917,1.7696,2.30,1.30
2010.11.08 15:03:42.511,1.76932,1.76978,2.30,2.80
2010.11.08 15:03:42.651,1.76962,1.77004,1.30,1.40
2010.11.08 15:03:42.873,1.76952,1.77004,1.50,2.30
2010.11.08 15:03:43.781,1.7696,1.77021,1.30,2.30
2010.11.08 15:03:45.865,1.76969,1.77023,1.30,1.30
2010.11.08 15:03:46.793,1.76969,1.77023,1.30,2.30
2010.11.08 15:03:47.296,1.76956,1.77011,1.50,1.50
2010.11.08 15:03:48.234,1.76956,1.77011,3.50,1.50
2010.11.08 15:03:48.343,1.7696,1.77021,1.80,1.50
2010.11.08 15:03:48.893,1.76969,1.77023,1.50,1.30
2010.11.08 15:03:49.413,1.76969,1.77023,1.30,1.30
2010.11.08 15:03:49.742,1.76959,1.77022,1.30,2.30
2010.11.08 15:03:50.403,1.7694,1.76982,2.90,1.30
2010.11.08 15:03:50.621,1.76956,1.77002,1.30,1.30
2010.11.08 15:03:50.731,1.76956,1.77011,1.30,1.50
2010.11.08 15:03:52.780,1.76956,1.77011,1.40,1.50
2010.11.08 15:03:53.002,1.76956,1.77011,3.50,1.50
2010.11.08 15:03:53.222,1.76956,1.77011,1.40,1.50
2010.11.08 15:03:53.727,1.76947,1.76998,1.10,1.30
2010.11.08 15:03:53.842,1.76956,1.77011,1.50,2.80
2010.11.08 15:03:53.951,1.76956,1.77011,3.50,2.80
2010.11.08 15:03:54.546,1.76956,1.77011,1.40,1.50
2010.11.08 15:03:54.666,1.76947,1.77009,1.40,2.30
2010.11.08 15:03:57.077,1.76944,1.76998,1.30,1.50
2010.11.08 15:03:57.632,1.76946,1.77009,1.50,2.30
2010.11.08 15:03:58.724,1.76946,1.7701,3.70,2.30
2010.11.08 15:03:58.835,1.76944,1.76998,1.40,1.50
2010.11.08 15:04:00.930,1.76944,1.76998,1.30,1.50
2010.11.08 15:04:01.453,1.76947,1.76998,1.10,1.30
2010.11.08 15:04:01.671,1.76957,1.77009,1.30,1.50
2010.11.08 15:04:02.645,1.76946,1.77008,1.30,1.40
2010.11.08 15:04:02.971,1.76943,1.76999,2.30,1.30
2010.11.08 15:04:03.190,1.76957,1.7701,1.30,1.50
2010.11.08 15:04:03.743,1.76949,1.76993,1.50,1.30
2010.11.08 15:04:05.744,1.76949,1.76993,1.50,1.50
2010.11.08 15:04:06.997,1.76949,1.76993,2.30,1.30
2010.11.08 15:04:07.334,1.76961,1.77007,2.30,1.30
2010.11.08 15:04:07.442,1.76961,1.77007,1.30,2.30
2010.11.08 15:04:08.270,1.7695,1.77011,1.30,2.30
2010.11.08 15:04:08.490,1.7695,1.77011,1.50,1.30
2010.11.08 15:04:08.987,1.76947,1.77,1.30,1.50
2010.11.08 15:04:09.541,1.76947,1.77,3.50,1.30
2010.11.08 15:04:10.053,1.76947,1.77,1.30,1.30
2010.11.08 15:04:11.586,1.7695,1.77011,1.30,1.90
2010.11.08 15:04:11.816,1.7695,1.77011,1.30,2.60
2010.11.08 15:04:12.836,1.76935,1.76999,4.00,1.50
2010.11.08 15:04:14.855,1.76935,1.76999,3.50,1.50
2010.11.08 15:04:15.930,1.76935,1.76999,1.30,1.50
2010.11.08 15:04:17.190,1.76935,1.76999,1.30,2.30
2010.11.08 15:04:17.521,1.76932,1.76988,1.50,1.50
2010.11.08 15:04:18.451,1.76932,1.76988,3.70,1.50
2010.11.08 15:04:19.696,1.76932,1.76988,1.50,1.30
2010.11.08 15:04:20.748,1.76933,1.76981,1.30,2.30
2010.11.08 15:04:20.863,1.76933,1.76981,1.30,1.30
2010.11.08 15:04:20.972,1.76936,1.76992,1.50,1.50
2010.11.08 15:04:21.463,1.76947,1.76993,1.30,1.30
2010.11.08 15:04:21.579,1.76936,1.76992,1.50,1.50
2010.11.08 15:04:22.723,1.76931,1.76989,1.50,1.50
2010.11.08 15:04:23.050,1.76931,1.76989,1.50,1.30
2010.11.08 15:04:23.521,1.76931,1.76989,2.30,1.30
2010.11.08 15:04:24.085,1.76947,1.77004,1.50,1.30
2010.11.08 15:04:24.301,1.76939,1.76995,1.30,1.30
2010.11.08 15:04:24.998,1.76956,1.77004,1.30,1.70
2010.11.08 15:04:25.114,1.76947,1.77005,1.30,1.40
2010.11.08 15:04:25.330,1.76939,1.76995,1.50,1.30
2010.11.08 15:04:26.538,1.76923,1.76971,1.30,1.30
2010.11.08 15:04:27.801,1.76928,1.76981,1.10,1.50
2010.11.08 15:04:28.782,1.76936,1.76984,2.30,1.30
2010.11.08 15:04:29.001,1.76949,1.76996,1.30,2.60
2010.11.08 15:04:29.466,1.76949,1.76992,1.30,1.40
2010.11.08 15:04:29.587,1.76936,1.76984,1.60,1.50
2010.11.08 15:04:29.811,1.76937,1.76983,2.30,1.30
2010.11.08 15:04:30.546,1.76939,1.76995,1.50,1.90
2010.11.08 15:04:32.164,1.76939,1.76992,1.30,1.40
2010.11.08 15:04:34.003,1.76937,1.76983,2.30,1.30
2010.11.08 15:04:34.417,1.7695,1.76996,1.50,1.90
2010.11.08 15:04:36.530,1.7695,1.76996,1.50,1.90
2010.11.08 15:04:38.621,1.76939,1.76995,1.50,1.60
2010.11.08 15:04:39.244,1.76939,1.76992,1.30,1.10
2010.11.08 15:04:41.301,1.76937,1.76983,1.50,1.50
2010.11.08 15:04:41.632,1.76939,1.76995,1.50,2.30
2010.11.08 15:04:43.350,1.76939,1.76995,1.30,2.30
2010.11.08 15:04:43.571,1.76925,1.76989,2.30,2.30
2010.11.08 15:04:43.991,1.76925,1.76989,1.30,1.50
2010.11.08 15:04:45.295,1.76925,1.76989,1.50,1.50
2010.11.08 15:04:45.740,1.76925,1.76989,1.50,3.60
2010.11.08 15:04:46.901,1.76925,1.76989,1.30,2.30
2010.11.08 15:04:47.572,1.76936,1.7699,1.30,1.40
2010.11.08 15:04:47.680,1.76915,1.76991,3.50,1.70
2010.11.08 15:04:47.903,1.76937,1.76991,1.30,1.90
2010.11.08 15:04:48.494,1.76927,1.76989,1.30,1.70
2010.11.08 15:04:49.261,1.76927,1.76989,1.40,2.60
2010.11.08 15:04:49.883,1.76936,1.76992,1.30,3.00
2010.11.08 15:04:51.560,1.76924,1.76978,1.30,1.30
2010.11.08 15:04:53.047,1.76908,1.76978,1.50,2.30
2010.11.08 15:04:53.559,1.76901,1.76956,2.10,1.50
2010.11.08 15:04:55.609,1.76901,1.76956,2.10,1.50
2010.11.08 15:04:56.371,1.76905,1.76966,1.90,1.50
2010.11.08 15:04:57.435,1.76918,1.76964,1.30,1.30
2010.11.08 15:04:59.828,1.76918,1.76964,1.30,1.50
2010.11.08 15:05:01.902,1.76918,1.76964,1.30,1.50
2010.11.08 15:05:03.894,1.76918,1.76964,1.30,2.30
2010.11.08 15:05:04.016,1.76902,1.76955,1.50,2.30
2010.11.08 15:05:05.174,1.76892,1.76944,1.30,1.70
2010.11.08 15:05:06.135,1.76892,1.76954,1.50,4.20
2010.11.08 15:05:06.579,1.76892,1.76959,1.90,1.30
2010.11.08 15:05:07.097,1.76891,1.76947,3.80,1.30
2010.11.08 15:05:09.201,1.76891,1.76947,1.30,1.50
2010.11.08 15:05:10.505,1.76904,1.76959,1.30,1.70
2010.11.08 15:05:10.731,1.76904,1.76959,1.30,1.50
2010.11.08 15:05:13.400,1.76904,1.76959,1.30,1.50
2010.11.08 15:05:13.517,1.76916,1.76972,1.30,4.20
2010.11.08 15:05:14.434,1.76908,1.76967,1.50,1.10
2010.11.08 15:05:16.501,1.76916,1.76972,1.30,2.30
2010.11.08 15:05:17.461,1.76916,1.76972,1.30,1.50
2010.11.08 15:05:18.451,1.76908,1.76969,1.30,2.30
2010.11.08 15:05:18.671,1.76904,1.76959,1.50,1.30
2010.11.08 15:05:18.781,1.76924,1.76978,1.30,1.50
2010.11.08 15:05:19.308,1.76934,1.76979,1.30,1.50
2010.11.08 15:05:19.750,1.76916,1.76972,1.30,2.30
2010.11.08 15:05:20.268,1.7692,1.7698,1.50,2.60
2010.11.08 15:05:22.293,1.76918,1.76972,1.10,1.30
2010.11.08 15:05:22.407,1.76915,1.76971,1.40,1.50
2010.11.08 15:05:22.524,1.76905,1.76969,1.70,1.50
2010.11.08 15:05:22.744,1.76922,1.76978,1.30,1.50
2010.11.08 15:05:23.253,1.76922,1.76978,1.30,2.30
2010.11.08 15:05:24.335,1.76927,1.76966,1.10,1.30
2010.11.08 15:05:24.671,1.76932,1.76978,1.30,2.30
2010.11.08 15:05:25.398,1.76922,1.76966,1.30,2.30
2010.11.08 15:05:26.537,1.76922,1.76966,2.30,1.30
2010.11.08 15:05:28.311,1.7693,1.76976,2.30,1.30
2010.11.08 15:05:28.913,1.76934,1.76986,2.30,2.30
2010.11.08 15:05:31.294,1.76933,1.76987,2.30,2.30
2010.11.08 15:05:32.265,1.76905,1.76958,2.10,1.50
2010.11.08 15:05:33.537,1.76907,1.7697,4.20,1.50
2010.11.08 15:05:33.762,1.76911,1.76957,1.70,1.30
2010.11.08 15:05:34.092,1.76894,1.7695,1.30,1.50
2010.11.08 15:05:35.135,1.76894,1.7695,2.30,1.30
2010.11.08 15:05:35.986,1.76909,1.76955,1.30,2.30
2010.11.08 15:05:36.213,1.76895,1.76949,1.50,1.50
2010.11.08 15:05:37.401,1.76895,1.76949,3.50,1.50
2010.11.08 15:05:37.731,1.76898,1.7696,1.70,2.30
2010.11.08 15:05:38.782,1.76908,1.76961,1.30,2.30
2010.11.08 15:05:38.893,1.76898,1.7696,1.30,2.30
2010.11.08 15:05:39.710,1.76894,1.7695,1.30,2.30
2010.11.08 15:05:39.821,1.76885,1.76947,1.70,1.50
2010.11.08 15:05:39.930,1.76885,1.76947,2.30,1.30
2010.11.08 15:05:40.682,1.76898,1.76954,1.30,2.30
2010.11.08 15:05:42.782,1.76897,1.76953,1.30,2.30
2010.11.08 15:05:44.266,1.76891,1.76949,1.30,1.50
2010.11.08 15:05:44.387,1.76894,1.76965,1.70,2.60
2010.11.08 15:05:45.055,1.76905,1.76961,1.30,1.30
2010.11.08 15:05:45.667,1.76891,1.76949,1.50,1.30
2010.11.08 15:05:46.004,1.76886,1.76934,1.50,1.30
2010.11.08 15:05:46.594,1.76886,1.76934,1.30,2.30
2010.11.08 15:05:47.043,1.76886,1.76934,1.30,2.30
2010.11.08 15:05:47.764,1.7687,1.76926,1.30,1.50
2010.11.08 15:05:50.137,1.7687,1.76926,1.30,1.50
2010.11.08 15:05:50.679,1.7687,1.76926,2.30,1.30
2010.11.08 15:05:51.407,1.76883,1.76939,1.30,1.50
2010.11.08 15:05:53.449,1.76883,1.76939,1.30,2.30
2010.11.08 15:05:53.561,1.76883,1.76939,1.30,1.50
2010.11.08 15:05:55.592,1.76884,1.7694,1.30,1.50
2010.11.08 15:05:56.800,1.76871,1.76927,1.50,1.50
2010.11.08 15:05:57.131,1.76875,1.76937,1.50,1.50
2010.11.08 15:05:58.740,1.76874,1.76938,3.50,1.50
2010.11.08 15:05:58.960,1.76874,1.76938,1.40,1.50
2010.11.08 15:05:59.180,1.76874,1.76938,1.50,1.50
2010.11.08 15:05:59.401,1.76885,1.76939,1.30,1.50
2010.11.08 15:06:00.220,1.76885,1.76939,1.30,2.30
2010.11.08 15:06:00.331,1.76878,1.76933,1.30,1.30
2010.11.08 15:06:00.659,1.76884,1.7694,1.30,1.50
2010.11.08 15:06:02.427,1.76872,1.76938,1.50,2.30
2010.11.08 15:06:03.603,1.76874,1.76938,1.60,1.50
2010.11.08 15:06:03.822,1.76884,1.7694,1.40,1.50
2010.11.08 15:06:06.029,1.76884,1.7694,1.30,1.50
2010.11.08 15:06:08.110,1.76884,1.7694,1.30,1.50
2010.11.08 15:06:10.375,1.76884,1.7694,1.30,1.50
2010.11.08 15:06:10.593,1.76887,1.76951,1.50,2.30
2010.11.08 15:06:10.922,1.76887,1.76951,3.50,2.30
2010.11.08 15:06:11.877,1.76887,1.76951,1.40,2.30
2010.11.08 15:06:12.809,1.76884,1.7694,1.30,2.30
2010.11.08 15:06:13.032,1.76884,1.7694,1.30,1.50
2010.11.08 15:06:13.143,1.76884,1.7694,3.70,1.50
2010.11.08 15:06:13.254,1.76899,1.76945,1.30,1.30
2010.11.08 15:06:14.490,1.7689,1.76943,1.30,1.30
2010.11.08 15:06:14.612,1.76888,1.76931,1.50,1.50
2010.11.08 15:06:15.322,1.7689,1.76943,3.60,2.30
2010.11.08 15:06:16.545,1.76888,1.76931,1.80,1.50
2010.11.08 15:06:16.665,1.76891,1.76942,1.30,2.30
2010.11.08 15:06:16.770,1.76891,1.76942,1.30,2.30
2010.11.08 15:06:17.596,1.7689,1.76943,1.60,2.30
2010.11.08 15:06:19.646,1.76894,1.7696,2.30,1.30
2010.11.08 15:06:19.762,1.76919,1.76966,2.30,2.60
2010.11.08 15:06:20.255,1.76919,1.76976,1.50,1.40
2010.11.08 15:06:20.363,1.76919,1.77,2.30,2.30
2010.11.08 15:06:20.691,1.76924,1.77,1.40,1.30
2010.11.08 15:06:20.928,1.7694,1.77004,1.30,1.30
2010.11.08 15:06:21.717,1.76936,1.76994,1.30,1.50
2010.11.08 15:06:22.798,1.76936,1.76994,1.30,2.30
2010.11.08 15:06:22.911,1.76925,1.76981,1.30,1.50
2010.11.08 15:06:23.646,1.76924,1.76982,1.50,1.30
2010.11.08 15:06:23.984,1.76924,1.76982,3.70,1.50
2010.11.08 15:06:24.505,1.76924,1.76982,3.70,2.30
2010.11.08 15:06:24.635,1.76938,1.76994,1.30,2.60
2010.11.08 15:06:24.974,1.76938,1.77002,1.50,1.30
2010.11.08 15:06:25.449,1.76947,1.77003,1.30,1.50
2010.11.08 15:06:25.880,1.76947,1.77003,1.30,2.30
2010.11.08 15:06:25.990,1.76937,1.77003,1.30,2.30
2010.11.08 15:06:27.985,1.76947,1.77003,1.30,1.50
2010.11.08 15:06:30.406,1.76947,1.77003,1.40,1.50
2010.11.08 15:06:30.534,1.76947,1.77003,1.50,1.50
2010.11.08 15:06:30.640,1.76947,1.77003,1.40,1.50
2010.11.08 15:06:32.688,1.76947,1.77003,1.40,1.50
2010.11.08 15:06:35.146,1.76949,1.77004,1.30,1.50
2010.11.08 15:06:35.481,1.76965,1.77008,1.30,1.30
2010.11.08 15:06:35.591,1.7695,1.77023,1.50,1.10
2010.11.08 15:06:35.702,1.7695,1.77026,2.30,1.90
2010.11.08 15:06:37.772,1.76972,1.77026,1.30,2.30
2010.11.08 15:06:38.103,1.76957,1.77013,1.50,1.50
2010.11.08 15:06:40.190,1.76957,1.77013,3.70,1.50
2010.11.08 15:06:41.591,1.76957,1.77013,1.50,1.50
2010.11.08 15:06:41.921,1.76957,1.77013,1.50,2.30
2010.11.08 15:06:43.730,1.76944,1.77,3.90,1.50
2010.11.08 15:06:43.956,1.76962,1.77014,2.70,1.30
2010.11.08 15:06:44.073,1.76983,1.77015,1.30,1.30
2010.11.08 15:06:44.182,1.76983,1.77021,1.30,2.40
2010.11.08 15:06:44.813,1.76962,1.77037,1.70,2.30
2010.11.08 15:06:45.331,1.76982,1.7704,1.30,1.50
2010.11.08 15:06:47.220,1.76982,1.7704,1.30,2.30
2010.11.08 15:06:47.551,1.76972,1.77038,1.30,2.30
2010.11.08 15:06:48.921,1.7696,1.77024,1.30,2.30
2010.11.08 15:06:49.549,1.7696,1.77024,4.10,2.30
2010.11.08 15:06:49.660,1.76962,1.77024,1.10,1.30
2010.11.08 15:06:50.399,1.76983,1.77047,1.30,2.30
2010.11.08 15:06:50.511,1.76991,1.77049,1.30,2.30
2010.11.08 15:06:50.622,1.76991,1.77049,1.30,1.50
2010.11.08 15:06:51.973,1.76994,1.7706,1.30,2.30
2010.11.08 15:06:54.336,1.7699,1.77057,1.50,1.50
2010.11.08 15:06:54.782,1.76989,1.77047,1.30,1.50
2010.11.08 15:06:55.585,1.7699,1.77057,1.50,1.50
2010.11.08 15:06:55.804,1.7699,1.77057,2.60,1.60
2010.11.08 15:06:56.663,1.76979,1.77037,1.30,1.50
2010.11.08 15:06:58.755,1.76979,1.77037,1.30,1.50
2010.11.08 15:06:58.872,1.76979,1.77037,1.50,1.50
2010.11.08 15:06:59.370,1.76979,1.77037,1.30,2.30
2010.11.08 15:07:00.653,1.76969,1.77033,1.70,1.50
2010.11.08 15:07:02.917,1.76969,1.77033,1.70,1.50
2010.11.08 15:07:04.647,1.76967,1.77024,1.10,1.30
2010.11.08 15:07:06.241,1.7699,1.77046,1.30,2.30
2010.11.08 15:07:06.350,1.7699,1.77046,1.30,1.50
2010.11.08 15:07:07.113,1.76982,1.77028,1.50,1.30
2010.11.08 15:07:08.267,1.76984,1.77038,1.30,1.30
2010.11.08 15:07:08.873,1.76984,1.77038,2.30,1.30
2010.11.08 15:07:10.086,1.76994,1.77042,1.50,1.50
2010.11.08 15:07:10.205,1.76994,1.77042,1.30,2.30
2010.11.08 15:07:10.541,1.76982,1.77037,1.40,2.30
2010.11.08 15:07:11.385,1.76968,1.77034,1.90,1.50
2010.11.08 15:07:13.409,1.76968,1.77034,1.70,1.50
2010.11.08 15:07:13.530,1.76979,1.77037,1.30,1.50
2010.11.08 15:07:13.754,1.76969,1.77033,1.30,1.50
2010.11.08 15:07:13.864,1.76969,1.77033,1.50,1.50
2010.11.08 15:07:14.386,1.76969,1.77033,1.30,1.50
2010.11.08 15:07:16.011,1.76969,1.77033,1.50,1.50
2010.11.08 15:07:16.563,1.76967,1.77023,3.90,1.30
2010.11.08 15:07:18.625,1.76967,1.77023,3.90,1.50
2010.11.08 15:07:18.740,1.76967,1.77023,1.80,1.50
2010.11.08 15:07:20.181,1.76969,1.77027,1.50,1.50
2010.11.08 15:07:22.249,1.76969,1.77027,1.50,1.50
2010.11.08 15:07:22.771,1.76969,1.77027,1.30,1.50
2010.11.08 15:07:24.790,1.76969,1.77027,1.30,1.50
2010.11.08 15:07:26.996,1.76969,1.77027,1.30,1.50
2010.11.08 15:07:28.189,1.7696,1.77024,1.30,2.30
2010.11.08 15:07:28.522,1.7696,1.77024,1.60,2.30
2010.11.08 15:07:28.741,1.76962,1.77024,2.30,1.30
2010.11.08 15:07:28.852,1.76975,1.77029,1.30,1.50
2010.11.08 15:07:29.374,1.76983,1.77047,1.30,1.50
2010.11.08 15:07:31.449,1.76983,1.77047,1.30,1.50
2010.11.08 15:07:31.983,1.76991,1.77049,1.30,1.50
2010.11.08 15:07:33.002,1.76991,1.77049,1.60,1.50
2010.11.08 15:07:34.095,1.76991,1.77049,1.30,1.50
2010.11.08 15:07:34.530,1.76991,1.77049,1.30,2.30
2010.11.08 15:07:34.971,1.7698,1.77036,1.30,1.50
2010.11.08 15:07:36.231,1.7698,1.77036,1.60,1.50
2010.11.08 15:07:37.134,1.7698,1.77036,1.60,2.30
2010.11.08 15:07:37.354,1.76967,1.77024,1.10,1.50
2010.11.08 15:07:38.321,1.76966,1.77024,1.80,2.30
2010.11.08 15:07:39.078,1.76963,1.7701,1.80,1.30
2010.11.08 15:07:39.303,1.76967,1.77021,2.00,1.30
2010.11.08 15:07:39.412,1.7697,1.77021,1.30,1.30
2010.11.08 15:07:40.142,1.76967,1.77023,1.40,2.30
2010.11.08 15:07:40.876,1.76968,1.77016,1.50,1.30
2010.11.08 15:07:41.101,1.76971,1.77027,1.50,1.50
2010.11.08 15:07:41.665,1.76971,1.77027,3.60,1.50
2010.11.08 15:07:43.430,1.76982,1.77026,1.30,2.30
2010.11.08 15:07:43.650,1.76968,1.77014,1.50,1.50
2010.11.08 15:07:43.762,1.76977,1.77014,2.50,1.30
2010.11.08 15:07:45.980,1.76981,1.77027,1.50,1.50
2010.11.08 15:07:47.302,1.76989,1.77046,2.30,3.20
2010.11.08 15:07:47.936,1.77011,1.77067,2.30,2.30
2010.11.08 15:07:48.160,1.77011,1.77067,1.30,1.50
2010.11.08 15:07:50.201,1.77009,1.77063,1.50,1.30
2010.11.08 15:07:50.717,1.77009,1.77063,1.30,2.30
2010.11.08 15:07:50.837,1.76996,1.7705,1.70,1.30
2010.11.08 15:07:52.492,1.76995,1.77051,2.30,1.30
2010.11.08 15:07:52.606,1.76997,1.77073,2.30,2.00
2010.11.08 15:07:52.721,1.76997,1.77073,2.30,1.70
2010.11.08 15:07:54.832,1.77018,1.77074,1.50,1.70
2010.11.08 15:07:57.154,1.77018,1.77074,1.30,2.00
2010.11.08 15:07:57.923,1.77011,1.77056,1.30,1.30
2010.11.08 15:07:59.771,1.77013,1.77065,2.30,1.30
2010.11.08 15:08:01.273,1.77019,1.77073,2.30,1.60
2010.11.08 15:08:01.381,1.77019,1.77072,1.50,1.10
2010.11.08 15:08:02.252,1.77018,1.77074,1.50,1.30
2010.11.08 15:08:03.084,1.77006,1.7706,2.50,1.30
2010.11.08 15:08:03.597,1.77016,1.77074,1.50,1.50
2010.11.08 15:08:03.712,1.77006,1.7707,1.50,1.50
2010.11.08 15:08:03.932,1.77006,1.7707,1.40,2.30
2010.11.08 15:08:05.252,1.77003,1.77061,1.40,2.30
2010.11.08 15:08:05.867,1.76991,1.77047,2.10,1.30
2010.11.08 15:08:06.424,1.7699,1.77048,2.10,2.30
2010.11.08 15:08:07.696,1.77026,1.7708,2.30,2.10
2010.11.08 15:08:08.528,1.7705,1.77096,1.50,1.50
2010.11.08 15:08:08.642,1.77052,1.77105,2.30,1.50
2010.11.08 15:08:09.300,1.77058,1.77125,2.30,1.40
2010.11.08 15:08:09.421,1.77057,1.77113,1.30,1.30
2010.11.08 15:08:09.754,1.77057,1.77113,1.30,1.50
2010.11.08 15:08:10.240,1.77049,1.77099,2.40,1.30
2010.11.08 15:08:10.363,1.77058,1.77112,1.30,1.30
2010.11.08 15:08:10.802,1.77058,1.77112,1.30,1.50
2010.11.08 15:08:11.412,1.77045,1.771,1.50,1.30
2010.11.08 15:08:11.523,1.77045,1.771,2.30,1.30
2010.11.08 15:08:11.633,1.77058,1.77112,1.30,1.50
2010.11.08 15:08:12.652,1.77058,1.77122,1.50,1.50
2010.11.08 15:08:14.716,1.77056,1.77112,1.30,1.30
2010.11.08 15:08:15.053,1.77057,1.77123,2.30,1.40
2010.11.08 15:08:15.160,1.77057,1.77123,1.50,1.60
2010.11.08 15:08:17.171,1.77055,1.77113,1.30,1.30
2010.11.08 15:08:18.424,1.77046,1.7711,1.30,1.50
2010.11.08 15:08:20.460,1.77046,1.77099,1.30,1.30
2010.11.08 15:08:21.906,1.77057,1.77106,1.30,2.40
2010.11.08 15:08:22.659,1.77058,1.77128,1.40,1.70
2010.11.08 15:08:22.777,1.77049,1.77086,1.50,1.40
2010.11.08 15:08:22.895,1.77024,1.7706,1.20,1.30
2010.11.08 15:08:23.774,1.77014,1.7708,1.50,2.30
2010.11.08 15:08:23.993,1.77027,1.77083,1.30,1.30
2010.11.08 15:08:24.472,1.77046,1.77091,1.30,1.30
2010.11.08 15:08:25.299,1.77047,1.77093,1.30,1.50
2010.11.08 15:08:25.851,1.77034,1.7708,2.10,2.30
2010.11.08 15:08:26.376,1.77036,1.77092,1.90,2.40
2010.11.08 15:08:26.822,1.77047,1.77093,1.30,1.70
2010.11.08 15:08:27.446,1.77033,1.77081,2.10,1.50
2010.11.08 15:08:27.892,1.77034,1.77081,1.70,1.50
2010.11.08 15:08:28.436,1.77046,1.77094,1.30,2.30
2010.11.08 15:08:29.387,1.77047,1.77121,1.10,1.40
2010.11.08 15:08:29.504,1.77047,1.77125,2.40,1.40
2010.11.08 15:08:29.721,1.77068,1.77139,1.30,3.20
2010.11.08 15:08:31.491,1.77104,1.77137,1.20,2.10
2010.11.08 15:08:31.710,1.77104,1.77155,3.40,1.30
2010.11.08 15:08:31.821,1.77113,1.77167,1.50,1.50
2010.11.08 15:08:31.931,1.77113,1.77167,2.30,1.30
2010.11.08 15:08:32.373,1.77121,1.7718,2.30,1.40
2010.11.08 15:08:32.488,1.77098,1.77162,1.30,2.30
2010.11.08 15:08:32.932,1.7708,1.7716,7.00,1.50
2010.11.08 15:08:35.004,1.7708,1.7716,3.20,2.30
2010.11.08 15:08:37.236,1.77083,1.77149,1.10,1.50
2010.11.08 15:08:38.734,1.77082,1.77138,2.10,1.50
2010.11.08 15:08:39.719,1.77086,1.77148,4.60,1.50
2010.11.08 15:08:40.921,1.77085,1.77149,4.20,1.50
2010.11.08 15:08:43.002,1.77095,1.77151,1.30,1.50
2010.11.08 15:08:44.384,1.77094,1.77147,1.30,2.30
2010.11.08 15:08:44.602,1.77081,1.77135,2.30,1.30
2010.11.08 15:08:45.202,1.77072,1.77123,1.10,1.30
2010.11.08 15:08:46.555,1.77081,1.77135,1.90,1.30
2010.11.08 15:08:47.067,1.77083,1.77144,1.90,1.50
2010.11.08 15:08:48.343,1.77085,1.77147,1.50,1.30
2010.11.08 15:08:49.119,1.77086,1.77132,1.30,1.30
2010.11.08 15:08:51.125,1.77086,1.77132,1.50,1.50
2010.11.08 15:08:53.051,1.77073,1.77118,1.70,1.50
2010.11.08 15:08:53.493,1.77081,1.77135,2.30,1.30
2010.11.08 15:08:54.018,1.77103,1.77157,2.30,1.50
2010.11.08 15:08:54.242,1.77103,1.77157,1.50,2.30
2010.11.08 15:08:54.464,1.77094,1.77152,1.40,1.10
2010.11.08 15:08:54.905,1.77091,1.77144,1.90,2.30
2010.11.08 15:08:55.029,1.7708,1.77141,4.20,1.30
2010.11.08 15:08:57.386,1.77091,1.77144,1.70,1.30
2010.11.08 15:08:59.242,1.77093,1.77157,1.90,1.50
2010.11.08 15:08:59.991,1.77093,1.77157,1.70,2.30
2010.11.08 15:09:00.109,1.77104,1.7716,1.50,1.30
2010.11.08 15:09:01.972,1.77104,1.7716,2.30,1.30
2010.11.08 15:09:02.485,1.77105,1.77169,1.50,1.50
2010.11.08 15:09:02.592,1.77105,1.77169,1.30,2.30
2010.11.08 15:09:04.796,1.77103,1.77161,1.50,1.50
2010.11.08 15:09:06.850,1.77116,1.77172,1.50,1.30
2010.11.08 15:09:08.118,1.77116,1.77172,2.30,1.30
2010.11.08 15:09:08.240,1.77128,1.77186,1.50,1.50
2010.11.08 15:09:08.462,1.7713,1.77195,2.30,1.70
2010.11.08 15:09:09.178,1.77153,1.77209,1.50,2.70
2010.11.08 15:09:09.402,1.77137,1.77188,1.60,1.50
2010.11.08 15:09:10.570,1.7714,1.77188,1.40,1.30
2010.11.08 15:09:11.840,1.77143,1.77191,1.30,2.30
2010.11.08 15:09:12.924,1.77133,1.77187,4.20,2.30
2010.11.08 15:09:14.990,1.77132,1.77177,2.30,1.50
2010.11.08 15:09:16.714,1.77126,1.77182,1.90,1.30
2010.11.08 15:09:16.933,1.77129,1.77182,1.40,1.30
2010.11.08 15:09:17.373,1.77148,1.77198,2.30,1.20
2010.11.08 15:09:17.486,1.77148,1.77198,1.30,2.20
2010.11.08 15:09:18.191,1.77142,1.77198,2.30,1.50
2010.11.08 15:09:19.083,1.77142,1.77198,1.50,2.30
2010.11.08 15:09:19.200,1.7714,1.77188,2.30,1.30
2010.11.08 15:09:19.315,1.77142,1.77198,2.30,1.50
2010.11.08 15:09:21.475,1.77142,1.77198,2.30,1.70
2010.11.08 15:09:23.407,1.77142,1.77198,2.30,1.50
2010.11.08 15:09:25.483,1.77142,1.77198,2.30,1.50
2010.11.08 15:09:26.746,1.77142,1.77196,1.30,1.40
2010.11.08 15:09:26.975,1.77135,1.77192,1.40,1.10
2010.11.08 15:09:27.203,1.7714,1.77182,1.30,1.10
2010.11.08 15:09:27.712,1.77106,1.77152,1.50,1.30
2010.11.08 15:09:29.225,1.77112,1.7717,2.30,2.30
2010.11.08 15:09:29.550,1.77112,1.7717,1.50,1.50
2010.11.08 15:09:30.622,1.77135,1.77191,2.30,2.90
2010.11.08 15:09:30.733,1.77135,1.7718,1.30,1.40
2010.11.08 15:09:31.834,1.7713,1.77184,2.30,1.90
2010.11.08 15:09:33.106,1.7713,1.77184,2.30,1.70
2010.11.08 15:09:33.332,1.7713,1.77184,2.30,1.90
2010.11.08 15:09:34.389,1.7713,1.77184,2.30,2.00
2010.11.08 15:09:35.923,1.7713,1.77184,2.30,1.60
2010.11.08 15:09:37.763,1.7713,1.77184,1.50,1.60
2010.11.08 15:09:37.875,1.7713,1.77184,2.30,1.30
2010.11.08 15:09:38.373,1.77136,1.77192,1.50,4.40
2010.11.08 15:09:38.488,1.77136,1.77192,1.50,4.10
2010.11.08 15:09:39.781,1.77124,1.7719,2.70,3.80
2010.11.08 15:09:40.955,1.77124,1.7719,1.50,1.50
2010.11.08 15:09:41.180,1.77123,1.77179,1.30,1.30
2010.11.08 15:09:41.867,1.77124,1.7719,1.50,1.50
2010.11.08 15:09:42.423,1.77124,1.7719,1.50,1.70
2010.11.08 15:09:43.690,1.77123,1.77179,1.30,1.30
2010.11.08 15:09:44.402,1.77123,1.77179,1.50,1.30
2010.11.08 15:09:44.510,1.77125,1.77189,1.50,1.50
2010.11.08 15:09:45.520,1.77125,1.77189,2.30,1.30
2010.11.08 15:09:45.963,1.77125,1.77189,1.50,1.50
2010.11.08 15:09:46.073,1.77121,1.77173,1.70,1.30
2010.11.08 15:09:47.222,1.77124,1.7719,1.50,1.50
2010.11.08 15:09:47.333,1.77124,1.7719,1.30,2.30
2010.11.08 15:09:49.411,1.77125,1.77189,2.30,3.60
2010.11.08 15:09:50.621,1.77125,1.77189,2.30,1.60
2010.11.08 15:09:51.782,1.77136,1.77192,1.50,1.50
2010.11.08 15:09:52.004,1.77136,1.77192,1.50,1.50
2010.11.08 15:09:52.530,1.77149,1.77203,1.30,3.10
2010.11.08 15:09:52.649,1.77129,1.77175,1.50,1.30
2010.11.08 15:09:52.873,1.77129,1.77175,1.30,2.30
2010.11.08 15:09:54.805,1.77128,1.77176,2.30,1.40
2010.11.08 15:09:55.937,1.7714,1.77186,1.50,1.30
2010.11.08 15:09:56.163,1.77136,1.77183,1.30,1.10
2010.11.08 15:09:57.405,1.77128,1.77176,1.30,2.30
2010.11.08 15:09:57.523,1.77118,1.77172,1.90,2.30
2010.11.08 15:09:58.683,1.77119,1.77173,1.40,1.50
2010.11.08 15:09:58.793,1.77121,1.77173,1.40,1.30
2010.11.08 15:09:58.904,1.77121,1.77173,1.40,1.40
2010.11.08 15:09:59.014,1.7714,1.77186,1.50,1.20
2010.11.08 15:09:59.514,1.7713,1.77182,1.40,1.50
2010.11.08 15:09:59.623,1.77129,1.77182,1.30,2.30
2010.11.08 15:10:00.351,1.77116,1.7718,2.30,1.50
2010.11.08 15:10:00.571,1.77116,1.7718,2.30,3.60
2010.11.08 15:10:01.447,1.77117,1.77179,1.90,1.70
2010.11.08 15:10:02.602,1.7712,1.77179,1.40,1.50
2010.11.08 15:10:02.823,1.77129,1.77193,1.50,4.40
2010.11.08 15:10:04.192,1.77129,1.77183,1.30,1.20
2010.11.08 15:10:04.301,1.77117,1.77179,1.90,4.20
2010.11.08 15:10:05.927,1.77129,1.77182,1.50,1.50
2010.11.08 15:10:07.283,1.7714,1.77196,1.50,3.90
2010.11.08 15:10:07.502,1.7714,1.77196,1.50,3.70
2010.11.08 15:10:09.152,1.7714,1.77183,1.30,1.20
2010.11.08 15:10:09.595,1.77129,1.77182,1.30,4.10
2010.11.08 15:10:10.032,1.77129,1.77182,1.50,1.60
2010.11.08 15:10:11.561,1.7714,1.77196,1.30,4.20
2010.11.08 15:10:12.072,1.7714,1.77193,1.30,1.20
2010.11.08 15:10:12.511,1.77129,1.7719,1.50,1.40
2010.11.08 15:10:13.057,1.77141,1.77193,1.30,1.20
2010.11.08 15:10:13.727,1.7714,1.77198,2.30,4.10
2010.11.08 15:10:14.428,1.77141,1.77197,1.50,1.30
2010.11.08 15:10:14.542,1.77144,1.77208,1.50,1.70
2010.11.08 15:10:15.561,1.77144,1.77205,1.50,2.10
2010.11.08 15:10:15.781,1.77144,1.77205,1.50,2.10
2010.11.08 15:10:15.892,1.77154,1.77205,1.30,2.10
2010.11.08 15:10:16.005,1.77144,1.77205,1.50,1.20
2010.11.08 15:10:18.131,1.77144,1.77206,1.30,1.20
2010.11.08 15:10:18.682,1.77157,1.7721,1.30,3.90
2010.11.08 15:10:19.222,1.77157,1.7721,1.30,3.90
2010.11.08 15:10:20.390,1.77146,1.77198,1.30,6.50
2010.11.08 15:10:20.721,1.77143,1.77199,1.30,1.50
2010.11.08 15:10:22.891,1.77143,1.77199,1.30,3.60
2010.11.08 15:10:23.552,1.77143,1.77199,1.30,4.20
2010.11.08 15:10:24.151,1.77132,1.77196,1.50,6.00
2010.11.08 15:10:26.298,1.77132,1.77196,1.30,3.90
2010.11.08 15:10:27.004,1.7714,1.77198,1.30,4.10
2010.11.08 15:10:27.221,1.7714,1.77198,1.30,1.60
2010.11.08 15:10:28.813,1.7714,1.77197,1.30,1.10
2010.11.08 15:10:28.922,1.77131,1.77197,1.30,4.30
2010.11.08 15:10:31.035,1.77131,1.77197,1.30,4.60
2010.11.08 15:10:32.195,1.77131,1.77193,1.30,1.20
2010.11.08 15:10:32.760,1.77131,1.77197,1.30,4.60
2010.11.08 15:10:34.030,1.77141,1.77197,1.30,3.70
2010.11.08 15:10:35.318,1.77132,1.77195,1.50,2.80
2010.11.08 15:10:36.777,1.77131,1.77193,1.30,1.80
2010.11.08 15:10:37.335,1.77131,1.77197,1.30,3.70
2010.11.08 15:10:37.926,1.77131,1.77197,1.30,1.80
2010.11.08 15:10:38.042,1.77131,1.77197,1.50,1.60
2010.11.08 15:10:38.929,1.7714,1.77198,1.30,3.70
2010.11.08 15:10:39.152,1.7714,1.77198,1.30,1.80
2010.11.08 15:10:39.374,1.7714,1.77198,1.30,4.50
2010.11.08 15:10:39.592,1.77131,1.77197,1.50,1.80
2010.11.08 15:10:41.470,1.77129,1.77185,1.30,1.50
2010.11.08 15:10:41.802,1.77129,1.77185,1.50,1.40
2010.11.08 15:10:43.022,1.77129,1.77185,1.30,3.90
2010.11.08 15:10:43.853,1.77119,1.77183,1.50,4.10
2010.11.08 15:10:43.961,1.77119,1.77183,1.50,1.70
2010.11.08 15:10:44.072,1.77119,1.77183,2.30,1.50
2010.11.08 15:10:46.202,1.77131,1.77197,1.50,1.80
2010.11.08 15:10:48.240,1.77131,1.77197,1.30,1.80
2010.11.08 15:10:48.791,1.77129,1.77185,1.50,1.30
2010.11.08 15:10:49.387,1.77141,1.77197,1.30,1.60
2010.11.08 15:10:51.452,1.77141,1.77197,1.30,1.60
2010.11.08 15:10:53.930,1.77141,1.77197,1.30,1.50
2010.11.08 15:10:54.701,1.77143,1.77206,1.50,1.10
2010.11.08 15:10:54.923,1.77143,1.77208,2.30,1.30
2010.11.08 15:10:56.956,1.77159,1.77198,1.30,1.10
2010.11.08 15:10:57.183,1.77148,1.77202,1.30,4.10
2010.11.08 15:10:58.312,1.77148,1.77202,1.30,2.30
2010.11.08 15:11:00.421,1.77145,1.77191,1.50,1.50
2010.11.08 15:11:00.901,1.77145,1.77191,1.30,2.30
2010.11.08 15:11:01.447,1.77137,1.77188,1.50,2.30
2010.11.08 15:11:03.430,1.77136,1.77189,1.50,2.30
2010.11.08 15:11:05.451,1.77134,1.77177,1.30,1.50
2010.11.08 15:11:05.562,1.77138,1.77177,1.10,1.30
2010.11.08 15:11:05.682,1.77141,1.77187,1.30,1.50
2010.11.08 15:11:06.237,1.77147,1.77205,1.50,2.30
2010.11.08 15:11:07.143,1.77147,1.77205,1.30,1.50
2010.11.08 15:11:08.795,1.77153,1.77209,2.30,1.30
2010.11.08 15:11:08.901,1.77161,1.77225,1.50,2.30
2010.11.08 15:11:09.343,1.77161,1.77225,1.50,2.10
2010.11.08 15:11:09.947,1.77173,1.77234,1.30,1.40
2010.11.08 15:11:11.322,1.77161,1.77225,1.50,4.20
2010.11.08 15:11:12.123,1.77175,1.77231,1.30,2.10
2010.11.08 15:11:14.081,1.77186,1.77232,1.30,4.20
2010.11.08 15:11:14.196,1.77175,1.77228,1.50,2.90
2010.11.08 15:11:14.313,1.77175,1.77231,2.30,4.20
2010.11.08 15:11:15.794,1.77172,1.7722,1.50,1.90
2010.11.08 15:11:16.328,1.77186,1.77232,1.50,4.20
2010.11.08 15:11:16.554,1.77186,1.77232,1.50,1.50
2010.11.08 15:11:16.662,1.77186,1.77232,1.30,2.30
2010.11.08 15:11:17.304,1.77175,1.77231,1.50,2.30
2010.11.08 15:11:18.167,1.77185,1.77233,1.50,1.50
2010.11.08 15:11:18.505,1.77185,1.77233,2.30,1.40
2010.11.08 15:11:19.014,1.77178,1.77231,1.50,2.30
2010.11.08 15:11:19.127,1.77167,1.77222,1.40,2.30
2010.11.08 15:11:19.462,1.77152,1.77198,2.30,1.30
2010.11.08 15:11:20.065,1.77151,1.77199,2.30,1.30
2010.11.08 15:11:20.293,1.77163,1.77211,1.50,1.50
2010.11.08 15:11:21.146,1.77166,1.77222,1.50,2.60
2010.11.08 15:11:23.223,1.77166,1.77221,1.50,1.40
2010.11.08 15:11:25.313,1.77154,1.77208,2.30,1.30
2010.11.08 15:11:26.048,1.77163,1.77211,2.30,1.30
2010.11.08 15:11:28.140,1.77167,1.77221,1.50,2.60
2010.11.08 15:11:28.251,1.77167,1.77221,2.30,1.50
2010.11.08 15:11:28.470,1.77163,1.77211,1.50,1.50
2010.11.08 15:11:28.985,1.77163,1.77211,2.30,1.30
2010.11.08 15:11:29.200,1.7717,1.77223,1.50,1.10
2010.11.08 15:11:29.691,1.7717,1.77218,1.30,1.10
2010.11.08 15:11:30.154,1.77163,1.77211,1.30,1.50
2010.11.08 15:11:31.980,1.77171,1.77227,1.50,2.30
2010.11.08 15:11:32.421,1.77171,1.77223,1.30,1.10
2010.11.08 15:11:32.852,1.77157,1.77208,1.80,1.30
2010.11.08 15:11:33.182,1.7715,1.77198,2.10,1.50
2010.11.08 15:11:35.054,1.77144,1.77203,1.40,2.30
2010.11.08 15:11:35.161,1.77135,1.77201,3.50,2.30
2010.11.08 15:11:35.855,1.77147,1.77195,1.30,1.30
2010.11.08 15:11:35.962,1.77147,1.77195,1.30,2.30
2010.11.08 15:11:36.071,1.77133,1.77189,1.50,1.30
2010.11.08 15:11:36.401,1.77136,1.772,3.50,3.90
2010.11.08 15:11:37.263,1.77145,1.77199,1.30,2.30
2010.11.08 15:11:37.372,1.77133,1.77186,1.50,1.30
2010.11.08 15:11:38.011,1.77123,1.77185,1.80,2.30
2010.11.08 15:11:38.122,1.77123,1.77185,1.80,2.30
2010.11.08 15:11:38.913,1.77119,1.77175,1.30,1.50
2010.11.08 15:11:39.353,1.77119,1.77175,1.50,1.50
2010.11.08 15:11:41.052,1.77119,1.77175,1.30,1.50
2010.11.08 15:11:41.271,1.77119,1.77175,1.60,1.50
2010.11.08 15:11:42.791,1.77119,1.77177,1.30,1.50
2010.11.08 15:11:44.074,1.77119,1.77177,1.30,2.60
2010.11.08 15:11:44.512,1.77107,1.77163,1.50,1.50
2010.11.08 15:11:45.128,1.77122,1.77168,1.30,1.30
2010.11.08 15:11:45.461,1.77122,1.77168,1.30,2.30
2010.11.08 15:11:46.145,1.77106,1.77164,1.80,1.50
2010.11.08 15:11:47.651,1.77106,1.77164,3.90,1.50
2010.11.08 15:11:47.983,1.77121,1.77169,1.30,1.50
2010.11.08 15:11:48.723,1.77121,1.77169,1.30,2.30
2010.11.08 15:11:48.835,1.77106,1.77164,1.40,2.30
2010.11.08 15:11:49.652,1.77096,1.7716,2.40,2.30
2010.11.08 15:11:50.202,1.77094,1.77148,2.10,2.30
2010.11.08 15:11:50.797,1.77085,1.77146,2.10,2.30
2010.11.08 15:11:50.921,1.77085,1.77146,2.10,1.50
2010.11.08 15:11:52.242,1.77094,1.77148,1.30,1.50
2010.11.08 15:11:52.957,1.77081,1.77136,1.30,1.50
2010.11.08 15:11:53.193,1.77101,1.77147,1.40,1.30
2010.11.08 15:11:53.754,1.77092,1.77133,1.20,1.50
2010.11.08 15:11:54.215,1.77078,1.77133,1.30,1.50
2010.11.08 15:11:54.308,1.77071,1.77123,1.30,1.30
2010.11.08 15:11:55.174,1.77083,1.77135,1.50,1.50
2010.11.08 15:11:55.935,1.77081,1.77125,1.30,1.50
2010.11.08 15:11:56.273,1.77083,1.77137,2.30,1.30
2010.11.08 15:11:56.803,1.77107,1.7715,1.50,1.30
2010.11.08 15:11:57.881,1.77112,1.77164,1.50,1.50
2010.11.08 15:11:58.213,1.77121,1.77167,1.30,1.50
2010.11.08 15:11:58.944,1.77109,1.77153,2.30,1.30
2010.11.08 15:11:59.054,1.77111,1.77165,2.30,1.50
2010.11.08 15:12:00.043,1.77125,1.77162,1.30,1.10
2010.11.08 15:12:00.154,1.7711,1.77162,1.30,1.10
2010.11.08 15:12:00.696,1.77092,1.7717,1.40,2.30
2010.11.08 15:12:01.037,1.77102,1.77154,1.30,3.50
2010.11.08 15:12:02.481,1.77098,1.77144,2.30,1.30
2010.11.08 15:12:03.108,1.77111,1.77157,1.50,1.50
2010.11.08 15:12:03.970,1.77096,1.77144,1.70,1.50
2010.11.08 15:12:05.154,1.77109,1.77157,1.30,2.30
2010.11.08 15:12:05.846,1.77097,1.77143,1.50,1.50
2010.11.08 15:12:06.975,1.77099,1.77143,2.30,1.30
2010.11.08 15:12:08.237,1.77087,1.77149,1.30,1.50
2010.11.08 15:12:08.680,1.77087,1.77149,1.30,2.30
2010.11.08 15:12:10.434,1.77093,1.77152,1.30,2.30
2010.11.08 15:12:10.542,1.77093,1.77152,1.50,1.50
2010.11.08 15:12:11.490,1.77086,1.77134,1.30,1.30
2010.11.08 15:12:12.263,1.77086,1.77134,2.30,1.30
2010.11.08 15:12:12.376,1.77086,1.77134,1.50,1.50
2010.11.08 15:12:13.877,1.77073,1.77129,2.60,2.30
2010.11.08 15:12:13.992,1.77087,1.77133,1.50,1.50
2010.11.08 15:12:14.708,1.77086,1.77134,2.30,1.30
2010.11.08 15:12:15.042,1.7709,1.77144,1.30,2.30
2010.11.08 15:12:15.620,1.77078,1.77134,1.30,2.30
2010.11.08 15:12:15.739,1.77048,1.77106,3.00,2.30
2010.11.08 15:12:16.898,1.77048,1.77106,1.30,1.50
2010.11.08 15:12:17.482,1.77048,1.77106,1.60,1.50
2010.11.08 15:12:17.702,1.77048,1.77106,1.30,1.50
2010.11.08 15:12:18.305,1.77048,1.77106,1.70,1.50
2010.11.08 15:12:18.524,1.77048,1.77106,1.60,1.50
2010.11.08 15:12:18.743,1.77048,1.77106,4.20,1.50
2010.11.08 15:12:19.487,1.77048,1.77106,1.50,1.50
2010.11.08 15:12:19.604,1.77064,1.7711,1.30,1.30
2010.11.08 15:12:20.310,1.77064,1.7711,1.30,1.50
2010.11.08 15:12:22.672,1.77061,1.7713,2.30,2.20
2010.11.08 15:12:24.502,1.77062,1.77096,1.10,1.30
2010.11.08 15:12:25.402,1.7706,1.77103,1.40,1.30
2010.11.08 15:12:26.181,1.7706,1.77103,1.40,1.30
2010.11.08 15:12:26.698,1.77058,1.77095,1.50,1.30
2010.11.08 15:12:27.740,1.77058,1.77095,1.40,1.30
2010.11.08 15:12:27.857,1.77058,1.77103,1.40,1.30
2010.11.08 15:12:29.152,1.77058,1.77108,1.50,1.30
2010.11.08 15:12:31.501,1.77058,1.77108,1.50,1.30
2010.11.08 15:12:31.616,1.77058,1.7714,1.40,3.40
2010.11.08 15:12:34.061,1.77079,1.77124,1.50,1.50
2010.11.08 15:12:35.802,1.77077,1.77123,2.30,1.30
2010.11.08 15:12:36.488,1.7709,1.77136,1.50,2.30
2010.11.08 15:12:36.703,1.7708,1.77134,1.50,2.30
2010.11.08 15:12:38.064,1.77082,1.77135,2.30,1.50
2010.11.08 15:12:38.992,1.7708,1.77123,2.30,1.30
2010.11.08 15:12:39.219,1.77083,1.77134,2.30,1.50
2010.11.08 15:12:39.444,1.77082,1.77135,1.50,2.30
2010.11.08 15:12:40.383,1.77091,1.77137,1.30,2.30
2010.11.08 15:12:41.105,1.77076,1.77132,2.30,2.30
2010.11.08 15:12:41.762,1.77076,1.77132,1.30,1.50
2010.11.08 15:12:42.525,1.7707,1.77113,1.30,1.50
2010.11.08 15:12:43.187,1.77058,1.77112,2.10,2.30
2010.11.08 15:12:43.302,1.77055,1.77101,2.10,1.30
2010.11.08 15:12:43.411,1.77058,1.77112,2.10,1.30
2010.11.08 15:12:43.522,1.77058,1.77112,2.10,1.50
2010.11.08 15:12:45.667,1.77063,1.77101,1.10,1.50
2010.11.08 15:12:46.113,1.77055,1.77101,4.10,2.30
2010.11.08 15:12:47.012,1.77066,1.77122,1.30,2.30
2010.11.08 15:12:47.121,1.77066,1.77122,2.30,1.50
2010.11.08 15:12:47.232,1.77066,1.77122,1.30,2.30
2010.11.08 15:12:47.346,1.77055,1.77116,1.10,2.30
2010.11.08 15:12:49.256,1.77049,1.77105,3.70,1.30
2010.11.08 15:12:49.374,1.77056,1.77117,2.50,1.30
2010.11.08 15:12:50.742,1.77072,1.77122,1.10,1.30
2010.11.08 15:12:51.358,1.77079,1.77135,1.30,4.20
2010.11.08 15:12:52.741,1.77079,1.77135,2.30,2.10
2010.11.08 15:12:52.961,1.77089,1.77137,1.50,1.50
2010.11.08 15:12:55.038,1.77103,1.77149,1.50,1.50
2010.11.08 15:12:57.350,1.77089,1.77137,2.30,1.30
2010.11.08 15:12:57.465,1.77102,1.7715,1.50,1.50
2010.11.08 15:12:57.682,1.77102,1.7715,1.30,2.30
2010.11.08 15:12:58.480,1.7709,1.77136,1.50,1.50
2010.11.08 15:12:59.780,1.7709,1.77136,1.50,1.50
2010.11.08 15:13:01.821,1.7709,1.77136,1.50,1.50
2010.11.08 15:13:03.844,1.7709,1.77136,1.50,1.50
2010.11.08 15:13:04.701,1.7709,1.77136,2.30,1.30
2010.11.08 15:13:06.854,1.7709,1.77136,1.50,1.30
2010.11.08 15:13:07.401,1.77093,1.77147,1.30,2.30
2010.11.08 15:13:08.328,1.77102,1.7715,1.50,1.50
2010.11.08 15:13:08.552,1.77102,1.7715,1.30,2.30
2010.11.08 15:13:09.142,1.77159,1.77168,1.30,1.20
2010.11.08 15:13:09.254,1.77159,1.77176,1.30,1.50
2010.11.08 15:13:09.363,1.77154,1.77205,1.30,1.40
2010.11.08 15:13:09.473,1.77144,1.77205,1.90,1.40
2010.11.08 15:13:09.582,1.77144,1.77211,2.30,5.50
2010.11.08 15:13:11.622,1.77155,1.77211,1.50,1.50
2010.11.08 15:13:12.348,1.77158,1.77204,1.50,1.30
2010.11.08 15:13:12.572,1.77158,1.77204,2.30,1.30
2010.11.08 15:13:12.690,1.7717,1.77216,1.30,1.50
2010.11.08 15:13:13.284,1.77155,1.77211,1.50,2.30
2010.11.08 15:13:15.113,1.77155,1.77211,1.30,2.30
2010.11.08 15:13:15.223,1.77148,1.77194,1.70,1.50
2010.11.08 15:13:15.855,1.77135,1.77181,2.10,1.30
2010.11.08 15:13:16.294,1.77121,1.77169,4.20,1.50
2010.11.08 15:13:16.406,1.77121,1.77169,1.70,1.50
2010.11.08 15:13:16.932,1.77136,1.77192,1.60,2.30
2010.11.08 15:13:17.152,1.77146,1.77192,2.30,1.50
2010.11.08 15:13:17.766,1.77137,1.77192,1.10,2.30
2010.11.08 15:13:18.322,1.77137,1.77192,1.10,1.50
2010.11.08 15:13:20.333,1.77145,1.77193,2.30,2.30
2010.11.08 15:13:21.896,1.77147,1.77192,1.10,1.30
2010.11.08 15:13:22.013,1.77158,1.77206,2.30,2.30
2010.11.08 15:13:22.233,1.77158,1.77206,1.30,2.30
2010.11.08 15:13:22.869,1.77135,1.77181,5.90,2.30
2010.11.08 15:13:23.532,1.77136,1.77181,1.20,1.50
2010.11.08 15:13:24.068,1.77135,1.77181,2.00,1.50
2010.11.08 15:13:24.652,1.77136,1.77181,1.20,1.50
2010.11.08 15:13:26.692,1.77136,1.77181,1.20,1.50
2010.11.08 15:13:27.257,1.77147,1.77195,1.50,2.30
2010.11.08 15:13:28.623,1.77147,1.77195,1.30,2.30
2010.11.08 15:13:28.952,1.77135,1.77181,2.00,1.50
2010.11.08 15:13:29.555,1.77143,1.77181,1.10,1.30
2010.11.08 15:13:29.667,1.77143,1.77193,1.10,1.50
2010.11.08 15:13:31.807,1.77147,1.77195,1.50,2.30
2010.11.08 15:13:33.833,1.77147,1.77195,1.50,2.30
2010.11.08 15:13:36.356,1.77147,1.77195,1.50,2.30
2010.11.08 15:13:36.478,1.7715,1.77206,2.30,2.30
2010.11.08 15:13:38.553,1.7715,1.77206,1.50,2.30
2010.11.08 15:13:38.662,1.77161,1.77207,1.30,2.30
2010.11.08 15:13:39.156,1.77148,1.77213,2.30,2.30
2010.11.08 15:13:39.714,1.77148,1.77213,1.30,1.50
2010.11.08 15:13:41.741,1.77158,1.77214,1.30,1.30
2010.11.08 15:13:42.778,1.77157,1.77215,1.60,2.30
2010.11.08 15:13:44.290,1.7717,1.77227,1.30,2.20
2010.11.08 15:13:45.434,1.7717,1.77228,2.30,2.10
2010.11.08 15:13:45.766,1.77196,1.77244,1.30,2.30
2010.11.08 15:13:45.886,1.77182,1.7721,2.00,1.30
2010.11.08 15:13:46.415,1.77164,1.7721,1.30,1.30
2010.11.08 15:13:46.525,1.77176,1.77222,2.30,1.30
2010.11.08 15:13:46.634,1.77176,1.77222,1.50,1.30
2010.11.08 15:13:46.741,1.77166,1.77222,1.30,1.50
2010.11.08 15:13:47.258,1.7715,1.77216,4.20,1.50
2010.11.08 15:13:48.591,1.77161,1.77217,2.30,1.30
2010.11.08 15:13:48.704,1.77175,1.77223,1.30,1.30
2010.11.08 15:13:48.812,1.77175,1.77223,2.30,1.30
2010.11.08 15:13:48.921,1.77184,1.7724,1.30,1.30
2010.11.08 15:13:49.535,1.77184,1.77232,1.30,1.10
2010.11.08 15:13:49.871,1.77171,1.77227,1.30,1.50
2010.11.08 15:13:50.376,1.77186,1.77232,1.30,1.30
2010.11.08 15:13:50.496,1.77171,1.77227,1.30,1.50
2010.11.08 15:13:50.722,1.77171,1.77227,2.30,1.30
2010.11.08 15:13:51.308,1.77174,1.77222,2.30,1.30
2010.11.08 15:13:53.791,1.77178,1.77222,1.40,2.30
2010.11.08 15:13:55.875,1.77185,1.77233,1.60,2.30
2010.11.08 15:13:56.485,1.7717,1.77228,1.30,2.30
2010.11.08 15:13:57.662,1.77166,1.77212,3.50,1.50
2010.11.08 15:13:59.730,1.77166,1.77212,3.90,2.30
2010.11.08 15:14:00.853,1.77168,1.77224,2.30,2.30
2010.11.08 15:14:02.874,1.77168,1.77224,1.50,2.30
2010.11.08 15:14:02.984,1.77168,1.77224,2.40,1.30
2010.11.08 15:14:04.295,1.77185,1.77231,1.30,2.30
2010.11.08 15:14:05.397,1.7719,1.77238,1.50,1.50
2010.11.08 15:14:05.997,1.7719,1.77236,1.30,2.30
2010.11.08 15:14:06.114,1.77177,1.77223,1.50,1.50
2010.11.08 15:14:07.041,1.77177,1.77223,2.30,1.30
2010.11.08 15:14:07.152,1.77177,1.77223,1.60,1.50
2010.11.08 15:14:07.371,1.7718,1.77234,2.30,2.30
2010.11.08 15:14:08.316,1.77178,1.77222,2.30,1.30
2010.11.08 15:14:08.432,1.77191,1.77235,1.50,1.50
2010.11.08 15:14:09.626,1.77191,1.77235,1.30,2.30
2010.11.08 15:14:09.742,1.77178,1.77222,1.50,1.50
2010.11.08 15:14:09.852,1.7718,1.77234,2.30,2.30
2010.11.08 15:14:10.074,1.7717,1.77222,1.50,2.30
2010.11.08 15:14:11.928,1.7717,1.77222,1.30,2.30
2010.11.08 15:14:13.106,1.77157,1.77201,1.40,2.30
2010.11.08 15:14:14.501,1.77151,1.77205,2.10,1.50
2010.11.08 15:14:16.871,1.77158,1.77205,1.20,1.30
2010.11.08 15:14:16.978,1.77163,1.77219,2.10,1.50
2010.11.08 15:14:17.903,1.77163,1.77219,1.30,1.50
2010.11.08 15:14:18.233,1.77163,1.77219,1.30,2.30
2010.11.08 15:14:18.566,1.77148,1.77202,1.70,1.50
2010.11.08 15:14:18.967,1.77145,1.77191,2.10,1.30
2010.11.08 15:14:20.015,1.77151,1.77194,4.20,1.30
2010.11.08 15:14:22.173,1.77162,1.77208,1.30,2.30
2010.11.08 15:14:24.201,1.77162,1.77208,1.30,2.30
2010.11.08 15:14:26.134,1.77162,1.77208,1.30,2.30
2010.11.08 15:14:26.643,1.77151,1.77194,1.70,2.30
2010.11.08 15:14:27.084,1.77151,1.77194,1.90,1.50
2010.11.08 15:14:28.131,1.77154,1.77205,1.30,2.30
2010.11.08 15:14:28.682,1.7715,1.77195,1.50,1.30
2010.11.08 15:14:29.284,1.77163,1.77207,1.30,2.30
2010.11.08 15:14:29.392,1.77154,1.77205,1.30,2.30
2010.11.08 15:14:29.614,1.77154,1.77205,2.30,1.50
2010.11.08 15:14:31.640,1.77163,1.77207,1.30,2.30
2010.11.08 15:14:33.715,1.77163,1.77207,1.30,2.30
2010.11.08 15:14:35.084,1.77165,1.77219,2.70,2.60
2010.11.08 15:14:35.191,1.77176,1.77219,1.30,1.40
2010.11.08 15:14:37.406,1.77165,1.77208,1.40,1.30
2010.11.08 15:14:37.530,1.77151,1.77194,1.30,2.30
2010.11.08 15:14:39.973,1.77151,1.77194,1.30,2.30
2010.11.08 15:14:40.084,1.77137,1.77185,1.50,2.30
2010.11.08 15:14:42.435,1.77137,1.77185,1.40,2.30
2010.11.08 15:14:42.543,1.77137,1.77185,2.30,1.30
2010.11.08 15:14:42.982,1.77149,1.77195,1.80,2.30
2010.11.08 15:14:43.091,1.7716,1.77195,1.40,1.30
2010.11.08 15:14:43.633,1.77162,1.77217,1.50,1.40
2010.11.08 15:14:43.854,1.77172,1.77216,1.30,1.40
2010.11.08 15:14:44.748,1.77162,1.77217,1.30,1.40
2010.11.08 15:14:44.972,1.77159,1.77207,1.50,1.50
2010.11.08 15:14:45.676,1.77172,1.77216,1.30,1.40
2010.11.08 15:14:45.791,1.77172,1.7722,1.50,1.90
2010.11.08 15:14:47.354,1.77176,1.77229,1.50,2.90
2010.11.08 15:14:48.194,1.77175,1.77219,1.30,1.40
2010.11.08 15:14:49.587,1.77185,1.77233,1.30,2.30
2010.11.08 15:14:49.702,1.77185,1.77233,1.30,2.30
2010.11.08 15:14:51.752,1.77188,1.77244,1.30,2.30
2010.11.08 15:14:52.685,1.77185,1.77233,1.30,2.30
2010.11.08 15:14:54.313,1.77186,1.77232,1.30,2.30
2010.11.08 15:14:54.973,1.77175,1.77231,1.50,2.30
2010.11.08 15:14:55.193,1.77175,1.77231,2.30,2.30
2010.11.08 15:14:57.220,1.77186,1.77232,1.30,2.30
2010.11.08 15:14:58.996,1.77189,1.77243,1.30,2.30
2010.11.08 15:14:59.558,1.77186,1.77232,1.30,2.30
2010.11.08 15:14:59.672,1.77186,1.77232,1.50,1.50
2010.11.08 15:15:00.594,1.77186,1.77232,1.80,2.30
2010.11.08 15:15:00.923,1.77176,1.7723,1.50,2.30
2010.11.08 15:15:03.016,1.77176,1.7723,1.50,2.30
2010.11.08 15:15:03.138,1.77172,1.7722,1.30,2.30
2010.11.08 15:15:03.361,1.77172,1.7722,1.60,1.50
2010.11.08 15:15:04.583,1.77175,1.77231,1.50,2.30
2010.11.08 15:15:05.536,1.77173,1.77219,1.30,1.50
2010.11.08 15:15:05.644,1.77173,1.77219,1.30,2.30
2010.11.08 15:15:08.013,1.77173,1.77219,1.30,2.30
2010.11.08 15:15:08.453,1.77173,1.77219,1.50,1.50
2010.11.08 15:15:10.545,1.77175,1.77231,1.50,2.30
2010.11.08 15:15:11.072,1.77186,1.77232,1.30,2.30
2010.11.08 15:15:11.403,1.77168,1.77225,1.50,2.30
2010.11.08 15:15:12.272,1.77171,1.77225,1.40,1.30
2010.11.08 15:15:13.319,1.77181,1.77233,1.30,1.10
2010.11.08 15:15:13.438,1.7718,1.77238,1.30,3.60
2010.11.08 15:15:13.663,1.77171,1.77236,1.70,2.30
2010.11.08 15:15:14.514,1.7718,1.77238,1.30,1.50
2010.11.08 15:15:14.844,1.77168,1.77225,1.30,1.50
2010.11.08 15:15:15.495,1.77159,1.77223,1.70,2.30
2010.11.08 15:15:16.371,1.77161,1.77223,1.70,1.60
2010.11.08 15:15:16.865,1.7717,1.77226,1.30,1.50
2010.11.08 15:15:17.303,1.77161,1.77223,1.90,1.50
2010.11.08 15:15:17.412,1.7717,1.77226,1.30,2.30
2010.11.08 15:15:17.524,1.77161,1.77223,1.90,1.50
2010.11.08 15:15:18.017,1.7717,1.77226,1.30,2.30
2010.11.08 15:15:20.023,1.7717,1.77226,1.30,2.30
2010.11.08 15:15:21.621,1.77171,1.77222,1.30,1.10
2010.11.08 15:15:21.731,1.77171,1.77225,1.30,2.30
2010.11.08 15:15:22.959,1.77174,1.77236,1.30,3.50
2010.11.08 15:15:23.733,1.77171,1.77225,1.30,1.50
2010.11.08 15:15:25.777,1.77171,1.77225,1.30,2.30
2010.11.08 15:15:27.352,1.77171,1.77225,1.50,2.30
2010.11.08 15:15:27.790,1.77171,1.77225,1.30,2.30
2010.11.08 15:15:29.112,1.77171,1.77225,1.50,1.30
2010.11.08 15:15:29.727,1.77195,1.7725,1.30,2.90
2010.11.08 15:15:32.003,1.77195,1.77245,1.30,1.40
2010.11.08 15:15:33.248,1.77174,1.77228,1.30,2.30
2010.11.08 15:15:34.410,1.77174,1.77228,1.30,1.50
2010.11.08 15:15:34.529,1.77173,1.77229,1.30,2.30
2010.11.08 15:15:36.932,1.77173,1.77229,1.30,2.30
2010.11.08 15:15:38.992,1.7719,1.77251,1.30,2.60
2010.11.08 15:15:41.263,1.7719,1.77251,1.30,4.50
2010.11.08 15:15:42.546,1.77198,1.77254,1.30,1.90
2010.11.08 15:15:42.872,1.77201,1.77265,1.30,2.30
2010.11.08 15:15:43.479,1.77199,1.77253,1.30,2.30
2010.11.08 15:15:43.813,1.77183,1.77227,2.10,2.30
2010.11.08 15:15:44.871,1.77171,1.77214,2.10,2.20
2010.11.08 15:15:44.982,1.7716,1.77204,2.30,1.50
2010.11.08 15:15:45.534,1.7716,1.77204,1.30,2.30
2010.11.08 15:15:46.693,1.77153,1.77209,1.90,1.30
2010.11.08 15:15:46.805,1.77172,1.77211,1.30,1.20
2010.11.08 15:15:47.540,1.77172,1.77205,1.30,1.20
2010.11.08 15:15:48.687,1.77153,1.77209,1.30,2.30
2010.11.08 15:15:50.713,1.77154,1.77209,2.40,2.30
2010.11.08 15:15:51.562,1.77172,1.77215,1.30,1.50
2010.11.08 15:15:51.673,1.77162,1.77214,1.30,2.30
2010.11.08 15:15:51.792,1.77162,1.77214,1.30,2.30
2010.11.08 15:15:52.391,1.77162,1.77214,1.30,2.30
2010.11.08 15:15:52.510,1.77172,1.77215,1.30,2.30
2010.11.08 15:15:53.523,1.77172,1.77215,1.50,1.30
2010.11.08 15:15:53.654,1.77184,1.77228,2.00,1.30
2010.11.08 15:15:54.394,1.77191,1.77245,1.30,1.40
2010.11.08 15:15:54.509,1.77191,1.77243,1.30,1.10
2010.11.08 15:15:54.621,1.7718,1.77233,1.30,1.50
2010.11.08 15:15:55.676,1.77191,1.77243,1.30,1.10
2010.11.08 15:15:55.793,1.77182,1.77243,1.30,1.10
2010.11.08 15:15:56.275,1.77182,1.77243,1.30,1.10
2010.11.08 15:15:56.389,1.7718,1.77233,1.30,1.50
2010.11.08 15:15:57.349,1.7719,1.77234,1.20,2.30
2010.11.08 15:15:57.463,1.7718,1.77234,2.40,2.30
2010.11.08 15:15:57.681,1.7718,1.77234,2.40,1.50
2010.11.08 15:15:58.497,1.77191,1.77245,1.30,1.40
2010.11.08 15:15:58.722,1.7719,1.77246,1.50,1.70
2010.11.08 15:15:58.833,1.77207,1.77253,1.30,2.30
2010.11.08 15:15:59.683,1.77184,1.77229,2.80,2.30
2010.11.08 15:15:59.795,1.7718,1.77224,1.20,2.30
2010.11.08 15:15:59.904,1.7718,1.77214,1.20,2.30
2010.11.08 15:16:00.519,1.77177,1.77239,1.30,2.30
2010.11.08 15:16:01.469,1.77177,1.77239,1.90,1.50
2010.11.08 15:16:01.587,1.77174,1.77228,1.30,1.50
2010.11.08 15:16:02.656,1.77176,1.77238,1.30,1.50
2010.11.08 15:16:02.773,1.77186,1.77242,1.30,2.30
2010.11.08 15:16:02.991,1.77175,1.77239,1.70,2.30
2010.11.08 15:16:03.670,1.77186,1.77242,1.30,2.70
2010.11.08 15:16:05.742,1.77182,1.77225,1.30,1.50
2010.11.08 15:16:06.302,1.77182,1.77225,1.30,2.30
2010.11.08 15:16:06.434,1.77169,1.77213,1.30,1.50
2010.11.08 15:16:08.691,1.77169,1.77213,1.30,2.30
2010.11.08 15:16:10.693,1.77169,1.77213,1.30,2.30
2010.11.08 15:16:12.081,1.7717,1.77213,2.30,1.30
2010.11.08 15:16:12.834,1.77168,1.77218,1.60,2.30
2010.11.08 15:16:12.941,1.77182,1.77225,1.30,2.30
2010.11.08 15:16:13.811,1.77182,1.77225,1.30,2.30
2010.11.08 15:16:13.931,1.77167,1.77222,2.60,1.30
2010.11.08 15:16:14.153,1.77182,1.77228,1.30,1.50
2010.11.08 15:16:15.311,1.77171,1.77227,1.50,2.30
2010.11.08 15:16:15.422,1.77171,1.77227,1.30,2.30
2010.11.08 15:16:16.472,1.77171,1.77227,1.30,2.30
2010.11.08 15:16:16.691,1.77168,1.77216,2.30,1.30
2010.11.08 15:16:16.804,1.77182,1.77228,1.30,2.30
2010.11.08 15:16:17.293,1.77171,1.77227,1.30,2.30
2010.11.08 15:16:17.512,1.77169,1.77215,1.30,2.30
2010.11.08 15:16:19.696,1.77169,1.77215,1.30,2.30
2010.11.08 15:16:21.721,1.77169,1.77215,1.30,2.30
2010.11.08 15:16:22.239,1.77169,1.77215,1.50,1.50
2010.11.08 15:16:24.321,1.77171,1.77227,1.30,2.30
2010.11.08 15:16:24.875,1.77181,1.77229,1.30,2.30
2010.11.08 15:16:26.495,1.77168,1.77216,1.30,2.30
2010.11.08 15:16:28.759,1.77173,1.77225,1.30,1.40
2010.11.08 15:16:28.877,1.77173,1.77231,1.50,2.30
2010.11.08 15:16:29.213,1.77173,1.77231,1.30,2.30
2010.11.08 15:16:31.288,1.77168,1.77216,1.30,1.30
2010.11.08 15:16:31.736,1.77202,1.77229,1.30,1.40
2010.11.08 15:16:31.964,1.77169,1.77215,1.30,2.30
2010.11.08 15:16:32.564,1.77173,1.77231,1.30,1.90
2010.11.08 15:16:32.784,1.77168,1.77216,1.30,1.30
2010.11.08 15:16:33.765,1.77168,1.77216,1.30,2.30
2010.11.08 15:16:35.823,1.77168,1.77216,1.30,2.30
2010.11.08 15:16:37.914,1.77168,1.77216,1.30,2.30
2010.11.08 15:16:38.132,1.77168,1.77216,1.50,2.30
2010.11.08 15:16:38.353,1.77172,1.77226,2.30,2.30
2010.11.08 15:16:40.611,1.77181,1.77229,1.30,2.30
2010.11.08 15:16:42.682,1.77181,1.77229,1.30,2.30
2010.11.08 15:16:43.696,1.77148,1.77194,2.30,1.50
2010.11.08 15:16:44.655,1.77159,1.77203,1.30,1.10
2010.11.08 15:16:44.762,1.77147,1.77193,1.30,2.30
2010.11.08 15:16:45.093,1.77147,1.77193,1.30,2.30
2010.11.08 15:16:46.244,1.7715,1.77204,1.50,2.30
2010.11.08 15:16:46.351,1.77158,1.77205,1.30,1.40
2010.11.08 15:16:48.224,1.7715,1.77204,1.30,2.30
2010.11.08 15:16:50.204,1.77159,1.77205,1.30,2.30
2010.11.08 15:16:51.060,1.7715,1.77204,1.30,2.30
2010.11.08 15:16:53.061,1.7715,1.77204,1.30,2.30
2010.11.08 15:16:53.982,1.77137,1.77183,1.30,2.30
2010.11.08 15:16:54.316,1.77112,1.77175,1.40,2.30
2010.11.08 15:16:54.828,1.77127,1.77181,1.50,2.30
2010.11.08 15:16:55.402,1.77127,1.77181,1.50,1.50
2010.11.08 15:16:55.622,1.77136,1.77184,1.30,2.30
2010.11.08 15:16:56.942,1.77136,1.77184,1.30,2.30
2010.11.08 15:16:57.164,1.77119,1.77175,1.50,1.30
2010.11.08 15:16:57.681,1.77131,1.77189,1.30,1.50
2010.11.08 15:16:57.794,1.77131,1.77185,1.30,1.40
2010.11.08 15:16:58.404,1.77116,1.77166,1.20,1.50
2010.11.08 15:16:59.918,1.77111,1.77166,1.60,2.30
2010.11.08 15:17:00.142,1.77101,1.77164,1.20,2.60
2010.11.08 15:17:00.695,1.77113,1.77161,1.30,2.30
2010.11.08 15:17:03.222,1.77113,1.77161,1.30,2.30
2010.11.08 15:17:05.212,1.77113,1.77161,1.30,2.30
2010.11.08 15:17:06.072,1.77113,1.77161,1.70,1.50
2010.11.08 15:17:06.182,1.77113,1.77161,2.30,1.30
2010.11.08 15:17:07.862,1.77126,1.77174,1.30,2.30
2010.11.08 15:17:08.358,1.77113,1.77178,2.20,2.30
2010.11.08 15:17:08.473,1.77113,1.77178,1.20,2.30
2010.11.08 15:17:08.803,1.77108,1.77175,1.10,2.30
2010.11.08 15:17:09.334,1.77113,1.77177,1.30,2.30
2010.11.08 15:17:11.777,1.77113,1.77176,1.40,2.60
2010.11.08 15:17:11.902,1.77114,1.77176,1.40,2.40
2010.11.08 15:17:12.012,1.77114,1.77176,1.40,2.60
2010.11.08 15:17:13.128,1.77126,1.77183,1.50,2.80
2010.11.08 15:17:14.472,1.77126,1.7719,1.40,8.90
2010.11.08 15:17:16.904,1.77112,1.77187,3.70,7.00
2010.11.08 15:17:19.022,1.77112,1.77187,3.70,1.40
2010.11.08 15:17:20.213,1.77113,1.77187,1.30,2.40
2010.11.08 15:17:20.322,1.77134,1.77187,1.30,2.40
2010.11.08 15:17:20.832,1.77151,1.77197,1.30,3.50
2010.11.08 15:17:21.162,1.77157,1.77211,1.30,1.30
2010.11.08 15:17:21.382,1.77158,1.77224,1.30,1.40
2010.11.08 15:17:22.282,1.77157,1.77211,1.30,2.30
2010.11.08 15:17:22.615,1.77156,1.77212,1.30,2.30
2010.11.08 15:17:22.833,1.77135,1.77188,6.90,1.50
2010.11.08 15:17:23.554,1.77137,1.77198,1.80,3.40
2010.11.08 15:17:24.941,1.77137,1.77199,4.00,2.30
2010.11.08 15:17:25.273,1.77137,1.77199,1.80,1.50
2010.11.08 15:17:25.721,1.77137,1.77199,4.00,1.50
2010.11.08 15:17:25.840,1.7714,1.7721,1.40,1.50
2010.11.08 15:17:25.953,1.77156,1.77212,1.30,1.50
2010.11.08 15:17:26.869,1.77156,1.77212,1.30,1.30
2010.11.08 15:17:26.990,1.77157,1.77211,1.30,1.50
2010.11.08 15:17:27.889,1.7716,1.77222,1.50,1.50
2010.11.08 15:17:28.003,1.77169,1.77225,1.30,2.30
2010.11.08 15:17:28.223,1.77157,1.77211,1.30,1.50
2010.11.08 15:17:28.333,1.77169,1.77225,1.30,3.50
2010.11.08 15:17:28.743,1.77169,1.77225,1.30,3.50
2010.11.08 15:17:30.792,1.7717,1.77224,2.00,1.30
2010.11.08 15:17:30.906,1.77183,1.77236,1.30,1.90
2010.11.08 15:17:31.306,1.77176,1.77222,1.30,1.30
2010.11.08 15:17:31.523,1.77143,1.77188,1.30,1.50
2010.11.08 15:17:32.833,1.77138,1.77208,1.30,2.90
2010.11.08 15:17:33.162,1.77137,1.77191,1.30,1.30
2010.11.08 15:17:34.201,1.77137,1.77191,1.50,1.50
2010.11.08 15:17:34.855,1.77137,1.77191,1.40,1.50
2010.11.08 15:17:36.301,1.77137,1.77177,1.30,1.20
2010.11.08 15:17:36.413,1.77137,1.77191,1.30,1.50
2010.11.08 15:17:36.964,1.77137,1.77191,1.30,2.30
2010.11.08 15:17:37.548,1.77128,1.77189,1.30,2.30
2010.11.08 15:17:39.733,1.77125,1.77178,1.50,1.50
2010.11.08 15:17:40.664,1.77125,1.77178,1.40,2.30
2010.11.08 15:17:41.269,1.77141,1.77178,1.30,2.40
2010.11.08 15:17:41.384,1.77132,1.77178,1.30,1.20
2010.11.08 15:17:41.492,1.77141,1.77187,1.30,1.50
2010.11.08 15:17:42.324,1.77141,1.77187,1.30,2.30
2010.11.08 15:17:42.985,1.77141,1.77187,1.30,2.30
2010.11.08 15:17:43.796,1.77129,1.77173,1.30,2.30
2010.11.08 15:17:45.043,1.77129,1.77173,1.50,1.50
2010.11.08 15:17:45.593,1.77142,1.77186,1.30,2.30
2010.11.08 15:17:46.452,1.77129,1.77173,1.30,2.30
2010.11.08 15:17:46.782,1.77129,1.77173,1.60,2.30
2010.11.08 15:17:47.406,1.77129,1.77173,1.30,2.30
2010.11.08 15:17:47.761,1.77129,1.77173,1.50,1.50
2010.11.08 15:17:47.982,1.77142,1.77185,1.30,2.20
2010.11.08 15:17:48.703,1.77142,1.77186,1.30,2.30
2010.11.08 15:17:48.812,1.77131,1.77185,1.30,2.30
2010.11.08 15:17:49.252,1.77131,1.77185,3.70,2.30
2010.11.08 15:17:50.071,1.77131,1.77185,1.50,2.30
2010.11.08 15:17:50.512,1.77131,1.77185,3.60,1.50
2010.11.08 15:17:50.624,1.77133,1.77185,1.40,1.30
2010.11.08 15:17:51.142,1.77154,1.772,1.30,3.00
2010.11.08 15:17:52.367,1.77154,1.77189,1.30,1.40
2010.11.08 15:17:52.486,1.77141,1.77187,1.30,2.30
2010.11.08 15:17:52.606,1.77124,1.77179,1.80,2.30
2010.11.08 15:17:54.701,1.77124,1.77179,1.50,1.30
2010.11.08 15:17:54.922,1.77142,1.77186,1.30,1.50
2010.11.08 15:17:55.782,1.77132,1.77184,1.30,2.30
2010.11.08 15:17:55.892,1.77141,1.77187,1.30,2.30
2010.11.08 15:17:56.003,1.77141,1.77187,1.30,2.30
2010.11.08 15:17:56.704,1.77144,1.7719,1.30,1.40
2010.11.08 15:17:57.033,1.77144,1.77189,1.30,1.40
2010.11.08 15:17:59.138,1.77131,1.77185,1.30,2.30
2010.11.08 15:18:00.294,1.77141,1.77187,1.30,2.30
2010.11.08 15:18:00.737,1.77141,1.77187,2.30,1.30
2010.11.08 15:18:01.333,1.77154,1.772,1.30,2.60
2010.11.08 15:18:01.445,1.77137,1.77191,1.70,2.30
2010.11.08 15:18:03.841,1.77137,1.77191,1.50,1.30
2010.11.08 15:18:03.959,1.77149,1.77205,1.30,1.50
2010.11.08 15:18:05.113,1.77149,1.77205,1.50,1.50
2010.11.08 15:18:05.442,1.77152,1.77216,1.30,2.30
2010.11.08 15:18:06.006,1.77149,1.77205,1.30,1.30
2010.11.08 15:18:06.987,1.77162,1.77218,1.30,2.30
2010.11.08 15:18:07.102,1.77152,1.77216,1.80,2.30
2010.11.08 15:18:07.542,1.77162,1.77218,1.30,2.30
2010.11.08 15:18:09.632,1.77162,1.77218,1.30,2.30
2010.11.08 15:18:11.652,1.77162,1.77218,1.30,1.50
2010.11.08 15:18:12.433,1.77152,1.77216,1.30,2.30
2010.11.08 15:18:13.330,1.77162,1.77212,1.30,1.10
2010.11.08 15:18:13.457,1.77148,1.772,1.30,2.30
2010.11.08 15:18:15.273,1.77145,1.77189,1.30,2.30
2010.11.08 15:18:15.859,1.77154,1.77199,1.30,1.40
2010.11.08 15:18:15.972,1.77136,1.77192,1.80,2.30
2010.11.08 15:18:16.594,1.77136,1.77192,1.30,1.50
2010.11.08 15:18:18.682,1.77136,1.77192,1.30,2.30
2010.11.08 15:18:19.398,1.7714,1.772,1.30,2.20
2010.11.08 15:18:20.679,1.77149,1.77203,1.30,1.60
2010.11.08 15:18:21.737,1.77135,1.77187,1.30,1.50
2010.11.08 15:18:22.792,1.77135,1.77187,1.30,2.30
2010.11.08 15:18:23.123,1.77114,1.7717,1.50,2.30
2010.11.08 15:18:23.239,1.77117,1.77181,2.30,2.30
2010.11.08 15:18:25.272,1.77127,1.77182,1.30,2.30
2010.11.08 15:18:27.334,1.77127,1.77182,1.30,2.30
2010.11.08 15:18:27.452,1.77117,1.77181,1.40,2.30
2010.11.08 15:18:27.831,1.77117,1.77181,2.00,1.50
2010.11.08 15:18:27.941,1.77128,1.77181,1.30,1.50
2010.11.08 15:18:28.397,1.7714,1.77191,1.30,2.20
2010.11.08 15:18:28.518,1.7714,1.77194,1.30,2.80
2010.11.08 15:18:29.474,1.77131,1.77192,1.30,2.30
2010.11.08 15:18:31.577,1.7713,1.77193,1.30,2.30
2010.11.08 15:18:33.061,1.7713,1.77193,1.30,1.60
2010.11.08 15:18:33.392,1.77139,1.77195,1.30,1.60
2010.11.08 15:18:33.920,1.77139,1.77193,1.30,1.10
2010.11.08 15:18:34.146,1.77131,1.77192,1.50,1.50
2010.11.08 15:18:34.263,1.7714,1.77194,1.30,1.50
2010.11.08 15:18:35.065,1.77131,1.77192,1.30,1.70
2010.11.08 15:18:36.353,1.77131,1.77192,1.30,1.70
2010.11.08 15:18:36.682,1.77131,1.77192,1.30,1.70
2010.11.08 15:18:37.661,1.77131,1.77192,1.30,1.70
2010.11.08 15:18:37.993,1.7714,1.77194,1.30,1.70
2010.11.08 15:18:40.005,1.7714,1.77202,1.30,2.20
2010.11.08 15:18:40.497,1.7714,1.77201,1.30,2.90
2010.11.08 15:18:40.722,1.7714,1.77202,1.30,1.10
2010.11.08 15:18:40.832,1.7714,1.77193,1.30,1.10
2010.11.08 15:18:41.434,1.77128,1.77192,1.30,2.30
2010.11.08 15:18:42.687,1.77128,1.77192,1.50,1.50
2010.11.08 15:18:43.021,1.77138,1.77194,1.30,1.60
2010.11.08 15:18:45.321,1.77138,1.77194,1.30,1.60
2010.11.08 15:18:47.455,1.77138,1.77193,1.30,1.10
2010.11.08 15:18:47.671,1.77127,1.77193,1.30,2.30
2010.11.08 15:18:49.702,1.77128,1.77192,1.30,2.30
2010.11.08 15:18:50.907,1.77127,1.77193,1.50,1.50
2010.11.08 15:18:52.986,1.77138,1.77194,1.30,1.50
2010.11.08 15:18:53.701,1.77138,1.77194,2.30,1.30
2010.11.08 15:18:54.035,1.77151,1.77207,1.30,1.70
2010.11.08 15:18:55.877,1.77132,1.77213,2.60,2.60
2010.11.08 15:18:56.105,1.77132,1.7721,1.20,2.20
2010.11.08 15:18:57.213,1.77132,1.7721,1.20,2.20
2010.11.08 15:18:57.816,1.77118,1.77182,2.30,2.30
2010.11.08 15:18:57.929,1.77131,1.77192,2.70,2.20
2010.11.08 15:18:58.153,1.7714,1.77198,2.30,1.30
2010.11.08 15:18:58.265,1.77153,1.77199,1.30,2.20
2010.11.08 15:18:58.689,1.77139,1.77193,1.30,1.50
2010.11.08 15:18:58.812,1.77118,1.77174,2.50,1.50
2010.11.08 15:18:59.756,1.77108,1.77174,1.30,2.30
2010.11.08 15:19:02.091,1.77108,1.77174,1.50,1.50
2010.11.08 15:19:02.207,1.77118,1.77174,1.30,2.30
2010.11.08 15:19:02.435,1.77105,1.77163,1.40,1.50
2010.11.08 15:19:03.363,1.77105,1.77163,1.60,1.30
2010.11.08 15:19:03.476,1.77105,1.77163,1.40,1.50
2010.11.08 15:19:03.585,1.7711,1.77169,1.50,2.40
2010.11.08 15:19:04.429,1.77107,1.77183,1.40,1.50
2010.11.08 15:19:04.548,1.77106,1.77162,1.30,1.30
2010.11.08 15:19:06.889,1.77106,1.77162,1.30,1.50
2010.11.08 15:19:07.225,1.77092,1.7715,2.30,1.30
2010.11.08 15:19:07.334,1.77094,1.77163,1.50,2.60
2010.11.08 15:19:07.450,1.77097,1.77157,1.40,1.20
2010.11.08 15:19:07.956,1.77141,1.7718,1.30,2.40
2010.11.08 15:19:08.077,1.77131,1.7718,1.30,1.20
2010.11.08 15:19:08.193,1.77136,1.77182,1.30,2.30
2010.11.08 15:19:08.708,1.7711,1.77178,2.30,1.40
2010.11.08 15:19:08.825,1.77102,1.77178,1.40,1.40
2010.11.08 15:19:09.659,1.77094,1.77146,1.30,1.20
2010.11.08 15:19:10.620,1.77091,1.77137,1.30,1.30
2010.11.08 15:19:12.622,1.77091,1.77137,1.30,2.30
2010.11.08 15:19:14.755,1.77091,1.77137,1.30,2.30
2010.11.08 15:19:14.865,1.77091,1.77137,1.50,1.50
2010.11.08 15:19:14.973,1.77091,1.77137,1.30,2.30
2010.11.08 15:19:15.559,1.7709,1.77138,1.50,1.50
2010.11.08 15:19:16.963,1.77103,1.77149,1.30,2.30
2010.11.08 15:19:18.962,1.77103,1.77149,1.30,2.30
2010.11.08 15:19:20.333,1.77093,1.77149,1.30,2.30
2010.11.08 15:19:22.393,1.77093,1.77149,1.50,2.30
2010.11.08 15:19:22.614,1.77102,1.7715,1.30,2.30
2010.11.08 15:19:24.645,1.77105,1.7715,1.40,1.30
2010.11.08 15:19:25.083,1.77116,1.77162,1.50,1.50
2010.11.08 15:19:25.194,1.77116,1.77162,2.30,1.30
2010.11.08 15:19:25.686,1.77117,1.77159,1.30,2.90
2010.11.08 15:19:25.902,1.77129,1.77173,1.30,1.50
2010.11.08 15:19:26.557,1.77115,1.77163,1.30,2.30
2010.11.08 15:19:27.518,1.77099,1.77155,1.30,2.30
2010.11.08 15:19:27.963,1.77099,1.77155,1.30,1.50
2010.11.08 15:19:30.007,1.77099,1.77155,1.30,1.50
2010.11.08 15:19:30.602,1.77099,1.77155,2.30,1.30
2010.11.08 15:19:31.243,1.7711,1.77168,1.30,1.50
2010.11.08 15:19:33.311,1.7711,1.77168,1.30,1.50
2010.11.08 15:19:35.569,1.7711,1.77168,1.30,1.50
2010.11.08 15:19:37.382,1.7711,1.77162,1.30,1.10
2010.11.08 15:19:37.498,1.77116,1.77162,1.30,1.30
2010.11.08 15:19:38.762,1.77116,1.77162,1.30,2.30
2010.11.08 15:19:40.816,1.77116,1.77162,1.30,2.30
2010.11.08 15:19:41.043,1.7716,1.77208,1.30,2.30
2010.11.08 15:19:41.865,1.77165,1.77202,1.30,1.10
2010.11.08 15:19:41.977,1.77154,1.77213,1.30,1.40
2010.11.08 15:19:42.203,1.77153,1.77211,1.30,2.30
2010.11.08 15:19:42.313,1.77142,1.77208,1.20,2.30
2010.11.08 15:19:42.424,1.77134,1.77208,1.40,1.30
2010.11.08 15:19:42.532,1.77154,1.77209,1.30,1.20
2010.11.08 15:19:44.604,1.77154,1.7721,1.30,1.50
2010.11.08 15:19:45.664,1.77154,1.7721,2.30,1.30
2010.11.08 15:19:45.883,1.77156,1.77218,1.50,2.60
2010.11.08 15:19:47.253,1.77157,1.77216,1.30,1.10
2010.11.08 15:19:49.352,1.77157,1.77219,1.30,8.60
2010.11.08 15:19:51.662,1.77157,1.77219,1.30,2.80
2010.11.08 15:19:53.722,1.77157,1.77217,1.30,1.30
2010.11.08 15:19:54.874,1.77165,1.77223,1.30,4.10
2010.11.08 15:19:56.244,1.77165,1.77223,1.30,1.60
2010.11.08 15:19:56.583,1.77165,1.77223,1.30,3.80
2010.11.08 15:19:57.399,1.77163,1.77233,1.40,1.40
2010.11.08 15:19:58.239,1.77158,1.7723,1.30,1.90
2010.11.08 15:19:58.683,1.7715,1.77227,2.60,1.10
2010.11.08 15:19:59.733,1.77147,1.77221,1.40,1.30
2010.11.08 15:20:01.801,1.77165,1.77219,1.30,2.60
2010.11.08 15:20:01.921,1.77156,1.77219,1.30,1.40
2010.11.08 15:20:02.142,1.77154,1.7721,1.30,1.50
2010.11.08 15:20:03.195,1.77154,1.7721,2.30,1.30
2010.11.08 15:20:03.304,1.77165,1.77218,1.30,1.60
2010.11.08 15:20:04.131,1.7717,1.77233,2.30,2.00
2010.11.08 15:20:04.355,1.77169,1.77231,1.30,4.20
2010.11.08 15:20:06.443,1.77165,1.77221,1.30,1.90
2010.11.08 15:20:08.475,1.77165,1.77221,1.30,1.90
2010.11.08 15:20:08.912,1.77158,1.77231,1.40,2.00
2010.11.08 15:20:09.509,1.77178,1.77232,1.30,2.00
2010.11.08 15:20:10.487,1.77176,1.7723,1.70,1.30
2010.11.08 15:20:10.606,1.77177,1.7724,1.30,1.50
2010.11.08 15:20:11.385,1.77176,1.7723,1.30,1.30
2010.11.08 15:20:12.261,1.77178,1.77242,1.30,1.70
2010.11.08 15:20:13.987,1.77188,1.77243,1.30,1.70
2010.11.08 15:20:15.242,1.77175,1.77231,1.30,1.50
2010.11.08 15:20:16.178,1.77175,1.77231,1.30,3.60
2010.11.08 15:20:17.692,1.77175,1.77223,1.30,1.10
2010.11.08 15:20:17.914,1.77163,1.77217,1.50,1.30
2010.11.08 15:20:18.134,1.77165,1.77227,1.30,1.70
2010.11.08 15:20:18.648,1.77176,1.7723,1.30,3.80
2010.11.08 15:20:18.761,1.77164,1.77228,1.50,1.80
2010.11.08 15:20:21.091,1.77164,1.77228,1.30,1.80
2010.11.08 15:20:21.206,1.77176,1.7723,1.30,1.30
2010.11.08 15:20:21.971,1.77176,1.7723,1.30,1.80
2010.11.08 15:20:23.173,1.77163,1.77227,1.50,1.70
2010.11.08 15:20:24.961,1.7716,1.77224,2.30,1.50
2010.11.08 15:20:26.981,1.77171,1.77227,1.30,1.70
2010.11.08 15:20:29.091,1.77159,1.77225,1.50,1.60
2010.11.08 15:20:29.532,1.77159,1.77225,1.30,3.80
2010.11.08 15:20:30.166,1.77159,1.77225,1.50,1.60
2010.11.08 15:20:30.277,1.77171,1.77227,1.30,1.40
2010.11.08 15:20:32.505,1.77171,1.77227,1.50,1.40
2010.11.08 15:20:34.631,1.77171,1.77227,1.50,1.40
2010.11.08 15:20:36.687,1.77171,1.77227,1.50,1.40
2010.11.08 15:20:38.940,1.7716,1.77224,1.50,1.60
2010.11.08 15:20:40.333,1.77158,1.77214,1.50,1.30
2010.11.08 15:20:40.446,1.7716,1.77224,1.50,1.40
2010.11.08 15:20:41.609,1.7716,1.77224,1.30,1.60
2010.11.08 15:20:43.842,1.77158,1.77214,1.50,1.30
2010.11.08 15:20:46.026,1.77147,1.77211,1.60,1.30
2010.11.08 15:20:46.472,1.77147,1.77211,2.30,1.30
2010.11.08 15:20:47.815,1.77158,1.77214,1.30,2.30
2010.11.08 15:20:47.924,1.77145,1.77203,1.60,1.30
2010.11.08 15:20:48.034,1.77147,1.77203,1.10,1.30
2010.11.08 15:20:48.475,1.77158,1.77214,1.50,1.30
2010.11.08 15:20:50.461,1.77159,1.77225,2.30,4.90
2010.11.08 15:20:51.147,1.77159,1.77224,1.50,2.60
2010.11.08 15:20:53.435,1.77157,1.77215,1.50,1.50
2010.11.08 15:20:55.534,1.77157,1.77215,1.50,1.50
2010.11.08 15:20:57.588,1.77157,1.77215,1.60,1.50
2010.11.08 15:20:58.032,1.77157,1.77215,1.30,2.30
2010.11.08 15:20:58.566,1.77147,1.77211,1.30,2.30
2010.11.08 15:20:58.681,1.77158,1.77214,1.30,2.30
2010.11.08 15:20:58.793,1.77145,1.77203,1.30,1.30
2010.11.08 15:20:58.902,1.77145,1.77203,2.30,1.30
2010.11.08 15:20:59.123,1.77157,1.77215,1.50,2.70
2010.11.08 15:21:01.280,1.77146,1.77212,1.60,1.50
2010.11.08 15:21:01.502,1.77148,1.77212,1.10,1.30
2010.11.08 15:21:03.564,1.77157,1.77215,1.50,1.50
2010.11.08 15:21:05.591,1.77157,1.77215,1.50,1.50
2010.11.08 15:21:07.592,1.77146,1.77212,1.60,1.30
2010.11.08 15:21:09.622,1.77146,1.77212,1.50,1.40
2010.11.08 15:21:11.907,1.77146,1.77212,1.60,1.30
2010.11.08 15:21:13.683,1.77146,1.77207,1.30,1.10
2010.11.08 15:21:14.015,1.7714,1.77211,1.40,1.50
2010.11.08 15:21:15.075,1.77147,1.77211,1.50,1.70
2010.11.08 15:21:17.034,1.77135,1.772,1.70,1.50
2010.11.08 15:21:17.572,1.77133,1.77189,2.30,1.30
2010.11.08 15:21:18.977,1.77135,1.77199,1.60,1.50
2010.11.08 15:21:19.095,1.77135,1.77199,1.40,2.30
2010.11.08 15:21:20.543,1.77133,1.77189,1.50,1.30
2010.11.08 15:21:21.144,1.77134,1.772,1.50,1.50
2010.11.08 15:21:23.315,1.77134,1.772,1.50,1.50
2010.11.08 15:21:24.161,1.77134,1.772,2.30,1.30
2010.11.08 15:21:24.276,1.77134,1.772,1.50,1.50
2010.11.08 15:21:24.393,1.77134,1.772,2.30,1.30
2010.11.08 15:21:26.615,1.77146,1.77202,1.30,1.30
2010.11.08 15:21:27.053,1.77149,1.77197,1.30,1.30
2010.11.08 15:21:28.653,1.7715,1.77196,1.30,2.30
2010.11.08 15:21:29.187,1.77138,1.77194,1.50,2.30
2010.11.08 15:21:29.308,1.77138,1.77194,2.30,2.30
2010.11.08 15:21:31.493,1.77138,1.77194,1.50,1.50
2010.11.08 15:21:31.822,1.77138,1.77194,1.30,2.30
2010.11.08 15:21:33.921,1.77137,1.77184,1.50,1.50
2010.11.08 15:21:35.962,1.77137,1.77184,1.50,1.50
2010.11.08 15:21:38.025,1.77137,1.77184,1.50,1.50
2010.11.08 15:21:38.613,1.77137,1.77184,2.30,1.30
2010.11.08 15:21:40.750,1.77139,1.77193,1.50,1.50
2010.11.08 15:21:42.732,1.77139,1.77193,1.50,1.50
2010.11.08 15:21:43.769,1.77137,1.77184,1.30,1.50
2010.11.08 15:21:44.818,1.77137,1.77184,2.30,1.30
2010.11.08 15:21:46.204,1.7715,1.77196,1.30,2.30
2010.11.08 15:21:46.316,1.77138,1.77194,1.50,1.50
2010.11.08 15:21:48.371,1.77138,1.77194,1.50,1.50
2010.11.08 15:21:50.492,1.77138,1.77194,1.50,1.60
2010.11.08 15:21:51.363,1.77138,1.77194,2.30,1.40
2010.11.08 15:21:51.971,1.77152,1.77202,2.30,1.30
2010.11.08 15:21:52.303,1.77146,1.77202,1.50,2.30
2010.11.08 15:21:52.918,1.77134,1.772,1.50,2.30
2010.11.08 15:21:55.224,1.77134,1.772,1.30,1.50
2010.11.08 15:21:56.162,1.77133,1.77189,1.30,1.30
2010.11.08 15:21:56.498,1.77133,1.77189,1.50,1.30
2010.11.08 15:21:56.616,1.77133,1.77189,1.30,1.50
2010.11.08 15:21:57.112,1.77149,1.77193,1.30,1.40
2010.11.08 15:21:57.253,1.77124,1.77172,1.30,2.40
2010.11.08 15:21:57.880,1.77139,1.77199,2.30,2.20
2010.11.08 15:21:58.597,1.7715,1.77206,2.30,3.00
2010.11.08 15:21:58.933,1.7715,1.77206,1.30,1.50
2010.11.08 15:21:59.683,1.7715,1.77206,2.30,1.30
2010.11.08 15:22:00.962,1.77164,1.77228,1.30,2.30
2010.11.08 15:22:01.073,1.77164,1.77228,2.30,1.50
2010.11.08 15:22:01.791,1.77176,1.77232,1.30,1.50
2010.11.08 15:22:03.852,1.77176,1.77232,1.30,1.50
2010.11.08 15:22:04.682,1.77176,1.77232,1.30,2.30
2010.11.08 15:22:04.793,1.77176,1.77232,1.30,1.50
2010.11.08 15:22:04.902,1.77164,1.7722,2.30,1.30
2010.11.08 15:22:05.235,1.77166,1.77228,1.50,1.50
2010.11.08 15:22:05.861,1.77177,1.77231,1.30,1.30
2010.11.08 15:22:06.305,1.77177,1.77231,1.30,2.30
2010.11.08 15:22:06.916,1.77161,1.77213,1.30,1.50
2010.11.08 15:22:07.132,1.77161,1.77213,1.30,2.30
2010.11.08 15:22:07.682,1.7716,1.77214,1.50,1.30
2010.11.08 15:22:08.512,1.7716,1.77214,1.30,2.30
2010.11.08 15:22:08.621,1.77146,1.77206,1.40,2.30
2010.11.08 15:22:09.453,1.77144,1.77206,1.90,1.30
2010.11.08 15:22:09.563,1.77142,1.77196,1.90,1.30
2010.11.08 15:22:09.675,1.77143,1.77215,1.90,1.10
2010.11.08 15:22:09.894,1.77165,1.77219,1.30,1.30
2010.11.08 15:22:12.042,1.77165,1.77219,1.30,1.30
2010.11.08 15:22:12.422,1.77165,1.77219,1.30,2.30
2010.11.08 15:22:13.116,1.77152,1.77206,1.30,1.50
2010.11.08 15:22:13.233,1.77171,1.77223,2.30,1.30
2010.11.08 15:22:14.200,1.77176,1.77234,1.50,1.10
2010.11.08 15:22:15.626,1.77194,1.77247,1.50,1.30
2010.11.08 15:22:15.952,1.772,1.77253,1.30,1.60
2010.11.08 15:22:16.445,1.77194,1.7724,1.30,2.30
2010.11.08 15:22:16.562,1.77177,1.77231,1.70,1.30
2010.11.08 15:22:17.642,1.77164,1.7722,4.20,1.30
2010.11.08 15:22:17.755,1.77165,1.77229,2.30,1.40
2010.11.08 15:22:17.864,1.77187,1.77229,1.30,1.20
2010.11.08 15:22:18.479,1.77187,1.77241,1.30,1.30
2010.11.08 15:22:18.922,1.77189,1.77251,1.50,1.90
2010.11.08 15:22:19.745,1.77189,1.77249,1.30,1.50
2010.11.08 15:22:20.610,1.77179,1.77253,1.50,5.80
2010.11.08 15:22:20.833,1.77177,1.77231,1.30,1.30
2010.11.08 15:22:21.963,1.77177,1.77231,1.30,1.50
2010.11.08 15:22:22.294,1.77167,1.77228,1.40,1.30
2010.11.08 15:22:22.973,1.77176,1.77232,2.30,1.30
2010.11.08 15:22:23.084,1.77189,1.77245,1.50,1.40
2010.11.08 15:22:23.723,1.7718,1.77233,1.20,1.10
2010.11.08 15:22:25.252,1.77157,1.77213,2.10,1.60
2010.11.08 15:22:25.928,1.77144,1.772,1.30,1.50
2010.11.08 15:22:28.273,1.77144,1.772,1.30,1.50
2010.11.08 15:22:28.386,1.77131,1.77187,1.30,1.50
2010.11.08 15:22:29.406,1.77131,1.77187,2.30,1.30
2010.11.08 15:22:29.635,1.77132,1.77201,1.30,1.20
2010.11.08 15:22:29.741,1.77132,1.77206,2.30,2.00
2010.11.08 15:22:32.028,1.77154,1.7721,1.30,4.20
2010.11.08 15:22:32.365,1.77162,1.77207,1.30,1.70
2010.11.08 15:22:33.699,1.77162,1.77207,1.30,4.10
2010.11.08 15:22:34.520,1.77145,1.77199,2.30,2.30
2010.11.08 15:22:36.239,1.77145,1.77199,1.30,1.50
2010.11.08 15:22:37.273,1.77133,1.77197,1.50,1.50
2010.11.08 15:22:37.824,1.77133,1.77197,2.30,1.40
2010.11.08 15:22:38.426,1.77133,1.77197,1.50,1.60
2010.11.08 15:22:39.953,1.77145,1.77199,1.30,1.50
2010.11.08 15:22:40.503,1.77133,1.77197,1.50,1.50
2010.11.08 15:22:41.007,1.77131,1.77187,1.70,1.50
2010.11.08 15:22:41.563,1.77144,1.772,1.30,1.50
2010.11.08 15:22:43.062,1.77133,1.77195,1.30,1.10
2010.11.08 15:22:43.574,1.7713,1.77184,1.40,1.30
2010.11.08 15:22:43.687,1.77144,1.77199,1.30,2.60
2010.11.08 15:22:44.524,1.77143,1.77207,1.50,2.70
2010.11.08 15:22:44.632,1.77143,1.77207,2.30,1.30
2010.11.08 15:22:46.925,1.77155,1.77209,1.30,1.50
2010.11.08 15:22:47.584,1.77155,1.77209,1.30,2.30
2010.11.08 15:22:48.078,1.77142,1.77196,1.30,1.50
2010.11.08 15:22:49.158,1.77144,1.77206,1.50,1.50
2010.11.08 15:22:49.934,1.77144,1.77206,1.50,3.50
2010.11.08 15:22:50.152,1.77155,1.77209,1.30,1.50
2010.11.08 15:22:50.673,1.77155,1.77209,1.30,3.70
2010.11.08 15:22:51.172,1.77155,1.77209,1.30,1.50
2010.11.08 15:22:51.282,1.77155,1.77204,1.30,1.10
2010.11.08 15:22:51.503,1.77141,1.77197,1.30,1.50
2010.11.08 15:22:53.790,1.77141,1.77197,1.30,1.50
2010.11.08 15:22:55.936,1.77141,1.77197,1.30,1.60
2010.11.08 15:22:56.863,1.77155,1.77203,1.30,1.10
2010.11.08 15:22:57.193,1.77131,1.77187,1.30,1.50
2010.11.08 15:22:59.394,1.77131,1.77187,1.30,1.50
2010.11.08 15:23:01.077,1.77141,1.77189,1.30,1.20
2010.11.08 15:23:01.916,1.77141,1.77197,1.30,1.50
2010.11.08 15:23:03.963,1.77141,1.77196,1.30,1.10
2010.11.08 15:23:04.556,1.7713,1.77194,1.50,1.70
2010.11.08 15:23:06.218,1.77129,1.77183,2.30,1.30
2010.11.08 15:23:06.337,1.77142,1.77196,1.30,1.30
2010.11.08 15:23:07.373,1.77141,1.77193,1.30,1.10
2010.11.08 15:23:07.485,1.77129,1.77183,1.30,1.30
2010.11.08 15:23:09.512,1.77128,1.77184,1.30,1.70
2010.11.08 15:23:10.310,1.77159,1.772,1.30,1.20
2010.11.08 15:23:10.534,1.77149,1.772,1.30,1.50
2010.11.08 15:23:10.754,1.77142,1.77193,1.20,1.50
2010.11.08 15:23:11.423,1.77141,1.77197,1.30,1.50
2010.11.08 15:23:11.532,1.77131,1.77193,1.90,1.50
2010.11.08 15:23:11.644,1.77126,1.77178,2.10,1.30
2010.11.08 15:23:11.863,1.77115,1.77171,1.20,1.30
2010.11.08 15:23:12.596,1.77108,1.77171,1.30,1.50
2010.11.08 15:23:14.755,1.77107,1.77161,1.30,1.50
2010.11.08 15:23:16.997,1.77107,1.77161,1.30,1.50
2010.11.08 15:23:19.091,1.77107,1.77161,1.30,1.50
2010.11.08 15:23:20.270,1.77107,1.77183,2.30,2.40
2010.11.08 15:23:20.603,1.77107,1.77183,1.30,1.70
2010.11.08 15:23:21.335,1.77107,1.77183,1.30,2.40
2010.11.08 15:23:23.402,1.77107,1.77161,1.30,1.50
2010.11.08 15:23:24.033,1.77107,1.77161,1.30,3.60
2010.11.08 15:23:24.477,1.77086,1.77159,2.90,2.30
2010.11.08 15:23:26.508,1.77086,1.77165,4.20,4.00
2010.11.08 15:23:26.735,1.77089,1.77133,2.10,1.30
2010.11.08 15:23:27.452,1.77093,1.77149,1.70,2.00
2010.11.08 15:23:29.705,1.77093,1.77149,1.70,1.50
2010.11.08 15:23:31.736,1.77093,1.77149,1.70,1.50
2010.11.08 15:23:33.011,1.77095,1.77159,1.50,1.50
2010.11.08 15:23:35.258,1.77107,1.77161,1.30,1.30
2010.11.08 15:23:35.814,1.77119,1.77172,1.30,1.10
2010.11.08 15:23:35.923,1.77119,1.77174,1.30,3.20
2010.11.08 15:23:37.899,1.77119,1.77172,1.30,1.50
2010.11.08 15:23:38.013,1.77104,1.77173,2.40,2.00
2010.11.08 15:23:38.122,1.77097,1.77173,1.30,2.00
2010.11.08 15:23:39.307,1.771,1.77176,2.70,1.20
2010.11.08 15:23:41.379,1.771,1.77177,1.50,1.80
2010.11.08 15:23:43.602,1.771,1.77177,1.50,1.80
2010.11.08 15:23:45.610,1.771,1.77177,3.90,1.80
2010.11.08 15:23:47.330,1.77094,1.77168,1.60,3.20
2010.11.08 15:23:47.554,1.77094,1.77168,1.60,2.40
2010.11.08 15:23:48.111,1.77106,1.77162,1.30,1.50
2010.11.08 15:23:49.873,1.77106,1.77162,1.30,1.50
2010.11.08 15:23:50.559,1.77093,1.77149,1.70,1.50
2010.11.08 15:23:50.782,1.77095,1.77159,1.90,1.50
2010.11.08 15:23:51.637,1.77094,1.77148,1.80,1.30
2010.11.08 15:23:53.673,1.77094,1.77148,1.70,1.50
2010.11.08 15:23:54.335,1.77096,1.77158,1.90,1.50
2010.11.08 15:23:55.248,1.77094,1.77148,1.70,1.30
2010.11.08 15:23:56.186,1.77095,1.77159,1.90,1.50
2010.11.08 15:23:56.402,1.77095,1.77159,1.80,2.30
2010.11.08 15:23:58.805,1.77093,1.77149,1.30,1.50
2010.11.08 15:23:58.931,1.77106,1.77162,1.30,1.70
2010.11.08 15:24:00.080,1.77096,1.77158,1.50,1.30
2010.11.08 15:24:02.093,1.77096,1.77158,1.40,1.50
2010.11.08 15:24:05.375,1.77096,1.77158,1.40,1.50
2010.11.08 15:24:07.352,1.77106,1.77162,1.30,1.50
2010.11.08 15:24:08.865,1.77119,1.77174,2.30,1.80
2010.11.08 15:24:09.386,1.77115,1.77161,1.20,1.50
2010.11.08 15:24:09.822,1.77099,1.77161,1.30,2.30
2010.11.08 15:24:10.567,1.77085,1.77149,2.30,1.50
2010.11.08 15:24:10.953,1.77085,1.77149,2.10,2.30
2010.11.08 15:24:11.471,1.77078,1.77124,1.40,1.30
2010.11.08 15:24:12.023,1.77086,1.77145,1.50,1.70
2010.11.08 15:24:14.434,1.77086,1.77148,1.30,2.30
2010.11.08 15:24:16.144,1.77077,1.77154,3.90,1.50
2010.11.08 15:24:18.235,1.77076,1.7715,2.10,1.80
2010.11.08 15:24:18.453,1.77077,1.7715,1.70,1.30
2010.11.08 15:24:18.675,1.77097,1.77151,1.30,1.30
2010.11.08 15:24:19.583,1.77091,1.77137,1.30,1.30
2010.11.08 15:24:20.538,1.77074,1.77128,4.20,1.30
2010.11.08 15:24:20.768,1.77078,1.77139,1.40,1.30
2010.11.08 15:24:21.484,1.77087,1.77141,1.30,2.30
2010.11.08 15:24:21.593,1.77087,1.77141,1.30,1.50
2010.11.08 15:24:22.145,1.77086,1.77142,1.30,2.30
2010.11.08 15:24:22.699,1.77064,1.77119,1.30,1.50
2010.11.08 15:24:22.816,1.77064,1.77119,1.30,2.30
2010.11.08 15:24:23.035,1.77051,1.77107,1.30,1.50
2010.11.08 15:24:23.684,1.77051,1.77107,1.50,2.30
2010.11.08 15:24:23.793,1.77051,1.77107,1.30,2.30
2010.11.08 15:24:24.123,1.77049,1.771,1.30,1.50
2010.11.08 15:24:24.233,1.77038,1.77093,2.90,1.30
2010.11.08 15:24:26.375,1.77047,1.7709,1.70,1.50
2010.11.08 15:24:26.484,1.77049,1.771,1.50,1.50
2010.11.08 15:24:27.917,1.77047,1.7709,1.70,1.50
2010.11.08 15:24:29.783,1.77047,1.7709,1.30,2.30
2010.11.08 15:24:31.456,1.77041,1.77103,1.50,1.30
2010.11.08 15:24:32.712,1.77051,1.77107,1.30,2.30
2010.11.08 15:24:32.823,1.77039,1.77093,1.30,1.50
2010.11.08 15:24:33.046,1.77039,1.77093,1.50,1.50
2010.11.08 15:24:33.577,1.7705,1.77114,1.50,1.50
2010.11.08 15:24:33.693,1.77049,1.77103,1.30,1.50
2010.11.08 15:24:35.893,1.77067,1.77121,1.50,2.30
2010.11.08 15:24:36.223,1.77067,1.77121,2.30,1.30
2010.11.08 15:24:37.074,1.77073,1.77135,1.30,1.60
2010.11.08 15:24:39.465,1.77083,1.77139,1.30,1.50
2010.11.08 15:24:41.286,1.77085,1.77149,1.50,1.50
2010.11.08 15:24:42.696,1.77085,1.77149,1.30,2.30
2010.11.08 15:24:43.736,1.77083,1.77139,1.30,1.80
2010.11.08 15:24:44.173,1.77083,1.77139,1.30,1.30
2010.11.08 15:24:45.543,1.77083,1.77139,1.30,3.80
2010.11.08 15:24:45.657,1.77072,1.77136,1.50,1.50
2010.11.08 15:24:46.492,1.77072,1.77125,2.30,1.30
2010.11.08 15:24:46.602,1.77072,1.77139,2.30,1.40
2010.11.08 15:24:47.592,1.77072,1.77148,1.30,1.50
2010.11.08 15:24:49.789,1.77072,1.77148,1.30,1.50
2010.11.08 15:24:51.495,1.77072,1.77148,1.30,2.60
2010.11.08 15:24:53.617,1.77073,1.77147,1.30,1.70
2010.11.08 15:24:55.663,1.77073,1.77146,1.30,1.10
2010.11.08 15:24:56.619,1.77072,1.77125,1.30,1.30
2010.11.08 15:24:58.213,1.77072,1.77125,2.30,1.30
2010.11.08 15:24:58.324,1.77073,1.77139,2.30,2.60
2010.11.08 15:24:58.846,1.77071,1.77126,1.30,1.50
2010.11.08 15:25:00.317,1.77058,1.77114,2.10,1.50
2010.11.08 15:25:02.343,1.77058,1.77114,2.10,1.50
2010.11.08 15:25:04.372,1.77058,1.77114,2.10,1.50
2010.11.08 15:25:06.152,1.77058,1.77114,1.40,1.50
2010.11.08 15:25:08.390,1.77058,1.77114,1.40,1.50
2010.11.08 15:25:08.509,1.77058,1.77114,1.50,1.30
2010.11.08 15:25:08.734,1.77061,1.77122,1.50,1.50
2010.11.08 15:25:08.955,1.77061,1.77122,1.50,1.30
2010.11.08 15:25:10.994,1.77072,1.77125,1.30,1.30
2010.11.08 15:25:13.065,1.77072,1.77125,1.30,1.30
2010.11.08 15:25:14.624,1.77078,1.77126,1.30,1.50
2010.11.08 15:25:15.181,1.77062,1.77118,1.30,1.50
2010.11.08 15:25:16.473,1.77062,1.77118,2.30,1.30
2010.11.08 15:25:18.667,1.77074,1.77132,1.30,4.10
2010.11.08 15:25:19.583,1.77064,1.77128,1.30,3.60
2010.11.08 15:25:21.683,1.77064,1.77128,1.30,3.60
2010.11.08 15:25:24.155,1.77064,1.77128,1.30,3.60
2010.11.08 15:25:26.182,1.77064,1.77128,1.30,3.60
2010.11.08 15:25:28.202,1.77063,1.77129,1.30,4.00
2010.11.08 15:25:30.285,1.77063,1.77129,1.50,1.80
2010.11.08 15:25:30.393,1.77074,1.77126,1.30,1.50
2010.11.08 15:25:32.434,1.77074,1.77131,1.30,3.80
2010.11.08 15:25:32.937,1.77061,1.77119,1.30,1.80
2010.11.08 15:25:34.027,1.77048,1.77106,1.30,1.50
2010.11.08 15:25:36.227,1.77048,1.77106,1.30,2.30
2010.11.08 15:25:36.342,1.77067,1.77113,1.30,2.30
2010.11.08 15:25:36.452,1.77049,1.77105,1.30,1.50
2010.11.08 15:25:37.814,1.77072,1.77122,1.50,2.80
2010.11.08 15:25:39.756,1.77073,1.77137,1.50,4.20
2010.11.08 15:25:39.869,1.77073,1.77137,1.50,1.70
2010.11.08 15:25:40.726,1.77073,1.77137,1.50,1.30
2010.11.08 15:25:42.665,1.77079,1.77137,1.50,1.30
2010.11.08 15:25:43.105,1.77081,1.77147,1.50,1.60
2010.11.08 15:25:45.279,1.7708,1.77136,1.50,1.30
2010.11.08 15:25:46.102,1.77092,1.77149,1.30,3.40
2010.11.08 15:25:46.212,1.77092,1.7715,1.50,1.50
2010.11.08 15:25:47.312,1.77092,1.7715,1.50,3.70
2010.11.08 15:25:48.406,1.77081,1.77147,1.90,1.30
2010.11.08 15:25:50.613,1.77081,1.77147,1.70,2.10
2010.11.08 15:25:52.802,1.7708,1.77136,1.90,1.30
2010.11.08 15:25:55.125,1.7708,1.77136,1.90,1.30
2010.11.08 15:25:57.168,1.7708,1.77136,1.90,1.30
2010.11.08 15:25:59.179,1.7708,1.77136,1.50,1.30
2010.11.08 15:26:00.793,1.7708,1.77136,2.30,1.30
2010.11.08 15:26:01.123,1.77093,1.77149,1.50,1.30
2010.11.08 15:26:03.141,1.77093,1.77149,1.50,1.30
2010.11.08 15:26:05.512,1.77082,1.77146,1.50,1.50
2010.11.08 15:26:05.626,1.7708,1.77136,1.50,1.30
2010.11.08 15:26:07.629,1.7708,1.77136,1.50,1.30
2010.11.08 15:26:09.132,1.7708,1.77136,2.30,1.30
2010.11.08 15:26:09.242,1.7708,1.77136,2.30,1.30
2010.11.08 15:26:09.735,1.77093,1.77158,2.30,1.10
2010.11.08 15:26:11.166,1.77093,1.77159,2.30,3.90
2010.11.08 15:26:11.273,1.77109,1.77159,1.40,1.30
2010.11.08 15:26:11.383,1.77104,1.77159,1.70,1.30
2010.11.08 15:26:11.939,1.77103,1.77146,3.20,1.30
2010.11.08 15:26:12.384,1.77082,1.7714,2.30,1.30
2010.11.08 15:26:12.983,1.77084,1.7715,1.60,1.50
2010.11.08 15:26:14.704,1.77086,1.7715,2.30,1.30
2010.11.08 15:26:14.925,1.77088,1.77152,1.60,2.30
2010.11.08 15:26:15.444,1.77077,1.77152,2.60,1.50
2010.11.08 15:26:15.553,1.7708,1.77152,1.50,1.50
2010.11.08 15:26:16.102,1.77077,1.77152,2.80,1.50
2010.11.08 15:26:16.676,1.77077,1.77152,6.30,1.50
2010.11.08 15:26:17.114,1.77077,1.77152,2.80,1.50
2010.11.08 15:26:18.073,1.77078,1.77152,1.50,1.50
2010.11.08 15:26:20.121,1.77079,1.77152,6.50,1.30
2010.11.08 15:26:20.702,1.77089,1.77163,1.50,2.00
2010.11.08 15:26:20.820,1.77088,1.77142,1.30,1.30
2010.11.08 15:26:22.824,1.77088,1.77142,1.30,1.30
2010.11.08 15:26:24.873,1.77088,1.77142,1.30,1.30
2010.11.08 15:26:25.203,1.7709,1.77152,1.50,1.60
2010.11.08 15:26:27.440,1.7709,1.77152,1.70,2.30
2010.11.08 15:26:27.558,1.77078,1.77152,3.10,1.10
2010.11.08 15:26:29.493,1.77078,1.77155,2.30,3.50
2010.11.08 15:26:29.998,1.77103,1.77159,1.30,1.60
2010.11.08 15:26:30.506,1.77099,1.77145,1.30,1.30
2010.11.08 15:26:30.622,1.77081,1.77137,1.50,2.30
2010.11.08 15:26:31.994,1.7708,1.77138,1.30,1.50
2010.11.08 15:26:32.214,1.77073,1.77125,1.40,1.30
2010.11.08 15:26:34.232,1.77071,1.77133,2.10,1.10
2010.11.08 15:26:34.330,1.77078,1.77125,1.30,1.30
2010.11.08 15:26:34.446,1.77065,1.7712,1.30,1.30
2010.11.08 15:26:35.267,1.77066,1.77131,1.30,1.60
2010.11.08 15:26:37.373,1.7707,1.77145,1.30,1.40
2010.11.08 15:26:38.206,1.77067,1.77141,1.30,1.50
2010.11.08 15:26:38.315,1.77084,1.77141,1.40,1.30
2010.11.08 15:26:38.426,1.77082,1.77141,1.10,1.30
2010.11.08 15:26:38.928,1.77105,1.77145,1.30,2.40
2010.11.08 15:26:39.049,1.77094,1.77131,1.20,1.30
2010.11.08 15:26:39.164,1.7708,1.77141,1.30,1.40
2010.11.08 15:26:39.276,1.7708,1.77146,1.30,4.70
2010.11.08 15:26:40.025,1.7708,1.77147,1.50,2.10
2010.11.08 15:26:40.354,1.77082,1.77157,2.30,1.20
2010.11.08 15:26:40.958,1.77083,1.77153,1.30,1.70
2010.11.08 15:26:41.293,1.77091,1.77147,1.30,2.10
2010.11.08 15:26:42.118,1.77064,1.77109,1.30,1.30
2010.11.08 15:26:42.453,1.77051,1.77097,2.10,1.30
2010.11.08 15:26:44.503,1.77053,1.77109,2.10,2.30
2010.11.08 15:26:44.619,1.77063,1.7711,1.50,1.50
2010.11.08 15:26:46.635,1.77063,1.7711,2.30,1.50
2010.11.08 15:26:47.414,1.77064,1.77109,1.30,2.30
2010.11.08 15:26:48.406,1.77053,1.77109,1.50,2.30
2010.11.08 15:26:48.624,1.77063,1.7711,1.30,1.50
2010.11.08 15:26:49.592,1.77075,1.77113,1.30,1.10
2010.11.08 15:26:49.709,1.77075,1.77123,1.30,5.80
2010.11.08 15:26:50.273,1.77075,1.7712,1.50,1.50
2010.11.08 15:26:52.203,1.77082,1.77122,1.30,1.40
2010.11.08 15:26:52.315,1.77076,1.77122,1.30,2.60
2010.11.08 15:26:53.705,1.77067,1.7712,1.50,2.60
2010.11.08 15:26:55.073,1.77076,1.77122,1.30,1.90
2010.11.08 15:26:57.106,1.77076,1.77122,1.30,1.90
2010.11.08 15:26:58.606,1.77079,1.77133,2.30,1.60
2010.11.08 15:27:00.505,1.77089,1.77135,2.30,3.70
2010.11.08 15:27:01.156,1.77104,1.77152,1.30,1.10
2010.11.08 15:27:01.890,1.77086,1.77133,1.60,1.10
2010.11.08 15:27:02.012,1.77079,1.77125,1.30,1.50
2010.11.08 15:27:02.346,1.77079,1.77125,2.60,1.30
2010.11.08 15:27:02.830,1.77079,1.77125,1.90,1.30
2010.11.08 15:27:04.915,1.77082,1.77136,1.50,1.60
2010.11.08 15:27:06.943,1.77092,1.77138,1.30,2.60
2010.11.08 15:27:07.273,1.77081,1.77133,1.50,1.10
2010.11.08 15:27:07.602,1.77081,1.77132,1.30,1.40
2010.11.08 15:27:09.604,1.77078,1.77124,1.30,2.30
2010.11.08 15:27:09.828,1.77069,1.77121,1.50,2.30
2010.11.08 15:27:11.074,1.77073,1.77134,2.30,1.50
2010.11.08 15:27:12.178,1.77073,1.77137,1.30,1.60
2010.11.08 15:27:13.414,1.77084,1.77138,1.30,1.60
2010.11.08 15:27:15.472,1.77081,1.77135,1.30,1.50
2010.11.08 15:27:15.950,1.77078,1.77124,1.50,1.30
2010.11.08 15:27:17.995,1.77079,1.77123,1.50,1.50
2010.11.08 15:27:18.522,1.77083,1.77136,1.30,1.50
2010.11.08 15:27:18.637,1.77083,1.77133,1.30,1.10
2010.11.08 15:27:18.757,1.77073,1.77137,1.50,3.10
2010.11.08 15:27:20.918,1.77072,1.77128,1.30,1.50
2010.11.08 15:27:21.033,1.77067,1.77112,1.30,1.30
2010.11.08 15:27:21.582,1.77072,1.77125,1.30,2.80
2010.11.08 15:27:21.912,1.77072,1.77128,1.30,1.50
2010.11.08 15:27:23.223,1.77072,1.77128,1.30,2.30
2010.11.08 15:27:23.868,1.77061,1.77127,1.50,1.50
2010.11.08 15:27:24.798,1.77072,1.77128,1.30,1.60
2010.11.08 15:27:27.106,1.77074,1.77138,1.50,1.30
2010.11.08 15:27:27.432,1.77073,1.77137,1.50,4.50
2010.11.08 15:27:28.460,1.77068,1.77122,1.30,1.30
2010.11.08 15:27:30.551,1.77068,1.77122,1.30,1.50
2010.11.08 15:27:32.810,1.77068,1.77122,1.50,1.50
2010.11.08 15:27:33.867,1.77068,1.77122,1.30,2.30
2010.11.08 15:27:34.517,1.77071,1.77125,2.30,1.60
2010.11.08 15:27:34.633,1.77071,1.77123,1.50,1.10
2010.11.08 15:27:35.574,1.77058,1.77113,1.40,1.30
2010.11.08 15:27:35.904,1.77061,1.77124,1.50,2.00
2010.11.08 15:27:38.233,1.77058,1.77113,1.50,1.50
2010.11.08 15:27:38.563,1.77058,1.77113,2.30,1.30
2010.11.08 15:27:38.675,1.77062,1.77123,1.50,1.50
2010.11.08 15:27:39.301,1.77078,1.7713,1.30,1.40
2010.11.08 15:27:39.413,1.77061,1.77124,4.30,2.30
2010.11.08 15:27:40.369,1.77061,1.77124,1.50,1.30
2010.11.08 15:27:41.036,1.7707,1.77126,1.50,1.30
2010.11.08 15:27:41.744,1.77069,1.77121,2.30,1.30
2010.11.08 15:27:41.853,1.77073,1.77132,1.50,3.20
2010.11.08 15:27:43.902,1.77074,1.77135,1.30,1.40
2010.11.08 15:27:45.789,1.77084,1.77138,1.30,1.70
2010.11.08 15:27:47.644,1.77074,1.77136,1.50,1.30
2010.11.08 15:27:49.932,1.77074,1.77136,1.50,1.70
2010.11.08 15:27:51.967,1.77074,1.77136,1.50,1.70
2010.11.08 15:27:52.303,1.7707,1.77126,1.30,1.30
2010.11.08 15:27:53.998,1.77075,1.77126,1.40,1.30
2010.11.08 15:27:54.598,1.77073,1.77137,1.50,1.60
2010.11.08 15:27:57.069,1.77071,1.77125,1.30,1.30
2010.11.08 15:27:57.184,1.77061,1.77124,1.90,1.50
2010.11.08 15:27:58.543,1.77059,1.77112,2.10,1.30
2010.11.08 15:27:58.874,1.77076,1.7712,1.30,1.30
2010.11.08 15:27:59.703,1.77079,1.77131,1.30,2.30
2010.11.08 15:27:59.924,1.77079,1.77131,1.30,2.30
2010.11.08 15:28:00.683,1.77078,1.77131,2.30,1.40
2010.11.08 15:28:00.903,1.77075,1.77121,1.50,1.50
2010.11.08 15:28:03.306,1.77075,1.77121,1.50,1.50
2010.11.08 15:28:05.348,1.77075,1.77121,1.50,1.50
2010.11.08 15:28:06.130,1.771,1.77138,1.50,1.20
2010.11.08 15:28:06.888,1.77114,1.77167,1.30,2.30
2010.11.08 15:28:07.224,1.77114,1.77167,1.30,1.50
2010.11.08 15:28:07.334,1.77094,1.77166,3.00,1.50
2010.11.08 15:28:07.861,1.77114,1.77167,1.30,1.30
2010.11.08 15:28:09.873,1.77116,1.77182,1.50,2.70
2010.11.08 15:28:11.685,1.77126,1.77182,1.50,1.20
2010.11.08 15:28:11.795,1.77126,1.77183,1.50,2.10
2010.11.08 15:28:12.875,1.77139,1.77195,1.30,4.20
2010.11.08 15:28:14.004,1.77128,1.77185,1.30,1.40
2010.11.08 15:28:14.225,1.77116,1.77182,1.50,2.30
2010.11.08 15:28:15.104,1.77116,1.77182,2.30,2.10
2010.11.08 15:28:16.174,1.77126,1.77183,1.50,4.90
2010.11.08 15:28:16.397,1.77111,1.77178,2.60,1.10
2010.11.08 15:28:16.722,1.77105,1.77181,1.50,3.60
2010.11.08 15:28:18.768,1.77116,1.77174,1.30,1.30
2010.11.08 15:28:19.103,1.77106,1.77172,1.30,1.50
2010.11.08 15:28:19.856,1.77106,1.77172,2.60,1.30
2010.11.08 15:28:20.183,1.77118,1.77174,1.40,1.30
2010.11.08 15:28:20.915,1.77129,1.77185,1.30,1.30
2010.11.08 15:28:21.878,1.77129,1.77185,1.30,4.20
2010.11.08 15:28:22.106,1.77129,1.77185,1.30,1.70
2010.11.08 15:28:23.463,1.77129,1.77185,1.50,1.40
2010.11.08 15:28:24.904,1.77142,1.77197,1.30,1.20
2010.11.08 15:28:25.933,1.77154,1.77207,1.30,2.30
2010.11.08 15:28:26.359,1.77142,1.77198,1.50,1.60
2010.11.08 15:28:26.480,1.77142,1.77198,1.30,1.80
2010.11.08 15:28:26.922,1.77144,1.77207,1.50,1.40
2010.11.08 15:28:27.506,1.77141,1.77199,1.50,1.80
2010.11.08 15:28:27.832,1.77141,1.77199,1.50,4.20
2010.11.08 15:28:28.672,1.77141,1.77199,2.30,3.70
2010.11.08 15:28:28.794,1.77126,1.77193,2.00,1.10
2010.11.08 15:28:29.503,1.7712,1.7717,1.20,2.60
2010.11.08 15:28:29.620,1.77111,1.77159,1.30,1.30
2010.11.08 15:28:29.737,1.77103,1.77156,1.50,2.30
2010.11.08 15:28:32.088,1.77112,1.77156,1.50,1.30
2010.11.08 15:28:32.206,1.77098,1.77144,1.50,1.50
2010.11.08 15:28:32.314,1.77101,1.77155,2.30,2.30
2010.11.08 15:28:34.686,1.77101,1.77155,2.30,1.50
2010.11.08 15:28:36.826,1.77101,1.77155,1.50,1.60
2010.11.08 15:28:37.352,1.77103,1.77155,1.40,1.40
2010.11.08 15:28:39.423,1.77111,1.77157,1.50,1.30
2010.11.08 15:28:40.152,1.77111,1.77152,1.30,1.10
2010.11.08 15:28:40.649,1.77096,1.77152,1.30,1.50
2010.11.08 15:28:40.874,1.77096,1.77152,1.30,2.30
2010.11.08 15:28:41.098,1.77087,1.77149,1.90,1.50
2010.11.08 15:28:41.934,1.77087,1.77149,1.90,1.50
2010.11.08 15:28:44.143,1.77087,1.77149,1.90,1.30
2010.11.08 15:28:44.254,1.77097,1.77151,1.30,1.30
2010.11.08 15:28:46.609,1.77097,1.77151,1.30,1.60
2010.11.08 15:28:47.860,1.77097,1.77151,1.30,3.70
2010.11.08 15:28:49.247,1.77097,1.77151,1.50,1.50
2010.11.08 15:28:51.323,1.771,1.77161,1.50,2.00
2010.11.08 15:28:52.845,1.77099,1.7716,1.50,3.90
2010.11.08 15:28:53.332,1.77085,1.77149,1.50,1.30
2010.11.08 15:28:53.453,1.77079,1.77136,1.20,1.30
2010.11.08 15:28:55.476,1.77073,1.77135,2.30,1.50
2010.11.08 15:28:56.023,1.77073,1.77133,2.30,1.10
2010.11.08 15:28:57.283,1.77084,1.77138,1.30,1.50
2010.11.08 15:28:58.796,1.77073,1.77135,1.50,1.70
2010.11.08 15:28:58.903,1.77073,1.77135,1.50,3.90
2010.11.08 15:28:59.511,1.77083,1.77139,1.30,1.60
2010.11.08 15:29:01.928,1.77073,1.77135,1.50,1.50
2010.11.08 15:29:04.028,1.77071,1.77125,1.30,1.30
2010.11.08 15:29:05.374,1.77071,1.77125,1.50,1.30
2010.11.08 15:29:05.706,1.77071,1.77125,1.50,1.30
2010.11.08 15:29:07.873,1.77071,1.77125,1.50,1.30
2010.11.08 15:29:08.473,1.77068,1.77126,2.30,1.30
2010.11.08 15:29:08.804,1.77081,1.77135,1.50,1.20
2010.11.08 15:29:10.855,1.77081,1.77139,1.50,4.20
2010.11.08 15:29:12.482,1.77081,1.77137,1.50,1.40
2010.11.08 15:29:12.945,1.77071,1.77135,2.30,1.70
2010.11.08 15:29:13.657,1.77082,1.77138,1.50,1.70
2010.11.08 15:29:14.776,1.77071,1.77135,1.50,1.70
2010.11.08 15:29:15.875,1.77071,1.77135,2.30,1.40
2010.11.08 15:29:16.210,1.77071,1.77133,1.30,1.50
2010.11.08 15:29:16.323,1.77069,1.77117,1.20,1.30
2010.11.08 15:29:16.436,1.77062,1.77116,2.70,1.30
2010.11.08 15:29:18.596,1.77062,1.77116,1.50,1.30
2010.11.08 15:29:18.704,1.77073,1.77119,1.50,1.30
2010.11.08 15:29:20.873,1.77073,1.77119,2.30,1.30
2010.11.08 15:29:21.785,1.77061,1.77106,2.30,1.30
2010.11.08 15:29:22.920,1.77058,1.77102,1.40,1.30
2010.11.08 15:29:23.035,1.77084,1.77123,2.30,1.20
2010.11.08 15:29:23.144,1.77084,1.77123,1.30,2.20
2010.11.08 15:29:23.256,1.77057,1.77121,2.30,1.30
2010.11.08 15:29:25.423,1.77086,1.77131,1.50,1.30
2010.11.08 15:29:25.537,1.77075,1.77128,1.50,1.50
2010.11.08 15:29:27.198,1.77076,1.77127,1.50,1.30
2010.11.08 15:29:27.316,1.77086,1.77131,1.30,1.30
2010.11.08 15:29:29.340,1.77086,1.77131,1.50,1.50
2010.11.08 15:29:29.893,1.77073,1.77119,1.50,1.50
2010.11.08 15:29:31.953,1.77073,1.77119,1.50,1.50
2010.11.08 15:29:33.953,1.77073,1.77119,1.50,1.50
2010.11.08 15:29:35.984,1.77073,1.77119,1.50,1.50
2010.11.08 15:29:38.096,1.77073,1.77119,1.50,1.50
2010.11.08 15:29:39.424,1.77075,1.77128,2.30,2.30
2010.11.08 15:29:41.482,1.77075,1.77128,1.50,1.50
2010.11.08 15:29:43.616,1.77075,1.77128,1.50,1.50
2010.11.08 15:29:43.728,1.77073,1.77119,1.30,1.50
2010.11.08 15:29:46.058,1.77073,1.77119,1.30,1.50
2010.11.08 15:29:48.092,1.77073,1.77119,1.50,1.50
2010.11.08 15:29:50.162,1.77062,1.77116,2.30,2.30
2010.11.08 15:29:50.913,1.77073,1.77119,1.50,1.50
2010.11.08 15:29:51.134,1.77059,1.77112,2.30,2.30
2010.11.08 15:29:51.883,1.77059,1.77112,1.30,1.50
2010.11.08 15:29:52.392,1.77059,1.77112,2.30,1.30
2010.11.08 15:29:52.951,1.77072,1.77128,1.30,1.80
2010.11.08 15:29:54.633,1.7707,1.77126,2.30,1.30
2010.11.08 15:29:54.854,1.77073,1.77135,1.50,1.50
2010.11.08 15:29:56.954,1.7707,1.77126,1.50,1.30
2010.11.08 15:29:57.062,1.77073,1.77135,1.50,1.30
2010.11.08 15:29:58.047,1.77083,1.77139,1.50,1.50
2010.11.08 15:29:58.373,1.7707,1.77126,1.90,1.30
2010.11.08 15:29:58.595,1.7707,1.77126,1.50,1.30
2010.11.08 15:29:58.813,1.77073,1.77135,1.50,1.50
2010.11.08 15:29:59.338,1.77071,1.77125,1.30,1.30
2010.11.08 15:30:01.414,1.77071,1.77125,1.50,1.30
2010.11.08 15:30:02.142,1.77073,1.77135,1.50,1.50
2010.11.08 15:30:04.570,1.77073,1.77135,1.50,1.30
2010.11.08 15:30:04.685,1.77073,1.77135,1.30,2.30
2010.11.08 15:30:05.124,1.77072,1.77136,2.30,3.80
2010.11.08 15:30:05.234,1.77072,1.77128,1.30,1.40
2010.11.08 15:30:06.265,1.77065,1.77118,2.30,1.50
2010.11.08 15:30:08.547,1.77065,1.77118,1.50,1.50
2010.11.08 15:30:09.137,1.77065,1.77118,2.30,1.30
2010.11.08 15:30:09.353,1.77072,1.77134,2.30,2.20
2010.11.08 15:30:09.848,1.77072,1.77136,1.30,2.30
2010.11.08 15:30:11.914,1.77071,1.77125,1.50,1.30
2010.11.08 15:30:14.058,1.77071,1.77125,1.50,1.30
2010.11.08 15:30:15.835,1.77071,1.77125,1.30,2.30
2010.11.08 15:30:15.943,1.77059,1.77123,1.90,1.50
2010.11.08 15:30:18.254,1.77059,1.77123,1.90,1.50
2010.11.08 15:30:19.024,1.77063,1.77115,1.30,1.30
2010.11.08 15:30:19.630,1.77048,1.77109,4.20,1.30
2010.11.08 15:30:21.655,1.77048,1.77109,4.40,1.30
2010.11.08 15:30:22.374,1.77063,1.77115,1.30,1.30
2010.11.08 15:30:23.106,1.77047,1.7711,1.50,1.30
2010.11.08 15:30:25.150,1.77047,1.7711,1.50,1.30
2010.11.08 15:30:26.252,1.77061,1.77114,1.30,1.30
2010.11.08 15:30:26.583,1.77043,1.77101,4.10,1.30
2010.11.08 15:30:26.693,1.77045,1.77109,3.90,1.30
2010.11.08 15:30:28.054,1.77045,1.77109,3.50,1.50
2010.11.08 15:30:28.610,1.77044,1.771,1.40,1.30
2010.11.08 15:30:29.053,1.77047,1.77101,1.10,1.30
2010.11.08 15:30:29.162,1.77045,1.77101,1.60,1.30
2010.11.08 15:30:29.889,1.77048,1.77109,1.50,1.30
2010.11.08 15:30:31.955,1.77048,1.77109,1.50,1.30
2010.11.08 15:30:32.284,1.77048,1.77109,3.80,1.30
2010.11.08 15:30:33.347,1.77048,1.77109,1.30,1.50
2010.11.08 15:30:35.393,1.77046,1.771,1.30,1.30
2010.11.08 15:30:37.454,1.77046,1.771,1.30,1.30
2010.11.08 15:30:39.547,1.77046,1.771,1.30,1.30
2010.11.08 15:30:39.882,1.77046,1.771,1.30,1.50
2010.11.08 15:30:41.935,1.77046,1.771,1.30,1.50
2010.11.08 15:30:43.962,1.77046,1.771,1.30,1.60
2010.11.08 15:30:45.683,1.77039,1.77093,2.30,1.30
2010.11.08 15:30:46.217,1.77059,1.77112,1.30,1.70
2010.11.08 15:30:47.893,1.77059,1.77112,1.30,3.90
2010.11.08 15:30:48.132,1.77059,1.77112,1.30,1.70
2010.11.08 15:30:48.244,1.77059,1.77109,1.30,1.40
2010.11.08 15:30:48.354,1.7705,1.77096,1.30,1.30
2010.11.08 15:30:49.097,1.7705,1.77096,2.30,1.30
2010.11.08 15:30:49.208,1.77054,1.77106,1.40,1.30
2010.11.08 15:30:50.105,1.77052,1.77106,2.30,1.50
2010.11.08 15:30:52.320,1.77064,1.77108,1.50,1.30
2010.11.08 15:30:54.174,1.77064,1.77108,1.30,2.30
2010.11.08 15:30:54.723,1.7706,1.77122,2.30,2.30
2010.11.08 15:30:55.563,1.7706,1.77122,1.50,1.50
2010.11.08 15:30:56.252,1.7706,1.77122,1.50,1.50
2010.11.08 15:30:58.557,1.7706,1.77122,1.50,1.50
2010.11.08 15:31:00.772,1.77059,1.77112,1.30,1.30
2010.11.08 15:31:01.763,1.77048,1.77109,1.90,1.50
2010.11.08 15:31:03.026,1.77052,1.77109,1.40,1.30
2010.11.08 15:31:03.134,1.77063,1.77115,1.30,1.30
2010.11.08 15:31:04.222,1.7706,1.77106,2.30,1.30
2010.11.08 15:31:04.442,1.77063,1.77115,1.50,1.30
2010.11.08 15:31:06.583,1.77063,1.77115,1.50,1.30
2010.11.08 15:31:06.803,1.77063,1.77115,2.30,1.30
2010.11.08 15:31:07.576,1.77073,1.77115,1.30,1.10
2010.11.08 15:31:08.069,1.77061,1.77105,1.50,1.30
2010.11.08 15:31:10.341,1.77061,1.77105,1.50,1.30
2010.11.08 15:31:10.963,1.77061,1.77105,1.30,2.30
2010.11.08 15:31:11.579,1.77047,1.77093,1.70,1.50
2010.11.08 15:31:11.806,1.77071,1.77114,1.50,1.20
2010.11.08 15:31:12.525,1.77066,1.77129,2.30,1.40
2010.11.08 15:31:12.743,1.77068,1.77143,2.30,8.90
2010.11.08 15:31:13.469,1.77067,1.77134,1.30,3.50
2010.11.08 15:31:13.587,1.77067,1.77129,1.30,1.40
2010.11.08 15:31:13.693,1.77059,1.77128,1.20,2.30
2010.11.08 15:31:13.803,1.77054,1.77128,1.30,1.50
2010.11.08 15:31:14.645,1.77047,1.77116,1.70,1.50
2010.11.08 15:31:15.513,1.77063,1.77116,1.30,1.30
2010.11.08 15:31:17.587,1.77055,1.77113,1.10,1.30
2010.11.08 15:31:19.603,1.77052,1.77113,1.70,1.30
2010.11.08 15:31:21.409,1.77062,1.77117,2.30,1.30
2010.11.08 15:31:21.638,1.77058,1.77122,1.20,1.10
2010.11.08 15:31:22.498,1.77045,1.77115,1.50,2.50
2010.11.08 15:31:22.615,1.77064,1.77114,1.30,1.20
2010.11.08 15:31:23.176,1.77064,1.77121,1.70,1.20
2010.11.08 15:31:23.292,1.77062,1.77117,1.30,2.30
2010.11.08 15:31:23.515,1.7705,1.77104,3.70,1.30
2010.11.08 15:31:23.626,1.77051,1.77114,1.30,1.50
2010.11.08 15:31:24.166,1.77051,1.77114,1.50,1.50
2010.11.08 15:31:25.327,1.77049,1.77105,1.30,1.50
2010.11.08 15:31:27.497,1.77049,1.77105,1.30,1.50
2010.11.08 15:31:29.821,1.7704,1.77102,1.40,1.30
2010.11.08 15:31:30.745,1.77061,1.77122,2.30,1.40
2010.11.08 15:31:31.073,1.77061,1.77123,2.30,1.90
2010.11.08 15:31:33.520,1.77068,1.77122,1.50,1.70
2010.11.08 15:31:33.742,1.77068,1.77122,1.30,2.60
2010.11.08 15:31:35.828,1.77061,1.77104,2.30,1.30
2010.11.08 15:31:36.833,1.77061,1.77104,2.30,1.30
2010.11.08 15:31:37.055,1.77061,1.77115,2.30,1.30
2010.11.08 15:31:37.774,1.77085,1.77128,1.30,2.30
2010.11.08 15:31:38.104,1.77073,1.77117,2.30,1.30
2010.11.08 15:31:38.215,1.77073,1.77117,1.30,2.30
2010.11.08 15:31:38.726,1.77073,1.77117,2.30,1.30
2010.11.08 15:31:38.944,1.77062,1.77114,2.30,2.30
2010.11.08 15:31:40.353,1.7706,1.77105,2.30,1.30
2010.11.08 15:31:40.573,1.77072,1.77118,2.30,1.30
2010.11.08 15:31:42.355,1.77072,1.77118,2.30,1.30
2010.11.08 15:31:42.465,1.77074,1.77128,2.30,1.50
2010.11.08 15:31:44.542,1.77083,1.77131,2.30,1.70
2010.11.08 15:31:45.252,1.77083,1.77131,1.50,1.90
2010.11.08 15:31:45.474,1.77083,1.77131,2.30,1.30
2010.11.08 15:31:47.118,1.77083,1.77131,1.30,2.30
2010.11.08 15:31:48.790,1.77071,1.77117,2.60,1.30
2010.11.08 15:31:48.898,1.77084,1.7713,2.30,1.30
2010.11.08 15:31:50.944,1.77072,1.77128,2.60,1.50
2010.11.08 15:31:52.620,1.77071,1.77118,1.40,1.30
2010.11.08 15:31:54.664,1.77071,1.77118,1.40,1.30
2010.11.08 15:31:54.884,1.77073,1.77127,2.30,1.30
2010.11.08 15:31:55.501,1.77083,1.77131,2.30,1.30
2010.11.08 15:31:57.203,1.77083,1.77131,1.50,1.50
2010.11.08 15:31:58.552,1.77072,1.77128,2.30,1.30
2010.11.08 15:31:59.178,1.77073,1.77122,1.30,1.10
2010.11.08 15:32:00.555,1.77058,1.77102,6.10,1.30
2010.11.08 15:32:01.030,1.77067,1.77102,1.40,1.30
2010.11.08 15:32:01.149,1.77067,1.7712,1.40,1.30
2010.11.08 15:32:02.343,1.77066,1.7712,1.40,2.30
2010.11.08 15:32:02.674,1.77064,1.7712,2.00,2.30
2010.11.08 15:32:02.783,1.77068,1.77116,1.10,1.30
2010.11.08 15:32:03.406,1.77065,1.77119,1.90,1.30
2010.11.08 15:32:03.954,1.77057,1.77106,2.00,1.30
2010.11.08 15:32:05.948,1.77053,1.77117,4.50,1.50
2010.11.08 15:32:06.065,1.77052,1.77107,1.80,1.30
2010.11.08 15:32:08.140,1.77052,1.77107,2.40,1.30
2010.11.08 15:32:09.714,1.77052,1.77107,1.30,2.00
2010.11.08 15:32:10.437,1.77045,1.77103,1.70,1.30
2010.11.08 15:32:10.663,1.7705,1.77103,1.40,1.30
2010.11.08 15:32:12.788,1.77053,1.77106,1.50,1.30
2010.11.08 15:32:13.654,1.77053,1.77106,1.50,1.30
2010.11.08 15:32:13.764,1.7705,1.77103,1.40,1.30
2010.11.08 15:32:14.954,1.77052,1.77107,1.50,1.30
2010.11.08 15:32:16.955,1.77044,1.77103,1.70,1.30
2010.11.08 15:32:17.983,1.77042,1.77103,1.50,1.30
2010.11.08 15:32:18.314,1.7704,1.77094,1.90,1.30
2010.11.08 15:32:20.332,1.7704,1.77094,1.90,1.30
2010.11.08 15:32:20.923,1.7704,1.77094,1.70,1.50
2010.11.08 15:32:21.149,1.77029,1.77082,7.00,1.30
2010.11.08 15:32:23.084,1.77019,1.77069,4.00,1.30
2010.11.08 15:32:24.233,1.77039,1.77074,1.40,1.30
2010.11.08 15:32:24.455,1.77039,1.77092,1.40,2.00
2010.11.08 15:32:24.564,1.77036,1.77092,2.60,2.30
2010.11.08 15:32:25.214,1.77037,1.77091,2.30,1.30
2010.11.08 15:32:25.981,1.77037,1.77091,1.50,1.30
2010.11.08 15:32:28.416,1.77036,1.77092,1.50,1.30
2010.11.08 15:32:28.643,1.77023,1.77079,2.30,1.30
2010.11.08 15:32:31.047,1.77023,1.77079,2.30,1.30
2010.11.08 15:32:32.954,1.77023,1.77079,1.50,1.30
2010.11.08 15:32:33.284,1.77023,1.77079,2.30,1.30
2010.11.08 15:32:34.003,1.77025,1.77089,2.30,1.30
2010.11.08 15:32:35.047,1.77026,1.77088,2.30,1.30
2010.11.08 15:32:35.633,1.77036,1.77092,1.50,1.30
2010.11.08 15:32:36.421,1.7703,1.77073,1.50,1.30
2010.11.08 15:32:37.084,1.7703,1.77073,2.30,1.30
2010.11.08 15:32:37.749,1.77032,1.77086,2.30,1.30
2010.11.08 15:32:38.735,1.77028,1.77073,1.40,1.30
2010.11.08 15:32:38.855,1.77037,1.77093,2.30,1.50
2010.11.08 15:32:39.183,1.77037,1.77093,1.50,1.50
2010.11.08 15:32:39.945,1.77026,1.7709,1.30,1.50
2010.11.08 15:32:40.163,1.77018,1.77074,2.30,1.30
2010.11.08 15:32:40.847,1.77018,1.77074,1.50,1.30
2010.11.08 15:32:42.880,1.77018,1.77074,2.30,1.30
2010.11.08 15:32:43.972,1.77018,1.77074,2.30,1.30
2010.11.08 15:32:46.256,1.7703,1.77076,2.30,1.30
2010.11.08 15:32:48.262,1.7703,1.77076,2.30,1.30
2010.11.08 15:32:50.535,1.7703,1.77076,2.30,1.30
2010.11.08 15:32:51.083,1.7703,1.77076,1.30,2.30
2010.11.08 15:32:51.193,1.77014,1.77072,1.50,1.30
2010.11.08 15:32:53.284,1.77014,1.77072,2.30,1.40
2010.11.08 15:32:54.620,1.77027,1.77083,2.30,1.40
2010.11.08 15:32:54.736,1.77027,1.77083,1.50,1.60
2010.11.08 15:32:54.844,1.77017,1.7708,2.20,1.30
2010.11.08 15:32:55.068,1.77026,1.77084,1.30,1.60
2010.11.08 15:32:55.663,1.77018,1.77093,1.40,4.10
2010.11.08 15:32:55.998,1.77009,1.77083,2.00,1.10
2010.11.08 15:32:56.411,1.77007,1.77078,2.50,1.40
2010.11.08 15:32:56.537,1.76986,1.77049,1.80,1.30
2010.11.08 15:32:56.973,1.76983,1.77049,1.30,2.30
2010.11.08 15:32:57.616,1.76974,1.77047,2.20,1.30
2010.11.08 15:32:58.054,1.76995,1.77051,2.30,1.30
2010.11.08 15:32:58.675,1.76986,1.77063,1.50,2.10
2010.11.08 15:32:58.794,1.77008,1.77064,1.30,2.10
2010.11.08 15:32:59.537,1.77021,1.77077,1.30,1.50
2010.11.08 15:32:59.755,1.77009,1.77074,1.30,2.30
2010.11.08 15:32:59.975,1.77008,1.77076,1.40,1.40
2010.11.08 15:33:00.518,1.77008,1.77075,2.60,1.50
2010.11.08 15:33:00.746,1.77007,1.77065,2.60,1.30
2010.11.08 15:33:02.785,1.77002,1.77061,1.10,1.30
2010.11.08 15:33:03.333,1.77007,1.77065,1.80,2.30
2010.11.08 15:33:04.077,1.76997,1.77062,1.10,1.50
2010.11.08 15:33:05.265,1.76997,1.77062,1.80,1.50
2010.11.08 15:33:06.436,1.76995,1.77051,2.10,1.50
2010.11.08 15:33:07.632,1.76984,1.77048,2.30,1.30
2010.11.08 15:33:09.694,1.76984,1.77048,1.60,1.30
2010.11.08 15:33:10.434,1.76986,1.77048,1.10,1.30
2010.11.08 15:33:11.024,1.76984,1.77048,2.80,1.30
2010.11.08 15:33:11.336,1.76984,1.77048,2.60,2.30
2010.11.08 15:33:12.154,1.76969,1.77027,2.10,1.60
2010.11.08 15:33:12.901,1.76969,1.77027,4.20,3.60
2010.11.08 15:33:13.017,1.76969,1.77027,4.20,1.40
2010.11.08 15:33:13.953,1.7697,1.77026,1.30,1.50
2010.11.08 15:33:15.383,1.76958,1.77024,1.50,2.30
2010.11.08 15:33:15.714,1.76958,1.77022,1.30,1.10
2010.11.08 15:33:16.228,1.76943,1.77001,4.10,1.30
2010.11.08 15:33:16.563,1.76947,1.77001,1.40,1.30
2010.11.08 15:33:16.675,1.76947,1.77011,1.40,1.30
2010.11.08 15:33:17.223,1.76958,1.77024,2.30,1.90
2010.11.08 15:33:17.335,1.76957,1.77013,2.90,1.30
2010.11.08 15:33:18.864,1.76949,1.77011,2.30,1.30
2010.11.08 15:33:20.308,1.76956,1.77014,1.50,1.30
2010.11.08 15:33:21.083,1.76956,1.77014,2.30,1.30
2010.11.08 15:33:21.521,1.76958,1.77024,2.30,1.50
2010.11.08 15:33:21.640,1.76959,1.77023,1.50,1.40
2010.11.08 15:33:21.865,1.76959,1.77023,2.30,1.40
2010.11.08 15:33:22.658,1.76969,1.77027,2.30,1.50
2010.11.08 15:33:22.780,1.7697,1.77026,1.50,1.30
2010.11.08 15:33:23.114,1.76961,1.77024,2.60,1.70
2010.11.08 15:33:23.697,1.76971,1.77035,1.50,4.80
2010.11.08 15:33:24.144,1.76974,1.77013,1.20,1.40
2010.11.08 15:33:24.760,1.76957,1.77013,1.50,1.30
2010.11.08 15:33:25.093,1.76957,1.77013,2.30,1.30
2010.11.08 15:33:25.314,1.76958,1.77024,2.30,1.50
2010.11.08 15:33:25.723,1.76958,1.77024,1.60,2.30
2010.11.08 15:33:27.165,1.76958,1.77024,2.30,1.50
2010.11.08 15:33:27.714,1.76959,1.76982,1.20,1.40
2010.11.08 15:33:28.278,1.76926,1.76974,2.30,1.30
2010.11.08 15:33:28.836,1.76933,1.76991,2.30,1.30
2010.11.08 15:33:29.854,1.76927,1.76979,2.70,1.30
2010.11.08 15:33:30.453,1.76927,1.76988,2.90,1.30
2010.11.08 15:33:31.333,1.76927,1.76988,1.10,1.30
2010.11.08 15:33:31.852,1.76926,1.76988,1.60,1.30
2010.11.08 15:33:33.889,1.76926,1.76987,1.50,1.30
2010.11.08 15:33:34.442,1.76926,1.76987,2.30,1.30
2010.11.08 15:33:36.542,1.76936,1.76991,1.50,1.30
2010.11.08 15:33:38.598,1.76938,1.77,1.40,2.60
2010.11.08 15:33:38.730,1.76921,1.76989,1.50,2.30
2010.11.08 15:33:39.173,1.76915,1.76989,2.90,1.70
2010.11.08 15:33:40.454,1.76917,1.76989,2.60,2.30
2010.11.08 15:33:40.956,1.76913,1.76969,1.30,1.30
2010.11.08 15:33:42.568,1.76917,1.76969,3.50,1.30
2010.11.08 15:33:43.015,1.76914,1.76968,1.60,1.30
2010.11.08 15:33:43.640,1.76926,1.76982,2.30,2.30
2010.11.08 15:33:43.975,1.76945,1.76982,1.10,1.30
2010.11.08 15:33:44.500,1.7694,1.76993,1.30,1.50
2010.11.08 15:33:44.615,1.76931,1.76977,1.50,1.30
2010.11.08 15:33:44.833,1.7694,1.76993,1.30,1.50
2010.11.08 15:33:45.302,1.7694,1.76993,1.50,1.40
2010.11.08 15:33:45.421,1.7694,1.76993,1.30,5.80
2010.11.08 15:33:45.535,1.76926,1.76982,2.80,1.30
2010.11.08 15:33:46.258,1.76921,1.76968,1.40,1.30
2010.11.08 15:33:46.378,1.7694,1.76996,1.30,1.50
2010.11.08 15:33:46.493,1.7693,1.76995,2.60,2.30
2010.11.08 15:33:47.278,1.7692,1.76981,2.60,1.50
2010.11.08 15:33:47.724,1.76917,1.76981,3.80,1.50
2010.11.08 15:33:48.334,1.76926,1.76984,4.00,1.30
2010.11.08 15:33:48.445,1.76926,1.76984,1.60,1.30
2010.11.08 15:33:51.451,1.76926,1.76984,1.60,1.50
2010.11.08 15:33:51.556,1.76933,1.76978,2.60,1.30
2010.11.08 15:33:51.773,1.76935,1.76989,1.30,1.90
2010.11.08 15:33:51.884,1.76933,1.76978,2.60,1.30
2010.11.08 15:33:52.321,1.76942,1.76978,1.30,1.30
2010.11.08 15:33:52.442,1.76939,1.76997,1.30,3.80
2010.11.08 15:33:52.556,1.76939,1.76997,1.30,4.10
2010.11.08 15:33:52.667,1.7693,1.76994,1.50,1.90
2010.11.08 15:33:52.776,1.76942,1.77003,1.30,1.40
2010.11.08 15:33:53.614,1.76939,1.76997,1.30,2.30
2010.11.08 15:33:53.725,1.76929,1.76995,1.50,1.50
2010.11.08 15:33:54.315,1.76929,1.76995,1.30,2.30
2010.11.08 15:33:55.343,1.7692,1.76966,2.30,1.30
2010.11.08 15:33:55.893,1.7691,1.76964,2.30,2.30
2010.11.08 15:33:56.114,1.7691,1.76964,1.50,2.30
2010.11.08 15:33:56.558,1.7691,1.76964,2.30,2.30
2010.11.08 15:33:58.762,1.7691,1.76964,2.30,1.50
2010.11.08 15:34:00.803,1.7692,1.76966,1.30,1.50
2010.11.08 15:34:02.991,1.7692,1.76966,2.30,1.50
2010.11.08 15:34:04.536,1.7692,1.76966,2.30,1.30
2010.11.08 15:34:04.645,1.76922,1.76978,2.30,2.30
2010.11.08 15:34:05.389,1.76922,1.76978,2.30,1.50
2010.11.08 15:34:06.498,1.76922,1.76975,1.50,1.40
2010.11.08 15:34:07.274,1.76919,1.76967,1.30,2.30
2010.11.08 15:34:09.342,1.7692,1.76966,1.50,1.30
2010.11.08 15:34:11.682,1.7692,1.76966,2.30,1.50
2010.11.08 15:34:13.197,1.76933,1.76974,1.30,1.40
2010.11.08 15:34:13.307,1.76923,1.76977,2.30,1.50
2010.11.08 15:34:15.661,1.76923,1.76977,2.30,1.50
2010.11.08 15:34:15.783,1.76923,1.76975,1.50,1.40
2010.11.08 15:34:17.867,1.76919,1.76967,2.30,1.30
2010.11.08 15:34:18.975,1.76919,1.76967,2.30,1.30
2010.11.08 15:34:19.580,1.76919,1.76967,2.30,1.50
2010.11.08 15:34:22.175,1.7692,1.76966,2.30,1.30
2010.11.08 15:34:22.400,1.7692,1.76966,2.30,1.30
2010.11.08 15:34:22.623,1.76923,1.76977,2.30,1.50
2010.11.08 15:34:24.674,1.76932,1.76979,2.30,1.30
2010.11.08 15:34:26.693,1.76932,1.76979,1.30,2.30
2010.11.08 15:34:27.464,1.76919,1.76967,2.30,1.50
2010.11.08 15:34:29.526,1.7692,1.76966,2.30,1.30
2010.11.08 15:34:29.962,1.7692,1.76966,1.30,2.30
2010.11.08 15:34:32.024,1.7691,1.76964,2.30,1.50
2010.11.08 15:34:32.181,1.7691,1.76964,1.50,2.30
2010.11.08 15:34:33.343,1.7691,1.76964,1.50,2.30
2010.11.08 15:34:33.454,1.7691,1.76964,2.30,1.70
2010.11.08 15:34:33.785,1.76915,1.76954,1.40,1.30
2010.11.08 15:34:34.245,1.76936,1.76985,1.30,2.60
2010.11.08 15:34:34.367,1.76936,1.76991,2.30,1.90
2010.11.08 15:34:35.660,1.76928,1.76989,1.50,1.90
2010.11.08 15:34:35.774,1.76923,1.76979,1.30,1.30
2010.11.08 15:34:36.406,1.76926,1.7699,1.30,1.90
2010.11.08 15:34:37.574,1.76923,1.76979,4.20,1.30
2010.11.08 15:34:37.903,1.76923,1.76979,1.50,1.30
2010.11.08 15:34:38.014,1.76923,1.76979,2.30,1.30
2010.11.08 15:34:38.123,1.76926,1.7699,1.50,2.30
2010.11.08 15:34:38.236,1.76927,1.7699,1.10,2.10
2010.11.08 15:34:39.104,1.76928,1.76979,2.30,1.30
2010.11.08 15:34:39.214,1.76923,1.76979,1.90,1.30
2010.11.08 15:34:39.833,1.76923,1.76979,2.60,1.30
2010.11.08 15:34:39.945,1.76928,1.76979,1.50,1.30
2010.11.08 15:34:40.057,1.76937,1.7699,1.30,1.90
2010.11.08 15:34:40.645,1.76927,1.76978,1.10,1.30
2010.11.08 15:34:40.762,1.76923,1.76979,1.90,1.30
2010.11.08 15:34:40.884,1.76926,1.7699,1.60,1.50
2010.11.08 15:34:40.995,1.76924,1.76971,1.40,1.30
2010.11.08 15:34:41.103,1.7692,1.76971,1.90,1.30
2010.11.08 15:34:41.858,1.76929,1.76973,1.50,1.30
2010.11.08 15:34:42.893,1.76917,1.7696,2.10,2.30
2010.11.08 15:34:43.114,1.76893,1.76938,1.50,1.90
2010.11.08 15:34:43.650,1.76907,1.7695,2.30,1.30
2010.11.08 15:34:43.766,1.76928,1.76973,1.30,2.30
2010.11.08 15:34:43.987,1.76906,1.76951,1.70,2.30
2010.11.08 15:34:44.836,1.76901,1.76956,1.90,1.30
2010.11.08 15:34:47.165,1.76901,1.76956,1.50,1.30
2010.11.08 15:34:48.253,1.76901,1.76956,3.60,1.30
2010.11.08 15:34:50.345,1.76901,1.76956,3.60,1.30
2010.11.08 15:34:52.380,1.76901,1.76956,3.60,1.30
2010.11.08 15:34:54.578,1.76901,1.76956,3.60,1.30
2010.11.08 15:34:55.034,1.76901,1.76956,1.50,2.30
2010.11.08 15:34:55.521,1.76901,1.76956,1.30,2.30
2010.11.08 15:34:55.963,1.76904,1.76948,2.30,1.30
2010.11.08 15:34:57.507,1.76911,1.76965,2.30,1.90
2010.11.08 15:34:58.384,1.76898,1.76953,4.40,1.30
2010.11.08 15:34:58.494,1.76898,1.76953,8.40,1.30
2010.11.08 15:34:59.002,1.76898,1.76953,4.50,1.30
2010.11.08 15:34:59.131,1.76891,1.76941,2.30,1.30
2010.11.08 15:34:59.957,1.76901,1.76945,2.30,1.30
2010.11.08 15:35:00.174,1.76908,1.76962,1.50,1.30
2010.11.08 15:35:01.226,1.76899,1.7696,1.70,2.30
2010.11.08 15:35:01.891,1.76863,1.76899,1.10,1.30
2010.11.08 15:35:02.018,1.76862,1.7692,1.80,1.30
2010.11.08 15:35:02.134,1.76862,1.7692,4.20,1.30
2010.11.08 15:35:02.249,1.76862,1.7692,1.80,1.30
2010.11.08 15:35:02.767,1.76878,1.76926,1.50,1.30
2010.11.08 15:35:02.875,1.76876,1.7694,1.50,1.50
2010.11.08 15:35:03.099,1.76876,1.76936,1.30,1.40
2010.11.08 15:35:03.607,1.76869,1.76923,1.70,1.30
2010.11.08 15:35:05.324,1.7688,1.76934,2.30,1.70
2010.11.08 15:35:05.655,1.76866,1.76914,2.30,1.30
2010.11.08 15:35:06.663,1.76854,1.76918,2.10,2.30
2010.11.08 15:35:06.888,1.7685,1.76908,1.50,1.30
2010.11.08 15:35:08.527,1.76846,1.7691,1.40,2.30
2010.11.08 15:35:09.075,1.76855,1.76911,1.30,1.50
2010.11.08 15:35:09.519,1.76855,1.76911,1.30,2.30
2010.11.08 15:35:09.640,1.76845,1.76911,1.60,2.60
2010.11.08 15:35:09.755,1.76845,1.76911,2.30,1.90
2010.11.08 15:35:09.978,1.76855,1.76911,1.30,2.30
2010.11.08 15:35:10.473,1.76846,1.7691,1.40,1.50
2010.11.08 15:35:10.592,1.76869,1.76917,1.30,2.10
2010.11.08 15:35:10.924,1.76855,1.76911,1.30,1.50
2010.11.08 15:35:11.033,1.76855,1.76911,1.30,1.50
2010.11.08 15:35:11.598,1.76846,1.7691,1.30,1.50
2010.11.08 15:35:11.721,1.76848,1.76906,1.30,1.50
2010.11.08 15:35:11.835,1.76842,1.76899,1.30,1.30
2010.11.08 15:35:12.055,1.76846,1.76908,1.50,1.30
2010.11.08 15:35:12.275,1.76855,1.76911,1.30,1.70
2010.11.08 15:35:13.475,1.76855,1.76911,1.30,1.90
2010.11.08 15:35:14.007,1.76846,1.7691,1.30,1.50
2010.11.08 15:35:16.222,1.76846,1.7691,1.30,1.50
2010.11.08 15:35:17.106,1.76846,1.76908,1.30,1.40
2010.11.08 15:35:17.435,1.76845,1.76911,1.60,1.90
2010.11.08 15:35:17.549,1.76845,1.76911,1.50,1.90
2010.11.08 15:35:18.075,1.76845,1.76911,2.30,1.70
2010.11.08 15:35:18.188,1.76845,1.76911,1.50,1.90
2010.11.08 15:35:18.304,1.76843,1.76898,1.50,1.30
2010.11.08 15:35:18.890,1.76846,1.7691,1.30,1.50
2010.11.08 15:35:19.115,1.76854,1.76911,1.30,1.90
2010.11.08 15:35:20.275,1.76868,1.76924,1.30,4.20
2010.11.08 15:35:22.248,1.76869,1.76925,1.30,4.20
2010.11.08 15:35:24.264,1.76873,1.76933,1.50,1.20
2010.11.08 15:35:25.039,1.76883,1.76937,2.30,1.30
2010.11.08 15:35:25.266,1.76896,1.76949,1.30,1.10
2010.11.08 15:35:25.484,1.76896,1.76946,1.30,1.20
2010.11.08 15:35:25.990,1.76896,1.7695,1.30,4.00
2010.11.08 15:35:27.806,1.76896,1.76947,1.30,1.60
2010.11.08 15:35:27.915,1.76885,1.76941,1.30,2.30
2010.11.08 15:35:28.464,1.76872,1.76936,1.50,2.30
2010.11.08 15:35:29.545,1.76883,1.76937,1.30,1.80
2010.11.08 15:35:29.764,1.76872,1.76936,1.30,3.90
2010.11.08 15:35:31.268,1.76873,1.76934,1.30,1.40
2010.11.08 15:35:33.364,1.76869,1.76925,1.30,1.60
2010.11.08 15:35:35.632,1.76873,1.76933,1.30,1.10
2010.11.08 15:35:36.786,1.76873,1.76935,1.30,2.00
2010.11.08 15:35:37.334,1.7688,1.76938,2.30,1.70
2010.11.08 15:35:38.145,1.76881,1.76937,1.80,1.90
2010.11.08 15:35:40.262,1.76884,1.76948,1.50,1.50
2010.11.08 15:35:40.753,1.76884,1.76948,2.30,1.30
2010.11.08 15:35:41.684,1.76893,1.76949,1.30,2.30
2010.11.08 15:35:42.016,1.76881,1.76937,1.30,1.50
2010.11.08 15:35:43.690,1.76871,1.76935,1.30,1.50
2010.11.08 15:35:46.147,1.76871,1.76935,1.30,1.50
2010.11.08 15:35:48.174,1.76871,1.76935,1.30,1.70
2010.11.08 15:35:48.290,1.76884,1.76948,1.50,1.30
2010.11.08 15:35:49.013,1.76884,1.76948,1.50,1.50
2010.11.08 15:35:49.346,1.76884,1.76948,2.30,1.30
2010.11.08 15:35:49.930,1.76893,1.76949,1.30,1.80
2010.11.08 15:35:50.714,1.76893,1.76949,1.30,3.60
2010.11.08 15:35:52.797,1.76915,1.76967,1.30,1.30
2010.11.08 15:35:52.903,1.76902,1.76966,1.50,4.20
2010.11.08 15:35:53.761,1.76902,1.76966,2.30,2.10
2010.11.08 15:35:53.879,1.76901,1.76965,1.30,2.90
2010.11.08 15:35:56.113,1.76899,1.76955,1.50,1.30
2010.11.08 15:35:56.226,1.76899,1.76955,2.30,1.30
2010.11.08 15:35:58.631,1.7691,1.76966,1.50,4.10
2010.11.08 15:35:58.966,1.76901,1.76964,2.30,2.30
2010.11.08 15:35:59.296,1.76901,1.76964,2.30,2.10
2010.11.08 15:35:59.947,1.76893,1.76947,3.50,1.90
2010.11.08 15:36:01.030,1.76904,1.76948,2.30,1.30
2010.11.08 15:36:02.200,1.76904,1.76948,2.30,1.30
2010.11.08 15:36:02.319,1.76906,1.7696,2.30,2.30
2010.11.08 15:36:02.545,1.76898,1.76954,3.50,2.30
2010.11.08 15:36:03.099,1.76894,1.76938,1.50,1.30
2010.11.08 15:36:03.655,1.76884,1.76939,4.20,2.30
2010.11.08 15:36:05.295,1.76881,1.76928,2.10,2.30
2010.11.08 15:36:05.530,1.76894,1.76941,1.40,1.50
2010.11.08 15:36:06.682,1.76889,1.76938,1.40,1.50
2010.11.08 15:36:08.762,1.76883,1.76927,1.70,1.30
2010.11.08 15:36:10.564,1.76893,1.76927,1.40,1.30
2010.11.08 15:36:10.787,1.76894,1.7694,2.30,1.30
2010.11.08 15:36:10.896,1.76894,1.7694,1.50,2.30
2010.11.08 15:36:11.653,1.76884,1.76939,4.20,2.30
2010.11.08 15:36:11.877,1.76881,1.76928,1.50,1.30
2010.11.08 15:36:13.065,1.76881,1.76928,2.30,1.30
2010.11.08 15:36:13.175,1.76894,1.7694,2.30,1.30
2010.11.08 15:36:15.392,1.76894,1.7694,2.30,1.30
2010.11.08 15:36:17.967,1.76894,1.7694,2.30,1.30
2010.11.08 15:36:19.592,1.76906,1.7695,1.30,1.40
2010.11.08 15:36:20.386,1.76898,1.7695,1.10,1.90
2010.11.08 15:36:20.823,1.76897,1.76949,1.50,1.50
2010.11.08 15:36:21.629,1.76897,1.76949,2.30,1.30
2010.11.08 15:36:22.075,1.76897,1.76949,2.30,1.30
2010.11.08 15:36:24.082,1.76907,1.7695,2.30,1.30
2010.11.08 15:36:26.069,1.76896,1.7695,2.30,1.50
2010.11.08 15:36:26.188,1.76896,1.76939,1.10,1.30
2010.11.08 15:36:26.624,1.76897,1.76949,2.30,1.50
2010.11.08 15:36:27.336,1.76894,1.76938,1.60,1.30
2010.11.08 15:36:27.451,1.76897,1.76949,2.30,1.30
2010.11.08 15:36:28.263,1.76897,1.76949,2.30,1.30
2010.11.08 15:36:28.694,1.76905,1.76966,2.30,1.90
2010.11.08 15:36:29.023,1.76905,1.76966,1.50,1.30
2010.11.08 15:36:29.243,1.76913,1.76969,1.50,1.30
2010.11.08 15:36:29.463,1.76916,1.7698,1.60,3.30
2010.11.08 15:36:30.325,1.76909,1.76962,1.30,1.30
2010.11.08 15:36:30.952,1.76909,1.76962,2.30,1.30
2010.11.08 15:36:31.066,1.76916,1.76975,1.50,1.40
2010.11.08 15:36:32.624,1.76917,1.76979,1.60,1.50
2010.11.08 15:36:33.474,1.76914,1.76968,1.50,1.30
2010.11.08 15:36:35.575,1.76905,1.76966,4.20,1.30
2010.11.08 15:36:36.414,1.76906,1.76967,1.70,1.50
2010.11.08 15:36:37.327,1.76902,1.76955,2.30,1.30
2010.11.08 15:36:38.646,1.76917,1.7696,1.30,1.30
2010.11.08 15:36:39.674,1.76911,1.76948,1.40,1.30
2010.11.08 15:36:39.791,1.76911,1.7696,1.40,1.30
2010.11.08 15:36:41.834,1.76907,1.76959,4.90,1.30
2010.11.08 15:36:41.944,1.76912,1.76959,1.40,1.30
2010.11.08 15:36:42.574,1.76904,1.76948,2.60,1.30
2010.11.08 15:36:42.684,1.76914,1.76975,1.50,2.60
2010.11.08 15:36:43.549,1.76913,1.76977,2.30,1.50
2010.11.08 15:36:44.880,1.7691,1.76966,3.70,1.30
2010.11.08 15:36:45.654,1.76914,1.76976,3.70,1.70
2010.11.08 15:36:46.162,1.7691,1.76966,1.50,1.30
2010.11.08 15:36:46.934,1.7691,1.76966,4.20,1.30
2010.11.08 15:36:47.558,1.76904,1.76964,1.20,1.50
2010.11.08 15:36:48.897,1.76913,1.76979,1.80,1.50
2010.11.08 15:36:49.223,1.76913,1.76979,1.60,1.50
2010.11.08 15:36:51.235,1.7691,1.76968,1.50,1.30
2010.11.08 15:36:52.205,1.7691,1.76968,1.30,1.50
2010.11.08 15:36:54.255,1.76916,1.76972,2.30,1.30
2010.11.08 15:36:54.364,1.76924,1.76981,1.50,1.30
2010.11.08 15:36:54.473,1.76924,1.76988,1.50,1.70
2010.11.08 15:36:55.996,1.76921,1.76977,1.50,1.30
2010.11.08 15:36:56.213,1.76924,1.76988,1.50,1.30
2010.11.08 15:36:57.474,1.76928,1.76988,1.10,1.30
2010.11.08 15:36:58.199,1.76946,1.77012,1.50,1.50
2010.11.08 15:36:58.974,1.76946,1.77012,1.50,1.30
2010.11.08 15:37:01.003,1.76955,1.77013,1.50,1.30
2010.11.08 15:37:03.104,1.76955,1.77013,1.50,1.30
2010.11.08 15:37:04.746,1.76949,1.76993,1.30,1.30
2010.11.08 15:37:05.306,1.76943,1.76981,2.10,1.30
2010.11.08 15:37:05.526,1.76932,1.76978,2.60,2.30
2010.11.08 15:37:05.635,1.76932,1.76973,1.30,2.30
2010.11.08 15:37:06.114,1.76932,1.76962,1.30,1.50
2010.11.08 15:37:06.240,1.7691,1.76955,1.90,1.30
2010.11.08 15:37:08.645,1.76912,1.76955,1.40,1.30
2010.11.08 15:37:10.372,1.76912,1.76955,1.40,1.30
2010.11.08 15:37:10.483,1.76912,1.76943,1.40,1.30
2010.11.08 15:37:12.575,1.76899,1.76942,2.90,1.30
2010.11.08 15:37:14.135,1.76911,1.7696,1.40,1.50
2010.11.08 15:37:16.164,1.76904,1.7696,1.50,1.30
2010.11.08 15:37:16.775,1.76905,1.7696,2.30,1.30
2010.11.08 15:37:16.888,1.76918,1.76974,1.30,1.50
2010.11.08 15:37:19.264,1.76907,1.76971,1.50,1.30
2010.11.08 15:37:20.027,1.76906,1.76962,1.30,1.30
2010.11.08 15:37:22.096,1.76906,1.76962,1.50,1.30
2010.11.08 15:37:24.418,1.76906,1.76962,1.50,1.30
2010.11.08 15:37:25.268,1.76909,1.76973,1.50,1.50
2010.11.08 15:37:25.495,1.76906,1.76962,1.60,1.30
2010.11.08 15:37:26.424,1.76909,1.76973,1.50,1.50
2010.11.08 15:37:26.533,1.76909,1.76973,1.30,2.30
2010.11.08 15:37:29.846,1.76918,1.76974,1.50,1.30
2010.11.08 15:37:30.793,1.76909,1.76973,2.30,1.30
2010.11.08 15:37:31.723,1.76918,1.76974,1.30,2.30
2010.11.08 15:37:31.834,1.76905,1.76963,1.30,2.30
2010.11.08 15:37:31.946,1.76905,1.76963,1.30,1.50
2010.11.08 15:37:32.559,1.76896,1.76957,3.90,1.30
2010.11.08 15:37:34.803,1.76896,1.7696,2.00,1.30
2010.11.08 15:37:36.124,1.76895,1.7695,1.10,1.30
2010.11.08 15:37:37.823,1.76896,1.7696,1.40,2.30
2010.11.08 15:37:39.174,1.76896,1.7696,1.60,1.30
2010.11.08 15:37:39.910,1.76896,1.7696,1.40,1.50
2010.11.08 15:37:42.207,1.76892,1.76947,1.50,1.30
2010.11.08 15:37:42.329,1.76882,1.76946,7.30,1.50
2010.11.08 15:37:42.447,1.76882,1.76946,3.30,2.60
2010.11.08 15:37:42.777,1.76885,1.76946,1.20,1.50
2010.11.08 15:37:43.244,1.76885,1.76935,1.40,1.30
2010.11.08 15:37:43.358,1.76893,1.76946,1.30,1.30
2010.11.08 15:37:45.699,1.76885,1.76946,1.70,1.30
2010.11.08 15:37:45.924,1.76884,1.76946,2.60,1.30
2010.11.08 15:37:46.807,1.76892,1.76947,1.50,1.30
2010.11.08 15:37:47.027,1.76892,1.76947,1.70,1.30
2010.11.08 15:37:48.395,1.76883,1.76945,2.20,1.90
2010.11.08 15:37:49.366,1.76883,1.76945,3.00,1.50
2010.11.08 15:37:49.474,1.76883,1.76945,2.30,2.30
2010.11.08 15:37:49.809,1.76882,1.76935,1.10,1.30
2010.11.08 15:37:49.925,1.76883,1.76947,2.00,1.50
2010.11.08 15:37:51.964,1.76893,1.76949,1.50,1.30
2010.11.08 15:37:52.186,1.76893,1.76949,1.50,1.50
2010.11.08 15:37:52.910,1.76895,1.76961,1.50,4.00
2010.11.08 15:37:53.574,1.76892,1.7695,1.50,1.30
2010.11.08 15:37:54.183,1.76892,1.7695,2.30,1.30
2010.11.08 15:37:54.297,1.76919,1.76964,1.30,2.60
2010.11.08 15:37:54.515,1.76919,1.76947,1.30,1.40
2010.11.08 15:37:54.624,1.76897,1.76931,1.30,1.30
2010.11.08 15:37:54.844,1.76893,1.76949,1.50,1.30
2010.11.08 15:37:56.104,1.76898,1.76949,1.10,1.30
2010.11.08 15:37:56.773,1.76906,1.76962,1.50,1.30
2010.11.08 15:37:58.064,1.76908,1.76974,2.30,1.80
2010.11.08 15:37:58.913,1.7692,1.76986,1.50,2.00
2010.11.08 15:37:59.024,1.7692,1.76985,1.50,1.40
2010.11.08 15:37:59.244,1.7692,1.76986,1.50,2.00
2010.11.08 15:37:59.725,1.76906,1.7698,1.90,2.30
2010.11.08 15:37:59.843,1.76911,1.76957,1.30,1.30
2010.11.08 15:38:00.176,1.76914,1.76968,2.30,1.30
2010.11.08 15:38:00.780,1.76918,1.76967,1.30,1.40
2010.11.08 15:38:00.899,1.76918,1.76974,2.30,1.60
2010.11.08 15:38:02.934,1.76918,1.76974,1.50,1.40
2010.11.08 15:38:05.028,1.76918,1.76973,1.30,1.10
2010.11.08 15:38:06.085,1.76918,1.76974,2.30,1.70
2010.11.08 15:38:07.793,1.7691,1.76958,2.30,1.30
2010.11.08 15:38:08.837,1.76917,1.76972,2.30,1.10
2010.11.08 15:38:09.718,1.76917,1.76975,1.50,1.50
2010.11.08 15:38:11.853,1.76917,1.76975,1.50,1.50
2010.11.08 15:38:13.236,1.76917,1.76972,1.30,1.10
2010.11.08 15:38:13.368,1.76908,1.76974,2.30,1.50
2010.11.08 15:38:15.559,1.76905,1.76963,1.60,1.30
2010.11.08 15:38:17.268,1.76908,1.76974,2.70,1.50
2010.11.08 15:38:18.358,1.76906,1.76962,1.80,1.30
2010.11.08 15:38:19.755,1.76925,1.76971,1.30,1.30
2010.11.08 15:38:19.866,1.76915,1.7697,1.80,1.50
2010.11.08 15:38:19.978,1.76915,1.7697,2.30,1.30
2010.11.08 15:38:20.401,1.76923,1.76985,1.50,2.80
2010.11.08 15:38:20.518,1.76932,1.7699,1.30,1.50
2010.11.08 15:38:20.876,1.76923,1.76987,1.30,1.50
2010.11.08 15:38:22.017,1.76933,1.76989,2.30,1.30
2010.11.08 15:38:24.025,1.76936,1.76992,2.10,1.50
2010.11.08 15:38:24.819,1.76926,1.7699,4.20,1.50
2010.11.08 15:38:24.934,1.76935,1.76993,2.30,1.50
2010.11.08 15:38:26.217,1.76947,1.77004,1.50,2.90
2010.11.08 15:38:26.882,1.76947,1.77005,2.30,1.40
2010.11.08 15:38:27.000,1.76961,1.77017,1.30,1.50
2010.11.08 15:38:28.185,1.7695,1.77016,1.50,1.60
2010.11.08 15:38:28.748,1.7695,1.77016,2.30,1.40
2010.11.08 15:38:29.247,1.76961,1.77017,2.30,1.30
2010.11.08 15:38:29.466,1.76974,1.7703,1.30,9.90
2010.11.08 15:38:30.730,1.76933,1.76997,2.80,1.50
2010.11.08 15:38:30.846,1.76933,1.76997,2.10,2.30
2010.11.08 15:38:31.628,1.76911,1.76995,3.30,4.80
2010.11.08 15:38:31.854,1.76911,1.76984,2.60,1.50
2010.11.08 15:38:32.294,1.76907,1.76984,4.10,1.50
2010.11.08 15:38:33.870,1.76911,1.76995,3.50,3.30
2010.11.08 15:38:33.987,1.76931,1.76997,1.30,2.10
2010.11.08 15:38:36.085,1.76944,1.77003,1.30,1.20
2010.11.08 15:38:36.918,1.76947,1.77009,1.30,3.60
2010.11.08 15:38:38.109,1.76956,1.77011,1.30,1.30
2010.11.08 15:38:38.335,1.76956,1.77011,1.30,3.70
2010.11.08 15:38:38.445,1.76956,1.77009,1.30,1.30
2010.11.08 15:38:38.555,1.76939,1.77009,2.00,1.10
2010.11.08 15:38:38.777,1.76957,1.7701,1.30,1.30
2010.11.08 15:38:39.387,1.76957,1.7701,1.30,1.30
2010.11.08 15:38:39.718,1.76939,1.7702,2.60,1.70
2010.11.08 15:38:39.838,1.76939,1.7702,2.60,2.30
2010.11.08 15:38:40.364,1.76936,1.76993,1.70,1.30
2010.11.08 15:38:40.694,1.76933,1.76989,1.90,4.80
2010.11.08 15:38:41.404,1.76927,1.7697,2.10,1.30
2010.11.08 15:38:41.624,1.76934,1.76986,1.90,1.70
2010.11.08 15:38:43.661,1.76938,1.76984,1.70,1.30
2010.11.08 15:38:45.404,1.76936,1.77,1.70,1.50
2010.11.08 15:38:46.139,1.76942,1.76994,1.30,1.50
2010.11.08 15:38:46.584,1.76942,1.76994,1.30,2.30
2010.11.08 15:38:47.206,1.76947,1.77,1.30,3.60
2010.11.08 15:38:48.566,1.76936,1.77,1.30,2.30
2010.11.08 15:38:49.410,1.76937,1.76999,1.50,1.50
2010.11.08 15:38:49.520,1.76934,1.76988,1.30,1.50
2010.11.08 15:38:50.616,1.76923,1.76987,4.20,1.50
2010.11.08 15:38:51.385,1.76933,1.76989,1.30,1.70
2010.11.08 15:38:51.889,1.7692,1.76976,2.10,1.40
2010.11.08 15:38:52.958,1.76912,1.76973,1.50,1.60
2010.11.08 15:38:53.070,1.76921,1.76975,1.50,1.30
2010.11.08 15:38:53.185,1.76923,1.76987,1.50,1.90
2010.11.08 15:38:54.245,1.76923,1.76985,1.30,1.40
2010.11.08 15:38:56.281,1.76921,1.76975,1.30,1.30
2010.11.08 15:38:58.326,1.76909,1.76962,1.50,1.30
2010.11.08 15:38:58.545,1.76909,1.76962,1.30,1.30
2010.11.08 15:38:59.274,1.76909,1.76962,2.30,1.30
2010.11.08 15:38:59.398,1.7693,1.76984,1.30,1.30
2010.11.08 15:39:00.428,1.76921,1.76983,1.30,2.30
2010.11.08 15:39:00.765,1.76909,1.7697,1.30,2.30
2010.11.08 15:39:01.379,1.76905,1.7696,2.30,1.30
2010.11.08 15:39:01.605,1.76917,1.7697,1.30,2.60
2010.11.08 15:39:03.431,1.76918,1.76972,1.30,1.50
2010.11.08 15:39:05.467,1.76918,1.76972,3.60,1.30
2010.11.08 15:39:07.744,1.76931,1.76985,1.30,1.30
2010.11.08 15:39:09.832,1.76931,1.76985,1.30,1.50
2010.11.08 15:39:11.287,1.76931,1.76985,2.70,1.30
2010.11.08 15:39:11.754,1.76944,1.76991,1.30,1.30
2010.11.08 15:39:11.876,1.76924,1.76997,3.20,2.30
2010.11.08 15:39:11.986,1.76924,1.76997,1.50,1.40
2010.11.08 15:39:12.095,1.76944,1.76998,1.30,1.50
2010.11.08 15:39:12.690,1.76926,1.76999,1.50,1.50
2010.11.08 15:39:13.710,1.7693,1.76986,1.30,1.30
2010.11.08 15:39:13.826,1.76933,1.76997,1.30,1.30
2010.11.08 15:39:15.994,1.76933,1.76997,1.30,2.30
2010.11.08 15:39:16.778,1.76943,1.76999,1.30,1.50
2010.11.08 15:39:18.845,1.76943,1.76999,1.30,1.50
2010.11.08 15:39:20.536,1.76943,1.76999,2.30,1.30
2010.11.08 15:39:21.327,1.76946,1.7701,1.30,2.30
2010.11.08 15:39:22.093,1.76946,1.7701,1.50,1.50
2010.11.08 15:39:24.166,1.76946,1.7701,1.30,2.30
2010.11.08 15:39:26.313,1.76943,1.76999,1.70,1.50
2010.11.08 15:39:28.443,1.76943,1.76999,1.70,1.50
2010.11.08 15:39:30.533,1.76943,1.76999,1.70,1.50
2010.11.08 15:39:32.595,1.76943,1.76999,1.30,1.50
2010.11.08 15:39:34.457,1.76957,1.7701,1.30,2.30
2010.11.08 15:39:34.566,1.76947,1.77009,1.30,2.30
2010.11.08 15:39:35.385,1.76947,1.77009,1.30,2.30
2010.11.08 15:39:35.714,1.76947,1.77009,1.30,1.50
2010.11.08 15:39:36.248,1.76956,1.7701,1.30,1.50
2010.11.08 15:39:36.807,1.76946,1.7701,1.30,2.30
2010.11.08 15:39:38.174,1.76946,1.7701,1.30,2.30
2010.11.08 15:39:38.942,1.76926,1.76995,2.10,1.10
2010.11.08 15:39:39.493,1.76921,1.76997,2.10,1.70
2010.11.08 15:39:40.615,1.76944,1.76998,1.30,1.50
2010.11.08 15:39:42.764,1.76943,1.76999,1.30,1.70
2010.11.08 15:39:42.880,1.76939,1.77007,1.50,1.30
2010.11.08 15:39:43.739,1.76935,1.77009,1.50,1.50
2010.11.08 15:39:43.858,1.76947,1.77006,1.30,1.30
2010.11.08 15:39:45.474,1.76957,1.7701,1.30,1.80
2010.11.08 15:39:46.601,1.76946,1.7701,1.30,3.60
2010.11.08 15:39:46.824,1.76957,1.7701,1.30,1.50
2010.11.08 15:39:46.935,1.76947,1.77009,1.30,3.60
2010.11.08 15:39:49.924,1.76947,1.77009,1.30,3.60
2010.11.08 15:39:50.706,1.76947,1.77007,1.30,1.10
2010.11.08 15:39:51.676,1.76944,1.76998,2.70,1.30
2010.11.08 15:39:51.785,1.76956,1.7701,1.30,1.50
2010.11.08 15:39:52.116,1.76946,1.7701,1.50,2.30
2010.11.08 15:39:54.088,1.76946,1.7701,1.30,3.50
2010.11.08 15:39:55.157,1.76931,1.76985,2.10,1.50
2010.11.08 15:39:56.190,1.76934,1.76996,1.80,1.50
2010.11.08 15:39:57.106,1.76943,1.76999,1.30,1.50
2010.11.08 15:39:59.311,1.76943,1.76999,1.30,1.50
2010.11.08 15:39:59.914,1.76943,1.76999,1.30,2.30
2010.11.08 15:40:00.025,1.76934,1.76996,2.00,1.50
2010.11.08 15:40:02.122,1.76934,1.76996,1.70,1.50
2010.11.08 15:40:03.540,1.76917,1.76973,2.10,1.50
2010.11.08 15:40:05.564,1.76917,1.76973,2.10,1.50
2010.11.08 15:40:06.896,1.76917,1.76973,2.10,2.30
2010.11.08 15:40:09.163,1.76909,1.7697,2.10,1.50
2010.11.08 15:40:11.184,1.76912,1.76971,1.10,1.50
2010.11.08 15:40:13.480,1.76912,1.76971,1.10,1.50
2010.11.08 15:40:14.144,1.76918,1.76972,1.50,1.50
2010.11.08 15:40:14.639,1.76918,1.76972,1.50,1.30
2010.11.08 15:40:14.756,1.7692,1.76981,1.50,1.50
2010.11.08 15:40:15.651,1.76908,1.76971,2.10,1.50
2010.11.08 15:40:16.703,1.76921,1.76983,1.30,1.50
2010.11.08 15:40:17.265,1.76918,1.76972,2.60,1.30
2010.11.08 15:40:17.952,1.7693,1.76986,1.30,2.80
2010.11.08 15:40:18.065,1.76934,1.76986,2.90,1.30
2010.11.08 15:40:18.174,1.76943,1.76996,2.10,2.70
2010.11.08 15:40:18.735,1.76943,1.76993,1.70,1.10
2010.11.08 15:40:19.682,1.7692,1.76976,2.10,1.30
2010.11.08 15:40:21.173,1.76923,1.76987,4.20,1.50
2010.11.08 15:40:22.259,1.76933,1.76989,2.10,1.30
2010.11.08 15:40:22.705,1.76933,1.76989,2.10,1.50
2010.11.08 15:40:23.429,1.76939,1.76991,2.10,1.30
2010.11.08 15:40:23.655,1.76946,1.7701,1.70,3.60
2010.11.08 15:40:24.713,1.76957,1.7701,1.30,3.70
2010.11.08 15:40:26.155,1.76956,1.77011,1.30,1.50
2010.11.08 15:40:26.266,1.76944,1.76998,1.90,1.30
2010.11.08 15:40:28.313,1.76944,1.76998,1.70,1.50
2010.11.08 15:40:30.363,1.76944,1.76998,2.10,1.70
2010.11.08 15:40:32.453,1.76944,1.76998,1.80,1.50
2010.11.08 15:40:34.288,1.76947,1.77009,2.60,1.50
2010.11.08 15:40:36.324,1.76949,1.77009,1.50,1.50
2010.11.08 15:40:38.434,1.76957,1.7701,1.70,1.50
2010.11.08 15:40:40.474,1.76957,1.7701,1.70,1.50
2010.11.08 15:40:42.388,1.76944,1.76998,2.10,1.50
2010.11.08 15:40:44.434,1.76944,1.76998,2.10,1.50
2010.11.08 15:40:45.102,1.76933,1.76997,6.10,2.30
2010.11.08 15:40:46.346,1.76935,1.76986,1.80,1.30
2010.11.08 15:40:46.565,1.76934,1.76997,1.10,2.60
2010.11.08 15:40:47.645,1.76944,1.76998,1.30,2.30
2010.11.08 15:40:47.755,1.76944,1.76998,1.30,1.50
2010.11.08 15:40:49.891,1.76933,1.76997,2.10,2.30
2010.11.08 15:40:50.334,1.76944,1.76998,1.30,1.50
2010.11.08 15:40:52.467,1.76944,1.76998,1.30,1.50
2010.11.08 15:40:53.360,1.76944,1.76998,1.30,2.30
2010.11.08 15:40:54.190,1.76929,1.76973,1.50,1.30
2010.11.08 15:40:54.305,1.7693,1.76986,2.10,1.50
2010.11.08 15:40:54.416,1.76932,1.76983,1.10,1.50
2010.11.08 15:40:54.524,1.76932,1.76983,1.10,1.30
2010.11.08 15:40:55.140,1.76932,1.76984,1.10,1.50
2010.11.08 15:40:57.263,1.76932,1.76984,1.10,1.50
2010.11.08 15:40:59.374,1.76924,1.76984,2.80,1.50
2010.11.08 15:40:59.817,1.76924,1.76993,2.70,2.30
2010.11.08 15:41:00.323,1.76951,1.76999,2.30,1.30
2010.11.08 15:41:00.765,1.76973,1.77015,2.10,1.30
2010.11.08 15:41:01.297,1.76973,1.77027,2.80,1.50
2010.11.08 15:41:02.442,1.76973,1.77015,1.50,1.50
2010.11.08 15:41:02.665,1.76959,1.77015,2.10,2.30
2010.11.08 15:41:03.489,1.76948,1.77012,6.10,1.50
2010.11.08 15:41:05.206,1.76963,1.77012,1.10,2.30
2010.11.08 15:41:05.816,1.76963,1.77013,1.10,1.50
2010.11.08 15:41:07.235,1.76973,1.77032,1.70,1.50
2010.11.08 15:41:07.344,1.76972,1.7705,2.10,3.40
2010.11.08 15:41:07.565,1.76992,1.7705,1.30,2.40
2010.11.08 15:41:09.613,1.7699,1.77046,2.10,1.50
2010.11.08 15:41:10.620,1.7699,1.77046,2.10,2.30
2010.11.08 15:41:11.786,1.7699,1.77046,2.10,1.50
2010.11.08 15:41:12.005,1.76975,1.77043,7.00,1.10
2010.11.08 15:41:12.988,1.76977,1.77041,2.10,1.30
2010.11.08 15:41:13.867,1.76974,1.77032,4.20,1.30
2010.11.08 15:41:15.574,1.76978,1.77023,2.10,1.30
2010.11.08 15:41:16.079,1.76984,1.77042,2.30,1.50
2010.11.08 15:41:16.195,1.76984,1.77042,2.10,2.30
2010.11.08 15:41:17.150,1.7699,1.77052,2.90,2.30
2010.11.08 15:41:17.381,1.76994,1.77052,1.40,1.50
2010.11.08 15:41:18.337,1.76989,1.77052,1.50,1.60
2010.11.08 15:41:19.917,1.76992,1.77046,2.10,1.30
2010.11.08 15:41:20.974,1.76989,1.77037,2.80,2.30
2010.11.08 15:41:23.004,1.76973,1.77028,1.50,1.50
2010.11.08 15:41:23.721,1.76979,1.77033,2.10,1.30
2010.11.08 15:41:25.877,1.76978,1.77023,4.20,1.30
2010.11.08 15:41:26.539,1.76977,1.77024,2.10,2.30
2010.11.08 15:41:27.041,1.76972,1.7702,1.20,2.30
2010.11.08 15:41:27.155,1.76972,1.77011,1.20,2.30
2010.11.08 15:41:27.984,1.76973,1.77015,1.40,1.30
2010.11.08 15:41:28.205,1.76972,1.77028,1.90,2.30
2010.11.08 15:41:28.840,1.76961,1.77025,4.20,1.90
2010.11.08 15:41:30.855,1.76971,1.77029,4.20,1.30
2010.11.08 15:41:32.856,1.76971,1.77029,2.30,1.30
2010.11.08 15:41:33.608,1.76971,1.77029,2.10,2.30
2010.11.08 15:41:33.715,1.76971,1.77029,6.10,1.30
2010.11.08 15:41:33.934,1.76966,1.77026,1.40,1.50
2010.11.08 15:41:34.048,1.76973,1.77031,2.30,2.60
2010.11.08 15:41:35.103,1.76971,1.77029,2.30,1.30
2010.11.08 15:41:37.371,1.76969,1.77025,1.50,1.30
2010.11.08 15:41:38.036,1.76968,1.77025,1.50,2.30
2010.11.08 15:41:38.259,1.76968,1.77016,1.20,1.30
2010.11.08 15:41:38.761,1.7696,1.77026,2.30,1.50
2010.11.08 15:41:40.125,1.76975,1.77038,1.40,1.60
2010.11.08 15:41:40.346,1.76973,1.77039,1.50,1.50
2010.11.08 15:41:41.060,1.76972,1.77025,1.20,1.30
2010.11.08 15:41:41.284,1.76972,1.77028,1.70,1.30
2010.11.08 15:41:43.321,1.76968,1.77026,1.40,1.30
2010.11.08 15:41:44.771,1.76974,1.77029,1.30,1.30
2010.11.08 15:41:46.796,1.76974,1.77029,1.30,1.30
2010.11.08 15:41:47.454,1.76974,1.77029,2.30,1.30
2010.11.08 15:41:49.554,1.76989,1.77034,1.50,1.30
2010.11.08 15:41:50.700,1.76991,1.77034,1.40,1.30
2010.11.08 15:41:50.820,1.7699,1.77033,1.30,1.30
2010.11.08 15:41:51.046,1.7699,1.77033,1.30,2.30
2010.11.08 15:41:51.156,1.7699,1.77033,1.30,1.50
2010.11.08 15:41:51.376,1.76987,1.77049,1.50,1.50
2010.11.08 15:41:51.877,1.76989,1.77034,1.30,2.30
2010.11.08 15:41:52.537,1.76989,1.77034,1.50,1.50
2010.11.08 15:41:53.027,1.76975,1.77028,6.10,2.30
2010.11.08 15:41:54.351,1.76975,1.77028,2.10,1.50
2010.11.08 15:41:56.395,1.76975,1.77028,2.10,1.30
2010.11.08 15:41:58.482,1.76984,1.77039,1.20,3.80
2010.11.08 15:42:00.516,1.76984,1.77039,1.20,1.80
2010.11.08 15:42:02.491,1.76988,1.77041,1.40,1.30
2010.11.08 15:42:02.716,1.76999,1.77055,1.50,1.40
2010.11.08 15:42:04.320,1.77012,1.77068,2.10,1.80
2010.11.08 15:42:06.424,1.76999,1.77055,2.10,1.50
2010.11.08 15:42:08.464,1.76999,1.77055,2.80,1.70
2010.11.08 15:42:08.695,1.76999,1.77055,2.80,4.00
2010.11.08 15:42:08.805,1.76999,1.77055,2.80,1.50
2010.11.08 15:42:10.909,1.77005,1.77055,1.40,1.30
2010.11.08 15:42:11.724,1.77012,1.77068,1.30,1.70
2010.11.08 15:42:13.404,1.77012,1.77068,1.30,1.70
2010.11.08 15:42:15.815,1.77012,1.77068,1.30,1.70
2010.11.08 15:42:17.234,1.77012,1.77068,2.10,1.70
2010.11.08 15:42:19.368,1.77014,1.77068,1.50,1.80
2010.11.08 15:42:20.216,1.77014,1.77068,1.50,4.20
2010.11.08 15:42:20.710,1.77015,1.77074,2.10,1.10
2010.11.08 15:42:23.241,1.77014,1.77067,1.50,1.70
2010.11.08 15:42:25.384,1.77014,1.77067,1.50,1.70
2010.11.08 15:42:26.155,1.77014,1.77067,1.50,6.00
2010.11.08 15:42:26.615,1.77009,1.77063,1.20,2.80
2010.11.08 15:42:28.655,1.77003,1.77055,1.50,1.50
2010.11.08 15:42:29.906,1.77013,1.77067,2.10,1.30
2010.11.08 15:42:30.560,1.77014,1.77065,1.50,3.90
2010.11.08 15:42:31.244,1.77004,1.77065,1.50,1.50
2010.11.08 15:42:33.250,1.77004,1.77065,1.50,1.30
2010.11.08 15:42:33.587,1.77013,1.77067,1.70,1.30
2010.11.08 15:42:34.331,1.77004,1.77054,1.50,1.30
2010.11.08 15:42:34.447,1.77004,1.77054,1.50,1.30
2010.11.08 15:42:35.593,1.77004,1.77054,1.50,1.30
2010.11.08 15:42:35.706,1.77004,1.77054,1.70,1.30
2010.11.08 15:42:35.817,1.77013,1.77067,1.70,1.30
2010.11.08 15:42:36.034,1.77013,1.77067,1.70,1.50
2010.11.08 15:42:36.755,1.77012,1.77062,1.70,1.10
2010.11.08 15:42:38.035,1.7701,1.77066,1.20,1.30
2010.11.08 15:42:40.168,1.77014,1.77068,1.50,1.70
2010.11.08 15:42:40.291,1.77014,1.77068,1.50,1.50
2010.11.08 15:42:42.395,1.77014,1.77068,1.50,1.50
2010.11.08 15:42:44.689,1.77013,1.77068,1.50,1.50
2010.11.08 15:42:45.256,1.77013,1.77068,1.50,2.30
2010.11.08 15:42:45.475,1.77013,1.77067,1.20,1.10
2010.11.08 15:42:45.912,1.77014,1.77065,1.50,1.40
2010.11.08 15:42:46.240,1.77013,1.77064,1.20,1.30
2010.11.08 15:42:47.216,1.77004,1.77065,1.20,1.50
2010.11.08 15:42:47.764,1.77001,1.77065,1.90,1.30
2010.11.08 15:42:49.958,1.77001,1.77065,1.70,1.60
2010.11.08 15:42:50.683,1.77001,1.77065,1.70,2.30
2010.11.08 15:42:53.402,1.76999,1.77055,2.10,1.30
2010.11.08 15:42:55.400,1.77002,1.77064,1.90,1.70
2010.11.08 15:42:56.836,1.76999,1.77055,1.90,1.30
2010.11.08 15:42:59.130,1.76999,1.77055,1.30,1.50
2010.11.08 15:43:01.204,1.76999,1.77055,1.30,1.50
2010.11.08 15:43:03.227,1.76999,1.77055,1.30,1.60
2010.11.08 15:43:03.828,1.76999,1.77052,1.30,1.40
2010.11.08 15:43:04.265,1.76988,1.77052,2.30,1.50
2010.11.08 15:43:05.115,1.76986,1.77042,1.70,1.30
2010.11.08 15:43:07.143,1.76986,1.77042,1.70,1.50
2010.11.08 15:43:08.506,1.76986,1.77041,1.70,1.40
2010.11.08 15:43:08.725,1.76975,1.77028,2.10,1.30
2010.11.08 15:43:10.825,1.76975,1.77039,1.50,3.80
2010.11.08 15:43:12.973,1.76975,1.77039,4.20,3.80
2010.11.08 15:43:15.066,1.76973,1.77039,2.40,3.60
2010.11.08 15:43:15.603,1.76972,1.77028,2.40,1.90
2010.11.08 15:43:15.730,1.76969,1.77026,1.20,1.50
2010.11.08 15:43:15.846,1.76962,1.77026,1.30,2.30
2010.11.08 15:43:16.634,1.76976,1.77024,1.30,1.30
2010.11.08 15:43:16.745,1.76976,1.77024,1.30,1.50
2010.11.08 15:43:18.908,1.7697,1.77015,1.20,1.30
2010.11.08 15:43:20.990,1.76974,1.77015,1.20,1.30
2010.11.08 15:43:22.526,1.76971,1.77026,1.20,2.30
2010.11.08 15:43:24.542,1.76969,1.77016,1.20,1.30
2010.11.08 15:43:24.875,1.76971,1.77029,4.20,1.30
2010.11.08 15:43:27.051,1.76971,1.77029,4.20,1.30
2010.11.08 15:43:29.144,1.76971,1.77029,4.20,1.30
2010.11.08 15:43:30.145,1.76985,1.77041,4.20,1.30
2010.11.08 15:43:32.177,1.76993,1.77041,1.20,1.30
2010.11.08 15:43:32.287,1.76996,1.77041,2.90,1.30
2010.11.08 15:43:34.358,1.77009,1.77059,1.40,2.30
2010.11.08 15:43:34.976,1.77009,1.77059,1.20,2.30
2010.11.08 15:43:37.077,1.77018,1.77061,1.50,3.80
2010.11.08 15:43:37.577,1.77018,1.77061,2.30,1.30
2010.11.08 15:43:37.700,1.77018,1.77061,1.30,1.30
2010.11.08 15:43:39.066,1.77009,1.77051,1.20,1.50
2010.11.08 15:43:39.631,1.77018,1.77061,1.50,1.50
2010.11.08 15:43:40.076,1.77009,1.77055,1.20,2.30
2010.11.08 15:43:42.566,1.77009,1.77055,1.20,1.50
2010.11.08 15:43:44.577,1.77009,1.77055,1.20,1.50
2010.11.08 15:43:45.014,1.77009,1.77055,1.20,2.30
2010.11.08 15:43:45.667,1.76993,1.77042,2.90,1.30
2010.11.08 15:43:46.388,1.76993,1.77052,2.50,1.30
2010.11.08 15:43:48.294,1.76993,1.77047,1.50,1.40
2010.11.08 15:43:50.354,1.76994,1.77039,1.50,1.30
2010.11.08 15:43:52.454,1.76994,1.7704,4.20,1.50
2010.11.08 15:43:54.599,1.76997,1.77041,2.90,1.30
2010.11.08 15:43:55.372,1.77001,1.77052,1.40,1.50
2010.11.08 15:43:55.484,1.76998,1.77052,4.20,2.30
2010.11.08 15:43:57.578,1.77007,1.77055,1.70,1.50
2010.11.08 15:43:59.870,1.77007,1.77055,1.50,2.30
2010.11.08 15:44:02.004,1.77007,1.77055,1.50,2.30
2010.11.08 15:44:02.616,1.77008,1.77054,1.50,2.30
2010.11.08 15:44:04.808,1.77008,1.77054,1.50,2.30
2010.11.08 15:44:05.923,1.77008,1.77054,2.60,1.30
2010.11.08 15:44:06.895,1.7701,1.77063,1.50,1.10
2010.11.08 15:44:07.354,1.7701,1.77066,2.30,1.30
2010.11.08 15:44:07.864,1.77033,1.77079,1.30,3.80
2010.11.08 15:44:07.982,1.77016,1.77072,2.10,2.40
2010.11.08 15:44:08.095,1.77013,1.7707,1.70,2.30
2010.11.08 15:44:08.683,1.7703,1.77077,1.50,1.40
2010.11.08 15:44:08.807,1.7703,1.77078,1.50,3.80
2010.11.08 15:44:10.298,1.77017,1.77073,1.40,2.30
2010.11.08 15:44:10.405,1.77015,1.77073,1.70,1.50
2010.11.08 15:44:10.735,1.77015,1.77073,1.30,4.10
2010.11.08 15:44:12.931,1.77015,1.77073,1.50,4.10
2010.11.08 15:44:13.049,1.77015,1.77073,1.50,1.70
2010.11.08 15:44:13.714,1.77015,1.77073,1.50,3.90
2010.11.08 15:44:14.450,1.77015,1.77073,2.30,3.90
2010.11.08 15:44:14.570,1.77029,1.77085,1.30,1.70
2010.11.08 15:44:15.552,1.77029,1.77085,1.30,4.20
2010.11.08 15:44:16.944,1.77018,1.77081,1.30,2.30
2010.11.08 15:44:17.165,1.77018,1.77079,1.50,1.40
2010.11.08 15:44:17.498,1.77018,1.77084,1.50,4.10
2010.11.08 15:44:19.588,1.77016,1.77072,1.30,1.50
2010.11.08 15:44:20.074,1.77016,1.77072,2.10,1.50
2010.11.08 15:44:20.770,1.77019,1.77083,1.50,4.10
2010.11.08 15:44:21.106,1.77016,1.77072,1.70,1.50
2010.11.08 15:44:21.988,1.77016,1.77072,1.70,1.40
2010.11.08 15:44:23.676,1.77016,1.77072,2.10,1.70
2010.11.08 15:44:24.674,1.77016,1.77072,1.30,1.50
2010.11.08 15:44:26.690,1.77019,1.77077,1.30,1.10
2010.11.08 15:44:26.917,1.77019,1.77077,1.50,1.40
2010.11.08 15:44:27.358,1.77019,1.77077,1.30,1.10
2010.11.08 15:44:27.470,1.77016,1.77072,1.30,1.70
2010.11.08 15:44:29.037,1.77016,1.77072,1.30,4.20
2010.11.08 15:44:29.256,1.77016,1.77072,1.30,1.70
2010.11.08 15:44:29.805,1.77016,1.77072,1.30,1.50
2010.11.08 15:44:30.646,1.77016,1.77072,1.30,1.80
2010.11.08 15:44:32.644,1.77016,1.77072,1.30,1.70
2010.11.08 15:44:32.753,1.77016,1.77072,1.30,2.00
2010.11.08 15:44:34.046,1.77016,1.77072,2.30,3.70
2010.11.08 15:44:34.155,1.77016,1.77072,2.30,1.50
2010.11.08 15:44:36.348,1.7703,1.77083,1.30,1.20
2010.11.08 15:44:36.455,1.7703,1.77086,1.30,4.10
2010.11.08 15:44:37.597,1.7703,1.77081,1.30,1.40
2010.11.08 15:44:38.144,1.7703,1.77086,1.30,4.10
2010.11.08 15:44:39.135,1.7703,1.77081,1.30,1.40
2010.11.08 15:44:39.606,1.7703,1.77086,1.30,4.10
2010.11.08 15:44:40.618,1.7703,1.77081,1.30,1.40
2010.11.08 15:44:40.945,1.7703,1.77086,1.30,3.80
2010.11.08 15:44:41.888,1.7703,1.77086,1.30,1.70
2010.11.08 15:44:42.628,1.7703,1.77086,1.30,4.10
2010.11.08 15:44:43.343,1.7703,1.77086,1.30,1.70
2010.11.08 15:44:43.675,1.7703,1.77086,1.30,4.10
2010.11.08 15:44:44.788,1.7703,1.77086,1.30,1.70
2010.11.08 15:44:46.607,1.7703,1.77086,1.30,4.10
2010.11.08 15:44:48.499,1.77021,1.77083,1.30,2.40
2010.11.08 15:44:49.455,1.77021,1.77085,1.50,1.50
2010.11.08 15:44:49.568,1.7703,1.77088,1.50,1.50
2010.11.08 15:44:51.581,1.77033,1.77098,1.30,2.70
2010.11.08 15:44:53.205,1.77033,1.77092,1.30,1.40
2010.11.08 15:44:53.314,1.77033,1.77098,1.30,2.60
2010.11.08 15:44:53.535,1.77033,1.77098,1.30,1.10
2010.11.08 15:44:53.645,1.77026,1.77082,1.50,1.30
2010.11.08 15:44:54.149,1.77012,1.77092,1.50,3.40
2010.11.08 15:44:54.484,1.77021,1.77077,1.30,1.50
2010.11.08 15:44:55.189,1.77033,1.77088,1.30,2.20
2010.11.08 15:44:55.297,1.77016,1.77069,1.70,2.30
2010.11.08 15:44:55.404,1.77011,1.77069,1.30,2.30
2010.11.08 15:44:57.386,1.77015,1.77079,1.50,3.60
2010.11.08 15:44:59.587,1.77023,1.77081,1.30,2.30
2010.11.08 15:45:00.872,1.77036,1.77088,1.30,1.40
2010.11.08 15:45:02.914,1.77036,1.77092,1.30,1.20
2010.11.08 15:45:03.032,1.77024,1.7708,1.70,1.50
2010.11.08 15:45:04.276,1.77024,1.7708,2.30,1.30
2010.11.08 15:45:04.496,1.77026,1.77087,1.70,1.10
2010.11.08 15:45:04.716,1.77026,1.77087,1.70,1.40
2010.11.08 15:45:06.734,1.77024,1.7708,1.30,3.80
2010.11.08 15:45:08.296,1.77024,1.77075,1.30,2.30
2010.11.08 15:45:08.517,1.77014,1.77075,1.30,2.30
2010.11.08 15:45:10.480,1.77015,1.77079,1.30,2.30
2010.11.08 15:45:12.402,1.7701,1.77066,1.30,1.60
2010.11.08 15:45:14.406,1.7701,1.77066,1.30,1.50
2010.11.08 15:45:16.504,1.77011,1.77068,1.30,2.30
2010.11.08 15:45:17.021,1.77011,1.77068,1.30,2.60
2010.11.08 15:45:18.540,1.76998,1.77053,1.30,1.50
2010.11.08 15:45:20.604,1.76998,1.77053,1.30,1.50
2010.11.08 15:45:22.696,1.77002,1.77063,1.30,1.60
2010.11.08 15:45:24.106,1.77011,1.77065,1.30,1.40
2010.11.08 15:45:24.909,1.77002,1.77063,1.30,1.60
2010.11.08 15:45:25.246,1.77002,1.77063,1.30,2.40
2010.11.08 15:45:27.252,1.77002,1.77063,1.30,1.70
2010.11.08 15:45:27.778,1.77002,1.77063,1.30,2.40
2010.11.08 15:45:27.997,1.76986,1.7704,1.30,1.50
2010.11.08 15:45:28.742,1.77003,1.77047,1.30,1.30
2010.11.08 15:45:29.898,1.76985,1.77041,2.30,2.30
2010.11.08 15:45:30.007,1.76985,1.77041,2.30,1.30
2010.11.08 15:45:30.554,1.76985,1.77041,2.70,2.30
2010.11.08 15:45:32.607,1.76985,1.77041,1.30,1.50
2010.11.08 15:45:33.864,1.76998,1.77052,1.30,1.10
2010.11.08 15:45:33.985,1.76985,1.77041,1.30,1.50
2010.11.08 15:45:34.213,1.76988,1.77052,1.30,1.60
2010.11.08 15:45:36.237,1.76985,1.77041,1.30,1.30
2010.11.08 15:45:37.717,1.76986,1.7704,1.30,2.30
2010.11.08 15:45:37.826,1.76975,1.77039,1.80,2.30
2010.11.08 15:45:38.733,1.76987,1.77033,1.30,1.50
2010.11.08 15:45:40.765,1.76987,1.77033,1.50,1.50
2010.11.08 15:45:41.937,1.76987,1.77033,1.30,2.30
2010.11.08 15:45:42.459,1.76988,1.77032,1.50,1.50
2010.11.08 15:45:42.570,1.76988,1.77032,1.30,2.30
2010.11.08 15:45:42.797,1.76976,1.77019,1.40,1.30
2010.11.08 15:45:43.598,1.76988,1.77032,1.30,2.30
2010.11.08 15:45:43.705,1.76976,1.77019,1.60,1.30
2010.11.08 15:45:45.205,1.76976,1.77019,2.30,1.30
2010.11.08 15:45:46.497,1.76978,1.77024,1.30,1.40
2010.11.08 15:45:46.604,1.7696,1.76996,2.40,1.50
2010.11.08 15:45:46.714,1.7696,1.76996,3.40,1.30
2010.11.08 15:45:46.936,1.76962,1.77023,2.30,1.10
2010.11.08 15:45:47.266,1.76949,1.77024,2.30,2.30
2010.11.08 15:45:47.757,1.76929,1.77013,8.10,2.60
2010.11.08 15:45:48.085,1.76941,1.77019,1.30,1.30
2010.11.08 15:45:48.928,1.76933,1.76986,1.80,2.30
2010.11.08 15:45:50.099,1.76934,1.76985,2.00,1.30
2010.11.08 15:45:50.655,1.76943,1.76987,1.30,2.30
2010.11.08 15:45:51.164,1.76923,1.76975,2.90,2.30
2010.11.08 15:45:53.224,1.76924,1.76975,1.40,2.30
2010.11.08 15:45:55.325,1.76919,1.76963,3.60,2.30
2010.11.08 15:45:55.796,1.76919,1.76963,1.50,2.30
2010.11.08 15:45:57.356,1.76925,1.76963,1.10,1.50
2010.11.08 15:45:58.078,1.7692,1.76965,2.30,2.30
2010.11.08 15:45:58.764,1.76927,1.76979,1.30,3.50
2010.11.08 15:45:58.875,1.7692,1.76965,1.50,2.30
2010.11.08 15:45:59.513,1.76937,1.76983,1.50,2.80
2010.11.08 15:45:59.626,1.76937,1.76988,2.30,1.50
2010.11.08 15:46:01.670,1.76945,1.76991,1.30,2.30
2010.11.08 15:46:03.696,1.76945,1.76991,1.30,2.30
2010.11.08 15:46:04.620,1.76937,1.76988,1.30,2.30
2010.11.08 15:46:05.582,1.76921,1.76975,4.20,1.50
2010.11.08 15:46:07.606,1.76925,1.76975,2.90,1.50
2010.11.08 15:46:10.078,1.76931,1.76977,1.90,1.50
2010.11.08 15:46:11.017,1.76932,1.76977,1.40,1.30
2010.11.08 15:46:11.631,1.76944,1.7699,1.50,2.30
2010.11.08 15:46:13.758,1.76944,1.7699,1.50,2.30
2010.11.08 15:46:15.851,1.76944,1.7699,1.50,2.30
2010.11.08 15:46:18.106,1.76944,1.7699,1.50,2.30
2010.11.08 15:46:20.447,1.76944,1.7699,1.50,2.30
2010.11.08 15:46:20.887,1.76944,1.7699,2.30,1.30
2010.11.08 15:46:23.181,1.76946,1.76996,1.70,1.10
2010.11.08 15:46:25.215,1.76946,1.77002,1.90,2.30
2010.11.08 15:46:25.714,1.76944,1.7699,1.70,1.50
2010.11.08 15:46:27.782,1.76944,1.7699,1.90,2.30
2010.11.08 15:46:30.125,1.76944,1.7699,1.90,2.30
2010.11.08 15:46:30.467,1.76937,1.7697,2.10,1.50
2010.11.08 15:46:30.579,1.76943,1.76988,2.90,1.30
2010.11.08 15:46:31.078,1.76934,1.7698,2.30,2.30
2010.11.08 15:46:32.856,1.76934,1.7698,1.90,2.30
2010.11.08 15:46:34.963,1.76934,1.7698,1.90,2.30
2010.11.08 15:46:36.996,1.76934,1.7698,1.90,2.30
2010.11.08 15:46:39.279,1.76934,1.7698,1.90,2.30
2010.11.08 15:46:39.392,1.7694,1.76986,1.50,1.50
2010.11.08 15:46:40.880,1.76947,1.76993,1.50,1.50
2010.11.08 15:46:42.734,1.76947,1.76993,2.30,2.40
2010.11.08 15:46:43.064,1.76955,1.77005,1.40,1.60
2010.11.08 15:46:43.554,1.76959,1.77002,1.30,1.10
2010.11.08 15:46:44.936,1.76949,1.77004,4.20,1.10
2010.11.08 15:46:46.953,1.76959,1.77006,1.50,1.70
2010.11.08 15:46:48.952,1.76959,1.77006,1.50,1.50
2010.11.08 15:46:49.284,1.76962,1.77012,1.50,1.10
2010.11.08 15:46:50.414,1.76971,1.77019,1.30,3.60
2010.11.08 15:46:52.446,1.76971,1.77019,1.50,2.30
2010.11.08 15:46:54.185,1.76971,1.77013,2.10,1.10
2010.11.08 15:46:55.053,1.76963,1.77013,2.10,1.10
2010.11.08 15:46:55.276,1.7696,1.77005,1.90,1.50
2010.11.08 15:46:55.500,1.76968,1.77005,1.70,1.50
2010.11.08 15:46:55.618,1.76971,1.77019,1.90,3.80
2010.11.08 15:46:56.210,1.76972,1.77018,1.90,4.20
2010.11.08 15:46:56.434,1.76972,1.77018,1.90,1.70
2010.11.08 15:46:57.945,1.76972,1.77018,1.90,4.20
2010.11.08 15:46:59.134,1.76972,1.77018,1.90,1.70
2010.11.08 15:47:00.496,1.76972,1.77012,1.70,1.10
2010.11.08 15:47:00.715,1.76961,1.77007,1.90,1.50
2010.11.08 15:47:00.824,1.76959,1.76997,2.50,1.30
2010.11.08 15:47:01.044,1.76959,1.77014,1.70,2.30
2010.11.08 15:47:01.698,1.76956,1.77014,2.10,1.70
2010.11.08 15:47:03.397,1.76956,1.77012,1.70,2.30
2010.11.08 15:47:04.296,1.76948,1.77012,1.70,1.50
2010.11.08 15:47:05.706,1.76956,1.77014,1.70,1.30
2010.11.08 15:47:05.817,1.76956,1.77014,2.10,3.50
2010.11.08 15:47:05.929,1.76956,1.77014,2.10,1.50
2010.11.08 15:47:06.480,1.76949,1.76997,1.70,1.30
2010.11.08 15:47:08.874,1.76953,1.77007,2.30,1.50
2010.11.08 15:47:10.864,1.76954,1.7701,1.50,2.30
2010.11.08 15:47:11.517,1.76954,1.7701,2.30,1.50
2010.11.08 15:47:13.005,1.76965,1.77011,2.30,1.30
2010.11.08 15:47:13.555,1.76971,1.77026,1.30,1.20
2010.11.08 15:47:14.057,1.76971,1.77027,1.30,1.40
2010.11.08 15:47:14.496,1.76971,1.77012,1.30,1.10
2010.11.08 15:47:14.606,1.76949,1.77007,4.60,1.50
2010.11.08 15:47:15.195,1.76949,1.77007,1.30,1.70
2010.11.08 15:47:15.638,1.76949,1.77007,2.30,1.30
2010.11.08 15:47:16.217,1.76963,1.77015,1.30,1.20
2010.11.08 15:47:16.545,1.76952,1.77013,1.90,1.20
2010.11.08 15:47:16.658,1.76952,1.77015,1.90,2.50
2010.11.08 15:47:18.253,1.76963,1.77019,1.30,4.20
2010.11.08 15:47:20.149,1.76964,1.77022,1.30,5.60
2010.11.08 15:47:22.174,1.76964,1.77022,1.30,6.00
2010.11.08 15:47:22.286,1.76964,1.77022,1.30,6.10
2010.11.08 15:47:24.647,1.76964,1.77022,1.30,5.50
2010.11.08 15:47:24.864,1.76964,1.77017,1.30,1.40
2010.11.08 15:47:27.258,1.76964,1.77017,1.30,1.40
2010.11.08 15:47:28.979,1.76964,1.77022,1.30,6.00
2010.11.08 15:47:29.196,1.76964,1.77022,1.30,6.10
2010.11.08 15:47:30.030,1.76965,1.77021,1.30,3.60
2010.11.08 15:47:30.371,1.76968,1.77022,1.30,1.20
2010.11.08 15:47:31.078,1.76978,1.77033,1.30,1.20
2010.11.08 15:47:31.294,1.76978,1.77023,1.30,1.20
2010.11.08 15:47:32.116,1.76978,1.77032,1.30,1.20
2010.11.08 15:47:32.776,1.76978,1.77034,1.30,5.70
2010.11.08 15:47:32.888,1.76991,1.77038,1.30,1.70
2010.11.08 15:47:32.997,1.76991,1.77038,1.30,1.80
2010.11.08 15:47:33.715,1.76979,1.77039,2.40,1.50
2010.11.08 15:47:34.199,1.76971,1.77039,1.30,1.50
2010.11.08 15:47:34.321,1.76984,1.77047,1.30,1.10
2010.11.08 15:47:34.439,1.76984,1.77044,1.30,1.80
2010.11.08 15:47:34.665,1.76984,1.77047,1.30,1.10
2010.11.08 15:47:35.184,1.76981,1.77043,1.30,1.20
2010.11.08 15:47:36.216,1.76981,1.77038,1.30,1.50
2010.11.08 15:47:36.435,1.76981,1.77052,1.30,1.20
2010.11.08 15:47:38.348,1.76981,1.77034,1.30,2.40
2010.11.08 15:47:38.462,1.76967,1.77023,2.10,1.40
2010.11.08 15:47:38.686,1.76971,1.77032,1.70,2.40
2010.11.08 15:47:39.309,1.76971,1.77033,1.70,3.80
2010.11.08 15:47:39.746,1.76971,1.77027,1.70,2.70
2010.11.08 15:47:41.278,1.76981,1.77032,1.30,1.10
2010.11.08 15:47:41.389,1.7696,1.77027,2.70,1.70
2010.11.08 15:47:41.784,1.7696,1.77022,2.60,1.40
2010.11.08 15:47:42.017,1.7693,1.76986,2.10,1.50
2010.11.08 15:47:44.246,1.7693,1.76986,4.20,1.30
2010.11.08 15:47:46.185,1.7693,1.76986,1.30,1.50
2010.11.08 15:47:46.675,1.7692,1.76978,1.50,1.30
2010.11.08 15:47:48.264,1.7692,1.76978,2.30,1.30
2010.11.08 15:47:48.374,1.76924,1.76988,2.30,1.30
2010.11.08 15:47:48.608,1.76924,1.76988,2.30,1.50
2010.11.08 15:47:49.351,1.76923,1.76989,2.30,1.50
2010.11.08 15:47:49.816,1.76923,1.76989,2.30,1.30
2010.11.08 15:47:50.415,1.76934,1.7699,1.50,1.30
2010.11.08 15:47:50.756,1.76938,1.76986,2.30,1.30
2010.11.08 15:47:50.867,1.76946,1.77003,2.30,1.20
2010.11.08 15:47:51.595,1.76939,1.76985,1.50,1.30
2010.11.08 15:47:51.706,1.76939,1.76985,4.20,1.30
2010.11.08 15:47:52.657,1.76948,1.77004,1.40,1.50
2010.11.08 15:47:52.875,1.76949,1.77004,1.40,3.50
2010.11.08 15:47:53.786,1.76949,1.77004,1.40,1.40
2010.11.08 15:47:55.158,1.76959,1.77015,1.50,3.50
2010.11.08 15:47:55.607,1.76951,1.76999,2.10,1.30
2010.11.08 15:47:56.176,1.76951,1.76999,1.30,1.30
2010.11.08 15:47:56.289,1.76949,1.76991,1.20,1.30
2010.11.08 15:47:56.408,1.76936,1.76993,1.20,2.80
2010.11.08 15:47:57.810,1.76926,1.77003,2.10,1.30
2010.11.08 15:47:57.926,1.76928,1.76992,2.10,1.30
2010.11.08 15:47:58.430,1.7692,1.76984,2.10,1.30
2010.11.08 15:47:58.546,1.76916,1.76972,2.10,1.30
2010.11.08 15:47:59.343,1.7692,1.76982,4.20,1.30
2010.11.08 15:47:59.788,1.76928,1.76971,1.20,1.30
2010.11.08 15:48:01.797,1.76927,1.76971,1.20,1.30
2010.11.08 15:48:01.905,1.76928,1.76982,1.40,1.30
2010.11.08 15:48:02.438,1.76927,1.76981,1.20,2.30
2010.11.08 15:48:03.463,1.76907,1.7698,1.40,1.50
2010.11.08 15:48:03.577,1.76909,1.76973,2.90,2.60
2010.11.08 15:48:03.796,1.769,1.76981,2.90,1.30
2010.11.08 15:48:04.439,1.76898,1.76949,1.20,1.30
2010.11.08 15:48:04.555,1.76897,1.7696,2.30,1.30
2010.11.08 15:48:05.339,1.76895,1.76949,1.10,1.30
2010.11.08 15:48:07.374,1.76894,1.76949,6.10,1.30
2010.11.08 15:48:09.394,1.76894,1.76949,2.60,1.30
2010.11.08 15:48:09.725,1.76888,1.76936,1.40,1.30
2010.11.08 15:48:09.839,1.76882,1.76936,3.30,1.30
2010.11.08 15:48:10.330,1.76876,1.76924,1.30,1.30
2010.11.08 15:48:10.468,1.76876,1.76935,2.00,1.30
2010.11.08 15:48:11.696,1.76876,1.76923,1.80,1.30
2010.11.08 15:48:12.186,1.76873,1.7691,1.50,1.30
2010.11.08 15:48:12.300,1.76858,1.76911,2.30,1.30
2010.11.08 15:48:12.746,1.76868,1.76916,1.90,1.30
2010.11.08 15:48:13.224,1.76868,1.7691,1.10,1.30
2010.11.08 15:48:13.342,1.76867,1.76923,1.70,1.30
2010.11.08 15:48:15.369,1.76861,1.76922,1.50,1.30
2010.11.08 15:48:16.005,1.76871,1.76927,2.30,1.30
2010.11.08 15:48:17.766,1.76887,1.76932,1.30,2.30
2010.11.08 15:48:18.380,1.76874,1.7692,1.50,1.30
2010.11.08 15:48:18.538,1.76896,1.76942,2.30,1.30
2010.11.08 15:48:18.649,1.76907,1.76954,2.30,1.30
2010.11.08 15:48:19.053,1.76907,1.76954,2.30,1.30
2010.11.08 15:48:19.180,1.76918,1.76966,2.30,1.30
2010.11.08 15:48:19.299,1.76918,1.76966,2.30,1.30
2010.11.08 15:48:19.408,1.76928,1.76978,2.30,1.30
2010.11.08 15:48:20.369,1.76928,1.76981,1.90,1.30
2010.11.08 15:48:20.915,1.76932,1.76983,1.40,2.70
2010.11.08 15:48:21.460,1.76939,1.76988,4.20,2.60
2010.11.08 15:48:21.797,1.76939,1.76992,1.30,1.60
2010.11.08 15:48:21.907,1.76924,1.76992,1.40,2.80
2010.11.08 15:48:23.946,1.7693,1.76991,4.20,1.30
2010.11.08 15:48:24.058,1.7693,1.76991,4.20,1.30
2010.11.08 15:48:24.890,1.76922,1.76985,1.70,1.30
2010.11.08 15:48:25.557,1.76924,1.76978,1.50,1.30
2010.11.08 15:48:26.069,1.76931,1.76978,2.90,1.30
2010.11.08 15:48:26.177,1.76931,1.76989,2.90,2.60
2010.11.08 15:48:26.394,1.76936,1.76996,4.20,2.60
2010.11.08 15:48:28.505,1.76929,1.76989,1.50,1.30
2010.11.08 15:48:30.599,1.76938,1.76991,1.20,1.30
2010.11.08 15:48:31.887,1.76928,1.76982,1.40,1.30
2010.11.08 15:48:32.703,1.76928,1.76989,1.70,1.30
2010.11.08 15:48:34.827,1.76929,1.76989,1.50,1.30
2010.11.08 15:48:36.430,1.76928,1.76985,1.20,1.30
2010.11.08 15:48:37.200,1.76933,1.76978,1.40,2.60
2010.11.08 15:48:37.723,1.76921,1.76966,1.40,1.30
2010.11.08 15:48:39.527,1.76922,1.76967,1.20,1.50
2010.11.08 15:48:41.564,1.76923,1.76969,1.90,1.50
2010.11.08 15:48:42.072,1.76925,1.76983,1.40,1.60
2010.11.08 15:48:43.184,1.76936,1.76983,1.20,1.50
2010.11.08 15:48:45.014,1.76938,1.76989,1.50,2.60
2010.11.08 15:48:46.865,1.76938,1.76989,1.20,2.60
2010.11.08 15:48:48.126,1.7693,1.76978,1.20,2.60
2010.11.08 15:48:49.089,1.76931,1.76982,1.20,2.60
2010.11.08 15:48:49.211,1.76938,1.76982,1.50,1.30
2010.11.08 15:48:49.546,1.76939,1.7699,1.50,2.60
2010.11.08 15:48:51.596,1.76946,1.76991,1.20,1.30
2010.11.08 15:48:53.601,1.76946,1.76996,1.20,2.60
2010.11.08 15:48:55.676,1.76946,1.76995,1.20,1.30
2010.11.08 15:48:56.227,1.76949,1.76995,1.50,1.30
2010.11.08 15:48:56.335,1.76948,1.77001,1.50,2.60
2010.11.08 15:48:57.876,1.76947,1.77001,1.20,1.30
2010.11.08 15:48:58.449,1.76946,1.76995,1.20,2.60
2010.11.08 15:49:00.515,1.76946,1.76995,1.20,2.60
2010.11.08 15:49:02.534,1.76947,1.76991,1.20,1.30
2010.11.08 15:49:04.597,1.76953,1.77,1.70,1.30
2010.11.08 15:49:04.816,1.76953,1.77,2.10,1.30
2010.11.08 15:49:04.926,1.76948,1.77008,1.50,1.30
2010.11.08 15:49:07.015,1.76959,1.77002,1.20,2.30
2010.11.08 15:49:07.455,1.76963,1.77002,1.50,2.30
2010.11.08 15:49:07.969,1.76964,1.77013,2.90,2.80
2010.11.08 15:49:09.405,1.76964,1.77014,4.70,1.50
2010.11.08 15:49:09.515,1.76964,1.77003,4.70,1.30
2010.11.08 15:49:09.989,1.76969,1.77015,1.90,1.50
2010.11.08 15:49:10.556,1.76969,1.77015,1.70,2.30
2010.11.08 15:49:11.566,1.76959,1.77008,1.20,1.50
2010.11.08 15:49:12.490,1.76971,1.77019,1.30,1.30
2010.11.08 15:49:12.615,1.76947,1.77007,1.20,2.80
2010.11.08 15:49:12.727,1.76948,1.77009,1.50,1.50
2010.11.08 15:49:12.837,1.76948,1.77009,1.50,1.50
2010.11.08 15:49:14.847,1.7696,1.77013,1.70,1.30
2010.11.08 15:49:15.394,1.7696,1.77013,2.10,1.30
2010.11.08 15:49:17.505,1.76968,1.77014,1.20,1.50
2010.11.08 15:49:19.559,1.76968,1.77014,1.20,1.50
2010.11.08 15:49:21.610,1.76969,1.77013,1.50,1.50
2010.11.08 15:49:22.871,1.76969,1.77002,1.50,1.30
2010.11.08 15:49:22.986,1.76964,1.77013,2.90,1.50
2010.11.08 15:49:25.362,1.76971,1.77011,2.90,1.30
2010.11.08 15:49:25.478,1.76971,1.77023,1.70,1.30
2010.11.08 15:49:27.354,1.7697,1.77023,4.20,2.30
2010.11.08 15:49:29.474,1.7697,1.77011,2.90,1.50
2010.11.08 15:49:31.599,1.7697,1.77011,2.90,1.50
2010.11.08 15:49:32.304,1.76971,1.77,2.90,1.30
2010.11.08 15:49:32.525,1.76958,1.77,1.70,2.30
2010.11.08 15:49:33.725,1.76956,1.77,1.40,1.30
2010.11.08 15:49:34.277,1.76979,1.77023,2.30,1.30
2010.11.08 15:49:34.497,1.76986,1.7703,1.30,1.40
2010.11.08 15:49:34.606,1.76986,1.7703,2.10,1.40
2010.11.08 15:49:35.116,1.76998,1.77041,1.50,1.50
2010.11.08 15:49:37.135,1.76999,1.77041,1.50,1.30
2010.11.08 15:49:39.235,1.76999,1.7704,1.50,1.30
2010.11.08 15:49:39.566,1.76999,1.77048,1.50,1.20
2010.11.08 15:49:41.578,1.76999,1.77053,2.30,1.40
2010.11.08 15:49:42.935,1.76998,1.77054,6.10,1.30
2010.11.08 15:49:43.154,1.76998,1.77054,2.80,1.50
2010.11.08 15:49:44.804,1.77003,1.77046,1.50,1.30
2010.11.08 15:49:46.806,1.77008,1.77046,1.20,1.30
2010.11.08 15:49:48.977,1.77008,1.77046,1.20,1.30
2010.11.08 15:49:49.709,1.77008,1.77053,1.20,1.50
2010.11.08 15:49:49.826,1.77008,1.77053,1.20,2.30
2010.11.08 15:49:49.935,1.77012,1.77053,1.40,1.30
2010.11.08 15:49:50.706,1.77012,1.77065,2.40,1.30
2010.11.08 15:49:52.774,1.77012,1.77062,1.20,2.40
2010.11.08 15:49:54.976,1.77014,1.77062,1.50,2.50
2010.11.08 15:49:55.106,1.77013,1.77049,1.50,1.30
2010.11.08 15:49:57.182,1.77014,1.77049,1.50,1.30
2010.11.08 15:49:57.853,1.77014,1.77049,1.50,2.30
2010.11.08 15:49:59.324,1.77003,1.77053,2.90,1.60
2010.11.08 15:50:01.729,1.76999,1.77053,2.90,1.30
2010.11.08 15:50:01.961,1.76999,1.77053,1.50,2.40
2010.11.08 15:50:02.868,1.76999,1.77053,2.90,1.30
2010.11.08 15:50:03.305,1.76999,1.77053,2.90,1.30
2010.11.08 15:50:04.257,1.77008,1.77053,1.50,2.30
2010.11.08 15:50:06.659,1.76994,1.77036,2.90,1.30
2010.11.08 15:50:08.126,1.76994,1.77051,4.70,2.30
2010.11.08 15:50:08.240,1.76993,1.77046,1.20,1.40
2010.11.08 15:50:08.356,1.76984,1.7704,2.10,2.30
2010.11.08 15:50:08.962,1.76974,1.77016,1.50,1.50
2010.11.08 15:50:09.844,1.76973,1.77016,1.50,1.50
2010.11.08 15:50:11.960,1.76974,1.77017,1.50,1.30
2010.11.08 15:50:13.995,1.76973,1.77017,1.50,1.30
2010.11.08 15:50:15.757,1.76983,1.77041,6.10,1.30
2010.11.08 15:50:16.134,1.76989,1.77041,1.20,1.30
2010.11.08 15:50:17.357,1.76989,1.77051,1.20,2.30
2010.11.08 15:50:19.454,1.76989,1.7704,1.20,1.20
2010.11.08 15:50:21.819,1.7699,1.77041,1.20,1.30
2010.11.08 15:50:24.063,1.7699,1.77041,1.20,1.30
2010.11.08 15:50:26.136,1.7699,1.77041,1.20,1.30
2010.11.08 15:50:26.898,1.76998,1.7705,1.50,2.40
2010.11.08 15:50:28.072,1.77004,1.77041,1.50,1.30
2010.11.08 15:50:30.419,1.77004,1.77041,1.50,1.30
2010.11.08 15:50:30.745,1.77007,1.77057,1.90,2.40
2010.11.08 15:50:30.854,1.7701,1.77057,1.40,2.40
2010.11.08 15:50:30.965,1.77007,1.77057,1.90,2.40
2010.11.08 15:50:31.074,1.77011,1.77057,1.20,2.40
2010.11.08 15:50:33.135,1.7701,1.77057,2.10,2.40
2010.11.08 15:50:35.016,1.77019,1.77067,2.30,1.20
2010.11.08 15:50:37.176,1.77019,1.77066,2.30,1.20
2010.11.08 15:50:38.756,1.77019,1.77069,4.20,1.20
2010.11.08 15:50:40.843,1.77029,1.77064,1.50,1.20
2010.11.08 15:50:42.920,1.77029,1.77061,1.50,2.40
2010.11.08 15:50:45.069,1.77029,1.7706,1.50,1.20
2010.11.08 15:50:47.162,1.77029,1.77061,1.50,1.20
2010.11.08 15:50:49.490,1.77029,1.7705,1.50,1.20
2010.11.08 15:50:50.751,1.77009,1.77058,1.50,1.20
2010.11.08 15:50:50.883,1.77023,1.77068,1.50,2.40
2010.11.08 15:50:52.917,1.77024,1.7707,1.50,1.20
2010.11.08 15:50:55.097,1.77023,1.7707,1.50,2.40
2010.11.08 15:50:56.827,1.77023,1.77064,1.50,2.40
2010.11.08 15:50:58.534,1.77023,1.77062,1.20,2.40
2010.11.08 15:50:59.194,1.77014,1.77071,1.50,2.40
2010.11.08 15:51:00.055,1.77023,1.77073,1.20,2.40
2010.11.08 15:51:01.064,1.77024,1.7708,1.40,2.40
2010.11.08 15:51:01.618,1.77032,1.77082,1.70,1.20
2010.11.08 15:51:02.245,1.77036,1.77097,4.20,2.40
2010.11.08 15:51:03.298,1.77049,1.77086,1.50,1.20
2010.11.08 15:51:05.653,1.77038,1.77084,1.50,1.40
2010.11.08 15:51:07.262,1.77038,1.77075,1.50,1.20
2010.11.08 15:51:07.378,1.77023,1.77084,2.90,2.40
2010.11.08 15:51:08.292,1.77024,1.77076,1.50,1.20
2010.11.08 15:51:08.405,1.77024,1.77082,1.50,2.40
2010.11.08 15:51:08.684,1.77024,1.77082,1.50,2.40
2010.11.08 15:51:10.755,1.77024,1.77082,1.50,2.40
2010.11.08 15:51:10.893,1.77023,1.77074,1.50,1.30
2010.11.08 15:51:11.120,1.77023,1.77074,1.50,1.50
2010.11.08 15:51:11.725,1.77023,1.77059,1.50,1.20
2010.11.08 15:51:11.863,1.77023,1.77067,1.50,2.40
2010.11.08 15:51:13.696,1.77024,1.7706,1.50,1.20
2010.11.08 15:51:14.122,1.77024,1.77069,1.50,1.20
2010.11.08 15:51:16.154,1.77023,1.7707,1.70,2.40
2010.11.08 15:51:17.136,1.77024,1.77062,1.50,1.20
2010.11.08 15:51:18.665,1.77024,1.7706,1.20,2.40
2010.11.08 15:51:20.685,1.77014,1.77059,1.50,1.20
2010.11.08 15:51:22.959,1.77014,1.77059,1.50,1.20
2010.11.08 15:51:24.420,1.77014,1.77052,1.50,1.20
2010.11.08 15:51:26.434,1.76999,1.7705,1.50,1.20
2010.11.08 15:51:28.524,1.76999,1.77046,1.50,1.20
2010.11.08 15:51:29.021,1.76999,1.77046,1.50,1.20
2010.11.08 15:51:31.074,1.76998,1.77046,1.50,2.40
2010.11.08 15:51:33.170,1.77002,1.77045,1.30,1.20
2010.11.08 15:51:33.661,1.77007,1.77036,1.20,1.30
2010.11.08 15:51:33.997,1.76994,1.7703,1.50,1.30
2010.11.08 15:51:36.288,1.76993,1.7703,1.50,1.30
2010.11.08 15:51:38.059,1.76993,1.77042,1.50,1.50
2010.11.08 15:51:38.287,1.76993,1.77042,1.50,1.50
2010.11.08 15:51:38.394,1.76993,1.77042,1.50,1.50
2010.11.08 15:51:39.207,1.76984,1.7704,1.50,2.70
2010.11.08 15:51:40.694,1.76983,1.7703,1.50,1.30
2010.11.08 15:51:41.245,1.76973,1.7704,1.50,3.70
2010.11.08 15:51:43.346,1.76973,1.7703,1.50,1.30
2010.11.08 15:51:45.395,1.76974,1.7703,2.10,1.30
2010.11.08 15:51:46.354,1.76987,1.77043,1.90,1.30
2010.11.08 15:51:48.775,1.7699,1.77041,1.20,1.30
2010.11.08 15:51:50.898,1.76994,1.77041,1.20,1.30
2010.11.08 15:51:52.984,1.76994,1.77042,1.20,1.30
2010.11.08 15:51:55.095,1.76993,1.77044,1.20,1.30
2010.11.08 15:51:57.167,1.76993,1.77043,1.20,1.50
2010.11.08 15:51:58.196,1.76993,1.77031,1.20,1.30
2010.11.08 15:51:58.415,1.76993,1.77041,1.20,1.30
2010.11.08 15:52:01.045,1.76994,1.77041,1.20,1.30
2010.11.08 15:52:03.094,1.76993,1.77043,1.20,1.30
2010.11.08 15:52:05.154,1.76993,1.77043,1.20,1.30
2010.11.08 15:52:07.037,1.76983,1.7703,1.50,1.30
2010.11.08 15:52:08.657,1.76984,1.77028,1.50,1.50
2010.11.08 15:52:08.766,1.76984,1.77028,1.50,1.30
2010.11.08 15:52:10.986,1.76983,1.77028,1.50,1.30
2010.11.08 15:52:12.160,1.76983,1.77017,1.50,1.30
2010.11.08 15:52:12.385,1.76974,1.77017,1.50,1.30
2010.11.08 15:52:14.425,1.76974,1.77029,1.50,2.30
2010.11.08 15:52:14.535,1.76974,1.77029,1.50,1.30
2010.11.08 15:52:16.395,1.76974,1.77017,1.50,1.30
2010.11.08 15:52:16.946,1.76973,1.77029,1.50,1.50
2010.11.08 15:52:17.796,1.76974,1.77017,1.50,1.30
2010.11.08 15:52:18.818,1.76973,1.77006,1.50,1.30
2010.11.08 15:52:18.939,1.76967,1.77028,1.40,1.30
2010.11.08 15:52:21.034,1.76973,1.77028,1.50,1.30
2010.11.08 15:52:23.202,1.76974,1.77028,1.50,1.30
2010.11.08 15:52:23.538,1.76974,1.77017,1.50,1.50
2010.11.08 15:52:24.705,1.76964,1.77017,2.70,1.30
2010.11.08 15:52:25.343,1.76973,1.77017,1.10,1.50
2010.11.08 15:52:25.677,1.76964,1.77017,2.70,1.30
2010.11.08 15:52:26.858,1.76963,1.77005,2.80,1.30
2010.11.08 15:52:27.581,1.76968,1.77005,1.20,1.30
2010.11.08 15:52:29.840,1.76964,1.77005,1.20,1.30
2010.11.08 15:52:31.949,1.76954,1.77005,1.20,1.30
2010.11.08 15:52:32.068,1.76959,1.77017,1.50,1.30
2010.11.08 15:52:32.285,1.76958,1.77017,1.70,1.30
2010.11.08 15:52:32.908,1.76958,1.77004,1.60,1.30
2010.11.08 15:52:34.526,1.76958,1.77008,1.50,2.30
2010.11.08 15:52:36.638,1.76943,1.77004,2.70,1.30
2010.11.08 15:52:38.079,1.76956,1.77003,1.40,1.30
2010.11.08 15:52:38.186,1.76956,1.77003,2.90,1.30
2010.11.08 15:52:38.903,1.76961,1.77017,2.10,1.50
2010.11.08 15:52:39.236,1.76958,1.77006,2.90,1.30
2010.11.08 15:52:39.728,1.7696,1.77018,6.10,1.30
2010.11.08 15:52:41.756,1.76957,1.77017,1.50,1.30
2010.11.08 15:52:41.865,1.76954,1.77006,2.80,1.30
2010.11.08 15:52:42.656,1.76948,1.77006,2.10,1.50
2010.11.08 15:52:43.621,1.76939,1.76993,2.90,1.30
2010.11.08 15:52:45.685,1.76937,1.76993,1.40,1.30
2010.11.08 15:52:47.698,1.76935,1.76993,4.20,1.30
2010.11.08 15:52:49.736,1.76942,1.7699,1.10,1.50
2010.11.08 15:52:50.580,1.7692,1.76967,1.70,1.30
2010.11.08 15:52:51.976,1.76922,1.76977,1.70,1.30
2010.11.08 15:52:52.198,1.76924,1.7698,1.70,1.30
2010.11.08 15:52:53.025,1.76922,1.76977,1.20,1.30
2010.11.08 15:52:53.955,1.76922,1.76966,1.10,1.30
2010.11.08 15:52:55.825,1.76922,1.7698,4.50,5.20
2010.11.08 15:52:55.938,1.76923,1.7698,1.10,2.60
2010.11.08 15:52:56.541,1.76923,1.7698,2.00,1.30
2010.11.08 15:52:58.032,1.76922,1.76966,1.10,1.30
2010.11.08 15:53:00.354,1.76918,1.76966,1.50,1.30
2010.11.08 15:53:02.532,1.76924,1.76966,1.80,1.30
2010.11.08 15:53:03.840,1.76921,1.76977,1.50,1.30
2010.11.08 15:53:03.955,1.76921,1.76967,1.50,1.30
2010.11.08 15:53:04.179,1.76918,1.76965,1.30,1.30
2010.11.08 15:53:04.397,1.76919,1.76955,1.20,1.30
2010.11.08 15:53:04.910,1.76917,1.76965,1.10,1.30
2010.11.08 15:53:05.136,1.76913,1.76965,1.10,1.30
2010.11.08 15:53:05.246,1.76916,1.76965,1.80,1.30
2010.11.08 15:53:05.996,1.76913,1.76965,1.10,1.30
2010.11.08 15:53:06.545,1.76913,1.76954,1.10,1.30
2010.11.08 15:53:07.202,1.76909,1.76967,4.20,1.30
2010.11.08 15:53:08.747,1.76912,1.76967,1.10,2.30
2010.11.08 15:53:10.786,1.76915,1.76966,1.40,1.30
2010.11.08 15:53:11.602,1.76916,1.76966,1.80,1.30
2010.11.08 15:53:13.656,1.76916,1.76966,1.80,1.30
2010.11.08 15:53:15.880,1.76915,1.76967,1.80,1.30
2010.11.08 15:53:16.957,1.76922,1.76967,2.60,1.30
2010.11.08 15:53:17.485,1.76922,1.7698,2.30,1.30
2010.11.08 15:53:19.504,1.76922,1.7698,2.40,1.30
2010.11.08 15:53:21.507,1.76922,1.7698,2.30,1.30
2010.11.08 15:53:23.687,1.76922,1.7698,2.40,1.30
2010.11.08 15:53:25.245,1.76927,1.7698,1.10,1.30
2010.11.08 15:53:25.822,1.76935,1.76993,2.10,2.30
2010.11.08 15:53:26.713,1.76935,1.76993,4.20,1.30
2010.11.08 15:53:28.714,1.76935,1.76993,4.20,1.30
2010.11.08 15:53:29.522,1.76935,1.76993,2.10,2.30
2010.11.08 15:53:31.947,1.76926,1.76978,1.40,1.30
2010.11.08 15:53:34.177,1.76928,1.76979,1.10,1.30
2010.11.08 15:53:36.255,1.76928,1.76979,1.10,1.30
2010.11.08 15:53:37.656,1.76928,1.76979,1.10,1.30
2010.11.08 15:53:39.694,1.76923,1.76977,3.00,1.30
2010.11.08 15:53:41.733,1.76938,1.76984,2.30,1.30
2010.11.08 15:53:42.505,1.76938,1.76984,1.50,1.50
2010.11.08 15:53:44.612,1.76932,1.76982,1.40,1.30
2010.11.08 15:53:45.166,1.76932,1.76972,1.40,1.30
2010.11.08 15:53:47.197,1.76923,1.76971,2.90,1.30
2010.11.08 15:53:49.403,1.76924,1.76971,1.70,1.30
2010.11.08 15:53:51.553,1.76917,1.7696,1.20,1.30
2010.11.08 15:53:53.569,1.76917,1.7696,1.20,1.30
2010.11.08 15:53:55.614,1.76917,1.7696,1.20,1.30
2010.11.08 15:53:57.649,1.76919,1.7696,1.70,1.30
2010.11.08 15:53:58.279,1.76924,1.76966,1.10,1.50
2010.11.08 15:53:58.389,1.76926,1.76972,2.60,1.50
2010.11.08 15:53:59.155,1.76931,1.76983,1.40,1.50
2010.11.08 15:54:01.206,1.76929,1.76983,1.40,1.50
2010.11.08 15:54:01.856,1.76928,1.76983,1.90,2.30
2010.11.08 15:54:04.042,1.76926,1.76971,6.70,1.30
2010.11.08 15:54:04.977,1.76932,1.76982,1.40,1.50
2010.11.08 15:54:06.958,1.76932,1.76982,1.40,1.30
2010.11.08 15:54:09.024,1.76938,1.76985,2.90,1.50
2010.11.08 15:54:11.836,1.76938,1.76985,2.90,1.50
2010.11.08 15:54:14.226,1.76938,1.76983,2.90,1.30
2010.11.08 15:54:16.203,1.76929,1.76983,4.70,1.50
2010.11.08 15:54:18.244,1.76934,1.76983,2.90,1.30
2010.11.08 15:54:20.275,1.76928,1.76983,8.00,1.50
2010.11.08 15:54:22.032,1.76928,1.76983,2.80,2.30
2010.11.08 15:54:23.022,1.76922,1.7697,1.10,1.50
2010.11.08 15:54:23.457,1.76929,1.76982,2.90,1.50
2010.11.08 15:54:25.666,1.76938,1.76982,1.10,1.50
2010.11.08 15:54:25.998,1.76931,1.76971,2.90,1.30
2010.11.08 15:54:26.110,1.76931,1.7698,2.90,1.40
2010.11.08 15:54:28.268,1.76932,1.76981,2.90,1.50
2010.11.08 15:54:28.389,1.76944,1.76984,1.40,1.30
2010.11.08 15:54:28.616,1.7695,1.76994,2.30,2.80
2010.11.08 15:54:30.179,1.76952,1.76983,1.40,1.30
2010.11.08 15:54:30.293,1.76943,1.76983,1.70,1.50
2010.11.08 15:54:31.561,1.76946,1.76994,2.90,2.30
2010.11.08 15:54:31.786,1.7694,1.76984,2.90,1.30
2010.11.08 15:54:32.117,1.76946,1.76994,2.90,2.30
2010.11.08 15:54:34.126,1.7694,1.76994,4.20,2.30
2010.11.08 15:54:35.009,1.76948,1.76994,1.70,2.30
2010.11.08 15:54:37.027,1.76952,1.76994,1.40,1.40
2010.11.08 15:54:38.354,1.76953,1.76995,1.40,1.30
2010.11.08 15:54:38.861,1.7695,1.76995,2.60,2.30
2010.11.08 15:54:38.982,1.76962,1.77008,1.30,2.30
2010.11.08 15:54:41.333,1.76951,1.76995,2.30,1.30
2010.11.08 15:54:43.807,1.76951,1.76995,2.30,1.30
2010.11.08 15:54:44.386,1.76951,1.76995,1.50,1.50
2010.11.08 15:54:44.716,1.76943,1.76993,3.50,2.30
2010.11.08 15:54:46.774,1.76943,1.76983,1.10,1.30
2010.11.08 15:54:48.882,1.76944,1.76994,1.10,1.30
2010.11.08 15:54:50.956,1.7695,1.76996,2.30,1.30
2010.11.08 15:54:52.595,1.7695,1.76998,2.30,1.30
2010.11.08 15:54:52.708,1.7695,1.76998,1.50,1.50
2010.11.08 15:54:52.931,1.7695,1.77004,1.40,1.30
2010.11.08 15:54:54.455,1.76953,1.77009,2.30,1.30
2010.11.08 15:54:56.246,1.76953,1.77009,2.30,2.30
2010.11.08 15:54:56.577,1.76953,1.76998,1.70,1.30
2010.11.08 15:54:56.687,1.76954,1.77008,2.30,1.50
2010.11.08 15:54:58.701,1.76954,1.77008,3.00,1.50
2010.11.08 15:55:00.417,1.76954,1.76997,1.70,1.30
2010.11.08 15:55:02.517,1.76954,1.76997,4.20,1.30
2010.11.08 15:55:04.595,1.76954,1.76997,4.20,1.30
2010.11.08 15:55:06.607,1.76954,1.76997,4.20,1.30
2010.11.08 15:55:08.655,1.76954,1.76997,6.10,1.30
2010.11.08 15:55:10.709,1.76954,1.76997,4.20,1.30
2010.11.08 15:55:11.395,1.76952,1.76995,1.40,1.30
2010.11.08 15:55:13.427,1.76954,1.76997,1.70,1.50
2010.11.08 15:55:15.476,1.76953,1.76998,1.70,2.30
2010.11.08 15:55:17.589,1.7694,1.76985,6.10,1.30
2010.11.08 15:55:19.793,1.7694,1.76985,6.10,1.30
2010.11.08 15:55:21.961,1.76942,1.76982,1.10,2.30
2010.11.08 15:55:22.078,1.76937,1.76983,1.40,1.30
2010.11.08 15:55:23.247,1.76937,1.76985,1.70,2.30
2010.11.08 15:55:24.383,1.76923,1.76979,2.10,2.30
2010.11.08 15:55:24.496,1.76923,1.76979,4.20,1.30
2010.11.08 15:55:26.503,1.76923,1.76979,4.20,1.30
2010.11.08 15:55:27.529,1.76918,1.76966,1.50,1.30
2010.11.08 15:55:29.961,1.76909,1.76965,1.70,1.30
2010.11.08 15:55:31.686,1.76903,1.76955,1.30,1.30
2010.11.08 15:55:33.076,1.76903,1.76955,1.30,1.30
2010.11.08 15:55:35.044,1.76898,1.76955,1.50,2.30
2010.11.08 15:55:35.546,1.76898,1.76941,1.60,1.30
2010.11.08 15:55:36.558,1.76894,1.76952,1.40,1.30
2010.11.08 15:55:38.621,1.76893,1.76952,1.50,1.30
2010.11.08 15:55:38.844,1.76893,1.76952,1.10,2.30
2010.11.08 15:55:40.945,1.76893,1.76941,1.10,1.30
2010.11.08 15:55:43.044,1.76887,1.76941,1.40,1.30
2010.11.08 15:55:43.907,1.76885,1.76941,4.20,1.50
2010.11.08 15:55:44.018,1.76883,1.7694,1.30,1.50
2010.11.08 15:55:44.128,1.76884,1.76928,1.50,1.30
2010.11.08 15:55:44.238,1.76887,1.7694,1.70,1.30
2010.11.08 15:55:44.656,1.76883,1.7694,1.30,2.30
2010.11.08 15:55:45.513,1.76873,1.76929,3.20,1.50
2010.11.08 15:55:45.645,1.76882,1.76917,1.10,1.30
2010.11.08 15:55:45.868,1.76918,1.76941,1.30,1.50
2010.11.08 15:55:45.979,1.76913,1.76959,1.30,1.30
2010.11.08 15:55:46.481,1.76924,1.7697,1.90,2.30
2010.11.08 15:55:46.925,1.76927,1.7697,1.40,1.30
2010.11.08 15:55:47.417,1.76926,1.7697,1.40,1.30
2010.11.08 15:55:48.076,1.76931,1.76989,1.30,1.50
2010.11.08 15:55:50.179,1.76931,1.76989,1.50,1.50
2010.11.08 15:55:51.247,1.76931,1.76989,2.30,1.30
2010.11.08 15:55:51.944,1.7694,1.76994,4.20,1.30
2010.11.08 15:55:54.005,1.7694,1.76994,4.20,2.30
2010.11.08 15:55:54.116,1.7694,1.76994,4.20,1.50
2010.11.08 15:55:54.679,1.76947,1.76994,1.40,1.30
2010.11.08 15:55:55.009,1.76952,1.77008,1.50,1.50
2010.11.08 15:55:57.044,1.76952,1.77008,1.50,3.80
2010.11.08 15:55:57.538,1.76952,1.77008,2.30,1.30
2010.11.08 15:55:59.324,1.76961,1.77009,1.30,2.30
2010.11.08 15:56:00.090,1.7695,1.76996,1.50,1.30
2010.11.08 15:56:01.715,1.7695,1.76996,2.30,1.30
2010.11.08 15:56:03.824,1.76953,1.77007,1.50,1.50
2010.11.08 15:56:05.238,1.76984,1.77007,1.40,1.30
2010.11.08 15:56:05.344,1.76986,1.77017,1.90,1.30
2010.11.08 15:56:05.455,1.76986,1.77041,1.90,4.90
2010.11.08 15:56:05.953,1.76973,1.77025,1.50,1.50
2010.11.08 15:56:08.342,1.76959,1.77025,2.30,1.60
2010.11.08 15:56:09.167,1.76957,1.77013,2.10,1.30
2010.11.08 15:56:09.496,1.76948,1.77012,1.20,1.60
2010.11.08 15:56:11.515,1.76956,1.77014,1.30,1.50
2010.11.08 15:56:12.921,1.7695,1.77,1.40,1.30
2010.11.08 15:56:13.039,1.76957,1.77013,1.30,1.80
2010.11.08 15:56:15.055,1.76947,1.77011,2.30,1.50
2010.11.08 15:56:17.096,1.76947,1.77011,2.30,1.50
2010.11.08 15:56:19.194,1.76947,1.77011,2.30,1.50
2010.11.08 15:56:21.206,1.76947,1.77011,2.30,1.50
2010.11.08 15:56:22.584,1.76963,1.77019,1.30,3.60
2010.11.08 15:56:22.697,1.76956,1.77014,1.70,1.50
2010.11.08 15:56:22.806,1.76957,1.77014,1.40,1.30
2010.11.08 15:56:23.027,1.76961,1.77009,1.30,1.30
2010.11.08 15:56:23.768,1.76954,1.77008,1.40,2.30
2010.11.08 15:56:25.887,1.76953,1.77008,1.40,1.50
2010.11.08 15:56:27.980,1.76954,1.77008,1.40,1.50
2010.11.08 15:56:30.074,1.76953,1.77008,1.50,2.30
2010.11.08 15:56:30.787,1.76947,1.77011,4.20,2.30
2010.11.08 15:56:31.006,1.76946,1.77012,4.20,2.80
2010.11.08 15:56:33.262,1.76946,1.77012,4.20,1.70
2010.11.08 15:56:34.956,1.76946,1.7701,2.10,2.30
2010.11.08 15:56:36.985,1.76939,1.76992,2.80,1.30
2010.11.08 15:56:38.674,1.76939,1.76992,1.90,1.50
2010.11.08 15:56:39.789,1.76939,1.76992,1.70,2.30
2010.11.08 15:56:40.227,1.76943,1.77001,2.60,2.30
2010.11.08 15:56:40.993,1.76943,1.77001,1.70,2.30
2010.11.08 15:56:42.727,1.76934,1.76998,4.20,1.40
2010.11.08 15:56:42.950,1.76934,1.77,2.30,1.90
2010.11.08 15:56:45.292,1.76934,1.77,4.20,3.70
2010.11.08 15:56:45.399,1.76943,1.77001,1.70,3.80
2010.11.08 15:56:47.469,1.76943,1.77001,1.90,3.80
2010.11.08 15:56:47.746,1.76943,1.77001,1.90,1.50
2010.11.08 15:56:48.425,1.76943,1.77001,1.70,2.30
2010.11.08 15:56:48.884,1.76925,1.76973,1.30,1.30
2010.11.08 15:56:49.727,1.76925,1.76973,1.50,2.30
2010.11.08 15:56:51.735,1.76917,1.76971,1.40,2.30
2010.11.08 15:56:52.501,1.76919,1.76971,1.40,1.50
2010.11.08 15:56:52.845,1.76926,1.76972,2.30,1.30
2010.11.08 15:56:55.000,1.76937,1.76985,2.30,2.30
2010.11.08 15:56:56.373,1.76937,1.76985,2.30,1.50
2010.11.08 15:56:56.486,1.7695,1.76998,2.30,2.30
2010.11.08 15:56:56.820,1.7694,1.76996,2.30,2.30
2010.11.08 15:56:57.691,1.7694,1.76996,2.30,2.30
2010.11.08 15:57:00.465,1.76941,1.76996,1.40,2.30
2010.11.08 15:57:01.385,1.76944,1.76996,1.40,1.50
2010.11.08 15:57:02.425,1.76951,1.76997,2.30,1.50
2010.11.08 15:57:03.169,1.76942,1.76993,1.40,1.10
2010.11.08 15:57:05.185,1.76941,1.76992,1.40,1.40
2010.11.08 15:57:05.518,1.76929,1.76985,2.10,2.30
2010.11.08 15:57:06.344,1.76915,1.76979,1.30,2.30
2010.11.08 15:57:06.784,1.76894,1.76977,3.30,1.50
2010.11.08 15:57:08.814,1.76896,1.76972,1.50,2.80
2010.11.08 15:57:10.847,1.76894,1.76968,2.80,1.50
2010.11.08 15:57:11.907,1.76894,1.76968,1.20,1.50
2010.11.08 15:57:12.236,1.7689,1.76945,1.30,1.30
2010.11.08 15:57:14.471,1.7689,1.76945,1.30,1.50
2010.11.08 15:57:15.486,1.76882,1.76928,1.30,1.30
2010.11.08 15:57:16.137,1.76882,1.76928,1.30,1.50
2010.11.08 15:57:16.246,1.76866,1.76924,1.50,1.50
2010.11.08 15:57:16.905,1.76866,1.76924,1.30,2.30
2010.11.08 15:57:17.126,1.76851,1.76923,1.30,1.50
2010.11.08 15:57:17.235,1.76851,1.76923,1.50,1.30
2010.11.08 15:57:17.345,1.76867,1.76923,1.30,1.30
2010.11.08 15:57:18.496,1.76869,1.76933,1.30,1.10
2010.11.08 15:57:18.920,1.76869,1.76933,1.30,1.10
2010.11.08 15:57:19.049,1.76857,1.76921,1.30,1.50
2010.11.08 15:57:19.275,1.76857,1.76921,2.30,1.30
2010.11.08 15:57:21.346,1.76854,1.7691,1.30,1.50
2010.11.08 15:57:23.366,1.76854,1.7691,1.30,1.50
2010.11.08 15:57:25.492,1.76854,1.7691,1.30,1.50
2010.11.08 15:57:25.717,1.76844,1.7691,1.50,2.30
2010.11.08 15:57:27.789,1.76842,1.76898,1.30,1.30
2010.11.08 15:57:27.903,1.76854,1.7691,1.30,1.50
2010.11.08 15:57:28.016,1.76844,1.7691,1.50,1.50
2010.11.08 15:57:29.335,1.76844,1.7691,2.30,1.30
2010.11.08 15:57:30.725,1.76853,1.76911,1.30,2.30
2010.11.08 15:57:32.615,1.76845,1.76909,1.50,1.30
2010.11.08 15:57:33.219,1.76854,1.7691,1.30,1.30
2010.11.08 15:57:35.644,1.76854,1.7691,1.50,1.30
2010.11.08 15:57:36.417,1.76841,1.76899,2.30,1.50
2010.11.08 15:57:37.686,1.76841,1.76899,2.30,1.30
2010.11.08 15:57:38.173,1.76844,1.7691,1.60,1.50
2010.11.08 15:57:38.293,1.76854,1.7691,1.30,1.30
2010.11.08 15:57:40.644,1.76851,1.76909,1.50,1.30
2010.11.08 15:57:40.866,1.76851,1.76909,1.50,1.50
2010.11.08 15:57:40.977,1.76855,1.76911,2.30,1.50
2010.11.08 15:57:41.087,1.76866,1.76914,1.50,1.30
2010.11.08 15:57:42.115,1.76866,1.76914,2.30,1.30
2010.11.08 15:57:43.964,1.76866,1.76914,1.30,2.30
2010.11.08 15:57:44.076,1.76866,1.76914,1.50,1.50
2010.11.08 15:57:44.571,1.76866,1.76914,2.30,1.30
2010.11.08 15:57:44.690,1.7688,1.76925,1.50,1.30
2010.11.08 15:57:44.916,1.7688,1.76925,2.30,1.30
2010.11.08 15:57:45.553,1.76892,1.76938,1.30,1.80
2010.11.08 15:57:45.667,1.76881,1.76933,1.30,1.10
2010.11.08 15:57:46.275,1.76881,1.76923,1.30,1.10
2010.11.08 15:57:46.394,1.76886,1.76942,2.30,1.50
2010.11.08 15:57:46.514,1.76886,1.76942,2.30,1.30
2010.11.08 15:57:47.232,1.76889,1.76952,2.30,1.10
2010.11.08 15:57:47.567,1.76877,1.76941,1.50,1.50
2010.11.08 15:57:48.116,1.76891,1.76945,1.90,1.30
2010.11.08 15:57:48.339,1.769,1.76963,2.30,3.50
2010.11.08 15:57:48.448,1.769,1.76967,2.30,1.40
2010.11.08 15:57:49.145,1.76919,1.76983,1.40,1.10
2010.11.08 15:57:49.261,1.769,1.76983,6.10,2.90
2010.11.08 15:57:49.926,1.76911,1.76986,4.20,1.80
2010.11.08 15:57:50.512,1.76911,1.76975,2.10,1.90
2010.11.08 15:57:52.932,1.76906,1.76965,2.90,1.30
2010.11.08 15:57:54.330,1.76914,1.76968,1.90,1.30
2010.11.08 15:57:54.779,1.76918,1.76968,1.40,1.30
2010.11.08 15:57:55.396,1.76922,1.76985,1.40,1.30
2010.11.08 15:57:56.870,1.76931,1.76989,1.50,1.50
2010.11.08 15:57:57.208,1.76916,1.76987,1.40,2.30
2010.11.08 15:57:59.398,1.76911,1.76987,2.10,1.70
2010.11.08 15:58:01.394,1.76905,1.76985,4.20,1.60
2010.11.08 15:58:03.669,1.76904,1.76985,4.20,1.60
2010.11.08 15:58:05.689,1.76905,1.76985,4.20,1.60
2010.11.08 15:58:07.917,1.76897,1.76975,7.70,1.30
2010.11.08 15:58:08.034,1.769,1.76982,4.20,1.30
2010.11.08 15:58:08.256,1.76905,1.76983,4.20,1.50
2010.11.08 15:58:09.002,1.76893,1.76971,2.70,1.50
2010.11.08 15:58:11.378,1.76898,1.76974,4.20,1.50
2010.11.08 15:58:11.506,1.76905,1.76974,1.40,1.30
2010.11.08 15:58:12.464,1.76897,1.76965,2.10,2.30
2010.11.08 15:58:14.594,1.76888,1.76965,1.20,1.50
2010.11.08 15:58:16.684,1.76888,1.76965,1.20,1.50
2010.11.08 15:58:17.018,1.76887,1.7696,3.30,1.40
2010.11.08 15:58:19.104,1.76886,1.76944,1.70,1.30
2010.11.08 15:58:19.985,1.76889,1.76953,1.50,1.60
2010.11.08 15:58:22.012,1.76889,1.76953,1.50,1.50
2010.11.08 15:58:22.128,1.7688,1.76952,4.20,1.10
2010.11.08 15:58:23.644,1.76869,1.76952,3.30,1.30
2010.11.08 15:58:25.820,1.76867,1.76942,1.20,1.50
2010.11.08 15:58:27.454,1.76877,1.76948,1.10,2.80
2010.11.08 15:58:27.677,1.76872,1.76943,1.30,1.50
2010.11.08 15:58:28.926,1.7687,1.76943,1.20,1.50
2010.11.08 15:58:29.533,1.76863,1.76921,4.20,1.30
2010.11.08 15:58:30.865,1.76863,1.76921,2.10,2.30
2010.11.08 15:58:31.892,1.76911,1.76959,1.30,2.10
2010.11.08 15:58:32.007,1.76898,1.76972,1.90,1.20
2010.11.08 15:58:32.116,1.76911,1.76959,1.30,1.70
2010.11.08 15:58:32.753,1.76919,1.76998,4.80,2.10
2010.11.08 15:58:32.866,1.76919,1.76998,4.80,1.70
2010.11.08 15:58:32.978,1.76922,1.77003,1.30,8.10
2010.11.08 15:58:33.088,1.7693,1.76997,1.30,1.30
2010.11.08 15:58:33.306,1.7692,1.76997,1.30,1.30
2010.11.08 15:58:33.971,1.7692,1.76997,2.30,1.30
2010.11.08 15:58:35.118,1.76921,1.76997,2.80,1.50
2010.11.08 15:58:36.074,1.76915,1.76995,1.50,1.70
2010.11.08 15:58:36.192,1.76916,1.76992,1.30,1.10
2010.11.08 15:58:36.640,1.76911,1.76995,1.70,1.50
2010.11.08 15:58:38.258,1.76913,1.76993,1.70,2.30
2010.11.08 15:58:39.164,1.76902,1.76986,1.70,1.50
2010.11.08 15:58:41.585,1.76902,1.76982,3.00,1.40
2010.11.08 15:58:42.761,1.76908,1.76984,1.30,3.50
2010.11.08 15:58:43.207,1.76908,1.76978,1.30,1.40
2010.11.08 15:58:43.835,1.76899,1.76971,3.30,1.50
2010.11.08 15:58:44.386,1.76907,1.76971,1.50,1.60
2010.11.08 15:58:44.496,1.76908,1.76971,1.50,1.30
2010.11.08 15:58:44.987,1.76908,1.76982,2.80,1.80
2010.11.08 15:58:45.207,1.76908,1.76984,2.80,3.70
2010.11.08 15:58:46.320,1.76908,1.76984,2.80,1.70
2010.11.08 15:58:48.016,1.76908,1.76983,1.30,1.10
2010.11.08 15:58:49.889,1.76908,1.76972,1.50,1.50
2010.11.08 15:58:50.675,1.76919,1.76975,1.50,1.40
2010.11.08 15:58:52.695,1.76919,1.76975,1.50,1.30
2010.11.08 15:58:53.949,1.76919,1.76971,1.30,2.40
2010.11.08 15:58:54.057,1.76906,1.76964,1.50,1.70
2010.11.08 15:58:54.881,1.76907,1.76973,2.30,1.70
2010.11.08 15:58:56.884,1.76907,1.76973,1.50,1.50
2010.11.08 15:58:58.927,1.76907,1.76973,1.50,1.50
2010.11.08 15:59:01.024,1.76907,1.76973,1.50,1.50
2010.11.08 15:59:02.074,1.76907,1.76963,1.30,1.30
2010.11.08 15:59:02.188,1.76907,1.76973,1.50,1.50
2010.11.08 15:59:03.506,1.76906,1.76964,1.30,1.30
2010.11.08 15:59:05.704,1.76895,1.76961,4.20,1.30
2010.11.08 15:59:06.256,1.76907,1.76973,1.50,1.50
2010.11.08 15:59:07.073,1.76906,1.76964,1.30,1.60
2010.11.08 15:59:08.272,1.76908,1.76972,1.50,1.60
2010.11.08 15:59:09.449,1.76898,1.76946,2.10,2.30
2010.11.08 15:59:09.557,1.76898,1.76946,2.10,2.30
2010.11.08 15:59:10.606,1.76896,1.76954,2.10,1.50
2010.11.08 15:59:11.266,1.76896,1.76954,2.10,2.30
2010.11.08 15:59:13.009,1.76908,1.76964,1.90,1.50
2010.11.08 15:59:13.236,1.76901,1.76961,2.90,1.60
2010.11.08 15:59:15.277,1.76909,1.76963,1.90,1.50
2010.11.08 15:59:16.221,1.76918,1.76972,1.30,2.70
2010.11.08 15:59:16.667,1.7692,1.76972,1.30,2.30
2010.11.08 15:59:17.403,1.76931,1.76985,1.30,4.10
2010.11.08 15:59:19.733,1.76931,1.76982,1.30,1.20
2010.11.08 15:59:19.860,1.76931,1.76985,1.30,3.80
2010.11.08 15:59:21.695,1.76931,1.76986,1.30,1.10
2010.11.08 15:59:22.164,1.76944,1.76986,1.30,1.10
2010.11.08 15:59:22.497,1.76933,1.76993,1.30,2.80
2010.11.08 15:59:23.173,1.76944,1.76997,1.30,4.20
2010.11.08 15:59:23.615,1.7693,1.76986,1.30,1.70
2010.11.08 15:59:24.197,1.7693,1.76988,1.30,4.20
2010.11.08 15:59:24.326,1.7693,1.76988,1.30,3.80
2010.11.08 15:59:24.439,1.7693,1.76988,1.30,4.20
2010.11.08 15:59:25.262,1.7693,1.76988,1.30,3.80
2010.11.08 15:59:26.355,1.7693,1.76982,1.30,1.20
2010.11.08 15:59:26.577,1.7693,1.76987,1.30,2.60
2010.11.08 15:59:26.796,1.7693,1.76987,1.30,1.10
2010.11.08 15:59:26.906,1.7693,1.76988,2.30,1.30
2010.11.08 15:59:27.578,1.76944,1.76998,1.30,1.40
2010.11.08 15:59:27.906,1.76944,1.76992,1.30,1.20
2010.11.08 15:59:29.088,1.76944,1.76999,1.30,2.60
2010.11.08 15:59:29.619,1.76944,1.76999,1.30,2.30
2010.11.08 15:59:30.065,1.76944,1.76989,1.30,2.30
2010.11.08 15:59:30.826,1.76938,1.76983,1.30,2.30
2010.11.08 15:59:31.379,1.76938,1.76983,1.30,2.30
2010.11.08 15:59:31.901,1.76926,1.76966,1.70,1.10
2010.11.08 15:59:34.002,1.76926,1.7697,1.70,2.30
2010.11.08 15:59:34.336,1.76926,1.76966,1.70,2.80
2010.11.08 15:59:34.447,1.76926,1.76966,1.70,1.10
2010.11.08 15:59:34.556,1.76926,1.76962,1.30,1.10
2010.11.08 15:59:35.091,1.76916,1.76962,1.30,1.10
2010.11.08 15:59:35.207,1.76926,1.76968,1.30,2.40
2010.11.08 15:59:35.316,1.76911,1.76956,2.30,1.30
2010.11.08 15:59:35.793,1.76923,1.76967,1.30,1.70
2010.11.08 15:59:35.907,1.76912,1.76955,1.30,2.30
2010.11.08 15:59:36.019,1.76901,1.76952,1.30,2.30
2010.11.08 15:59:36.642,1.76898,1.76944,2.30,1.30
2010.11.08 15:59:36.777,1.76911,1.76956,1.30,2.30
2010.11.08 15:59:37.849,1.76887,1.76941,2.10,2.30
2010.11.08 15:59:38.768,1.76886,1.76932,2.10,2.30
2010.11.08 15:59:38.877,1.76886,1.7692,1.30,2.90
2010.11.08 15:59:38.989,1.76854,1.76899,3.50,1.30
2010.11.08 15:59:39.506,1.76848,1.7691,1.10,1.30
2010.11.08 15:59:41.481,1.76857,1.76917,1.40,1.40
2010.11.08 15:59:42.082,1.76874,1.7692,1.30,2.10
2010.11.08 15:59:42.857,1.76886,1.76932,2.30,1.50
2010.11.08 15:59:43.078,1.76898,1.76934,1.30,2.40
2010.11.08 15:59:43.188,1.76886,1.76932,1.30,1.70
2010.11.08 15:59:43.720,1.76874,1.7692,1.30,2.30
2010.11.08 15:59:44.818,1.76874,1.76899,1.30,1.40
2010.11.08 15:59:44.926,1.76839,1.76887,1.30,2.30
2010.11.08 15:59:45.147,1.7684,1.76887,1.40,1.30
2010.11.08 15:59:45.649,1.76838,1.76884,1.30,1.30
2010.11.08 15:59:46.346,1.7685,1.76898,1.30,1.30
2010.11.08 15:59:46.471,1.76841,1.76891,3.00,1.30
2010.11.08 15:59:46.587,1.76835,1.76891,1.30,1.50
2010.11.08 15:59:47.470,1.76822,1.76878,1.30,2.30
2010.11.08 15:59:48.452,1.76822,1.76878,1.30,2.30
2010.11.08 15:59:50.631,1.76825,1.76878,2.60,1.50
2010.11.08 15:59:51.895,1.76836,1.7689,1.30,4.00
2010.11.08 15:59:53.891,1.76836,1.7689,1.30,1.90
2010.11.08 15:59:54.227,1.76836,1.7689,1.30,1.90
2010.11.08 15:59:54.908,1.76849,1.76903,1.30,2.40
2010.11.08 15:59:56.549,1.76845,1.76887,1.30,1.50
2010.11.08 15:59:56.667,1.76823,1.76877,1.90,1.30
2010.11.08 15:59:56.780,1.7684,1.76885,1.30,1.30
2010.11.08 15:59:57.653,1.76817,1.76863,1.50,1.50
2010.11.08 15:59:57.995,1.76817,1.76863,1.30,2.30
2010.11.08 15:59:58.603,1.76829,1.76865,1.30,1.40
2010.11.08 15:59:58.739,1.76829,1.76874,1.50,2.30
2010.11.08 15:59:59.681,1.76829,1.76871,1.50,1.40
