2011.03.08 22:00:00.576,1.87944,1.88093,1.20,1.20
2011.03.08 22:00:00.936,1.87933,1.88088,1.05,1.13
2011.03.08 22:00:01.675,1.87933,1.88088,1.05,1.13
2011.03.08 22:00:02.838,1.87933,1.88093,1.05,1.51
2011.03.08 22:00:06.757,1.87942,1.88088,1.05,1.13
2011.03.08 22:00:07.787,1.87949,1.88097,1.13,1.05
2011.03.08 22:00:08.889,1.87949,1.88098,1.13,1.05
2011.03.08 22:00:09.700,1.87948,1.88092,1.13,1.13
2011.03.08 22:00:09.937,1.87944,1.88093,1.51,1.51
2011.03.08 22:00:10.237,1.87947,1.88093,1.13,2.00
2011.03.08 22:00:11.877,1.87948,1.88088,1.13,1.13
2011.03.08 22:00:13.949,1.87944,1.88088,1.20,1.13
2011.03.08 22:00:16.937,1.87942,1.88088,1.05,1.13
2011.03.08 22:00:18.608,1.87942,1.88088,1.05,1.13
2011.03.08 22:00:19.939,1.87943,1.88093,1.05,1.51
2011.03.08 22:00:20.257,1.87942,1.88093,1.05,1.51
2011.03.08 22:00:20.906,1.87959,1.88092,1.20,1.95
2011.03.08 22:00:21.948,1.87959,1.88088,1.50,1.13
2011.03.08 22:00:23.318,1.87947,1.88093,1.13,2.00
2011.03.08 22:00:24.898,1.87947,1.88088,1.13,1.13
2011.03.08 22:00:25.269,1.87942,1.88088,1.05,1.13
2011.03.08 22:00:26.957,1.87943,1.88088,1.05,1.13
2011.03.08 22:00:27.210,1.87944,1.88088,1.20,1.13
2011.03.08 22:00:28.168,1.87943,1.88088,1.05,1.13
2011.03.08 22:00:28.490,1.87943,1.88088,1.05,1.13
2011.03.08 22:00:29.934,1.87942,1.88093,1.05,1.51
2011.03.08 22:00:30.932,1.87942,1.88093,1.05,1.51
2011.03.08 22:00:31.159,1.87932,1.88093,1.05,1.51
2011.03.08 22:00:31.809,1.87942,1.88088,1.05,1.13
2011.03.08 22:00:32.027,1.87948,1.88092,1.13,1.13
2011.03.08 22:00:33.958,1.87944,1.88093,1.51,1.51
2011.03.08 22:00:34.690,1.87943,1.88093,1.05,1.51
2011.03.08 22:00:35.949,1.87944,1.88088,1.20,1.13
2011.03.08 22:00:37.169,1.87922,1.88093,1.05,1.51
2011.03.08 22:00:39.297,1.87922,1.88088,1.05,1.13
2011.03.08 22:00:39.920,1.87922,1.88088,1.05,1.13
2011.03.08 22:00:43.516,1.87902,1.88023,1.05,0.38
2011.03.08 22:00:43.630,1.87913,1.88088,1.05,1.13
2011.03.08 22:00:44.941,1.87922,1.88093,1.05,1.51
2011.03.08 22:00:49.508,1.87944,1.88093,0.75,1.51
2011.03.08 22:00:51.881,1.87944,1.88093,0.75,1.51
2011.03.08 22:00:53.798,1.87944,1.88032,0.75,0.38
2011.03.08 22:01:04.559,1.87893,1.88022,1.05,0.38
2011.03.08 22:01:05.998,1.87882,1.88023,1.05,0.38
2011.03.08 22:01:07.929,1.87903,1.88032,1.05,0.75
2011.03.08 22:01:08.921,1.87912,1.88033,1.05,0.75
2011.03.08 22:01:10.697,1.87913,1.88088,1.05,1.13
2011.03.08 22:01:11.890,1.87913,1.88032,1.05,0.75
2011.03.08 22:01:14.401,1.87912,1.88033,1.05,0.75
2011.03.08 22:01:15.153,1.87903,1.88022,1.05,0.75
2011.03.08 22:01:21.671,1.87902,1.88033,1.05,0.38
2011.03.08 22:01:32.893,1.87902,1.88088,1.05,1.13
2011.03.08 22:01:34.908,1.87913,1.88088,1.05,1.13
2011.03.08 22:01:35.897,1.87902,1.88088,1.05,1.13
2011.03.08 22:01:36.589,1.87912,1.88088,1.05,1.13
2011.03.08 22:01:37.890,1.87912,1.88088,1.05,1.13
2011.03.08 22:01:38.891,1.87913,1.88088,1.05,1.13
2011.03.08 22:01:39.927,1.87913,1.88093,1.05,1.51
2011.03.08 22:01:41.947,1.87922,1.88088,1.05,1.13
2011.03.08 22:01:42.845,1.87912,1.88093,1.05,1.51
2011.03.08 22:01:46.578,1.87902,1.88033,1.05,0.38
2011.03.08 22:01:50.759,1.87913,1.88093,1.05,1.51
2011.03.08 22:01:51.747,1.87898,1.88052,1.00,1.00
2011.03.08 22:01:53.650,1.87907,1.88063,1.00,1.00
2011.03.08 22:01:54.767,1.87897,1.88053,1.00,1.00
2011.03.08 22:01:57.257,1.87897,1.88053,1.00,1.00
2011.03.08 22:01:57.930,1.87917,1.88073,1.00,1.00
2011.03.08 22:01:58.281,1.87907,1.88053,1.00,1.00
2011.03.08 22:01:59.900,1.87918,1.88052,1.00,1.00
2011.03.08 22:02:01.027,1.87907,1.88043,1.00,1.00
2011.03.08 22:02:01.757,1.87907,1.88063,1.00,1.00
2011.03.08 22:02:01.977,1.87887,1.88043,1.00,1.00
2011.03.08 22:02:04.038,1.87898,1.88042,1.00,1.00
2011.03.08 22:02:05.910,1.87878,1.88032,2.11,0.38
2011.03.08 22:02:07.561,1.87878,1.88042,2.11,0.38
2011.03.08 22:02:07.679,1.87878,1.88033,2.11,0.38
2011.03.08 22:02:16.420,1.87879,1.88096,2.60,2.60
2011.03.08 22:02:17.899,1.87892,1.88052,2.60,0.75
2011.03.08 22:02:18.207,1.87892,1.88042,2.60,0.75
2011.03.08 22:02:20.008,1.87879,1.88043,2.60,0.75
2011.03.08 22:03:01.539,1.87879,1.88043,2.11,0.38
2011.03.08 22:03:05.770,1.87879,1.88096,2.60,2.60
2011.03.08 22:03:12.670,1.87879,1.88096,2.11,2.11
2011.03.08 22:03:13.937,1.87865,1.88084,2.11,2.11
2011.03.08 22:03:31.787,1.87879,1.88096,2.60,2.60
2011.03.08 22:03:32.866,1.87879,1.88096,2.11,2.11
2011.03.08 22:03:33.855,1.87879,1.88096,2.60,2.60
2011.03.08 22:03:35.869,1.87865,1.88084,2.60,2.60
2011.03.08 22:04:00.704,1.87865,1.88023,2.60,0.75
2011.03.08 22:04:01.039,1.87865,1.88032,2.11,0.38
2011.03.08 22:04:05.691,1.87877,1.88042,2.11,0.38
2011.03.08 22:04:06.147,1.87865,1.88084,2.11,2.11
2011.03.08 22:04:06.877,1.87872,1.88091,2.11,2.11
2011.03.08 22:04:07.876,1.87872,1.88032,2.60,0.75
2011.03.08 22:04:09.114,1.87866,1.88085,2.60,2.60
2011.03.08 22:04:09.438,1.87874,1.88033,2.11,0.38
2011.03.08 22:04:10.904,1.87861,1.88078,2.60,2.60
2011.03.08 22:04:12.498,1.87861,1.88078,2.60,2.60
2011.03.08 22:04:13.854,1.87886,1.88042,2.60,0.75
2011.03.08 22:04:14.965,1.87886,1.88042,2.11,0.38
2011.03.08 22:04:15.677,1.8788,1.88033,2.11,0.38
2011.03.08 22:04:18.930,1.8788,1.88042,2.11,0.38
2011.03.08 22:04:23.198,1.87878,1.88032,2.60,0.75
2011.03.08 22:04:29.797,1.87878,1.88042,2.60,0.75
2011.03.08 22:04:30.939,1.87866,1.88032,2.60,0.75
2011.03.08 22:04:31.834,1.87866,1.88022,2.60,0.75
2011.03.08 22:04:36.305,1.87866,1.88032,2.11,0.38
2011.03.08 22:04:44.998,1.87866,1.88085,2.60,2.60
2011.03.08 22:04:46.909,1.87879,1.88043,2.60,0.75
2011.03.08 22:04:50.257,1.87879,1.88042,2.11,0.38
2011.03.08 22:04:51.861,1.87893,1.88052,2.60,0.75
2011.03.08 22:04:52.569,1.87893,1.88052,1.80,0.75
2011.03.08 22:04:53.949,1.87854,1.88072,2.60,2.60
2011.03.08 22:04:54.906,1.87854,1.88022,2.60,0.75
2011.03.08 22:04:56.159,1.87854,1.88072,2.11,2.11
2011.03.08 22:04:57.919,1.87866,1.88023,2.11,0.38
2011.03.08 22:05:01.413,1.87896,1.88056,1.13,1.13
2011.03.08 22:05:03.175,1.87896,1.88056,1.13,1.13
2011.03.08 22:05:18.198,1.87902,1.88063,1.13,1.13
2011.03.08 22:05:18.978,1.87897,1.88055,1.13,1.13
2011.03.08 22:05:20.460,1.87897,1.88055,1.13,1.13
2011.03.08 22:05:20.569,1.87899,1.8807,1.35,1.13
2011.03.08 22:05:21.749,1.87897,1.88055,1.13,1.13
2011.03.08 22:05:22.499,1.87867,1.88028,1.20,1.05
2011.03.08 22:05:22.608,1.87821,1.88028,1.13,1.05
2011.03.08 22:05:23.874,1.87831,1.88022,1.13,1.13
2011.03.08 22:05:27.509,1.87831,1.88028,1.13,1.35
2011.03.08 22:05:28.290,1.8783,1.88022,1.13,1.13
2011.03.08 22:05:30.998,1.87854,1.88042,1.95,1.13
2011.03.08 22:05:32.910,1.87873,1.88042,1.35,1.13
2011.03.08 22:05:33.899,1.87878,1.88042,1.13,1.13
2011.03.08 22:05:34.890,1.87883,1.88042,1.13,1.13
2011.03.08 22:05:36.268,1.8789,1.88049,1.13,1.13
2011.03.08 22:05:36.378,1.8788,1.88059,1.05,1.13
2011.03.08 22:05:55.140,1.87872,1.88053,1.13,1.13
2011.03.08 22:05:55.468,1.87856,1.88056,1.65,1.13
2011.03.08 22:05:56.863,1.87882,1.88066,1.05,1.13
2011.03.08 22:05:57.890,1.87886,1.88056,1.20,1.13
2011.03.08 22:05:58.881,1.87887,1.88056,1.13,1.13
2011.03.08 22:06:01.509,1.87899,1.88077,1.13,1.13
2011.03.08 22:06:04.458,1.87897,1.88062,1.13,1.13
2011.03.08 22:06:08.269,1.87897,1.88077,1.13,1.13
2011.03.08 22:06:09.843,1.87907,1.88067,1.13,1.13
2011.03.08 22:06:23.978,1.87894,1.88054,1.13,1.13
2011.03.08 22:06:25.919,1.87884,1.88064,1.13,1.13
2011.03.08 22:06:26.050,1.87894,1.88054,1.13,1.13
2011.03.08 22:06:26.601,1.87866,1.88018,1.95,1.05
2011.03.08 22:06:26.708,1.87866,1.88032,1.28,1.65
2011.03.08 22:06:27.368,1.87819,1.88031,1.13,2.10
2011.03.08 22:06:27.478,1.87819,1.88028,1.13,1.13
2011.03.08 22:06:28.709,1.87867,1.88055,1.50,1.95
2011.03.08 22:06:30.499,1.87878,1.88037,1.20,1.05
2011.03.08 22:06:30.718,1.87829,1.88037,1.13,1.05
2011.03.08 22:06:31.919,1.87829,1.88028,1.13,1.35
2011.03.08 22:06:33.239,1.87868,1.88055,1.50,1.58
2011.03.08 22:06:35.391,1.87887,1.88055,1.20,1.13
2011.03.08 22:06:35.498,1.87897,1.88055,1.13,1.13
2011.03.08 22:06:36.930,1.87897,1.88055,1.13,1.13
2011.03.08 22:06:41.389,1.87903,1.88062,1.13,1.13
2011.03.08 22:06:42.779,1.87882,1.88042,1.13,1.13
2011.03.08 22:07:37.898,1.87885,1.88052,1.13,1.13
2011.03.08 22:07:39.902,1.87888,1.88068,1.13,1.13
2011.03.08 22:07:40.999,1.87886,1.88053,1.13,1.13
2011.03.08 22:07:42.908,1.87886,1.88045,1.13,1.13
2011.03.08 22:07:51.639,1.87893,1.88053,1.13,1.13
2011.03.08 22:08:06.909,1.87886,1.88045,1.13,1.13
2011.03.08 22:08:08.229,1.87905,1.88065,1.13,1.13
2011.03.08 22:08:48.019,1.87892,1.88052,1.13,1.13
2011.03.08 22:08:49.972,1.87892,1.88052,1.13,1.13
2011.03.08 22:08:58.871,1.87863,1.88017,1.95,1.05
2011.03.08 22:08:59.419,1.87828,1.88023,1.13,1.13
2011.03.08 22:09:01.069,1.87865,1.88052,1.50,1.95
2011.03.08 22:09:02.940,1.87895,1.88065,1.20,1.13
2011.03.08 22:09:03.862,1.87905,1.88065,1.13,1.13
2011.03.08 22:09:05.029,1.87895,1.88075,1.13,1.13
2011.03.08 22:09:16.695,1.87895,1.88075,1.13,1.13
2011.03.08 22:09:18.912,1.87905,1.88065,1.13,1.13
2011.03.08 22:09:26.329,1.87898,1.88065,1.13,1.13
2011.03.08 22:09:45.161,1.87895,1.88075,1.13,1.13
2011.03.08 22:09:49.742,1.87905,1.88065,1.13,1.13
2011.03.08 22:09:51.770,1.87912,1.88033,1.05,0.75
2011.03.08 22:09:51.879,1.879,1.88068,2.18,1.13
2011.03.08 22:09:52.209,1.87908,1.88068,1.13,1.13
2011.03.08 22:10:09.923,1.87893,1.88053,1.13,1.13
2011.03.08 22:10:16.049,1.87876,1.88056,1.13,1.13
2011.03.08 22:10:27.682,1.87886,1.88046,1.13,1.13
2011.03.08 22:10:27.999,1.87886,1.88053,1.13,1.13
2011.03.08 22:10:38.740,1.87889,1.88069,1.13,1.13
2011.03.08 22:10:39.860,1.87899,1.88059,1.13,1.13
2011.03.08 22:10:44.539,1.87907,1.88071,1.13,1.13
2011.03.08 22:10:45.939,1.87912,1.88071,1.13,1.13
2011.03.08 22:10:51.411,1.87912,1.88071,1.13,1.13
2011.03.08 22:11:00.218,1.87915,1.88093,1.13,1.13
2011.03.08 22:11:05.519,1.87911,1.88073,1.13,1.13
2011.03.08 22:11:05.739,1.87928,1.88096,1.20,1.13
2011.03.08 22:11:06.928,1.87928,1.88096,1.50,1.13
2011.03.08 22:11:07.921,1.87937,1.88096,1.13,1.13
2011.03.08 22:11:32.370,1.87957,1.88076,1.09,1.69
2011.03.08 22:11:38.642,1.87961,1.88076,1.24,1.17
2011.03.08 22:11:38.749,1.87961,1.88076,1.24,1.39
2011.03.08 22:11:42.809,1.87957,1.88076,1.09,1.69
2011.03.08 22:11:50.250,1.8796,1.88107,1.24,1.69
2011.03.08 22:11:50.602,1.87967,1.88107,1.09,1.69
2011.03.08 22:11:50.929,1.87977,1.8813,1.32,1.32
2011.03.08 22:11:51.860,1.87977,1.8813,1.47,1.69
2011.03.08 22:11:57.663,1.87986,1.8813,1.39,1.69
2011.03.08 22:12:00.269,1.87986,1.8813,1.69,1.69
2011.03.08 22:12:01.236,1.87986,1.8813,1.39,1.69
2011.03.08 22:12:01.960,1.87984,1.88093,1.39,1.09
2011.03.08 22:12:03.661,1.87957,1.88111,1.69,1.32
2011.03.08 22:12:03.990,1.87957,1.88098,1.69,1.32
2011.03.08 22:12:05.489,1.87957,1.88079,1.32,1.09
2011.03.08 22:12:13.294,1.87957,1.88082,1.69,1.09
2011.03.08 22:12:15.301,1.87957,1.88079,1.69,1.24
2011.03.08 22:12:16.000,1.87957,1.88079,1.39,1.24
2011.03.08 22:12:17.225,1.87957,1.88079,1.32,1.09
2011.03.08 22:12:18.790,1.87957,1.88082,1.69,1.09
2011.03.08 22:13:01.931,1.87957,1.88093,1.69,1.09
2011.03.08 22:13:04.434,1.87944,1.88112,1.13,1.35
2011.03.08 22:13:06.741,1.87932,1.881,1.13,1.05
2011.03.08 22:13:06.856,1.87932,1.881,1.13,1.35
2011.03.08 22:13:08.433,1.87932,1.88086,1.13,1.09
2011.03.08 22:13:08.760,1.87916,1.88086,1.69,1.32
2011.03.08 22:13:09.307,1.87987,1.88086,0.75,1.32
2011.03.08 22:13:11.571,1.87916,1.88086,1.69,1.39
2011.03.08 22:13:13.758,1.87916,1.88086,1.69,1.69
2011.03.08 22:13:35.874,1.8792,1.88079,1.32,1.17
2011.03.08 22:13:36.201,1.87916,1.88076,1.32,1.02
2011.03.08 22:13:38.621,1.87916,1.88083,2.07,1.02
2011.03.08 22:13:38.731,1.87916,1.88086,1.69,2.07
2011.03.08 22:13:39.521,1.87916,1.88073,1.69,1.02
2011.03.08 22:13:40.885,1.87916,1.88067,1.69,1.05
2011.03.08 22:13:40.991,1.87891,1.88048,1.69,1.32
2011.03.08 22:13:41.213,1.87917,1.88072,1.39,1.69
2011.03.08 22:13:42.922,1.87917,1.88072,1.69,1.69
2011.03.08 22:13:43.935,1.87917,1.88072,1.32,1.32
2011.03.08 22:13:48.404,1.87917,1.88072,1.69,1.69
2011.03.08 22:13:48.840,1.87943,1.88072,1.05,1.69
2011.03.08 22:13:49.060,1.87963,1.88114,1.32,2.14
2011.03.08 22:13:49.170,1.87968,1.88124,1.09,2.07
2011.03.08 22:13:49.281,1.87926,1.88092,1.32,1.02
2011.03.08 22:13:50.686,1.87926,1.88085,1.32,1.13
2011.03.08 22:13:51.901,1.87916,1.88095,1.32,1.32
2011.03.08 22:13:52.898,1.87926,1.88085,1.32,1.13
2011.03.08 22:13:55.985,1.87926,1.88085,1.32,1.13
2011.03.08 22:14:31.161,1.87916,1.88095,1.32,1.32
2011.03.08 22:14:32.027,1.87918,1.88079,1.32,1.13
2011.03.08 22:14:33.333,1.87915,1.88058,1.13,1.24
2011.03.08 22:14:33.441,1.87891,1.88058,1.32,1.32
2011.03.08 22:14:34.103,1.87884,1.88058,1.69,1.69
2011.03.08 22:14:34.431,1.87947,1.88058,0.38,1.69
2011.03.08 22:14:34.542,1.87884,1.88058,1.69,1.69
2011.03.08 22:14:34.742,1.87948,1.88058,0.75,1.69
2011.03.08 22:14:35.051,1.87884,1.88052,1.69,1.09
2011.03.08 22:14:35.212,1.87884,1.88053,1.69,1.02
2011.03.08 22:14:35.812,1.87884,1.88058,1.69,1.47
2011.03.08 22:14:35.921,1.87893,1.88053,1.32,1.02
2011.03.08 22:14:36.684,1.87948,1.88058,0.38,1.47
2011.03.08 22:14:37.635,1.87947,1.88058,0.75,1.32
2011.03.08 22:14:38.381,1.87924,1.88063,1.69,1.09
2011.03.08 22:14:38.490,1.87924,1.88073,1.69,1.47
2011.03.08 22:14:39.867,1.87924,1.88073,1.69,1.47
2011.03.08 22:14:40.892,1.87924,1.88072,1.69,1.09
2011.03.08 22:14:45.752,1.87914,1.88095,1.13,1.13
2011.03.08 22:14:46.761,1.87918,1.88083,1.13,1.13
2011.03.08 22:14:47.814,1.87918,1.88082,1.13,1.13
2011.03.08 22:14:51.991,1.87951,1.88082,1.54,1.24
2011.03.08 22:14:53.784,1.87951,1.88082,1.54,1.54
2011.03.08 22:14:55.631,1.87951,1.88082,1.32,1.09
2011.03.08 22:15:00.381,1.87951,1.88082,1.69,1.09
2011.03.08 22:15:05.794,1.87951,1.88082,1.32,1.24
2011.03.08 22:15:08.312,1.87952,1.88063,1.32,1.02
2011.03.08 22:15:09.002,1.87952,1.88082,1.69,1.09
2011.03.08 22:15:19.542,1.87952,1.88084,1.69,1.32
2011.03.08 22:15:19.911,1.87952,1.88084,1.32,1.32
2011.03.08 22:15:22.331,1.87952,1.88087,1.69,1.32
2011.03.08 22:15:22.833,1.87952,1.88088,1.69,1.32
2011.03.08 22:15:23.710,1.87952,1.88088,1.32,1.32
2011.03.08 22:15:24.471,1.87952,1.88088,1.32,1.32
2011.03.08 22:15:26.954,1.87952,1.88088,1.32,1.32
2011.03.08 22:15:27.171,1.87952,1.88088,1.32,1.32
2011.03.08 22:15:28.052,1.87989,1.88102,1.32,1.02
2011.03.08 22:15:30.721,1.87984,1.88132,1.32,1.32
2011.03.08 22:15:31.052,1.87984,1.88132,1.69,1.54
2011.03.08 22:15:31.162,1.87984,1.88123,1.32,1.32
2011.03.08 22:15:31.491,1.87985,1.88092,1.32,1.02
2011.03.08 22:15:32.583,1.87966,1.88121,1.32,1.62
2011.03.08 22:15:34.321,1.87966,1.8812,1.32,1.32
2011.03.08 22:15:34.432,1.87937,1.88102,1.32,1.02
2011.03.08 22:15:36.492,1.87944,1.88104,1.32,1.47
2011.03.08 22:15:36.830,1.87966,1.88102,1.69,1.09
2011.03.08 22:15:38.861,1.87956,1.88104,1.69,1.09
2011.03.08 22:15:39.682,1.87956,1.88104,1.69,1.02
2011.03.08 22:15:41.481,1.87977,1.88143,1.13,1.13
2011.03.08 22:15:41.701,1.87983,1.88152,1.13,1.32
2011.03.08 22:15:42.494,1.87977,1.88143,1.13,1.13
2011.03.08 22:15:43.922,1.87983,1.88143,1.13,1.13
2011.03.08 22:15:46.750,1.87983,1.88143,1.13,1.13
2011.03.08 22:15:51.925,1.87983,1.88143,1.13,1.13
2011.03.08 22:15:53.742,1.87977,1.88136,1.13,1.13
2011.03.08 22:15:58.902,1.87967,1.88146,1.32,1.13
2011.03.08 22:16:08.452,1.8798,1.88159,1.13,1.32
2011.03.08 22:16:11.363,1.87967,1.88146,1.32,1.13
2011.03.08 22:16:13.282,1.87997,1.88156,1.13,1.32
2011.03.08 22:16:13.391,1.87987,1.88156,1.50,1.32
2011.03.08 22:16:22.452,1.87984,1.88142,1.13,1.13
2011.03.08 22:16:26.701,1.87987,1.8815,1.13,1.13
2011.03.08 22:16:26.963,1.87989,1.8815,1.13,1.13
2011.03.08 22:16:45.802,1.87987,1.88166,1.13,1.13
2011.03.08 22:16:46.902,1.87987,1.88156,1.20,1.13
2011.03.08 22:16:47.011,1.88023,1.88168,1.32,1.69
2011.03.08 22:16:47.971,1.88023,1.88168,1.32,1.69
2011.03.08 22:16:48.890,1.8801,1.88168,1.32,2.07
2011.03.08 22:16:49.870,1.88018,1.88168,1.02,1.69
2011.03.08 22:16:50.229,1.88005,1.88198,1.50,1.20
2011.03.08 22:16:51.855,1.88023,1.88252,1.05,0.75
2011.03.08 22:17:00.946,1.87988,1.8821,1.13,1.13
2011.03.08 22:17:01.773,1.87987,1.8821,1.13,1.13
2011.03.08 22:17:03.622,1.8802,1.88231,1.50,1.13
2011.03.08 22:17:04.170,1.8802,1.88221,1.50,1.13
2011.03.08 22:17:04.912,1.88043,1.88221,1.05,1.13
2011.03.08 22:17:06.941,1.8805,1.88221,1.35,1.13
2011.03.08 22:17:08.218,1.88057,1.88221,1.13,1.13
2011.03.08 22:17:10.222,1.88043,1.88224,1.13,1.13
2011.03.08 22:17:12.730,1.88056,1.88237,1.13,1.13
2011.03.08 22:17:14.863,1.88066,1.88227,1.13,1.13
2011.03.08 22:17:19.691,1.88064,1.88242,1.13,1.13
2011.03.08 22:17:21.002,1.88058,1.88227,1.13,1.13
2011.03.08 22:17:22.913,1.88057,1.88237,1.13,1.13
2011.03.08 22:17:23.531,1.88071,1.88222,1.24,1.69
2011.03.08 22:17:23.879,1.88077,1.88222,1.09,1.69
2011.03.08 22:17:23.991,1.88071,1.88222,1.69,1.69
2011.03.08 22:17:24.334,1.88063,1.88215,1.24,1.69
2011.03.08 22:17:25.262,1.88063,1.88214,1.54,1.32
2011.03.08 22:17:25.941,1.88063,1.88215,1.24,1.69
2011.03.08 22:17:26.282,1.88076,1.88217,1.32,1.95
2011.03.08 22:17:27.228,1.88076,1.88241,1.69,2.14
2011.03.08 22:17:27.452,1.88073,1.88202,1.24,1.09
2011.03.08 22:17:28.883,1.88067,1.88192,1.09,1.54
2011.03.08 22:17:29.242,1.88073,1.88203,1.69,2.29
2011.03.08 22:17:29.461,1.88088,1.88265,1.69,1.32
2011.03.08 22:17:29.681,1.88088,1.88212,1.69,0.38
2011.03.08 22:17:30.512,1.88092,1.88234,1.32,1.32
2011.03.08 22:17:30.733,1.88047,1.88213,1.13,1.13
2011.03.08 22:17:30.951,1.88044,1.88213,1.20,1.13
2011.03.08 22:17:31.877,1.88044,1.88213,1.20,1.13
2011.03.08 22:17:32.913,1.88044,1.88213,1.20,1.13
2011.03.08 22:17:38.831,1.88028,1.88188,1.32,1.17
2011.03.08 22:17:39.993,1.88028,1.88188,1.32,1.32
2011.03.08 22:17:40.884,1.88028,1.88188,1.17,1.32
2011.03.08 22:17:44.691,1.88053,1.88189,1.09,1.69
2011.03.08 22:17:45.241,1.88053,1.88189,1.09,1.69
2011.03.08 22:17:46.932,1.88053,1.88189,1.47,1.69
2011.03.08 22:17:47.201,1.88053,1.88189,1.69,1.32
2011.03.08 22:17:49.221,1.88077,1.88204,1.02,1.32
2011.03.08 22:17:49.331,1.88077,1.88204,1.02,1.32
2011.03.08 22:17:49.552,1.8808,1.88204,1.32,1.39
2011.03.08 22:17:49.771,1.88087,1.88213,1.09,1.09
2011.03.08 22:17:50.895,1.88088,1.88204,1.09,1.17
2011.03.08 22:17:51.322,1.8808,1.88192,1.24,1.09
2011.03.08 22:18:05.251,1.88078,1.88185,1.09,1.39
2011.03.08 22:18:07.403,1.8808,1.88193,1.24,1.09
2011.03.08 22:18:07.732,1.88079,1.8823,1.32,2.14
2011.03.08 22:18:08.944,1.88079,1.88231,1.32,1.69
2011.03.08 22:18:09.933,1.88085,1.88231,1.09,1.69
2011.03.08 22:18:16.911,1.88078,1.88226,1.09,1.32
2011.03.08 22:18:19.501,1.8808,1.88229,1.32,2.14
2011.03.08 22:18:20.011,1.8807,1.88242,1.69,1.95
2011.03.08 22:18:21.934,1.88075,1.88192,1.17,0.38
2011.03.08 22:18:24.244,1.88075,1.88183,1.02,0.38
2011.03.08 22:18:31.172,1.88075,1.88193,1.17,0.38
2011.03.08 22:18:32.902,1.88087,1.88215,1.02,1.32
2011.03.08 22:18:33.542,1.88078,1.88215,1.02,1.32
2011.03.08 22:18:34.722,1.88087,1.88217,1.02,1.32
2011.03.08 22:18:35.253,1.88077,1.88193,1.02,1.02
2011.03.08 22:18:35.471,1.88067,1.88193,1.02,1.32
2011.03.08 22:18:36.961,1.88058,1.88193,1.09,1.69
2011.03.08 22:18:37.885,1.88058,1.88193,1.09,1.69
2011.03.08 22:18:40.509,1.88068,1.88193,1.09,1.69
2011.03.08 22:18:41.512,1.88068,1.88193,1.02,1.32
2011.03.08 22:18:43.160,1.88077,1.88193,1.09,1.69
2011.03.08 22:18:44.861,1.88067,1.88193,1.39,1.32
2011.03.08 22:18:44.972,1.88017,1.88183,1.09,1.09
2011.03.08 22:18:46.311,1.88002,1.88165,1.32,1.39
2011.03.08 22:18:47.843,1.88002,1.88165,1.32,1.69
2011.03.08 22:18:49.500,1.88017,1.88165,1.02,1.02
2011.03.08 22:18:53.904,1.88002,1.88165,1.32,1.39
2011.03.08 22:18:54.013,1.88028,1.88165,1.69,1.39
2011.03.08 22:18:54.341,1.88064,1.88226,1.32,1.32
2011.03.08 22:18:57.884,1.88061,1.88219,1.32,1.32
2011.03.08 22:18:57.991,1.87988,1.88184,1.13,1.13
2011.03.08 22:19:00.280,1.87988,1.88184,1.13,1.13
2011.03.08 22:19:00.633,1.88021,1.88196,1.50,1.95
2011.03.08 22:19:00.977,1.88021,1.88219,1.50,1.13
2011.03.08 22:19:02.000,1.88032,1.88223,1.05,1.95
2011.03.08 22:19:02.877,1.88051,1.88219,1.05,1.13
2011.03.08 22:19:03.880,1.88051,1.88219,1.35,1.13
2011.03.08 22:19:04.611,1.88058,1.88226,1.05,1.13
2011.03.08 22:19:05.021,1.88058,1.8823,1.05,1.95
2011.03.08 22:19:07.540,1.8805,1.8823,1.05,2.33
2011.03.08 22:19:22.245,1.8805,1.8822,1.05,1.13
2011.03.08 22:19:23.154,1.88052,1.88173,1.05,0.75
2011.03.08 22:19:23.660,1.88057,1.88227,1.20,1.13
2011.03.08 22:19:23.770,1.88057,1.88231,1.13,1.95
2011.03.08 22:19:25.471,1.87999,1.88192,2.18,1.13
2011.03.08 22:19:25.581,1.88018,1.88174,1.09,1.09
2011.03.08 22:19:29.853,1.88027,1.88174,1.69,1.39
2011.03.08 22:19:30.180,1.88027,1.88172,1.50,0.38
2011.03.08 22:19:31.721,1.88027,1.88231,1.73,1.95
2011.03.08 22:19:31.941,1.88018,1.882,1.05,1.13
2011.03.08 22:19:32.924,1.88018,1.8819,1.50,1.13
2011.03.08 22:19:34.853,1.88031,1.88202,1.05,1.13
2011.03.08 22:19:35.181,1.88012,1.88204,1.05,1.95
2011.03.08 22:19:37.883,1.88031,1.88202,1.35,1.13
2011.03.08 22:19:45.962,1.88017,1.88201,1.13,1.13
2011.03.08 22:19:50.393,1.88022,1.88203,1.05,1.95
2011.03.08 22:19:51.691,1.88023,1.88201,1.05,1.13
2011.03.08 22:19:52.005,1.88032,1.88201,1.05,1.13
2011.03.08 22:19:52.919,1.88032,1.88201,1.35,1.13
2011.03.08 22:20:03.272,1.88017,1.88191,1.20,1.13
2011.03.08 22:20:11.205,1.88017,1.88191,1.50,1.13
2011.03.08 22:20:32.644,1.88032,1.88204,1.05,1.95
2011.03.08 22:20:33.697,1.88044,1.88215,1.69,1.13
2011.03.08 22:20:33.911,1.88052,1.88218,1.24,1.58
2011.03.08 22:20:34.022,1.88048,1.88172,1.09,0.75
2011.03.08 22:20:36.792,1.88058,1.88172,1.02,0.38
2011.03.08 22:20:37.793,1.88057,1.8822,1.02,1.13
2011.03.08 22:20:41.852,1.88062,1.8822,1.17,1.13
2011.03.08 22:20:42.072,1.88043,1.8822,1.69,1.13
2011.03.08 22:20:42.181,1.88043,1.8822,1.69,1.13
2011.03.08 22:20:42.511,1.88043,1.88173,1.69,0.75
2011.03.08 22:20:43.987,1.88048,1.88182,1.09,0.75
2011.03.08 22:20:44.311,1.88047,1.88173,1.09,0.75
2011.03.08 22:20:44.623,1.88047,1.88214,1.02,1.13
2011.03.08 22:20:44.842,1.88046,1.88214,1.09,1.13
2011.03.08 22:20:45.577,1.88046,1.88214,1.09,1.13
2011.03.08 22:20:45.763,1.88043,1.88214,1.09,1.13
2011.03.08 22:20:50.702,1.88047,1.88217,1.17,1.58
2011.03.08 22:20:51.654,1.88043,1.88223,1.24,1.95
2011.03.08 22:20:51.761,1.88043,1.88214,1.24,1.13
2011.03.08 22:20:52.882,1.88047,1.88214,1.02,1.13
2011.03.08 22:20:53.442,1.88039,1.88208,1.24,1.13
2011.03.08 22:20:55.492,1.88038,1.88206,1.24,1.13
2011.03.08 22:21:03.111,1.88037,1.88199,1.02,1.13
2011.03.08 22:21:15.012,1.88041,1.88202,1.17,1.13
2011.03.08 22:21:29.551,1.88031,1.88205,1.99,1.95
2011.03.08 22:21:56.891,1.88038,1.88206,1.35,1.13
2011.03.08 22:21:59.778,1.88032,1.8821,1.05,1.95
2011.03.08 22:22:00.330,1.88024,1.88197,1.13,1.95
2011.03.08 22:22:09.250,1.88022,1.88196,1.05,1.95
2011.03.08 22:22:10.826,1.88017,1.88186,1.20,1.13
2011.03.08 22:22:11.222,1.88023,1.88199,1.05,1.32
2011.03.08 22:22:11.969,1.88013,1.88199,1.09,1.32
2011.03.08 22:22:12.394,1.88013,1.88187,1.09,1.13
2011.03.08 22:22:12.502,1.88016,1.8819,1.13,1.95
2011.03.08 22:22:13.955,1.88017,1.88187,1.13,1.13
2011.03.08 22:22:49.910,1.88016,1.8819,1.13,1.95
2011.03.08 22:22:54.428,1.88016,1.8819,1.13,1.95
2011.03.08 22:22:55.552,1.88023,1.88197,1.05,1.77
2011.03.08 22:22:55.662,1.88038,1.88205,1.05,2.14
2011.03.08 22:23:01.197,1.88033,1.88205,1.05,2.14
2011.03.08 22:23:01.896,1.88033,1.88204,1.05,1.32
2011.03.08 22:23:02.002,1.88032,1.88205,1.05,2.14
2011.03.08 22:23:03.592,1.88019,1.88185,1.35,1.13
2011.03.08 22:23:03.921,1.88019,1.88184,1.13,1.58
2011.03.08 22:23:04.234,1.88019,1.88184,1.35,1.95
2011.03.08 22:23:11.405,1.88017,1.88182,1.13,1.13
2011.03.08 22:23:11.732,1.88008,1.88168,1.13,1.13
2011.03.08 22:23:12.833,1.88008,1.88168,1.13,1.13
2011.03.08 22:23:13.722,1.87999,1.88172,1.13,1.95
2011.03.08 22:23:16.960,1.88009,1.88168,1.13,1.13
2011.03.08 22:23:17.832,1.88004,1.88177,1.13,1.95
2011.03.08 22:23:18.162,1.88018,1.88181,1.13,1.13
2011.03.08 22:23:18.491,1.88008,1.88176,1.13,1.13
2011.03.08 22:23:18.602,1.88005,1.88178,1.13,1.95
2011.03.08 22:23:18.712,1.88007,1.88176,1.13,1.13
2011.03.08 22:23:19.262,1.88009,1.88186,1.05,1.95
2011.03.08 22:23:19.703,1.88017,1.88178,1.13,1.13
2011.03.08 22:23:20.142,1.87999,1.88179,1.05,1.13
2011.03.08 22:23:20.362,1.88004,1.88162,1.13,1.13
2011.03.08 22:23:20.802,1.87994,1.88172,1.13,1.95
2011.03.08 22:23:21.928,1.87994,1.88167,1.13,1.95
2011.03.08 22:23:22.321,1.88003,1.88167,1.05,1.95
2011.03.08 22:23:22.432,1.88002,1.88122,1.05,0.75
2011.03.08 22:23:22.541,1.88002,1.88172,1.35,1.13
2011.03.08 22:23:23.041,1.88002,1.88122,1.05,0.38
2011.03.08 22:23:23.372,1.88004,1.88172,1.20,1.13
2011.03.08 22:23:28.780,1.88002,1.88123,1.05,0.75
2011.03.08 22:23:34.969,1.87992,1.88113,1.05,0.75
2011.03.08 22:23:41.591,1.87992,1.88113,1.05,0.75
2011.03.08 22:23:42.601,1.88003,1.88122,1.05,0.75
2011.03.08 22:23:43.949,1.87993,1.88112,1.05,0.38
2011.03.08 22:23:44.931,1.87993,1.88112,1.05,0.38
2011.03.08 22:23:47.991,1.87982,1.88153,1.05,1.58
2011.03.08 22:23:48.101,1.88013,1.88126,1.32,1.32
2011.03.08 22:23:48.982,1.88013,1.88126,1.32,1.69
2011.03.08 22:23:49.311,1.88016,1.88172,1.32,1.69
2011.03.08 22:23:49.531,1.8799,1.88145,1.32,1.32
2011.03.08 22:23:50.879,1.8799,1.88145,1.32,1.69
2011.03.08 22:23:51.252,1.87997,1.88145,1.32,1.32
2011.03.08 22:23:52.642,1.87991,1.88145,1.32,1.69
2011.03.08 22:23:56.263,1.87997,1.88145,1.32,1.32
2011.03.08 22:23:57.061,1.87991,1.88145,1.32,1.69
2011.03.08 22:23:57.893,1.87973,1.8815,1.05,1.32
2011.03.08 22:23:58.002,1.87942,1.88139,1.24,1.32
2011.03.08 22:23:59.288,1.87947,1.88147,1.09,1.32
2011.03.08 22:23:59.503,1.87947,1.88147,1.39,1.32
2011.03.08 22:24:00.432,1.87942,1.88139,1.24,1.32
2011.03.08 22:24:02.092,1.87937,1.88133,1.02,1.13
2011.03.08 22:24:02.675,1.87942,1.88139,1.24,1.32
2011.03.08 22:24:17.568,1.87942,1.88139,1.24,1.32
2011.03.08 22:24:17.781,1.87952,1.88139,1.32,1.13
2011.03.08 22:24:18.759,1.87979,1.88164,1.69,1.13
2011.03.08 22:24:19.787,1.87988,1.88164,1.09,1.13
2011.03.08 22:24:20.873,1.87993,1.88112,1.24,0.75
2011.03.08 22:24:32.886,1.87996,1.88164,1.02,1.13
2011.03.08 22:24:37.510,1.87993,1.88113,1.02,0.38
2011.03.08 22:24:37.860,1.87996,1.88113,1.02,0.38
2011.03.08 22:24:40.518,1.87994,1.88113,1.02,0.38
2011.03.08 22:24:42.372,1.87987,1.88166,1.17,1.13
2011.03.08 22:24:44.942,1.87996,1.88156,1.02,1.13
2011.03.08 22:24:45.233,1.87979,1.8816,1.69,1.95
2011.03.08 22:24:47.437,1.87988,1.88174,1.02,1.77
2011.03.08 22:24:48.247,1.87996,1.88176,1.09,1.32
2011.03.08 22:24:50.322,1.88002,1.88173,1.05,1.32
2011.03.08 22:24:52.164,1.87997,1.88168,1.20,1.13
2011.03.08 22:24:52.382,1.87996,1.88168,1.09,1.13
2011.03.08 22:24:52.712,1.88002,1.8817,1.05,1.95
2011.03.08 22:24:55.431,1.87996,1.88181,1.09,1.32
2011.03.08 22:24:56.476,1.87987,1.88113,1.09,0.75
2011.03.08 22:24:56.584,1.87996,1.88167,1.09,1.13
2011.03.08 22:24:57.254,1.87988,1.88112,1.02,0.38
2011.03.08 22:24:59.258,1.87988,1.88112,1.02,0.38
2011.03.08 22:25:00.712,1.87968,1.88146,1.13,1.13
2011.03.08 22:25:00.822,1.87968,1.88136,1.05,1.13
2011.03.08 22:25:01.875,1.87968,1.88136,1.05,1.13
2011.03.08 22:25:02.855,1.87968,1.88136,1.05,1.13
2011.03.08 22:25:07.132,1.87984,1.88138,1.32,1.69
2011.03.08 22:25:11.362,1.87987,1.88138,1.32,1.32
2011.03.08 22:25:11.472,1.87987,1.88138,1.47,1.69
2011.03.08 22:25:11.582,1.87987,1.88138,1.32,1.69
2011.03.08 22:25:13.413,1.87943,1.88105,1.32,1.13
2011.03.08 22:25:13.522,1.87939,1.88104,1.32,1.69
2011.03.08 22:25:14.845,1.87939,1.88104,1.32,1.69
2011.03.08 22:25:15.925,1.87939,1.88104,1.62,1.32
2011.03.08 22:25:16.802,1.87939,1.88104,1.99,1.69
2011.03.08 22:25:17.442,1.87943,1.88124,1.05,1.95
2011.03.08 22:25:17.912,1.87943,1.88139,1.80,1.95
2011.03.08 22:25:18.022,1.87943,1.88132,1.05,1.13
2011.03.08 22:25:18.901,1.87943,1.88125,1.05,1.13
2011.03.08 22:25:19.012,1.87952,1.88134,1.05,1.95
2011.03.08 22:25:41.175,1.87952,1.88125,1.05,1.13
2011.03.08 22:25:41.282,1.87977,1.88128,1.32,2.14
2011.03.08 22:25:44.212,1.87953,1.8811,1.32,1.69
2011.03.08 22:25:44.322,1.87953,1.8811,1.17,1.69
2011.03.08 22:25:45.493,1.87949,1.88072,1.24,1.02
2011.03.08 22:25:46.043,1.87949,1.8806,1.09,1.09
2011.03.08 22:25:49.762,1.87903,1.88055,1.32,1.02
2011.03.08 22:25:49.982,1.87903,1.88055,1.69,1.39
2011.03.08 22:25:50.884,1.87903,1.88055,1.69,1.69
2011.03.08 22:25:51.693,1.87903,1.88055,1.92,1.32
2011.03.08 22:25:52.863,1.87913,1.88074,1.02,1.32
2011.03.08 22:25:54.794,1.87913,1.88074,1.32,1.32
2011.03.08 22:25:59.482,1.87903,1.88078,2.07,2.14
2011.03.08 22:26:15.262,1.87903,1.88062,1.69,1.13
2011.03.08 22:26:17.205,1.87903,1.8806,1.69,1.13
2011.03.08 22:26:17.912,1.87903,1.8806,1.69,1.13
2011.03.08 22:26:18.522,1.87908,1.88065,1.02,1.95
2011.03.08 22:26:19.844,1.87913,1.88074,1.17,1.32
2011.03.08 22:26:59.212,1.87892,1.8806,1.35,1.13
2011.03.08 22:27:00.859,1.87892,1.88064,1.13,1.95
2011.03.08 22:27:02.952,1.87903,1.88074,1.35,1.13
2011.03.08 22:27:04.683,1.87903,1.88077,1.13,1.95
2011.03.08 22:27:33.533,1.87916,1.88056,1.13,1.13
2011.03.08 22:27:34.894,1.87916,1.88056,1.28,1.13
2011.03.08 22:27:35.848,1.87923,1.88056,1.05,1.13
2011.03.08 22:27:42.833,1.87915,1.88057,1.20,1.13
2011.03.08 22:27:43.131,1.87913,1.88057,1.28,1.13
2011.03.08 22:27:43.242,1.87917,1.88067,1.28,1.13
2011.03.08 22:27:43.668,1.87936,1.88066,1.13,1.13
2011.03.08 22:27:44.893,1.87936,1.88074,1.13,1.13
2011.03.08 22:27:45.875,1.87936,1.88074,1.28,1.13
2011.03.08 22:27:48.703,1.87941,1.88059,1.32,1.54
2011.03.08 22:27:49.849,1.87938,1.88059,1.09,1.69
2011.03.08 22:27:52.263,1.87927,1.88043,1.09,1.09
2011.03.08 22:27:53.041,1.87925,1.88043,1.09,1.09
2011.03.08 22:27:53.302,1.87908,1.88043,1.17,1.09
2011.03.08 22:27:53.713,1.87907,1.8804,1.39,1.54
2011.03.08 22:27:54.921,1.87907,1.8804,1.32,1.24
2011.03.08 22:28:00.813,1.87907,1.8804,1.47,1.54
2011.03.08 22:28:01.942,1.87907,1.8804,1.09,1.69
2011.03.08 22:28:02.804,1.87907,1.8804,1.09,1.69
2011.03.08 22:28:10.655,1.87907,1.8804,1.02,1.32
2011.03.08 22:28:11.202,1.87881,1.88035,1.32,1.32
2011.03.08 22:28:14.303,1.87886,1.88028,1.13,1.17
2011.03.08 22:28:15.864,1.87878,1.88028,1.13,1.32
2011.03.08 22:28:25.743,1.87884,1.88036,1.20,1.13
2011.03.08 22:28:26.866,1.87887,1.88036,1.13,1.13
2011.03.08 22:28:37.092,1.87897,1.88049,1.13,1.13
2011.03.08 22:28:40.075,1.87896,1.88051,1.13,1.13
2011.03.08 22:28:43.232,1.879,1.88053,1.13,1.50
2011.03.08 22:28:55.221,1.87901,1.88057,1.13,1.13
2011.03.08 22:28:58.174,1.879,1.88056,1.35,1.13
2011.03.08 22:28:59.846,1.87896,1.88042,1.13,1.13
2011.03.08 22:29:00.844,1.87891,1.88045,1.13,1.13
2011.03.08 22:29:01.702,1.87887,1.88041,1.88,1.13
2011.03.08 22:29:10.363,1.87887,1.88031,1.50,1.13
2011.03.08 22:29:15.169,1.87887,1.88031,1.50,1.13
2011.03.08 22:29:21.553,1.87887,1.8804,1.58,1.13
2011.03.08 22:29:29.133,1.87886,1.88032,1.17,1.32
2011.03.08 22:29:32.203,1.87887,1.88025,1.09,1.32
2011.03.08 22:29:32.853,1.87882,1.88018,1.69,1.13
2011.03.08 22:29:37.251,1.87882,1.88023,1.69,1.13
2011.03.08 22:29:43.316,1.87883,1.88018,1.17,1.13
2011.03.08 22:29:43.853,1.87882,1.88023,1.69,1.50
2011.03.08 22:30:03.514,1.87882,1.88026,1.92,1.32
2011.03.08 22:30:06.793,1.87882,1.88029,1.69,1.32
2011.03.08 22:30:17.681,1.87882,1.88037,1.69,2.07
2011.03.08 22:30:20.217,1.87887,1.88037,1.02,2.07
2011.03.08 22:30:23.535,1.87887,1.88031,1.32,1.17
2011.03.08 22:30:23.764,1.87882,1.88026,1.62,1.32
2011.03.08 22:30:23.983,1.87886,1.88026,1.02,1.69
2011.03.08 22:30:24.093,1.87882,1.88026,1.69,1.32
2011.03.08 22:30:24.423,1.87883,1.88026,1.02,1.69
2011.03.08 22:30:25.851,1.87882,1.88025,1.54,1.32
2011.03.08 22:30:33.062,1.87881,1.87993,1.17,1.09
2011.03.08 22:30:33.172,1.87878,1.87992,1.02,1.09
2011.03.08 22:30:33.723,1.87901,1.88013,1.09,1.39
2011.03.08 22:30:35.045,1.87901,1.88022,1.54,1.09
2011.03.08 22:30:35.903,1.87901,1.88023,1.69,1.09
2011.03.08 22:30:42.299,1.87895,1.88036,1.13,1.02
2011.03.08 22:30:42.942,1.8789,1.88039,1.32,2.07
2011.03.08 22:30:58.253,1.8789,1.88039,1.17,2.07
2011.03.08 22:31:00.484,1.87886,1.88039,1.32,2.07
2011.03.08 22:31:01.594,1.87883,1.88038,1.32,1.32
2011.03.08 22:31:10.499,1.87886,1.88033,1.32,1.02
2011.03.08 22:31:10.823,1.87887,1.88035,1.32,1.02
2011.03.08 22:31:11.873,1.87892,1.88039,1.17,1.69
2011.03.08 22:31:12.858,1.87896,1.88039,1.13,1.69
2011.03.08 22:31:14.747,1.87891,1.88039,1.32,1.24
2011.03.08 22:31:25.236,1.87891,1.88039,1.32,1.32
2011.03.08 22:31:25.630,1.87891,1.88039,1.32,1.24
2011.03.08 22:31:31.814,1.87896,1.88039,1.13,1.24
2011.03.08 22:31:43.098,1.87906,1.88038,1.13,1.05
2011.03.08 22:31:51.883,1.87902,1.88038,1.13,1.05
2011.03.08 22:31:54.416,1.87906,1.88038,1.13,1.05
2011.03.08 22:32:00.453,1.87912,1.88047,1.24,1.50
2011.03.08 22:32:00.563,1.87915,1.88043,1.20,1.13
2011.03.08 22:32:09.254,1.87899,1.88023,1.17,1.09
2011.03.08 22:32:09.802,1.87903,1.88023,1.24,1.17
2011.03.08 22:32:10.934,1.87894,1.88023,1.32,1.17
2011.03.08 22:32:11.043,1.87902,1.88023,1.17,1.09
2011.03.08 22:32:13.072,1.87893,1.88023,1.69,1.32
2011.03.08 22:32:13.513,1.87904,1.88037,1.02,1.35
2011.03.08 22:32:25.254,1.879,1.88022,1.32,1.02
2011.03.08 22:32:25.473,1.87904,1.88015,1.09,1.09
2011.03.08 22:32:26.656,1.87907,1.88035,1.47,1.69
2011.03.08 22:32:26.875,1.87919,1.88035,1.24,1.39
2011.03.08 22:32:26.983,1.87919,1.88035,1.24,1.17
2011.03.08 22:32:31.183,1.879,1.88033,1.32,1.54
2011.03.08 22:32:31.427,1.87908,1.88033,1.13,1.77
2011.03.08 22:32:38.420,1.879,1.88033,1.32,1.69
2011.03.08 22:32:38.863,1.879,1.88033,1.17,2.07
2011.03.08 22:32:42.463,1.87897,1.8803,1.17,1.32
2011.03.08 22:32:42.573,1.879,1.88003,1.09,1.02
2011.03.08 22:32:45.775,1.87907,1.88021,1.02,1.24
2011.03.08 22:32:46.915,1.87908,1.88021,1.09,1.54
2011.03.08 22:32:47.904,1.8791,1.88021,1.24,1.24
2011.03.08 22:32:53.572,1.87908,1.88021,1.02,1.62
2011.03.08 22:32:55.724,1.8791,1.88021,1.09,1.62
2011.03.08 22:32:58.154,1.87908,1.88021,1.09,1.62
2011.03.08 22:32:58.263,1.87887,1.88008,1.32,1.32
2011.03.08 22:33:01.198,1.87885,1.88,1.32,1.09
2011.03.08 22:33:27.866,1.87885,1.88002,1.39,1.09
2011.03.08 22:33:27.973,1.87888,1.88013,1.02,1.02
2011.03.08 22:33:29.853,1.8789,1.88019,1.17,1.17
2011.03.08 22:33:31.865,1.87889,1.88023,1.24,1.32
2011.03.08 22:33:42.315,1.87889,1.87998,1.24,1.09
2011.03.08 22:33:42.863,1.87883,1.88006,1.69,1.32
2011.03.08 22:33:54.217,1.87883,1.88002,1.32,1.02
2011.03.08 22:34:09.445,1.87886,1.88002,1.32,1.09
2011.03.08 22:34:26.333,1.87886,1.8801,1.32,1.05
2011.03.08 22:34:27.819,1.87891,1.88019,1.17,1.17
2011.03.08 22:34:28.885,1.87891,1.88008,1.17,1.05
2011.03.08 22:34:31.938,1.879,1.88003,1.09,1.17
2011.03.08 22:34:32.253,1.879,1.88003,1.24,1.09
2011.03.08 22:34:52.693,1.879,1.88003,1.09,1.17
2011.03.08 22:35:07.958,1.879,1.88003,1.24,1.02
2011.03.08 22:35:10.293,1.879,1.88003,1.32,1.39
2011.03.08 22:35:12.958,1.879,1.88003,1.62,1.09
2011.03.08 22:35:19.214,1.879,1.88003,1.47,1.17
2011.03.08 22:35:21.753,1.879,1.88003,1.62,1.02
2011.03.08 22:35:23.196,1.87896,1.88018,1.13,1.24
2011.03.08 22:35:23.982,1.87893,1.88017,1.05,1.32
2011.03.08 22:35:24.628,1.87893,1.88012,1.05,1.13
2011.03.08 22:35:25.421,1.87894,1.88015,1.20,1.02
2011.03.08 22:35:26.418,1.87892,1.88013,1.05,1.13
2011.03.08 22:35:27.133,1.87892,1.88013,1.05,1.13
2011.03.08 22:35:27.727,1.87891,1.88013,1.05,1.13
2011.03.08 22:35:32.695,1.87891,1.88015,1.35,1.02
2011.03.08 22:35:34.681,1.87892,1.88012,1.05,1.50
2011.03.08 22:35:37.984,1.87873,1.88003,1.05,1.17
2011.03.08 22:35:38.313,1.87872,1.87997,1.05,1.09
2011.03.08 22:35:38.424,1.87872,1.87987,1.05,1.13
2011.03.08 22:35:38.643,1.87872,1.87987,1.05,1.13
2011.03.08 22:35:38.863,1.87872,1.87987,1.05,1.13
2011.03.08 22:35:39.647,1.87863,1.87987,1.24,1.43
2011.03.08 22:35:39.973,1.87881,1.87984,1.32,1.39
2011.03.08 22:35:42.775,1.87872,1.87976,1.05,1.32
2011.03.08 22:35:42.884,1.87872,1.87978,1.05,1.32
2011.03.08 22:35:43.103,1.87862,1.87964,1.24,1.32
2011.03.08 22:35:44.453,1.87854,1.87962,1.47,1.02
2011.03.08 22:35:45.915,1.87857,1.87964,1.17,1.02
2011.03.08 22:35:47.767,1.87812,1.87973,1.05,1.13
2011.03.08 22:35:47.874,1.87812,1.87971,1.05,1.13
2011.03.08 22:35:48.092,1.87812,1.87971,1.05,1.13
2011.03.08 22:35:48.453,1.87812,1.87955,1.05,1.13
2011.03.08 22:35:48.782,1.87812,1.87951,1.05,1.13
2011.03.08 22:35:49.002,1.87813,1.87951,1.05,1.13
2011.03.08 22:35:52.420,1.87806,1.87951,1.20,1.13
2011.03.08 22:35:52.655,1.87813,1.87961,1.05,1.13
2011.03.08 22:35:53.259,1.87824,1.87961,1.13,1.13
2011.03.08 22:35:53.663,1.87827,1.8797,1.13,1.13
2011.03.08 22:35:53.773,1.87827,1.8797,1.13,1.13
2011.03.08 22:35:53.883,1.8784,1.8797,1.35,1.13
2011.03.08 22:35:53.994,1.87842,1.87967,1.05,1.05
2011.03.08 22:35:54.914,1.87842,1.87958,1.05,1.05
2011.03.08 22:35:55.026,1.87845,1.87967,1.20,1.05
2011.03.08 22:35:56.769,1.87845,1.87958,1.20,1.05
2011.03.08 22:35:57.883,1.87845,1.87968,1.50,1.05
2011.03.08 22:36:00.194,1.87851,1.87968,1.35,1.05
2011.03.08 22:36:00.743,1.87851,1.87969,1.35,1.05
2011.03.08 22:36:12.563,1.87853,1.87968,1.20,1.05
2011.03.08 22:36:13.162,1.87849,1.87968,1.35,1.05
2011.03.08 22:36:14.425,1.87849,1.87965,1.05,1.20
2011.03.08 22:36:17.655,1.87844,1.87965,1.13,1.20
2011.03.08 22:36:17.763,1.87822,1.87955,1.05,1.28
2011.03.08 22:36:18.203,1.87818,1.87945,1.13,1.13
2011.03.08 22:36:18.877,1.87818,1.87945,1.50,1.28
2011.03.08 22:36:20.876,1.87818,1.87945,1.13,1.35
2011.03.08 22:36:23.984,1.87833,1.87928,1.24,1.32
2011.03.08 22:36:24.319,1.87833,1.87928,1.32,1.32
2011.03.08 22:36:25.213,1.87833,1.87928,1.24,1.32
2011.03.08 22:36:25.434,1.87882,1.87945,0.94,1.13
2011.03.08 22:36:25.653,1.87863,1.87968,1.32,1.05
2011.03.08 22:36:25.873,1.87863,1.87968,1.32,1.05
2011.03.08 22:36:26.093,1.87863,1.87968,1.32,1.05
2011.03.08 22:36:26.916,1.87863,1.87968,1.32,1.05
2011.03.08 22:36:28.477,1.87877,1.87979,1.09,1.69
2011.03.08 22:36:32.448,1.87863,1.87968,1.32,1.05
2011.03.08 22:36:41.472,1.87877,1.87979,1.09,1.69
2011.03.08 22:36:42.554,1.87877,1.87979,1.09,1.69
2011.03.08 22:36:47.814,1.87868,1.87975,1.02,1.02
2011.03.08 22:36:47.923,1.87868,1.87973,1.02,1.02
2011.03.08 22:36:50.253,1.87878,1.87979,1.09,1.69
2011.03.08 22:36:51.926,1.87854,1.87987,1.50,1.05
2011.03.08 22:36:52.173,1.87854,1.87987,1.50,1.05
2011.03.08 22:36:53.783,1.87849,1.87984,1.13,1.13
2011.03.08 22:36:55.720,1.87859,1.87989,1.13,1.13
2011.03.08 22:36:55.823,1.87859,1.87989,1.13,1.13
2011.03.08 22:36:56.705,1.87859,1.87988,1.35,1.05
2011.03.08 22:36:58.241,1.87853,1.87988,1.50,1.05
2011.03.08 22:37:00.263,1.87853,1.87989,1.50,1.13
2011.03.08 22:37:01.293,1.87864,1.87989,1.13,1.13
2011.03.08 22:37:05.191,1.87859,1.87987,1.35,1.05
2011.03.08 22:37:06.304,1.87853,1.87987,1.50,1.05
2011.03.08 22:37:07.922,1.87854,1.87987,1.13,1.05
2011.03.08 22:37:11.157,1.87854,1.87973,1.13,1.13
2011.03.08 22:37:11.263,1.87848,1.87972,1.13,1.13
2011.03.08 22:37:11.593,1.87834,1.87962,1.13,1.13
2011.03.08 22:37:11.960,1.87839,1.87962,1.13,1.13
2011.03.08 22:37:12.810,1.87843,1.87962,1.13,1.13
2011.03.08 22:37:12.923,1.87843,1.87962,1.13,1.13
2011.03.08 22:37:13.889,1.87838,1.87962,1.13,1.20
2011.03.08 22:37:14.273,1.87848,1.87987,1.13,1.05
2011.03.08 22:37:14.383,1.87849,1.87987,1.35,1.05
2011.03.08 22:37:14.603,1.87852,1.87987,1.35,1.05
2011.03.08 22:37:14.715,1.87847,1.87974,1.13,1.13
2011.03.08 22:37:14.826,1.87847,1.87975,1.13,1.13
2011.03.08 22:37:15.044,1.87847,1.87968,1.13,1.13
2011.03.08 22:37:15.835,1.87847,1.87968,1.13,1.13
2011.03.08 22:37:16.209,1.87847,1.87968,1.13,1.13
2011.03.08 22:37:16.559,1.87842,1.87968,1.05,1.28
2011.03.08 22:37:16.773,1.87847,1.87968,1.13,1.43
2011.03.08 22:37:17.314,1.87847,1.87968,1.13,1.43
2011.03.08 22:37:19.700,1.87847,1.87968,1.13,1.43
2011.03.08 22:37:20.124,1.87846,1.87962,1.20,1.05
2011.03.08 22:37:20.343,1.87833,1.87958,1.13,1.05
2011.03.08 22:37:21.177,1.87831,1.87958,1.50,1.05
2011.03.08 22:37:21.974,1.87842,1.87978,1.13,1.05
2011.03.08 22:37:22.085,1.87838,1.87977,1.35,1.05
2011.03.08 22:37:22.193,1.87842,1.87977,1.28,1.05
2011.03.08 22:37:22.413,1.87846,1.87977,1.20,1.05
2011.03.08 22:37:23.935,1.87852,1.87979,1.05,1.35
2011.03.08 22:37:24.544,1.87852,1.87983,1.35,1.09
2011.03.08 22:37:24.873,1.87847,1.87974,1.13,1.13
2011.03.08 22:37:25.217,1.87847,1.87974,1.13,1.13
2011.03.08 22:37:25.434,1.87844,1.87966,1.20,1.13
2011.03.08 22:37:25.763,1.87842,1.87965,1.13,1.13
2011.03.08 22:37:26.169,1.8783,1.87963,1.32,1.13
2011.03.08 22:37:27.153,1.87838,1.87974,1.13,1.35
2011.03.08 22:37:27.373,1.87842,1.87974,1.13,1.35
2011.03.08 22:37:28.544,1.87842,1.87961,1.35,1.43
2011.03.08 22:37:28.873,1.87833,1.87958,1.13,1.05
2011.03.08 22:37:29.865,1.87833,1.87953,1.13,1.28
2011.03.08 22:37:30.193,1.87817,1.87948,1.69,1.13
2011.03.08 22:37:37.109,1.87817,1.87948,1.69,1.13
2011.03.08 22:37:37.984,1.87817,1.87948,1.69,1.13
2011.03.08 22:37:40.474,1.87817,1.87963,1.69,1.13
2011.03.08 22:37:40.913,1.87826,1.87963,1.32,1.13
2011.03.08 22:37:41.133,1.87826,1.87963,1.32,1.13
2011.03.08 22:37:41.704,1.87832,1.8797,1.13,1.13
2011.03.08 22:37:42.033,1.87849,1.8797,1.13,1.13
2011.03.08 22:37:42.253,1.87831,1.8797,1.32,1.13
2011.03.08 22:37:43.683,1.87854,1.87972,1.13,1.13
2011.03.08 22:37:44.763,1.87849,1.87971,1.13,1.13
2011.03.08 22:37:44.984,1.87849,1.87981,1.35,1.13
2011.03.08 22:37:45.093,1.87849,1.87977,1.05,1.05
2011.03.08 22:37:45.203,1.87849,1.87981,1.35,1.13
2011.03.08 22:37:45.533,1.87857,1.87981,1.13,1.13
2011.03.08 22:37:46.083,1.87857,1.87981,1.13,1.13
2011.03.08 22:37:46.974,1.87857,1.87981,1.13,1.13
2011.03.08 22:37:47.963,1.87857,1.87981,1.13,1.13
2011.03.08 22:37:48.294,1.87852,1.87981,1.13,1.13
2011.03.08 22:37:50.423,1.87852,1.87979,1.13,1.13
2011.03.08 22:37:52.263,1.87851,1.87981,1.13,1.13
2011.03.08 22:37:56.484,1.87856,1.87978,1.13,1.05
2011.03.08 22:37:56.703,1.87851,1.87981,1.13,1.13
2011.03.08 22:37:57.257,1.87857,1.87978,1.13,1.05
2011.03.08 22:37:58.024,1.87854,1.87978,1.13,1.43
2011.03.08 22:37:59.089,1.87853,1.87978,1.13,1.43
2011.03.08 22:38:00.304,1.87849,1.87978,1.13,1.43
2011.03.08 22:38:07.329,1.87848,1.87978,1.13,1.43
2011.03.08 22:38:08.266,1.87849,1.87978,1.13,1.43
2011.03.08 22:38:09.452,1.87848,1.87971,1.13,1.05
2011.03.08 22:38:10.224,1.87848,1.87959,1.13,1.13
2011.03.08 22:38:10.739,1.87833,1.87959,1.13,1.13
2011.03.08 22:38:12.586,1.87836,1.87959,1.13,1.13
2011.03.08 22:38:13.010,1.87837,1.87959,1.13,1.13
2011.03.08 22:38:13.683,1.87836,1.87961,1.13,1.13
2011.03.08 22:38:14.247,1.87837,1.87959,1.13,1.13
2011.03.08 22:38:15.199,1.87834,1.87959,1.13,1.13
2011.03.08 22:38:17.143,1.87837,1.87959,1.13,1.13
2011.03.08 22:38:20.563,1.87837,1.87961,1.13,1.13
2011.03.08 22:38:22.494,1.87833,1.8795,1.13,1.69
2011.03.08 22:38:22.713,1.87838,1.8795,1.13,1.32
2011.03.08 22:38:22.934,1.8783,1.8795,1.13,1.69
2011.03.08 22:38:23.043,1.87838,1.8795,1.13,1.32
2011.03.08 22:38:23.993,1.87835,1.8795,1.13,1.69
2011.03.08 22:38:25.324,1.87838,1.8795,1.13,1.69
2011.03.08 22:38:26.679,1.87827,1.87987,1.13,1.05
2011.03.08 22:38:26.894,1.87868,1.87987,1.13,1.05
2011.03.08 22:38:27.003,1.87883,1.87992,1.05,1.20
2011.03.08 22:38:27.593,1.87872,1.87999,1.05,1.35
2011.03.08 22:38:27.813,1.87871,1.88004,1.05,1.13
2011.03.08 22:38:27.923,1.87862,1.88009,1.05,1.13
2011.03.08 22:38:28.253,1.87871,1.88003,1.05,1.69
2011.03.08 22:38:29.005,1.87867,1.87999,1.13,1.32
2011.03.08 22:38:29.186,1.87867,1.87994,1.50,1.02
2011.03.08 22:38:29.514,1.87866,1.88004,1.13,1.32
2011.03.08 22:38:31.053,1.87857,1.87979,1.20,1.35
2011.03.08 22:38:31.275,1.87858,1.87987,1.13,1.05
2011.03.08 22:38:31.383,1.87858,1.87987,1.13,1.05
2011.03.08 22:38:31.771,1.87858,1.87987,1.13,1.05
2011.03.08 22:38:32.896,1.87861,1.87988,1.13,1.05
2011.03.08 22:38:33.855,1.87858,1.87978,1.13,1.05
2011.03.08 22:38:34.183,1.87855,1.87976,1.13,1.28
2011.03.08 22:38:37.535,1.87862,1.8798,1.05,1.54
2011.03.08 22:38:38.104,1.87862,1.87981,1.05,1.17
2011.03.08 22:38:38.215,1.87862,1.87986,1.05,1.32
2011.03.08 22:38:38.435,1.87863,1.87983,1.20,1.02
2011.03.08 22:38:38.544,1.87872,1.87983,1.05,1.02
2011.03.08 22:38:38.925,1.8787,1.87982,1.32,1.17
2011.03.08 22:38:39.034,1.87878,1.8799,1.09,1.99
2011.03.08 22:38:39.144,1.87878,1.8799,1.09,1.35
2011.03.08 22:38:39.474,1.87879,1.88003,2.07,1.20
2011.03.08 22:38:40.023,1.8788,1.88008,1.32,1.05
2011.03.08 22:38:40.354,1.87879,1.88005,1.69,1.50
2011.03.08 22:38:41.165,1.87878,1.87994,1.47,1.13
2011.03.08 22:38:41.814,1.87878,1.87992,1.39,1.13
2011.03.08 22:38:42.984,1.87879,1.87992,1.09,1.05
2011.03.08 22:38:45.063,1.87879,1.87999,1.24,1.35
2011.03.08 22:38:45.394,1.8788,1.87993,1.32,1.13
2011.03.08 22:38:47.913,1.87874,1.88,1.69,1.35
2011.03.08 22:38:48.303,1.87875,1.87992,1.32,1.13
2011.03.08 22:38:48.784,1.87875,1.87991,1.32,1.13
2011.03.08 22:38:49.463,1.87877,1.87989,1.09,1.35
2011.03.08 22:38:49.794,1.87874,1.87993,1.32,1.20
2011.03.08 22:39:00.963,1.87878,1.87992,1.09,1.13
2011.03.08 22:39:03.223,1.87874,1.87993,1.69,1.13
2011.03.08 22:39:04.182,1.87874,1.87998,1.69,1.35
2011.03.08 22:39:05.069,1.87877,1.87998,1.02,1.13
2011.03.08 22:39:05.205,1.87874,1.87998,1.69,1.13
2011.03.08 22:39:06.447,1.87878,1.87998,1.02,1.13
2011.03.08 22:39:06.554,1.87868,1.87998,1.17,1.50
2011.03.08 22:39:16.874,1.87866,1.87997,1.09,1.05
2011.03.08 22:39:17.059,1.87866,1.87998,1.09,1.43
2011.03.08 22:39:29.435,1.87866,1.87998,1.39,1.13
2011.03.08 22:39:30.916,1.87866,1.88002,1.39,1.32
2011.03.08 22:39:31.244,1.87866,1.87998,1.02,1.05
2011.03.08 22:39:32.311,1.87866,1.87998,1.09,1.35
2011.03.08 22:39:49.785,1.87858,1.87985,1.02,1.13
2011.03.08 22:39:50.115,1.87862,1.87997,1.24,1.05
2011.03.08 22:39:50.224,1.87862,1.87998,1.09,1.43
2011.03.08 22:39:50.563,1.87866,1.87998,1.02,1.43
2011.03.08 22:39:50.710,1.87866,1.87998,1.02,1.43
2011.03.08 22:39:53.454,1.8786,1.87988,1.24,1.13
2011.03.08 22:39:53.673,1.87857,1.87985,1.02,1.13
2011.03.08 22:39:54.073,1.87857,1.87985,1.02,1.13
2011.03.08 22:39:55.244,1.87867,1.87983,1.47,1.13
2011.03.08 22:39:55.354,1.87868,1.87988,1.47,1.05
2011.03.08 22:39:55.463,1.87868,1.87986,1.39,1.13
2011.03.08 22:39:55.794,1.87868,1.87988,1.32,1.05
2011.03.08 22:39:55.903,1.87868,1.87994,1.32,1.20
2011.03.08 22:39:58.047,1.87868,1.87985,1.32,1.13
2011.03.08 22:39:58.363,1.87868,1.87998,1.32,1.05
2011.03.08 22:40:00.353,1.87868,1.87998,1.32,1.05
2011.03.08 22:40:01.344,1.87868,1.87993,1.09,1.13
2011.03.08 22:40:01.565,1.87858,1.87987,1.02,1.05
2011.03.08 22:40:01.674,1.87858,1.87987,1.02,1.43
2011.03.08 22:40:01.894,1.87857,1.87987,1.02,1.13
2011.03.08 22:40:05.259,1.87855,1.87986,1.47,1.20
2011.03.08 22:40:05.707,1.87855,1.87987,1.39,1.28
2011.03.08 22:40:05.813,1.87855,1.87987,1.39,1.28
2011.03.08 22:40:06.663,1.87851,1.87987,1.35,1.28
2011.03.08 22:40:13.084,1.87851,1.87983,1.05,1.20
2011.03.08 22:40:13.303,1.87851,1.87987,1.35,1.43
2011.03.08 22:40:14.739,1.87851,1.87987,1.05,1.20
2011.03.08 22:40:20.975,1.8785,1.87987,1.05,1.20
2011.03.08 22:40:32.763,1.87851,1.87987,1.05,1.20
2011.03.08 22:40:33.024,1.87853,1.87985,1.05,1.20
2011.03.08 22:40:33.354,1.87852,1.87979,1.05,1.13
2011.03.08 22:40:35.646,1.87851,1.87987,1.28,1.35
2011.03.08 22:40:35.863,1.87852,1.87982,1.43,1.13
2011.03.08 22:40:38.530,1.87852,1.87985,1.05,1.20
2011.03.08 22:40:45.453,1.87854,1.87987,1.28,1.73
2011.03.08 22:40:45.854,1.8786,1.87982,1.05,1.13
2011.03.08 22:40:46.183,1.87863,1.87982,1.05,1.13
2011.03.08 22:40:49.264,1.87865,1.87987,1.20,1.35
2011.03.08 22:40:52.641,1.8786,1.87989,1.28,1.13
2011.03.08 22:40:53.245,1.87865,1.87989,1.20,1.35
2011.03.08 22:40:55.703,1.87863,1.87987,1.05,1.05
2011.03.08 22:40:56.220,1.87863,1.87988,1.05,1.05
2011.03.08 22:40:58.015,1.87862,1.87988,1.13,1.35
2011.03.08 22:40:58.344,1.87868,1.87991,1.13,1.05
2011.03.08 22:40:59.202,1.87868,1.87994,1.13,1.20
2011.03.08 22:41:14.815,1.87868,1.87993,1.13,1.20
2011.03.08 22:41:18.068,1.87873,1.87992,1.05,1.13
2011.03.08 22:41:21.268,1.87869,1.87993,1.13,1.20
2011.03.08 22:41:25.374,1.87863,1.87989,1.05,1.13
2011.03.08 22:41:25.594,1.87863,1.87987,1.05,1.13
2011.03.08 22:41:26.456,1.87861,1.87987,1.05,1.13
2011.03.08 22:41:26.673,1.8786,1.87987,1.05,1.13
2011.03.08 22:41:27.855,1.87861,1.87987,1.05,1.28
2011.03.08 22:41:28.644,1.87856,1.87987,1.28,1.43
2011.03.08 22:41:28.754,1.8786,1.87987,1.13,1.05
2011.03.08 22:41:28.974,1.87868,1.87994,1.13,1.20
2011.03.08 22:41:29.885,1.87868,1.87994,1.13,1.20
2011.03.08 22:41:35.053,1.87868,1.87996,1.13,1.20
2011.03.08 22:41:35.169,1.87868,1.87995,1.13,1.20
2011.03.08 22:41:35.463,1.87868,1.87995,1.13,1.20
2011.03.08 22:41:36.645,1.87866,1.87996,1.28,1.20
2011.03.08 22:41:41.153,1.87868,1.87993,1.05,1.13
2011.03.08 22:41:42.247,1.87866,1.87994,1.28,1.20
2011.03.08 22:41:50.505,1.87868,1.87993,1.05,1.13
2011.03.08 22:41:50.919,1.87866,1.87992,1.20,1.13
2011.03.08 22:41:51.025,1.87868,1.87992,1.20,1.50
2011.03.08 22:41:53.914,1.87865,1.87988,1.20,1.13
2011.03.08 22:41:54.258,1.87866,1.87988,1.20,1.35
2011.03.08 22:42:03.354,1.87865,1.87983,1.28,1.13
2011.03.08 22:42:03.753,1.87867,1.87988,1.28,1.05
2011.03.08 22:42:04.331,1.87868,1.87993,1.13,1.20
2011.03.08 22:42:16.605,1.87868,1.87998,1.43,1.05
2011.03.08 22:42:36.456,1.87868,1.87998,1.43,1.05
2011.03.08 22:42:40.434,1.87863,1.8799,1.05,1.13
2011.03.08 22:42:40.764,1.87861,1.8799,1.05,1.05
2011.03.08 22:42:44.031,1.87861,1.87986,1.05,1.13
2011.03.08 22:42:44.441,1.87861,1.87991,1.05,1.05
2011.03.08 22:42:44.800,1.87861,1.8799,1.28,1.13
2011.03.08 22:42:45.313,1.87861,1.87988,1.05,1.05
2011.03.08 22:42:49.554,1.87861,1.87988,1.05,1.05
2011.03.08 22:42:52.311,1.87861,1.87988,1.05,1.05
2011.03.08 22:42:55.205,1.87861,1.87991,1.35,1.35
2011.03.08 22:42:55.314,1.87856,1.87994,1.35,1.35
2011.03.08 22:43:09.704,1.87879,1.87998,1.13,1.05
2011.03.08 22:43:10.034,1.87889,1.87998,1.32,1.05
2011.03.08 22:43:10.144,1.87893,1.88004,1.32,1.20
2011.03.08 22:43:10.836,1.87893,1.88004,1.32,1.20
2011.03.08 22:43:11.245,1.87893,1.88004,1.32,1.13
2011.03.08 22:43:11.693,1.87892,1.88004,1.32,1.20
2011.03.08 22:43:28.713,1.87889,1.88002,1.32,1.13
2011.03.08 22:43:29.156,1.87871,1.8799,1.32,1.09
2011.03.08 22:43:30.854,1.87861,1.87993,1.13,1.35
2011.03.08 22:43:31.856,1.8786,1.87989,1.13,1.35
2011.03.08 22:43:33.324,1.87853,1.87984,1.43,1.13
2011.03.08 22:43:33.435,1.87861,1.87987,1.05,1.35
2011.03.08 22:43:33.545,1.87861,1.87982,1.05,1.50
2011.03.08 22:43:33.763,1.87851,1.87984,1.28,1.35
2011.03.08 22:43:33.983,1.87851,1.87982,1.28,1.35
2011.03.08 22:43:34.538,1.87851,1.87982,1.28,1.35
2011.03.08 22:43:38.804,1.87851,1.87985,1.28,1.35
2011.03.08 22:43:38.945,1.87851,1.87982,1.13,1.50
2011.03.08 22:43:39.163,1.8785,1.87982,1.13,1.50
2011.03.08 22:43:42.734,1.87843,1.87977,1.05,1.05
2011.03.08 22:43:43.064,1.87841,1.8797,1.05,1.13
2011.03.08 22:43:43.708,1.87841,1.87971,1.05,1.13
2011.03.08 22:43:43.887,1.87838,1.8797,1.13,1.05
2011.03.08 22:43:44.560,1.87838,1.87969,1.13,1.05
2011.03.08 22:43:44.877,1.87838,1.87969,1.28,1.35
2011.03.08 22:43:48.765,1.87838,1.87956,1.09,1.32
2011.03.08 22:43:48.985,1.87833,1.87954,1.24,1.32
2011.03.08 22:43:59.165,1.87836,1.8795,1.02,1.24
2011.03.08 22:43:59.384,1.87832,1.87953,1.24,1.09
2011.03.08 22:44:06.134,1.87832,1.8795,1.24,1.62
2011.03.08 22:44:06.354,1.87829,1.8795,1.47,1.69
2011.03.08 22:44:06.464,1.87829,1.8795,1.62,1.62
2011.03.08 22:44:06.794,1.87829,1.87946,1.54,1.09
2011.03.08 22:44:07.345,1.8783,1.8795,1.09,1.09
2011.03.08 22:44:11.444,1.87836,1.87952,1.32,1.09
2011.03.08 22:44:13.350,1.87837,1.87953,1.09,1.09
2011.03.08 22:44:21.904,1.87836,1.8795,1.32,1.24
2011.03.08 22:44:22.646,1.87829,1.8795,1.69,1.24
2011.03.08 22:44:23.084,1.87854,1.87969,1.69,1.32
2011.03.08 22:44:23.303,1.87845,1.87963,1.32,1.09
2011.03.08 22:44:24.954,1.8784,1.87965,1.09,1.54
2011.03.08 22:44:26.156,1.87847,1.87965,1.02,1.17
2011.03.08 22:44:26.265,1.8785,1.87982,1.13,2.07
2011.03.08 22:44:26.593,1.87851,1.87982,1.13,1.69
2011.03.08 22:44:39.694,1.87851,1.87973,1.05,1.13
2011.03.08 22:44:40.024,1.87843,1.87966,1.05,1.13
2011.03.08 22:44:40.160,1.87843,1.87966,1.05,1.13
2011.03.08 22:44:40.696,1.87845,1.87966,1.28,1.13
2011.03.08 22:44:40.916,1.87851,1.87972,1.43,1.35
2011.03.08 22:44:41.245,1.87851,1.87982,1.28,1.47
2011.03.08 22:44:52.362,1.87851,1.87982,1.28,1.09
2011.03.08 22:44:56.408,1.87851,1.87982,1.13,1.69
2011.03.08 22:44:56.746,1.87838,1.87978,1.09,1.05
2011.03.08 22:44:56.854,1.87835,1.87977,1.28,1.24
2011.03.08 22:44:57.184,1.87824,1.87961,1.28,1.05
2011.03.08 22:44:57.293,1.87824,1.87961,1.28,1.05
2011.03.08 22:44:58.344,1.87824,1.87957,1.28,1.43
2011.03.08 22:44:58.674,1.87812,1.87938,1.05,1.05
2011.03.08 22:44:59.005,1.87783,1.87932,1.05,1.20
2011.03.08 22:44:59.340,1.87783,1.87927,1.05,1.05
2011.03.08 22:44:59.444,1.87784,1.87927,1.28,1.05
2011.03.08 22:44:59.665,1.87802,1.87947,1.05,1.28
2011.03.08 22:44:59.885,1.87783,1.87947,1.20,1.13
2011.03.08 22:45:00.105,1.87783,1.87947,1.13,1.20
2011.03.08 22:45:00.543,1.87783,1.87947,1.13,1.20
2011.03.08 22:45:00.711,1.87783,1.87947,1.13,1.20
2011.03.08 22:45:01.024,1.87792,1.8794,1.05,1.05
2011.03.08 22:45:01.761,1.87792,1.87947,1.05,1.58
2011.03.08 22:45:02.177,1.87782,1.87942,1.05,1.43
2011.03.08 22:45:02.504,1.87782,1.87922,1.05,1.05
2011.03.08 22:45:02.834,1.87783,1.87926,1.05,1.20
2011.03.08 22:45:03.054,1.87783,1.87926,1.05,1.20
2011.03.08 22:45:03.164,1.87782,1.87918,1.05,1.05
2011.03.08 22:45:03.274,1.8779,1.87926,1.05,1.28
2011.03.08 22:45:03.604,1.87791,1.87926,1.05,1.28
2011.03.08 22:45:03.714,1.87791,1.87926,1.05,1.28
2011.03.08 22:45:04.164,1.87773,1.87926,1.05,1.35
2011.03.08 22:45:04.398,1.87782,1.87926,1.05,1.20
2011.03.08 22:45:04.614,1.87782,1.87926,1.05,1.20
2011.03.08 22:45:05.174,1.87782,1.87938,1.05,1.05
2011.03.08 22:45:05.394,1.87778,1.8794,1.35,1.28
2011.03.08 22:45:05.614,1.87778,1.8794,1.35,1.28
2011.03.08 22:45:05.834,1.87792,1.8794,1.05,1.13
2011.03.08 22:45:06.221,1.87792,1.8794,1.05,1.13
2011.03.08 22:45:09.644,1.87792,1.87948,1.05,1.05
2011.03.08 22:45:09.973,1.87792,1.87948,1.05,1.05
2011.03.08 22:45:10.083,1.87792,1.87948,1.05,1.05
2011.03.08 22:45:10.303,1.87792,1.87948,1.05,1.05
2011.03.08 22:45:15.284,1.87792,1.87947,1.05,1.28
2011.03.08 22:45:15.394,1.87783,1.87947,1.28,1.43
2011.03.08 22:45:15.504,1.87783,1.87947,1.28,1.43
2011.03.08 22:45:15.900,1.87792,1.87946,1.05,1.28
2011.03.08 22:45:17.404,1.87782,1.87941,1.05,1.05
2011.03.08 22:45:17.623,1.87782,1.87946,1.05,1.20
2011.03.08 22:45:17.954,1.87793,1.87941,1.05,1.13
2011.03.08 22:45:18.855,1.87801,1.87947,1.13,1.05
2011.03.08 22:45:19.294,1.87818,1.87953,1.13,1.20
2011.03.08 22:45:19.403,1.87818,1.87953,1.13,1.58
2011.03.08 22:45:19.953,1.87818,1.87952,1.13,1.20
2011.03.08 22:45:20.503,1.87818,1.87957,1.28,1.35
2011.03.08 22:45:20.724,1.87822,1.87957,1.05,1.28
2011.03.08 22:45:20.944,1.87818,1.87952,1.28,1.20
2011.03.08 22:45:21.714,1.87823,1.87957,1.05,1.28
2011.03.08 22:45:21.824,1.87818,1.87957,1.28,1.35
2011.03.08 22:45:22.264,1.87822,1.87957,1.05,1.28
2011.03.08 22:45:22.483,1.87818,1.87957,1.28,1.35
2011.03.08 22:45:23.034,1.87818,1.87952,1.28,1.20
2011.03.08 22:45:23.254,1.87823,1.87957,1.05,1.43
2011.03.08 22:45:23.364,1.87822,1.87952,1.05,1.05
2011.03.08 22:45:26.614,1.87823,1.87952,1.05,1.20
2011.03.08 22:45:27.394,1.87818,1.87957,1.28,1.35
2011.03.08 22:45:27.724,1.87818,1.87957,1.28,1.20
2011.03.08 22:45:27.834,1.87818,1.87952,1.28,1.20
2011.03.08 22:45:28.384,1.87818,1.87952,1.13,1.05
2011.03.08 22:45:28.934,1.87823,1.87952,1.05,1.20
2011.03.08 22:45:29.264,1.87822,1.87957,1.05,1.28
2011.03.08 22:45:29.694,1.87822,1.87952,1.05,1.05
2011.03.08 22:45:30.354,1.87818,1.87957,1.35,1.43
2011.03.08 22:45:31.814,1.87822,1.87952,1.05,1.05
2011.03.08 22:45:40.828,1.87827,1.8795,1.20,1.58
2011.03.08 22:45:40.937,1.87822,1.87951,1.05,1.88
2011.03.08 22:45:41.484,1.87818,1.87952,2.18,1.80
2011.03.08 22:45:42.694,1.87822,1.87952,1.05,1.58
2011.03.08 22:45:42.804,1.87823,1.8795,1.05,1.88
2011.03.08 22:45:43.134,1.87823,1.8795,1.05,1.88
2011.03.08 22:45:43.354,1.87823,1.87951,1.05,1.88
2011.03.08 22:45:43.903,1.87819,1.87951,2.10,1.73
2011.03.08 22:45:44.724,1.87831,1.87951,1.13,1.20
2011.03.08 22:45:44.833,1.87831,1.87962,2.33,1.05
2011.03.08 22:45:44.944,1.87831,1.87963,1.13,2.03
2011.03.08 22:45:45.714,1.87833,1.87964,1.05,1.73
2011.03.08 22:45:45.824,1.87833,1.87963,2.10,1.80
2011.03.08 22:45:46.154,1.87833,1.87963,2.10,1.73
2011.03.08 22:45:46.264,1.87833,1.87964,1.05,1.65
2011.03.08 22:45:46.483,1.87832,1.87964,1.43,1.73
2011.03.08 22:45:46.814,1.87833,1.87963,1.05,1.80
2011.03.08 22:45:47.034,1.87833,1.87964,1.05,2.03
2011.03.08 22:45:47.144,1.8784,1.87964,1.05,1.73
2011.03.08 22:45:47.254,1.87833,1.87963,1.05,1.80
2011.03.08 22:45:47.363,1.8784,1.87963,1.05,1.73
2011.03.08 22:45:47.584,1.87833,1.87964,1.05,2.03
2011.03.08 22:45:47.694,1.8784,1.87964,1.05,1.73
2011.03.08 22:45:48.135,1.87832,1.87963,1.43,2.03
2011.03.08 22:45:48.244,1.8784,1.87963,1.05,1.73
2011.03.08 22:45:48.463,1.87832,1.87963,1.43,2.03
2011.03.08 22:45:48.574,1.8784,1.87963,1.05,1.73
2011.03.08 22:45:48.684,1.8784,1.87964,1.05,1.65
2011.03.08 22:45:49.014,1.87833,1.87963,1.05,1.80
2011.03.08 22:45:49.454,1.87832,1.87964,1.43,2.03
2011.03.08 22:45:49.564,1.87838,1.87964,1.05,1.73
2011.03.08 22:45:49.674,1.87832,1.87963,1.43,2.03
2011.03.08 22:45:50.114,1.87838,1.87963,1.05,1.73
2011.03.08 22:45:50.334,1.87832,1.87963,1.43,2.03
2011.03.08 22:45:50.444,1.87838,1.87964,1.05,1.73
2011.03.08 22:45:50.884,1.87833,1.87963,1.05,2.03
2011.03.08 22:45:50.993,1.87838,1.87963,1.20,1.73
2011.03.08 22:45:51.544,1.87833,1.87963,1.05,1.65
2011.03.08 22:45:51.654,1.87838,1.87963,1.20,1.35
2011.03.08 22:45:51.764,1.87832,1.87964,1.05,1.80
2011.03.08 22:45:51.874,1.87838,1.87964,1.20,1.73
2011.03.08 22:45:52.094,1.87832,1.87964,1.05,2.03
2011.03.08 22:45:52.424,1.87841,1.87969,1.95,2.25
2011.03.08 22:45:52.645,1.87842,1.87966,1.05,1.58
2011.03.08 22:45:52.754,1.87842,1.87966,1.13,1.43
2011.03.08 22:45:52.974,1.87842,1.87966,1.05,1.58
2011.03.08 22:45:53.084,1.87843,1.87966,1.13,1.43
2011.03.08 22:45:53.535,1.87843,1.87966,1.05,1.58
2011.03.08 22:45:53.645,1.87843,1.87968,1.13,1.50
2011.03.08 22:45:53.865,1.87843,1.87967,1.05,1.58
2011.03.08 22:45:53.975,1.87843,1.87967,1.13,1.43
2011.03.08 22:45:54.305,1.87848,1.87967,1.09,1.20
2011.03.08 22:45:54.415,1.87854,1.87977,1.43,1.05
2011.03.08 22:45:54.635,1.87854,1.8798,2.10,1.20
2011.03.08 22:45:54.744,1.87853,1.8798,1.05,1.58
2011.03.08 22:45:55.074,1.87853,1.87979,2.25,1.80
2011.03.08 22:45:55.404,1.87861,1.87981,1.05,1.99
2011.03.08 22:45:55.734,1.87853,1.87979,2.10,1.50
2011.03.08 22:45:55.845,1.87861,1.8798,1.05,1.80
2011.03.08 22:45:56.725,1.87861,1.87979,1.35,1.50
2011.03.08 22:45:56.835,1.87862,1.87979,1.05,2.18
2011.03.08 22:45:57.274,1.87853,1.87979,2.25,1.35
2011.03.08 22:45:57.385,1.87861,1.87979,1.05,1.50
2011.03.08 22:45:57.825,1.87862,1.87979,1.35,1.50
2011.03.08 22:45:57.935,1.87862,1.87979,1.05,1.80
2011.03.08 22:45:58.265,1.87862,1.87979,1.35,1.50
2011.03.08 22:45:58.594,1.87862,1.87979,1.05,1.80
2011.03.08 22:45:58.704,1.87853,1.87979,2.10,1.50
2011.03.08 22:45:58.814,1.87862,1.87979,1.05,1.80
2011.03.08 22:45:59.694,1.87862,1.87979,1.35,1.50
2011.03.08 22:45:59.915,1.87862,1.87979,1.05,1.80
2011.03.08 22:46:00.794,1.87862,1.87979,1.35,1.50
2011.03.08 22:46:01.124,1.87862,1.87979,1.05,1.80
2011.03.08 22:46:02.295,1.87862,1.87979,1.35,1.50
2011.03.08 22:46:02.624,1.87869,1.87986,1.05,1.17
2011.03.08 22:46:04.715,1.8787,1.87987,1.35,1.92
2011.03.08 22:46:09.316,1.8787,1.87987,1.05,2.37
2011.03.08 22:46:16.728,1.8787,1.87987,1.35,2.07
2011.03.08 22:46:20.494,1.87876,1.87982,1.39,1.09
2011.03.08 22:46:20.824,1.87878,1.87982,1.32,1.02
2011.03.08 22:46:21.564,1.87878,1.87981,1.17,1.09
2011.03.08 22:46:21.757,1.87878,1.87983,1.24,1.02
2011.03.08 22:46:25.864,1.87883,1.87993,1.32,1.02
2011.03.08 22:46:29.610,1.87883,1.87982,1.24,1.02
2011.03.08 22:46:29.742,1.87883,1.87993,1.32,1.02
2011.03.08 22:46:30.953,1.87883,1.87982,1.24,1.02
2011.03.08 22:46:31.181,1.87883,1.87993,1.32,1.02
2011.03.08 22:46:39.076,1.87883,1.87981,1.02,1.09
2011.03.08 22:46:43.075,1.87883,1.87998,1.02,1.32
2011.03.08 22:46:47.594,1.87886,1.87998,1.02,1.32
2011.03.08 22:46:49.274,1.87883,1.87998,1.02,1.32
2011.03.08 22:46:52.345,1.8789,1.87991,1.09,1.54
2011.03.08 22:46:52.562,1.8789,1.87991,1.09,1.54
2011.03.08 22:46:55.413,1.8789,1.87986,1.09,1.28
2011.03.08 22:46:55.709,1.87892,1.87986,1.05,1.20
2011.03.08 22:46:56.305,1.87887,1.87986,1.09,1.35
2011.03.08 22:46:56.633,1.87885,1.8798,1.09,1.20
2011.03.08 22:47:03.534,1.87885,1.8798,1.32,1.20
2011.03.08 22:47:03.875,1.87885,1.87979,1.17,1.20
2011.03.08 22:47:06.201,1.87885,1.87979,1.02,1.35
2011.03.08 22:47:07.308,1.87885,1.87979,1.17,1.20
2011.03.08 22:47:07.914,1.87885,1.8798,1.17,1.20
2011.03.08 22:47:09.163,1.87885,1.8798,1.02,1.35
2011.03.08 22:47:09.964,1.87884,1.8798,1.17,1.20
2011.03.08 22:47:11.743,1.87873,1.8798,1.24,1.20
2011.03.08 22:47:11.853,1.87873,1.8798,1.24,1.20
2011.03.08 22:47:11.962,1.87873,1.87968,1.24,1.20
2011.03.08 22:47:12.073,1.87871,1.87968,1.24,1.20
2011.03.08 22:47:16.673,1.87869,1.87966,1.24,1.20
2011.03.08 22:47:16.783,1.87873,1.87966,1.02,1.20
2011.03.08 22:47:20.503,1.87869,1.87966,1.24,1.20
2011.03.08 22:47:20.698,1.87873,1.87966,1.02,1.20
2011.03.08 22:47:21.254,1.87869,1.87966,1.24,1.20
2011.03.08 22:47:22.243,1.87873,1.87966,1.17,1.20
2011.03.08 22:47:25.093,1.87869,1.87966,1.24,1.20
2011.03.08 22:47:25.313,1.87873,1.87966,1.02,1.20
2011.03.08 22:47:31.487,1.87869,1.87966,1.24,1.20
2011.03.08 22:47:31.813,1.87873,1.87966,1.02,1.20
2011.03.08 22:47:31.923,1.87869,1.87966,1.24,1.20
2011.03.08 22:47:32.208,1.87873,1.87966,1.17,1.20
2011.03.08 22:47:32.757,1.87869,1.87966,1.24,1.20
2011.03.08 22:47:33.243,1.87873,1.87966,1.17,1.20
2011.03.08 22:47:37.865,1.87869,1.87966,1.24,1.20
2011.03.08 22:48:37.779,1.87862,1.87966,1.13,1.20
2011.03.08 22:49:18.874,1.87865,1.87966,1.50,1.20
2011.03.08 22:49:19.202,1.87871,1.87978,1.35,1.20
2011.03.08 22:49:19.904,1.87882,1.87978,1.35,1.20
2011.03.08 22:49:20.233,1.87882,1.87966,1.35,1.20
2011.03.08 22:49:20.344,1.87887,1.87979,1.47,1.20
2011.03.08 22:49:21.543,1.87891,1.87965,1.24,1.20
2011.03.08 22:49:23.913,1.87888,1.87953,1.02,1.20
2011.03.08 22:49:24.023,1.87878,1.87953,1.17,1.20
2011.03.08 22:49:25.007,1.87878,1.87953,1.09,1.20
2011.03.08 22:49:28.204,1.87878,1.87965,1.09,1.20
2011.03.08 22:49:34.434,1.87864,1.87965,1.02,1.20
2011.03.08 22:49:34.763,1.8786,1.87953,1.24,1.20
2011.03.08 22:50:03.340,1.87848,1.87953,1.05,1.20
2011.03.08 22:50:03.565,1.87848,1.87953,1.35,1.28
2011.03.08 22:50:03.785,1.87842,1.8794,1.05,1.20
2011.03.08 22:50:03.894,1.87842,1.8794,1.05,1.20
2011.03.08 22:50:09.524,1.87842,1.8794,1.05,1.20
2011.03.08 22:50:10.036,1.87831,1.8794,1.35,1.20
2011.03.08 22:50:13.986,1.87822,1.8794,1.05,1.20
2011.03.08 22:50:15.855,1.87822,1.8794,1.05,1.20
2011.03.08 22:50:18.803,1.87822,1.87945,1.05,1.20
2011.03.08 22:50:19.204,1.87822,1.87948,1.05,1.20
2011.03.08 22:50:20.302,1.87822,1.87948,1.05,1.20
2011.03.08 22:50:23.328,1.87822,1.8794,1.05,1.20
2011.03.08 22:50:23.764,1.87819,1.87939,1.05,1.20
2011.03.08 22:50:31.874,1.87808,1.87939,1.35,1.20
2011.03.08 22:50:32.204,1.87851,1.87966,1.32,2.03
2011.03.08 22:50:32.314,1.87857,1.87966,1.32,1.28
2011.03.08 22:50:32.900,1.87851,1.87966,1.32,1.28
2011.03.08 22:50:33.831,1.87857,1.87966,1.09,1.20
2011.03.08 22:50:34.719,1.87851,1.87966,1.32,1.65
2011.03.08 22:50:35.823,1.87857,1.87966,1.17,1.43
2011.03.08 22:50:40.997,1.87858,1.87966,1.02,1.35
2011.03.08 22:50:49.015,1.87851,1.87966,1.24,1.95
2011.03.08 22:50:49.124,1.87851,1.8794,1.24,1.20
2011.03.08 22:50:49.455,1.87845,1.87927,1.32,1.20
2011.03.08 22:50:49.674,1.87837,1.87941,1.47,1.20
2011.03.08 22:51:06.265,1.8785,1.87953,1.32,1.09
2011.03.08 22:51:07.205,1.87848,1.8794,1.09,1.20
2011.03.08 22:51:07.424,1.87838,1.87928,1.02,1.20
2011.03.08 22:51:07.675,1.87836,1.87928,1.47,1.20
2011.03.08 22:51:07.785,1.87832,1.87928,1.05,1.20
2011.03.08 22:51:07.894,1.87832,1.87915,1.05,1.20
2011.03.08 22:51:08.334,1.87826,1.87915,1.20,1.20
2011.03.08 22:51:11.005,1.8782,1.87915,1.05,1.20
2011.03.08 22:51:11.114,1.8782,1.8794,1.05,1.20
2011.03.08 22:51:11.505,1.87807,1.8794,1.35,1.20
2011.03.08 22:51:11.876,1.87822,1.8794,1.13,1.20
2011.03.08 22:51:12.434,1.87828,1.87941,1.13,1.20
2011.03.08 22:51:13.894,1.87832,1.87941,1.05,1.20
2011.03.08 22:51:15.037,1.87832,1.87941,1.05,1.20
2011.03.08 22:51:18.667,1.87827,1.87941,1.28,1.20
2011.03.08 22:51:18.885,1.87813,1.87939,1.05,1.20
2011.03.08 22:51:18.994,1.87813,1.87939,1.05,1.20
2011.03.08 22:51:26.144,1.87813,1.87939,1.05,1.20
2011.03.08 22:51:37.104,1.87827,1.8794,1.20,1.20
2011.03.08 22:51:37.215,1.87822,1.8794,1.05,1.20
2011.03.08 22:51:37.325,1.87823,1.8794,1.05,1.20
2011.03.08 22:51:37.545,1.87823,1.87942,1.05,1.20
2011.03.08 22:51:38.106,1.87823,1.87941,1.05,1.20
2011.03.08 22:51:38.327,1.87828,1.87941,1.20,1.20
2011.03.08 22:51:38.434,1.87823,1.87941,1.05,1.20
2011.03.08 22:51:38.874,1.87822,1.87941,1.05,1.20
2011.03.08 22:51:38.985,1.87823,1.87942,1.05,1.20
2011.03.08 22:51:39.205,1.87823,1.87941,1.05,1.20
2011.03.08 22:51:39.315,1.87823,1.87943,1.05,1.20
2011.03.08 22:51:39.860,1.87823,1.87942,1.05,1.20
2011.03.08 22:51:49.704,1.87823,1.87944,1.05,1.20
2011.03.08 22:52:19.737,1.87812,1.87944,1.43,1.20
2011.03.08 22:52:30.984,1.87812,1.87941,1.43,1.20
2011.03.08 22:52:31.694,1.87812,1.87941,1.43,1.20
2011.03.08 22:52:31.913,1.87812,1.87944,1.43,1.20
2011.03.08 22:52:32.473,1.87812,1.87944,1.43,1.20
2011.03.08 22:52:33.024,1.87812,1.87944,1.43,1.20
2011.03.08 22:52:33.634,1.87812,1.87944,1.43,1.20
2011.03.08 22:52:34.293,1.87812,1.87944,1.43,1.20
2011.03.08 22:52:34.953,1.87812,1.87944,1.43,1.20
2011.03.08 22:52:35.547,1.87812,1.87944,1.43,1.20
2011.03.08 22:52:36.093,1.87812,1.87944,1.43,1.20
2011.03.08 22:52:37.146,1.87812,1.87944,1.43,1.20
2011.03.08 22:52:37.814,1.87812,1.87944,1.43,1.20
2011.03.08 22:52:38.964,1.87812,1.87944,1.43,1.20
2011.03.08 22:52:39.548,1.87812,1.87944,1.05,1.20
2011.03.08 22:52:39.764,1.87812,1.87941,1.05,1.20
2011.03.08 22:52:40.204,1.87813,1.87943,1.28,1.35
2011.03.08 22:52:40.900,1.87822,1.87943,1.05,1.20
2011.03.08 22:52:43.026,1.87822,1.87942,1.05,1.20
2011.03.08 22:52:51.245,1.87815,1.87945,1.35,1.20
2011.03.08 22:52:51.354,1.87815,1.87947,1.35,1.20
2011.03.08 22:52:51.464,1.87815,1.87947,1.35,1.20
2011.03.08 22:52:53.397,1.8781,1.87942,1.28,1.28
2011.03.08 22:52:53.760,1.8781,1.87942,1.28,1.28
2011.03.08 22:52:58.954,1.87812,1.87943,1.28,1.28
2011.03.08 22:52:59.339,1.87822,1.87943,1.05,1.20
2011.03.08 22:53:15.301,1.87822,1.87943,1.05,1.20
2011.03.08 22:53:16.034,1.87813,1.87943,1.28,1.35
2011.03.08 22:53:16.369,1.87813,1.87943,1.28,1.35
2011.03.08 22:53:24.881,1.87813,1.87943,1.28,1.35
2011.03.08 22:53:38.682,1.87823,1.87943,1.05,1.20
2011.03.08 22:53:39.688,1.87813,1.87943,1.43,1.35
2011.03.08 22:53:40.739,1.87813,1.87943,1.43,1.35
2011.03.08 22:53:55.854,1.87813,1.87943,1.43,1.35
2011.03.08 22:53:57.544,1.87822,1.87945,1.05,1.20
2011.03.08 22:53:57.653,1.87822,1.87948,1.05,1.20
2011.03.08 22:53:57.764,1.87822,1.87948,1.05,1.20
2011.03.08 22:54:00.784,1.87822,1.87948,1.05,1.20
2011.03.08 22:54:00.894,1.87822,1.87945,1.05,1.20
2011.03.08 22:54:01.004,1.87822,1.87945,1.05,1.20
2011.03.08 22:54:03.644,1.87822,1.87948,1.05,1.20
2011.03.08 22:54:03.754,1.87822,1.87948,1.05,1.20
2011.03.08 22:54:07.714,1.87822,1.87944,1.05,1.20
2011.03.08 22:54:08.044,1.87822,1.87944,1.05,1.20
2011.03.08 22:54:10.894,1.87822,1.87947,1.05,1.20
2011.03.08 22:54:11.004,1.87822,1.87947,1.05,1.20
2011.03.08 22:54:17.561,1.87822,1.87947,1.05,1.20
2011.03.08 22:54:17.770,1.87822,1.87947,1.05,1.20
2011.03.08 22:54:18.851,1.87822,1.87947,1.05,1.20
2011.03.08 22:54:19.621,1.87822,1.87947,1.05,1.20
2011.03.08 22:54:20.171,1.87822,1.87947,1.05,1.20
2011.03.08 22:54:24.234,1.87822,1.87945,1.05,1.20
2011.03.08 22:54:25.194,1.87822,1.87945,1.05,1.20
2011.03.08 22:54:25.304,1.87822,1.87948,1.05,1.20
2011.03.08 22:54:30.354,1.87833,1.87948,1.05,1.20
2011.03.08 22:54:30.471,1.87833,1.87948,1.05,1.20
2011.03.08 22:54:31.244,1.87833,1.87954,1.05,1.20
2011.03.08 22:54:31.354,1.87833,1.87956,1.05,1.20
2011.03.08 22:54:31.464,1.87833,1.87956,1.05,1.20
2011.03.08 22:54:37.351,1.87833,1.87956,1.05,1.20
2011.03.08 22:54:51.205,1.87823,1.87956,1.28,1.35
2011.03.08 22:54:51.534,1.87829,1.8796,1.13,1.50
2011.03.08 22:55:00.974,1.87829,1.8796,1.13,1.50
2011.03.08 22:55:01.085,1.87829,1.8796,1.13,1.50
2011.03.08 22:55:01.304,1.87829,1.8796,1.13,1.50
2011.03.08 22:55:01.490,1.87829,1.8796,1.13,1.50
2011.03.08 22:55:07.120,1.87829,1.8796,1.13,1.50
2011.03.08 22:55:16.014,1.87855,1.8796,1.13,1.20
2011.03.08 22:55:16.125,1.87859,1.87974,1.13,1.65
2011.03.08 22:55:16.344,1.87869,1.87974,1.13,1.65
2011.03.08 22:55:17.858,1.87869,1.87974,1.13,1.65
2011.03.08 22:55:18.847,1.87869,1.87974,1.13,1.65
2011.03.08 22:55:19.381,1.87869,1.87974,1.13,1.65
2011.03.08 22:55:19.927,1.87871,1.87974,1.13,1.65
2011.03.08 22:55:21.156,1.87862,1.87974,1.05,1.65
2011.03.08 22:55:21.268,1.87856,1.87974,1.35,1.20
2011.03.08 22:55:21.375,1.87856,1.87974,1.35,1.20
2011.03.08 22:55:21.484,1.87856,1.87962,1.35,1.20
2011.03.08 22:55:22.454,1.87853,1.87961,1.05,1.20
2011.03.08 22:55:23.245,1.87855,1.87961,1.28,1.20
2011.03.08 22:55:24.364,1.87856,1.87986,1.28,1.20
2011.03.08 22:55:24.610,1.87856,1.87986,1.28,1.20
2011.03.08 22:55:59.554,1.87862,1.87986,1.05,1.20
2011.03.08 22:56:00.361,1.87856,1.87986,1.28,1.35
2011.03.08 22:56:00.585,1.87853,1.87986,1.05,1.35
2011.03.08 22:56:00.695,1.87853,1.87977,1.05,1.20
2011.03.08 22:56:00.806,1.87853,1.8798,1.05,1.20
2011.03.08 22:56:00.915,1.87853,1.87977,1.05,1.20
2011.03.08 22:56:01.025,1.87853,1.87979,1.05,1.20
2011.03.08 22:56:01.465,1.87853,1.87977,1.05,1.20
2011.03.08 22:56:01.686,1.87853,1.8798,1.05,1.20
2011.03.08 22:56:01.795,1.87853,1.87977,1.05,1.20
2011.03.08 22:56:02.015,1.87853,1.87979,1.05,1.20
2011.03.08 22:56:02.235,1.87863,1.87981,1.50,1.20
2011.03.08 22:56:02.674,1.87872,1.8798,1.13,1.20
2011.03.08 22:56:03.225,1.87872,1.87979,1.13,1.20
2011.03.08 22:56:03.335,1.87871,1.87981,1.13,1.20
2011.03.08 22:56:03.446,1.87872,1.87979,1.28,1.20
2011.03.08 22:56:03.775,1.87872,1.87981,1.13,1.20
2011.03.08 22:56:04.217,1.87873,1.87979,1.13,1.20
2011.03.08 22:56:04.545,1.87872,1.8798,1.43,1.20
2011.03.08 22:56:04.765,1.87872,1.87979,1.05,1.20
2011.03.08 22:56:04.986,1.87873,1.87981,1.35,1.20
2011.03.08 22:56:05.095,1.87873,1.87979,1.05,1.20
2011.03.08 22:56:05.535,1.87873,1.87979,1.05,1.20
2011.03.08 22:56:05.645,1.87872,1.87981,1.43,1.20
2011.03.08 22:56:05.755,1.87873,1.87979,1.05,1.20
2011.03.08 22:56:06.179,1.87872,1.87981,1.43,1.20
2011.03.08 22:56:06.397,1.87874,1.8798,1.20,1.20
2011.03.08 22:56:06.508,1.87871,1.8798,1.28,1.20
2011.03.08 22:56:06.616,1.87872,1.8798,1.35,1.20
2011.03.08 22:56:06.837,1.87872,1.8798,1.05,1.20
2011.03.08 22:56:07.058,1.87873,1.8798,1.05,1.20
2011.03.08 22:56:07.167,1.87871,1.87979,1.28,1.20
2011.03.08 22:56:07.276,1.87874,1.87979,1.20,1.20
2011.03.08 22:56:07.495,1.87872,1.87979,1.05,1.20
2011.03.08 22:56:07.605,1.87872,1.87979,1.35,1.20
2011.03.08 22:56:07.716,1.87871,1.8798,1.28,1.20
2011.03.08 22:56:08.156,1.87873,1.8798,1.43,1.20
2011.03.08 22:56:08.266,1.87872,1.8798,1.43,1.20
2011.03.08 22:56:08.486,1.87873,1.87979,1.05,1.20
2011.03.08 22:56:08.596,1.87872,1.87981,1.28,1.20
2011.03.08 22:56:08.706,1.87872,1.87979,1.73,1.20
2011.03.08 22:56:08.927,1.87872,1.87979,1.28,1.20
2011.03.08 22:56:09.146,1.87872,1.8798,1.73,1.20
2011.03.08 22:56:09.258,1.87872,1.8798,1.05,1.20
2011.03.08 22:56:09.366,1.87874,1.8798,1.20,1.20
2011.03.08 22:56:09.476,1.87871,1.87981,1.28,1.20
2011.03.08 22:56:09.915,1.87873,1.87979,1.20,1.20
2011.03.08 22:56:10.026,1.87872,1.87981,1.05,1.20
2011.03.08 22:56:10.247,1.87873,1.8798,1.73,1.20
2011.03.08 22:56:10.356,1.87872,1.8798,1.28,1.20
2011.03.08 22:56:10.906,1.87873,1.8798,1.43,1.20
2011.03.08 22:56:11.016,1.87872,1.8798,1.28,1.20
2011.03.08 22:56:11.237,1.87873,1.87981,1.20,1.20
2011.03.08 22:56:11.346,1.87872,1.8798,1.28,1.20
2011.03.08 22:56:11.455,1.87873,1.8798,1.43,1.20
2011.03.08 22:56:11.566,1.87871,1.8798,1.28,1.20
2011.03.08 22:56:11.786,1.87873,1.8798,1.58,1.20
2011.03.08 22:56:11.898,1.87872,1.8798,1.05,1.20
2011.03.08 22:56:12.116,1.87874,1.87981,1.20,1.20
2011.03.08 22:56:12.227,1.87872,1.87981,1.43,1.20
2011.03.08 22:56:12.335,1.87873,1.8798,1.35,1.20
2011.03.08 22:56:12.446,1.87872,1.8798,1.28,1.20
2011.03.08 22:56:12.777,1.87872,1.8798,1.05,1.20
2011.03.08 22:56:13.105,1.87871,1.87979,1.28,1.20
2011.03.08 22:56:13.326,1.87873,1.87979,1.35,1.20
2011.03.08 22:56:13.435,1.87871,1.87979,1.28,1.20
2011.03.08 22:56:13.545,1.87872,1.8798,1.05,1.20
2011.03.08 22:56:13.656,1.87873,1.8798,1.20,1.20
2011.03.08 22:56:13.876,1.87874,1.87981,1.20,1.20
2011.03.08 22:56:13.985,1.87873,1.87981,1.05,1.20
2011.03.08 22:56:14.095,1.87873,1.87979,1.05,1.20
2011.03.08 22:56:14.205,1.87873,1.87981,1.43,1.20
2011.03.08 22:56:14.315,1.87871,1.87981,1.28,1.20
2011.03.08 22:56:14.425,1.87871,1.87979,1.28,1.20
2011.03.08 22:56:14.755,1.87872,1.8798,1.35,1.20
2011.03.08 22:56:14.865,1.87872,1.8798,1.05,1.20
2011.03.08 22:56:15.085,1.87872,1.8798,1.05,1.20
2011.03.08 22:56:15.196,1.87872,1.8798,1.05,1.20
2011.03.08 22:56:15.415,1.87872,1.87979,1.35,1.20
2011.03.08 22:56:15.526,1.87873,1.87979,1.28,1.20
2011.03.08 22:56:15.745,1.87873,1.87981,1.73,1.20
2011.03.08 22:56:15.856,1.87871,1.8798,1.28,1.20
2011.03.08 22:56:15.965,1.87873,1.8798,1.58,1.20
2011.03.08 22:56:16.075,1.87872,1.8798,1.05,1.20
2011.03.08 22:56:16.295,1.87874,1.8798,1.20,1.20
2011.03.08 22:56:16.405,1.87872,1.8798,1.05,1.20
2011.03.08 22:56:16.845,1.87872,1.8798,1.73,1.20
2011.03.08 22:56:17.065,1.87871,1.8798,1.28,1.20
2011.03.08 22:56:17.175,1.87873,1.8798,1.73,1.20
2011.03.08 22:56:17.285,1.87872,1.8798,1.05,1.20
2011.03.08 22:56:17.505,1.87873,1.87981,1.43,1.20
2011.03.08 22:56:17.615,1.87872,1.87981,1.43,1.20
2011.03.08 22:56:17.725,1.87872,1.8798,1.73,1.20
2011.03.08 22:56:17.836,1.87872,1.8798,1.43,1.20
2011.03.08 22:56:18.055,1.87872,1.8798,1.05,1.20
2011.03.08 22:56:18.275,1.87872,1.8798,1.43,1.20
2011.03.08 22:56:18.715,1.87872,1.8798,1.05,1.20
2011.03.08 22:56:18.826,1.87878,1.87993,1.28,1.28
2011.03.08 22:56:18.935,1.87877,1.87991,1.35,1.20
2011.03.08 22:56:19.265,1.87889,1.87994,1.13,1.35
2011.03.08 22:56:19.835,1.87887,1.87991,1.28,1.20
2011.03.08 22:56:20.605,1.87888,1.87994,1.28,1.35
2011.03.08 22:56:20.935,1.87888,1.87994,1.28,1.28
2011.03.08 22:56:21.375,1.87889,1.87992,1.28,1.20
2011.03.08 22:56:22.035,1.87889,1.87993,1.28,1.28
2011.03.08 22:56:22.255,1.87888,1.87991,1.28,1.20
2011.03.08 22:56:22.366,1.87888,1.87994,1.28,1.28
2011.03.08 22:56:22.585,1.87888,1.87991,1.28,1.20
2011.03.08 22:56:22.696,1.87888,1.87993,1.28,1.28
2011.03.08 22:56:22.805,1.87888,1.87991,1.28,1.20
2011.03.08 22:56:22.915,1.87888,1.87993,1.28,1.28
2011.03.08 22:56:23.135,1.87888,1.87991,1.28,1.20
2011.03.08 22:56:23.245,1.87888,1.87994,1.28,1.28
2011.03.08 22:56:23.795,1.87888,1.87992,1.28,1.20
2011.03.08 22:56:24.455,1.87889,1.87993,1.28,1.28
2011.03.08 22:56:24.675,1.87888,1.87991,1.28,1.20
2011.03.08 22:56:24.785,1.87887,1.87994,1.35,1.28
2011.03.08 22:56:24.895,1.87887,1.87991,1.35,1.20
2011.03.08 22:56:25.115,1.87888,1.87994,1.28,1.28
2011.03.08 22:56:25.775,1.87888,1.87992,1.28,1.20
2011.03.08 22:56:26.355,1.87887,1.87994,1.35,1.28
2011.03.08 22:56:26.466,1.87888,1.87991,1.28,1.20
2011.03.08 22:56:26.576,1.87888,1.87993,1.28,1.28
2011.03.08 22:56:27.235,1.87888,1.87992,1.28,1.20
2011.03.08 22:56:27.785,1.87887,1.87994,1.35,1.28
2011.03.08 22:56:27.895,1.87887,1.87991,1.35,1.20
2011.03.08 22:56:28.005,1.87889,1.87993,1.28,1.28
2011.03.08 22:56:28.116,1.87887,1.87991,1.35,1.20
2011.03.08 22:56:28.335,1.87889,1.87994,1.28,1.28
2011.03.08 22:56:28.556,1.87888,1.87991,1.28,1.20
2011.03.08 22:56:28.665,1.87888,1.87993,1.28,1.28
2011.03.08 22:56:28.886,1.87888,1.87991,1.28,1.20
2011.03.08 22:56:28.995,1.87888,1.87994,1.28,1.28
2011.03.08 22:56:29.765,1.87888,1.87992,1.28,1.20
2011.03.08 22:56:30.315,1.87888,1.87991,1.28,1.20
2011.03.08 22:56:30.535,1.87888,1.87994,1.28,1.28
2011.03.08 22:56:30.975,1.87889,1.87991,1.28,1.20
2011.03.08 22:56:31.195,1.87887,1.87994,1.35,1.28
2011.03.08 22:56:31.745,1.87888,1.87992,1.28,1.20
2011.03.08 22:56:32.310,1.87888,1.87991,1.28,1.20
2011.03.08 22:56:32.856,1.87889,1.87993,1.28,1.28
2011.03.08 22:56:32.965,1.87888,1.87991,1.28,1.20
2011.03.08 22:56:33.076,1.87888,1.87994,1.28,1.28
2011.03.08 22:56:33.295,1.87888,1.87991,1.28,1.20
2011.03.08 22:56:33.405,1.87888,1.87993,1.28,1.28
2011.03.08 22:56:33.626,1.87888,1.87991,1.28,1.20
2011.03.08 22:56:33.737,1.87889,1.87993,1.28,1.28
2011.03.08 22:56:34.505,1.87888,1.87991,1.28,1.20
2011.03.08 22:56:34.726,1.87887,1.87994,1.35,1.28
2011.03.08 22:56:35.385,1.87887,1.87992,1.35,1.20
2011.03.08 22:56:36.156,1.87888,1.87994,1.28,1.28
2011.03.08 22:56:36.925,1.87888,1.87991,1.28,1.20
2011.03.08 22:56:37.035,1.87888,1.87994,1.28,1.28
2011.03.08 22:56:37.146,1.87887,1.87991,1.35,1.20
2011.03.08 22:56:37.256,1.87889,1.87994,1.28,1.28
2011.03.08 22:56:37.805,1.87888,1.87992,1.28,1.20
2011.03.08 22:56:38.486,1.87888,1.87994,1.28,1.28
2011.03.08 22:56:39.036,1.87887,1.87991,1.35,1.20
2011.03.08 22:56:39.145,1.87888,1.87993,1.28,1.28
2011.03.08 22:56:39.915,1.87887,1.87992,1.35,1.20
2011.03.08 22:56:40.575,1.87888,1.87993,1.28,1.28
2011.03.08 22:56:40.795,1.87887,1.87991,1.35,1.20
2011.03.08 22:56:40.905,1.87888,1.87993,1.28,1.28
2011.03.08 22:56:41.125,1.87888,1.87991,1.28,1.20
2011.03.08 22:56:41.455,1.87887,1.87993,1.35,1.28
2011.03.08 22:56:41.675,1.87888,1.87991,1.28,1.20
2011.03.08 22:56:41.785,1.87889,1.87993,1.28,1.28
2011.03.08 22:56:42.005,1.87887,1.87991,1.35,1.20
2011.03.08 22:56:42.115,1.87889,1.87994,1.28,1.28
2011.03.08 22:56:42.334,1.87888,1.87991,1.28,1.20
2011.03.08 22:56:42.666,1.87888,1.87994,1.28,1.28
2011.03.08 22:56:42.885,1.87888,1.87991,1.28,1.20
2011.03.08 22:56:42.995,1.87888,1.87994,1.28,1.28
2011.03.08 22:56:43.215,1.87888,1.87991,1.28,1.20
2011.03.08 22:56:43.655,1.87889,1.87994,1.28,1.28
2011.03.08 22:56:44.457,1.87888,1.87992,1.28,1.20
2011.03.08 22:56:45.005,1.87887,1.87991,1.35,1.20
2011.03.08 22:56:45.115,1.87888,1.87994,1.28,1.28
2011.03.08 22:56:45.335,1.87887,1.87991,1.35,1.20
2011.03.08 22:56:45.556,1.87888,1.87993,1.28,1.28
2011.03.08 22:56:45.666,1.87889,1.87991,1.28,1.20
2011.03.08 22:56:45.885,1.87888,1.87994,1.28,1.28
2011.03.08 22:56:46.215,1.87888,1.87991,1.28,1.20
2011.03.08 22:56:46.325,1.87888,1.87994,1.28,1.28
2011.03.08 22:56:46.544,1.87887,1.87991,1.35,1.20
2011.03.08 22:56:46.985,1.87887,1.87994,1.35,1.28
2011.03.08 22:56:47.096,1.87887,1.87991,1.35,1.20
2011.03.08 22:56:47.205,1.87887,1.87993,1.35,1.28
2011.03.08 22:56:54.467,1.879,1.88006,1.13,1.20
2011.03.08 22:56:54.576,1.879,1.88005,1.28,1.28
2011.03.08 22:56:54.905,1.87901,1.88004,1.05,1.28
2011.03.08 22:57:13.736,1.87912,1.88006,1.62,1.20
2011.03.08 22:57:13.845,1.87912,1.88017,1.62,1.20
2011.03.08 22:57:13.962,1.87913,1.88017,1.32,1.35
2011.03.08 22:57:14.516,1.87915,1.88018,1.32,1.80
2011.03.08 22:57:15.065,1.87914,1.88018,1.32,1.80
2011.03.08 22:57:21.457,1.87917,1.88018,1.02,1.20
2011.03.08 22:57:21.566,1.87915,1.88017,1.09,1.50
2011.03.08 22:57:22.007,1.87918,1.88017,1.02,1.20
2011.03.08 22:57:22.337,1.87915,1.88018,1.09,1.50
2011.03.08 22:57:22.886,1.87918,1.88018,1.02,1.20
2011.03.08 22:57:22.996,1.87915,1.88019,1.09,1.50
2011.03.08 22:57:23.436,1.87917,1.88017,1.02,1.20
2011.03.08 22:57:23.546,1.87917,1.88019,1.02,1.20
2011.03.08 22:57:23.655,1.87915,1.88017,1.09,1.50
2011.03.08 22:57:23.876,1.87918,1.88019,1.02,1.20
2011.03.08 22:57:23.986,1.87915,1.88017,1.09,1.35
2011.03.08 22:57:24.426,1.87917,1.88018,1.02,1.20
2011.03.08 22:57:24.783,1.87915,1.88017,1.09,1.35
2011.03.08 22:57:25.007,1.87917,1.88018,1.02,1.20
2011.03.08 22:57:25.116,1.87915,1.88019,1.09,1.50
2011.03.08 22:57:25.556,1.87917,1.88018,1.02,1.20
2011.03.08 22:57:25.777,1.87915,1.88018,1.09,1.50
2011.03.08 22:57:25.886,1.87917,1.88018,1.02,1.20
2011.03.08 22:57:26.106,1.87915,1.88018,1.09,1.50
2011.03.08 22:57:26.217,1.87918,1.88018,1.02,1.20
2011.03.08 22:57:26.327,1.87915,1.88019,1.09,1.50
2011.03.08 22:57:26.547,1.87918,1.88019,1.02,1.20
2011.03.08 22:57:26.656,1.87915,1.88017,1.09,1.50
2011.03.08 22:57:27.096,1.87918,1.88017,1.02,1.20
2011.03.08 22:57:27.206,1.87915,1.88018,1.09,1.50
2011.03.08 22:57:37.259,1.87917,1.88019,1.02,1.20
2011.03.08 22:57:37.586,1.87916,1.88018,1.09,1.50
2011.03.08 22:57:37.916,1.87918,1.88017,1.02,1.20
2011.03.08 22:57:38.355,1.87916,1.88019,1.09,1.50
2011.03.08 22:57:38.465,1.87918,1.88018,1.02,1.20
2011.03.08 22:57:39.016,1.87916,1.88017,1.09,1.50
2011.03.08 22:57:39.378,1.87917,1.88018,1.02,1.20
2011.03.08 22:57:39.486,1.87916,1.88019,1.09,1.50
2011.03.08 22:57:39.926,1.87917,1.88017,1.02,1.20
2011.03.08 22:57:40.366,1.87917,1.88019,1.02,1.20
2011.03.08 22:57:40.476,1.87916,1.88018,1.09,1.50
2011.03.08 22:57:40.586,1.87917,1.88018,1.02,1.20
2011.03.08 22:57:40.696,1.87916,1.88019,1.09,1.50
2011.03.08 22:57:40.916,1.87917,1.88018,1.02,1.20
2011.03.08 22:57:41.027,1.87916,1.88019,1.09,1.50
2011.03.08 22:57:41.246,1.87917,1.88018,1.02,1.20
2011.03.08 22:57:41.356,1.87916,1.88017,1.09,1.35
2011.03.08 22:57:41.796,1.87918,1.88017,1.02,1.20
2011.03.08 22:57:42.126,1.87914,1.88017,1.09,1.50
2011.03.08 22:57:42.457,1.87917,1.88018,1.02,1.20
2011.03.08 22:57:42.566,1.87917,1.88017,1.09,1.50
2011.03.08 22:57:43.005,1.87918,1.88018,1.02,1.20
2011.03.08 22:57:43.116,1.87917,1.88019,1.09,1.50
2011.03.08 22:57:43.336,1.87918,1.88019,1.02,1.20
2011.03.08 22:57:43.445,1.87917,1.88018,1.09,1.50
2011.03.08 22:57:43.555,1.87917,1.88018,1.39,1.20
2011.03.08 22:57:43.666,1.87917,1.88018,1.09,1.50
2011.03.08 22:57:43.887,1.87918,1.88018,1.02,1.20
2011.03.08 22:57:43.995,1.87917,1.88018,1.09,1.50
2011.03.08 22:57:44.546,1.87917,1.88018,1.39,1.20
2011.03.08 22:57:44.656,1.87917,1.88018,1.09,1.50
2011.03.08 22:57:45.095,1.87917,1.88017,1.39,1.20
2011.03.08 22:57:45.536,1.87917,1.88018,1.09,1.50
2011.03.08 22:57:46.106,1.87917,1.88018,1.09,1.50
2011.03.08 22:57:46.227,1.87917,1.88018,1.39,1.20
2011.03.08 22:57:46.446,1.87917,1.88018,1.09,1.50
2011.03.08 22:57:46.666,1.87917,1.88017,1.39,1.20
2011.03.08 22:57:46.775,1.87917,1.88017,1.09,1.50
2011.03.08 22:57:46.887,1.87918,1.88018,1.02,1.20
2011.03.08 22:57:46.996,1.87917,1.88019,1.09,1.50
2011.03.08 22:57:47.216,1.87917,1.88018,1.39,1.20
2011.03.08 22:57:47.327,1.87917,1.88019,1.09,1.50
2011.03.08 22:57:47.766,1.87918,1.88017,1.02,1.20
2011.03.08 22:57:48.207,1.87917,1.88018,1.09,1.50
2011.03.08 22:57:48.426,1.87917,1.88018,1.39,1.20
2011.03.08 22:57:48.536,1.87917,1.88018,1.09,1.50
2011.03.08 22:57:48.976,1.87918,1.88018,1.02,1.20
2011.03.08 22:57:49.416,1.87917,1.88018,1.09,1.50
2011.03.08 22:57:49.856,1.87918,1.88017,1.02,1.20
2011.03.08 22:57:49.966,1.87918,1.88019,1.02,1.20
2011.03.08 22:57:50.076,1.87917,1.88018,1.09,1.50
2011.03.08 22:57:50.186,1.87918,1.88018,1.02,1.20
2011.03.08 22:57:50.296,1.87917,1.88019,1.09,1.50
2011.03.08 22:57:50.516,1.87917,1.88017,1.39,1.20
2011.03.08 22:57:50.626,1.87917,1.88017,1.09,1.50
2011.03.08 22:57:51.065,1.87917,1.88018,1.39,1.20
2011.03.08 22:57:51.176,1.87917,1.88018,1.09,1.50
2011.03.08 22:57:51.615,1.87918,1.88017,1.02,1.20
2011.03.08 22:57:51.946,1.87912,1.88011,1.69,1.50
2011.03.08 22:57:56.731,1.87914,1.88009,1.32,1.50
2011.03.08 22:58:27.315,1.87917,1.88009,1.09,1.20
2011.03.08 22:58:27.534,1.87919,1.88012,1.32,1.20
2011.03.08 22:58:30.195,1.87927,1.88013,1.02,1.28
2011.03.08 22:58:57.923,1.87912,1.88013,1.05,1.28
2011.03.08 22:59:28.333,1.8791,1.88013,1.13,1.65
2011.03.08 22:59:29.231,1.8791,1.88013,1.13,1.65
2011.03.08 22:59:30.454,1.8791,1.88013,1.13,1.65
2011.03.08 22:59:34.421,1.87913,1.88013,1.05,1.28
2011.03.08 22:59:38.723,1.8791,1.88013,1.28,1.43
2011.03.08 22:59:41.884,1.8791,1.88013,1.28,1.43
2011.03.08 22:59:49.744,1.8791,1.88013,1.28,1.43
2011.03.08 22:59:56.115,1.8791,1.88013,1.28,1.43
