2015.07.23 01:00:01.538,1.65372,1.65416,1.75,1.00
2015.07.23 01:00:01.645,1.65368,1.65417,1.75,1.00
2015.07.23 01:00:01.849,1.65366,1.65407,1.75,1.00
2015.07.23 01:00:02.846,1.65366,1.65407,1.75,1.00
2015.07.23 01:00:04.168,1.65366,1.65406,1.75,1.00
2015.07.23 01:00:04.849,1.65365,1.65407,1.12,1.00
2015.07.23 01:00:06.841,1.65364,1.65407,1.80,1.00
2015.07.23 01:00:10.081,1.6536,1.65407,1.75,1.00
2015.07.23 01:00:10.395,1.65363,1.65407,1.75,1.00
2015.07.23 01:00:11.944,1.65363,1.65406,1.75,1.00
2015.07.23 01:00:15.298,1.65361,1.65406,1.75,1.00
2015.07.23 01:00:15.698,1.65357,1.65406,1.75,1.00
2015.07.23 01:00:15.799,1.65357,1.65396,1.75,1.00
2015.07.23 01:00:16.053,1.65357,1.65406,1.75,1.00
2015.07.23 01:00:17.203,1.65357,1.65406,1.75,1.12
2015.07.23 01:00:17.254,1.65357,1.65396,1.75,1.00
2015.07.23 01:00:17.556,1.65361,1.65407,1.50,1.37
2015.07.23 01:00:17.607,1.65363,1.65407,1.37,1.37
2015.07.23 01:00:17.709,1.65365,1.65406,1.75,1.00
2015.07.23 01:00:17.810,1.6537,1.65416,1.37,1.67
2015.07.23 01:00:17.861,1.6537,1.65416,1.37,1.00
2015.07.23 01:00:17.911,1.65372,1.65406,1.00,1.00
2015.07.23 01:00:18.180,1.65372,1.65416,1.12,1.12
2015.07.23 01:00:18.234,1.65375,1.65417,1.75,1.12
2015.07.23 01:00:18.336,1.65375,1.65421,1.75,1.00
2015.07.23 01:00:18.437,1.65376,1.65417,1.75,1.00
2015.07.23 01:00:18.588,1.65371,1.65425,1.75,1.37
2015.07.23 01:00:18.639,1.65371,1.65425,1.37,1.12
2015.07.23 01:00:18.690,1.65363,1.65396,1.12,1.00
2015.07.23 01:00:18.740,1.65361,1.65396,1.75,1.00
2015.07.23 01:00:18.892,1.65367,1.65416,1.37,1.42
2015.07.23 01:00:18.944,1.65367,1.65417,1.75,1.00
2015.07.23 01:00:19.102,1.65373,1.65422,1.75,1.00
2015.07.23 01:00:19.330,1.65373,1.65423,1.12,1.42
2015.07.23 01:00:19.381,1.65368,1.65414,1.50,1.00
2015.07.23 01:00:19.684,1.65358,1.65396,1.75,1.00
2015.07.23 01:00:19.862,1.65358,1.65405,1.75,1.00
2015.07.23 01:00:19.913,1.65361,1.65413,1.75,1.05
2015.07.23 01:00:20.015,1.65365,1.65406,1.50,1.00
2015.07.23 01:00:20.116,1.65367,1.65414,1.37,1.05
2015.07.23 01:00:20.167,1.65367,1.65416,1.37,1.37
2015.07.23 01:00:20.318,1.65367,1.65416,1.00,1.50
2015.07.23 01:00:20.623,1.65366,1.65416,1.37,1.37
2015.07.23 01:00:21.222,1.65366,1.65416,1.12,1.37
2015.07.23 01:00:25.432,1.65364,1.65417,1.00,1.75
2015.07.23 01:00:25.761,1.65366,1.65417,1.00,1.75
2015.07.23 01:00:26.088,1.65362,1.65417,1.12,1.75
2015.07.23 01:00:26.352,1.65362,1.65406,1.12,1.00
2015.07.23 01:00:26.882,1.65363,1.65406,1.00,1.00
2015.07.23 01:00:27.205,1.65363,1.65406,1.37,1.00
2015.07.23 01:00:27.568,1.65365,1.65416,1.12,1.37
2015.07.23 01:00:28.352,1.65366,1.65416,1.00,1.37
2015.07.23 01:00:30.532,1.65366,1.65406,1.00,1.00
2015.07.23 01:00:30.684,1.65362,1.65406,1.37,1.00
2015.07.23 01:00:31.231,1.65364,1.65407,1.00,1.00
2015.07.23 01:00:31.541,1.65363,1.65417,1.37,2.25
2015.07.23 01:00:31.868,1.65365,1.65417,1.37,1.50
2015.07.23 01:00:31.970,1.65365,1.65417,1.75,1.00
2015.07.23 01:00:32.317,1.65374,1.65421,1.37,1.05
2015.07.23 01:00:32.372,1.65377,1.65427,1.12,1.12
2015.07.23 01:00:32.423,1.65379,1.65426,1.00,1.00
2015.07.23 01:00:32.726,1.65382,1.65426,1.37,1.00
2015.07.23 01:00:33.691,1.6538,1.65426,1.37,1.00
2015.07.23 01:00:34.481,1.65381,1.65426,1.75,1.00
2015.07.23 01:00:34.783,1.65381,1.65426,1.37,1.12
2015.07.23 01:00:35.069,1.65383,1.65427,1.12,1.37
2015.07.23 01:00:35.373,1.65377,1.65416,1.75,1.00
2015.07.23 01:00:35.474,1.65377,1.65416,1.37,1.00
2015.07.23 01:00:37.707,1.65377,1.65416,1.37,1.00
2015.07.23 01:00:37.939,1.65369,1.65407,2.25,1.00
2015.07.23 01:00:37.990,1.65366,1.65407,1.37,1.00
2015.07.23 01:00:38.091,1.65366,1.65406,1.00,1.00
2015.07.23 01:00:38.142,1.65366,1.65415,1.00,1.05
2015.07.23 01:00:38.193,1.65362,1.65415,1.75,1.05
2015.07.23 01:00:38.395,1.65369,1.65416,1.00,1.80
2015.07.23 01:00:38.496,1.65369,1.65416,1.00,1.00
2015.07.23 01:00:38.597,1.65371,1.65417,1.00,1.12
2015.07.23 01:00:38.799,1.65371,1.65424,1.00,1.87
2015.07.23 01:00:39.058,1.65374,1.65424,1.00,1.37
2015.07.23 01:00:39.552,1.65374,1.65417,1.00,1.00
2015.07.23 01:00:39.603,1.65371,1.65417,1.00,1.12
2015.07.23 01:00:39.805,1.65368,1.65417,1.00,1.12
2015.07.23 01:00:40.456,1.6536,1.65406,3.37,1.00
2015.07.23 01:00:40.558,1.6536,1.65414,1.75,1.37
2015.07.23 01:00:40.760,1.65367,1.65416,1.00,1.00
2015.07.23 01:00:41.012,1.65368,1.65416,1.75,1.00
2015.07.23 01:00:41.315,1.65373,1.65427,1.00,2.25
2015.07.23 01:00:42.146,1.65372,1.65425,1.00,1.37
2015.07.23 01:00:43.587,1.65369,1.65425,1.37,1.87
2015.07.23 01:00:43.637,1.65369,1.65419,1.00,1.12
2015.07.23 01:00:43.688,1.65362,1.65419,1.37,1.75
2015.07.23 01:00:43.739,1.65362,1.65407,1.37,1.00
2015.07.23 01:00:43.840,1.65362,1.65407,1.12,1.00
2015.07.23 01:00:43.891,1.65364,1.65411,1.00,1.50
2015.07.23 01:00:44.042,1.65363,1.65414,1.37,1.67
2015.07.23 01:00:44.093,1.65363,1.65414,1.37,1.00
2015.07.23 01:00:44.194,1.65368,1.65416,1.00,1.37
2015.07.23 01:00:44.497,1.6537,1.65416,1.37,1.00
2015.07.23 01:00:44.855,1.65379,1.65427,1.50,1.00
2015.07.23 01:00:45.159,1.6538,1.6543,1.37,1.05
2015.07.23 01:00:46.290,1.65385,1.65426,1.00,1.00
2015.07.23 01:00:46.829,1.65385,1.65437,1.00,1.37
2015.07.23 01:00:46.880,1.65386,1.65437,1.37,1.00
2015.07.23 01:00:48.023,1.65386,1.65436,1.37,1.00
2015.07.23 01:00:48.326,1.65384,1.65426,1.75,1.00
2015.07.23 01:00:48.477,1.65381,1.65427,1.75,1.00
2015.07.23 01:00:48.760,1.65383,1.65426,1.12,1.00
2015.07.23 01:00:48.911,1.65383,1.65426,1.37,1.00
2015.07.23 01:00:49.493,1.65383,1.65427,1.37,1.00
2015.07.23 01:00:49.782,1.65383,1.65435,1.37,1.37
2015.07.23 01:00:50.182,1.65388,1.65436,1.50,1.12
2015.07.23 01:00:50.283,1.65388,1.65436,1.00,1.37
2015.07.23 01:00:50.442,1.65388,1.65427,1.00,1.00
2015.07.23 01:00:52.366,1.65387,1.65427,1.00,1.00
2015.07.23 01:00:52.467,1.65387,1.65436,1.00,1.37
2015.07.23 01:00:52.618,1.65387,1.65436,1.75,1.00
2015.07.23 01:00:52.719,1.65387,1.65436,1.75,1.37
2015.07.23 01:00:53.005,1.65386,1.65436,1.37,1.37
2015.07.23 01:00:53.106,1.65386,1.65426,1.00,1.00
2015.07.23 01:00:53.304,1.65386,1.65435,1.00,1.37
2015.07.23 01:00:53.405,1.65386,1.65436,1.50,1.87
2015.07.23 01:00:53.506,1.65379,1.65427,1.54,1.00
2015.07.23 01:00:53.557,1.65385,1.65427,1.00,1.00
2015.07.23 01:00:53.658,1.65385,1.65436,1.75,1.12
2015.07.23 01:00:53.860,1.65385,1.65426,1.75,1.00
2015.07.23 01:00:55.105,1.65385,1.65426,1.37,1.00
2015.07.23 01:00:55.206,1.65383,1.65426,1.75,1.00
2015.07.23 01:01:00.154,1.65383,1.65426,1.75,1.00
2015.07.23 01:01:00.663,1.65383,1.65427,1.75,1.00
2015.07.23 01:01:01.827,1.65383,1.65427,1.50,1.00
2015.07.23 01:01:02.121,1.65383,1.65426,1.00,1.00
2015.07.23 01:01:02.172,1.65381,1.65426,1.00,1.00
2015.07.23 01:01:02.381,1.65379,1.65426,1.00,1.00
2015.07.23 01:01:02.684,1.65376,1.65416,1.05,1.00
2015.07.23 01:01:03.365,1.65377,1.65416,1.16,1.00
2015.07.23 01:01:05.201,1.65379,1.65416,1.00,1.00
2015.07.23 01:01:05.891,1.65377,1.65426,1.00,1.37
2015.07.23 01:01:05.992,1.65377,1.65426,1.00,1.00
2015.07.23 01:01:06.061,1.65377,1.65417,1.00,1.00
2015.07.23 01:01:06.480,1.65377,1.65417,1.50,1.00
2015.07.23 01:01:09.148,1.65379,1.65417,1.00,1.00
2015.07.23 01:01:09.349,1.65379,1.65417,1.37,1.00
2015.07.23 01:01:09.578,1.65379,1.65417,1.00,1.00
2015.07.23 01:01:09.749,1.65379,1.65417,1.37,1.00
2015.07.23 01:01:10.142,1.65379,1.65417,1.00,1.00
2015.07.23 01:01:10.193,1.65379,1.65417,1.37,1.00
2015.07.23 01:01:10.351,1.65379,1.65417,1.00,1.00
2015.07.23 01:01:10.569,1.65379,1.65417,1.37,1.00
2015.07.23 01:01:10.752,1.65379,1.65417,1.00,1.00
2015.07.23 01:01:10.952,1.65379,1.65417,1.37,1.00
2015.07.23 01:01:11.121,1.65379,1.65427,1.37,1.37
2015.07.23 01:01:11.172,1.65379,1.65427,1.00,1.37
2015.07.23 01:01:11.353,1.65379,1.65427,1.37,1.37
2015.07.23 01:01:11.556,1.65379,1.65427,1.00,1.37
2015.07.23 01:01:11.894,1.65379,1.65416,1.00,1.00
2015.07.23 01:01:12.046,1.65377,1.65426,1.75,1.37
2015.07.23 01:01:13.102,1.65377,1.65416,1.75,1.00
2015.07.23 01:01:15.859,1.6538,1.65426,1.37,1.37
2015.07.23 01:01:19.885,1.6538,1.65426,1.37,1.12
2015.07.23 01:01:24.357,1.65375,1.65416,1.75,1.00
2015.07.23 01:01:26.351,1.65377,1.65427,1.37,1.37
2015.07.23 01:01:29.682,1.65377,1.65427,1.75,1.37
2015.07.23 01:01:30.885,1.65377,1.65427,1.75,1.00
2015.07.23 01:01:31.435,1.65379,1.65426,1.75,1.00
2015.07.23 01:01:32.989,1.65379,1.65426,1.75,1.00
2015.07.23 01:01:33.524,1.65384,1.65427,1.75,1.00
2015.07.23 01:01:33.850,1.65384,1.65426,1.75,1.00
2015.07.23 01:01:33.901,1.65384,1.65426,1.75,1.00
2015.07.23 01:01:34.002,1.65384,1.65426,1.75,1.00
2015.07.23 01:01:40.221,1.65384,1.65426,2.25,1.00
2015.07.23 01:01:40.273,1.65388,1.65441,1.75,1.05
2015.07.23 01:01:40.424,1.65403,1.65446,1.00,1.00
2015.07.23 01:01:40.525,1.65403,1.65451,1.00,1.05
2015.07.23 01:01:40.840,1.65406,1.65451,1.00,1.05
2015.07.23 01:01:42.191,1.65402,1.65451,1.00,1.05
2015.07.23 01:01:42.399,1.65402,1.65457,1.00,1.50
2015.07.23 01:01:43.192,1.65403,1.65457,1.00,2.25
2015.07.23 01:01:47.150,1.65402,1.65454,1.00,1.42
2015.07.23 01:01:48.040,1.65402,1.65454,1.00,1.05
2015.07.23 01:01:49.532,1.65402,1.65454,1.37,1.05
2015.07.23 01:01:49.633,1.65402,1.65456,1.37,1.00
2015.07.23 01:01:50.101,1.65406,1.65457,1.00,1.00
2015.07.23 01:01:50.552,1.65404,1.65457,1.12,1.00
2015.07.23 01:01:53.044,1.65404,1.65456,1.12,1.00
2015.07.23 01:01:53.209,1.65407,1.65456,1.00,1.00
2015.07.23 01:01:54.084,1.65405,1.65456,1.00,1.00
2015.07.23 01:01:54.775,1.65405,1.65455,1.00,1.00
2015.07.23 01:01:55.385,1.65405,1.65456,1.00,1.00
2015.07.23 01:01:59.887,1.65405,1.65455,1.00,1.00
2015.07.23 01:02:00.400,1.65405,1.65456,1.00,1.12
2015.07.23 01:02:01.792,1.65405,1.65456,1.37,1.00
2015.07.23 01:02:03.815,1.65405,1.65456,1.00,1.12
2015.07.23 01:02:04.018,1.65405,1.65456,1.00,1.37
2015.07.23 01:02:04.489,1.65403,1.65456,1.12,1.37
2015.07.23 01:02:05.021,1.65403,1.65452,1.00,1.00
2015.07.23 01:02:05.350,1.65403,1.65447,1.00,1.00
2015.07.23 01:02:05.893,1.65402,1.65447,1.00,1.00
2015.07.23 01:02:07.112,1.65402,1.65447,1.00,1.37
2015.07.23 01:02:07.162,1.65396,1.65452,1.37,1.87
2015.07.23 01:02:07.263,1.65396,1.65437,1.37,1.00
2015.07.23 01:02:08.904,1.65393,1.65436,1.75,1.00
2015.07.23 01:02:08.955,1.65393,1.65436,1.37,1.00
2015.07.23 01:02:11.095,1.65395,1.65437,1.37,1.00
2015.07.23 01:02:14.271,1.65395,1.65436,1.37,1.00
2015.07.23 01:02:19.893,1.65392,1.65427,1.37,1.00
2015.07.23 01:02:20.471,1.65392,1.65436,1.50,1.00
2015.07.23 01:02:21.081,1.65397,1.65437,1.12,1.00
2015.07.23 01:02:21.607,1.65397,1.65436,1.12,1.00
2015.07.23 01:02:22.644,1.65397,1.65427,1.12,1.00
2015.07.23 01:02:23.003,1.65396,1.65427,1.50,1.00
2015.07.23 01:02:23.205,1.65396,1.65436,1.37,1.00
2015.07.23 01:02:23.848,1.65396,1.65437,1.37,1.00
2015.07.23 01:02:25.619,1.65396,1.65436,1.37,1.00
2015.07.23 01:02:25.670,1.65396,1.65436,1.75,1.00
2015.07.23 01:02:25.973,1.65404,1.65436,1.50,1.00
2015.07.23 01:02:26.149,1.65404,1.65447,1.75,1.00
2015.07.23 01:02:26.739,1.65404,1.65447,1.37,1.00
2015.07.23 01:02:26.790,1.65404,1.65447,1.00,1.00
2015.07.23 01:02:26.891,1.65404,1.65447,1.00,1.37
2015.07.23 01:02:27.194,1.65399,1.65437,1.37,1.00
2015.07.23 01:02:28.097,1.65399,1.65437,1.00,1.00
2015.07.23 01:02:28.148,1.65395,1.65436,1.37,1.00
2015.07.23 01:02:28.791,1.65395,1.65437,1.37,1.00
2015.07.23 01:02:30.692,1.65393,1.65426,1.37,1.00
2015.07.23 01:02:31.396,1.65393,1.65426,1.12,1.00
2015.07.23 01:02:31.802,1.65391,1.65436,1.37,1.00
2015.07.23 01:02:32.004,1.65391,1.65436,1.50,1.00
2015.07.23 01:02:32.569,1.65391,1.65436,1.37,1.37
2015.07.23 01:02:34.501,1.65394,1.65436,1.37,1.00
2015.07.23 01:02:36.209,1.65394,1.65436,1.12,1.12
2015.07.23 01:02:36.579,1.65391,1.65436,1.37,1.37
2015.07.23 01:02:37.039,1.65391,1.65426,1.37,1.00
2015.07.23 01:02:37.816,1.65391,1.65427,1.37,1.00
2015.07.23 01:02:38.375,1.65391,1.65426,1.37,1.00
2015.07.23 01:02:38.903,1.6539,1.65426,1.37,1.00
2015.07.23 01:02:39.004,1.65387,1.65426,1.00,1.00
2015.07.23 01:02:39.156,1.65383,1.65416,1.37,1.00
2015.07.23 01:02:39.206,1.65383,1.65416,1.00,1.00
2015.07.23 01:02:39.374,1.65379,1.65423,1.37,1.37
2015.07.23 01:02:39.476,1.65383,1.65421,1.00,1.12
2015.07.23 01:02:39.832,1.65383,1.65416,1.00,1.00
2015.07.23 01:02:39.934,1.65383,1.65425,1.00,1.37
2015.07.23 01:02:40.035,1.65378,1.65425,1.54,1.75
2015.07.23 01:02:40.319,1.65378,1.65416,1.54,1.00
2015.07.23 01:02:40.714,1.65378,1.65426,1.79,1.87
2015.07.23 01:02:40.815,1.65379,1.65426,1.42,1.00
2015.07.23 01:02:41.395,1.65379,1.65427,1.42,1.12
2015.07.23 01:02:44.621,1.65378,1.65427,1.91,1.00
2015.07.23 01:02:44.960,1.65388,1.65426,1.00,1.00
2015.07.23 01:02:47.099,1.65386,1.65426,1.00,1.00
2015.07.23 01:02:47.269,1.65386,1.65417,1.00,1.00
2015.07.23 01:02:47.319,1.65381,1.65417,1.54,1.00
2015.07.23 01:02:47.422,1.65385,1.65426,1.00,1.00
2015.07.23 01:02:49.211,1.65385,1.65426,1.37,1.00
2015.07.23 01:02:49.513,1.65388,1.65427,1.37,1.00
2015.07.23 01:02:50.041,1.65388,1.65426,1.37,1.00
2015.07.23 01:02:50.142,1.65383,1.65427,1.05,1.00
2015.07.23 01:02:50.297,1.6538,1.65427,1.79,1.00
2015.07.23 01:02:50.854,1.65379,1.65425,2.29,1.00
2015.07.23 01:02:51.257,1.65376,1.65422,3.20,1.00
2015.07.23 01:02:51.796,1.65376,1.65426,3.20,1.37
2015.07.23 01:02:52.116,1.65376,1.65426,2.91,1.75
2015.07.23 01:02:52.418,1.65372,1.6542,1.65,1.12
2015.07.23 01:02:53.026,1.65372,1.65417,1.57,1.37
2015.07.23 01:02:53.743,1.65371,1.65417,2.03,1.37
2015.07.23 01:02:54.298,1.65372,1.65417,1.48,1.37
2015.07.23 01:03:01.349,1.65372,1.6542,1.48,1.12
2015.07.23 01:03:01.661,1.65372,1.65407,1.48,1.00
2015.07.23 01:03:01.813,1.65369,1.65407,1.00,1.00
2015.07.23 01:03:02.151,1.65363,1.65407,1.37,1.00
2015.07.23 01:03:02.490,1.65362,1.65406,1.37,1.00
2015.07.23 01:03:02.591,1.65362,1.65406,1.00,1.00
2015.07.23 01:03:02.793,1.65363,1.6541,1.00,1.37
2015.07.23 01:03:02.844,1.65363,1.65411,1.50,1.37
2015.07.23 01:03:03.151,1.65369,1.65417,1.37,1.37
2015.07.23 01:03:03.217,1.65369,1.65417,1.45,1.37
2015.07.23 01:03:03.642,1.65372,1.65416,1.12,1.37
2015.07.23 01:03:11.825,1.65373,1.6542,1.00,1.37
2015.07.23 01:03:12.029,1.65375,1.6542,1.00,1.37
2015.07.23 01:03:12.725,1.65374,1.6542,1.00,1.37
2015.07.23 01:03:13.427,1.65374,1.6542,1.37,1.37
2015.07.23 01:03:14.228,1.65377,1.6542,1.00,1.37
2015.07.23 01:03:14.438,1.65372,1.6542,1.37,1.37
2015.07.23 01:03:14.780,1.65377,1.6542,1.00,1.37
2015.07.23 01:03:14.932,1.65374,1.6542,1.37,1.37
2015.07.23 01:03:15.335,1.65377,1.6542,1.00,1.37
2015.07.23 01:03:15.587,1.65372,1.6542,1.37,1.37
2015.07.23 01:03:15.789,1.65377,1.6542,1.00,1.37
2015.07.23 01:03:15.890,1.65373,1.6542,1.37,1.37
2015.07.23 01:03:16.388,1.65374,1.6542,2.09,1.37
2015.07.23 01:03:16.791,1.65372,1.6542,1.37,1.37
2015.07.23 01:03:17.195,1.65376,1.65421,1.37,1.42
2015.07.23 01:03:17.296,1.65378,1.65421,1.37,1.05
2015.07.23 01:03:17.346,1.65381,1.65426,1.12,1.37
2015.07.23 01:03:17.397,1.65381,1.65426,1.37,1.37
2015.07.23 01:03:17.709,1.65383,1.65431,1.65,1.12
2015.07.23 01:03:17.871,1.65381,1.6543,1.37,2.25
2015.07.23 01:03:19.069,1.65382,1.65426,1.76,1.37
2015.07.23 01:03:19.476,1.65383,1.65426,1.12,1.37
2015.07.23 01:03:19.579,1.65377,1.65426,1.37,1.37
2015.07.23 01:03:20.093,1.65375,1.65417,1.12,1.00
2015.07.23 01:03:20.532,1.65371,1.65411,1.37,1.00
2015.07.23 01:03:20.844,1.65379,1.65411,1.17,1.00
2015.07.23 01:03:20.996,1.65376,1.65411,1.63,1.00
2015.07.23 01:03:21.098,1.65376,1.65417,2.01,1.00
2015.07.23 01:03:21.300,1.65378,1.65422,1.45,1.37
2015.07.23 01:03:21.503,1.65375,1.65416,1.45,1.00
2015.07.23 01:03:21.604,1.65378,1.65423,1.45,1.12
2015.07.23 01:03:21.966,1.65376,1.65422,1.37,1.00
2015.07.23 01:03:22.017,1.65376,1.65427,1.75,1.00
2015.07.23 01:03:22.068,1.65378,1.65427,2.02,1.00
2015.07.23 01:03:22.399,1.6538,1.65427,1.20,1.37
2015.07.23 01:03:23.765,1.65376,1.65427,1.73,1.37
2015.07.23 01:03:24.067,1.65376,1.65418,1.45,1.00
2015.07.23 01:03:24.604,1.65376,1.65419,1.45,1.00
2015.07.23 01:03:25.064,1.65374,1.6542,1.85,1.00
2015.07.23 01:03:25.956,1.65374,1.65421,1.85,1.12
2015.07.23 01:03:26.458,1.65374,1.6542,1.85,1.00
2015.07.23 01:03:26.609,1.65374,1.6542,1.58,1.00
2015.07.23 01:03:27.198,1.65371,1.6542,1.93,1.00
2015.07.23 01:03:27.664,1.65369,1.65406,1.68,1.00
2015.07.23 01:03:27.816,1.65369,1.65406,1.50,1.00
2015.07.23 01:03:27.968,1.65371,1.65415,1.12,1.00
2015.07.23 01:03:28.120,1.65369,1.65415,1.00,1.00
2015.07.23 01:03:28.587,1.65363,1.65407,1.75,1.00
2015.07.23 01:03:30.194,1.65365,1.65414,1.37,1.87
2015.07.23 01:03:32.051,1.65365,1.65406,1.37,1.00
2015.07.23 01:03:32.591,1.65363,1.65413,1.50,1.00
2015.07.23 01:03:32.641,1.65363,1.65413,1.75,1.00
2015.07.23 01:03:32.743,1.65368,1.65413,1.37,1.37
2015.07.23 01:03:32.844,1.65368,1.65414,1.00,1.75
2015.07.23 01:03:33.127,1.65353,1.65397,1.05,1.12
2015.07.23 01:03:33.178,1.65338,1.65397,1.12,1.00
2015.07.23 01:03:33.229,1.65338,1.654,1.12,1.05
2015.07.23 01:03:33.380,1.65345,1.65407,1.12,1.87
2015.07.23 01:03:33.481,1.65349,1.65407,1.00,1.87
2015.07.23 01:03:33.633,1.65346,1.65406,1.00,1.00
2015.07.23 01:03:34.578,1.65345,1.65406,1.12,1.37
2015.07.23 01:03:36.794,1.65345,1.65403,1.87,1.00
2015.07.23 01:03:37.339,1.65345,1.65403,1.12,1.87
2015.07.23 01:03:40.195,1.65345,1.65401,1.87,1.00
2015.07.23 01:03:40.548,1.65344,1.65405,1.80,1.75
2015.07.23 01:03:40.600,1.65344,1.65389,2.55,1.00
2015.07.23 01:03:40.650,1.65344,1.65389,3.30,1.00
2015.07.23 01:03:40.939,1.65338,1.65389,1.12,1.50
2015.07.23 01:03:40.990,1.65338,1.65387,1.37,1.00
2015.07.23 01:03:42.484,1.65338,1.65387,1.12,1.00
2015.07.23 01:03:42.636,1.6534,1.65392,1.37,1.00
2015.07.23 01:03:42.687,1.6534,1.65394,1.75,1.00
2015.07.23 01:03:42.990,1.65342,1.65396,1.75,1.00
2015.07.23 01:03:43.040,1.65343,1.654,1.75,1.42
2015.07.23 01:03:43.393,1.65344,1.65396,1.50,1.00
2015.07.23 01:03:43.611,1.65344,1.654,1.50,1.42
2015.07.23 01:03:43.713,1.65342,1.65396,1.75,1.00
2015.07.23 01:03:44.578,1.6534,1.65399,1.75,1.50
2015.07.23 01:03:44.629,1.6534,1.65393,1.75,1.00
2015.07.23 01:03:45.075,1.65338,1.65386,1.12,1.00
2015.07.23 01:03:46.097,1.65338,1.65386,1.12,1.00
2015.07.23 01:03:46.349,1.65346,1.65399,1.75,1.12
2015.07.23 01:03:46.400,1.65346,1.65399,1.75,1.00
2015.07.23 01:03:47.627,1.65344,1.65393,2.25,1.00
2015.07.23 01:03:48.502,1.65344,1.65401,2.25,1.37
2015.07.23 01:03:48.737,1.65344,1.65387,1.75,1.00
2015.07.23 01:03:48.889,1.65342,1.65397,2.25,1.00
2015.07.23 01:03:48.939,1.65342,1.65393,2.25,1.00
2015.07.23 01:03:49.261,1.65342,1.65393,1.75,1.00
2015.07.23 01:03:49.362,1.65344,1.65394,3.00,1.00
2015.07.23 01:03:49.464,1.65348,1.65393,1.87,1.00
2015.07.23 01:03:49.615,1.65349,1.654,1.75,1.00
2015.07.23 01:03:49.666,1.65349,1.654,1.50,1.00
2015.07.23 01:03:49.717,1.65352,1.65406,1.37,1.37
2015.07.23 01:03:50.280,1.65348,1.65406,1.37,1.75
2015.07.23 01:03:50.650,1.65345,1.65396,1.75,1.00
2015.07.23 01:03:51.068,1.65341,1.65398,1.75,1.50
2015.07.23 01:03:51.119,1.65341,1.65394,1.75,1.00
2015.07.23 01:03:51.421,1.65339,1.65386,1.87,1.00
2015.07.23 01:03:52.567,1.65332,1.65386,2.25,1.00
2015.07.23 01:03:52.618,1.65337,1.65383,1.75,1.00
2015.07.23 01:03:52.870,1.65331,1.65384,2.25,1.00
2015.07.23 01:03:52.971,1.65331,1.65384,1.00,1.37
2015.07.23 01:03:53.072,1.65331,1.65382,1.00,1.50
2015.07.23 01:03:53.173,1.65325,1.65378,1.00,1.05
2015.07.23 01:03:53.224,1.65324,1.65384,1.00,1.00
2015.07.23 01:03:53.277,1.65327,1.65386,1.00,1.00
2015.07.23 01:03:53.744,1.65324,1.65385,1.50,1.00
2015.07.23 01:03:54.053,1.65324,1.65377,1.00,1.00
2015.07.23 01:03:54.581,1.65323,1.65377,1.12,1.00
2015.07.23 01:03:54.797,1.65324,1.6538,1.50,1.05
2015.07.23 01:03:55.083,1.65323,1.65379,1.50,1.12
2015.07.23 01:03:55.336,1.65323,1.6538,1.75,1.42
2015.07.23 01:03:55.538,1.65326,1.65383,1.75,1.37
2015.07.23 01:03:55.589,1.65329,1.65383,1.37,1.00
2015.07.23 01:03:56.203,1.65325,1.65381,1.37,1.00
2015.07.23 01:03:56.304,1.65323,1.65381,1.05,1.50
2015.07.23 01:03:56.355,1.65323,1.65376,1.05,1.00
2015.07.23 01:03:56.456,1.65323,1.65379,1.05,1.00
2015.07.23 01:03:56.507,1.65317,1.65377,1.75,1.37
2015.07.23 01:03:56.608,1.65314,1.65372,1.05,1.50
2015.07.23 01:03:56.709,1.65315,1.6537,1.75,1.00
2015.07.23 01:03:56.911,1.65322,1.65377,1.12,1.87
2015.07.23 01:03:57.632,1.65323,1.65379,1.00,1.37
2015.07.23 01:03:57.683,1.65324,1.6538,1.00,1.05
2015.07.23 01:03:58.357,1.65323,1.6538,1.87,1.05
2015.07.23 01:04:03.312,1.65321,1.65376,1.37,1.00
2015.07.23 01:04:03.529,1.65321,1.65376,1.37,1.37
2015.07.23 01:04:03.857,1.65321,1.65368,1.37,1.00
2015.07.23 01:04:03.908,1.65321,1.65368,1.12,1.00
2015.07.23 01:04:04.549,1.65321,1.65379,1.12,1.50
2015.07.23 01:04:04.600,1.65324,1.65379,1.37,1.87
2015.07.23 01:04:05.133,1.65322,1.65377,1.00,2.25
2015.07.23 01:04:05.234,1.65322,1.6537,1.00,1.05
2015.07.23 01:04:05.436,1.65315,1.6537,1.37,2.17
2015.07.23 01:04:05.487,1.65312,1.65366,2.25,1.00
2015.07.23 01:04:06.109,1.65309,1.65366,1.75,1.37
2015.07.23 01:04:06.711,1.65308,1.65366,1.75,1.75
2015.07.23 01:04:07.019,1.65308,1.65356,1.75,1.00
2015.07.23 01:04:10.006,1.65308,1.65362,1.75,1.37
2015.07.23 01:04:10.317,1.65307,1.65362,1.87,1.87
2015.07.23 01:04:10.896,1.65307,1.65357,1.87,1.00
2015.07.23 01:04:11.384,1.65307,1.65352,1.50,1.00
2015.07.23 01:04:11.713,1.65299,1.65346,1.75,1.00
2015.07.23 01:04:12.094,1.65302,1.65352,1.50,1.00
2015.07.23 01:04:12.195,1.65302,1.65357,1.50,1.37
2015.07.23 01:04:13.116,1.65307,1.65361,1.37,1.05
2015.07.23 01:04:13.166,1.65307,1.65355,1.37,1.00
2015.07.23 01:04:13.217,1.65302,1.65355,1.37,1.37
2015.07.23 01:04:13.318,1.65301,1.65354,1.00,1.37
2015.07.23 01:04:13.644,1.65282,1.65326,1.75,1.00
2015.07.23 01:04:14.168,1.65284,1.65327,1.75,1.00
2015.07.23 01:04:14.726,1.65278,1.65327,1.87,1.00
2015.07.23 01:04:14.930,1.65278,1.65327,1.87,1.00
2015.07.23 01:04:15.135,1.65278,1.65327,2.62,1.00
2015.07.23 01:04:15.780,1.65278,1.65326,2.62,1.00
2015.07.23 01:04:16.285,1.65278,1.65326,1.87,1.00
2015.07.23 01:04:17.226,1.65279,1.65327,1.75,1.00
2015.07.23 01:04:17.885,1.65279,1.65327,1.75,1.00
2015.07.23 01:04:18.595,1.65278,1.65326,2.62,1.00
2015.07.23 01:04:20.758,1.65278,1.65326,1.87,1.00
2015.07.23 01:04:22.511,1.65278,1.65325,1.87,1.00
2015.07.23 01:04:23.232,1.65278,1.65326,1.87,1.50
2015.07.23 01:04:23.954,1.65278,1.65326,1.87,1.50
2015.07.23 01:04:24.618,1.65282,1.65337,1.75,1.75
2015.07.23 01:04:24.669,1.65282,1.65337,1.75,1.37
2015.07.23 01:04:24.871,1.65284,1.6534,1.50,1.12
2015.07.23 01:04:24.972,1.65282,1.65326,1.75,1.00
2015.07.23 01:04:26.833,1.65282,1.65327,1.75,1.00
2015.07.23 01:04:28.274,1.6528,1.65337,1.75,1.75
2015.07.23 01:04:28.485,1.6528,1.65326,1.75,1.00
2015.07.23 01:04:28.767,1.6528,1.65337,1.75,1.37
2015.07.23 01:04:28.818,1.6528,1.65326,2.25,1.00
2015.07.23 01:04:29.346,1.65283,1.65337,1.75,1.37
2015.07.23 01:04:29.678,1.65284,1.65337,1.75,1.75
2015.07.23 01:04:30.536,1.65288,1.65337,1.05,1.37
2015.07.23 01:04:30.638,1.65291,1.65336,1.75,1.00
2015.07.23 01:04:30.688,1.65294,1.65346,1.75,1.37
2015.07.23 01:04:30.739,1.65294,1.65346,1.75,1.00
2015.07.23 01:04:30.790,1.65302,1.65353,1.37,1.80
2015.07.23 01:04:30.949,1.653,1.65353,1.75,1.05
2015.07.23 01:04:31.151,1.65308,1.65363,1.87,1.42
2015.07.23 01:04:32.486,1.65311,1.65366,1.37,1.00
2015.07.23 01:04:32.537,1.65313,1.6537,1.37,1.87
2015.07.23 01:04:32.588,1.65314,1.6537,1.75,1.37
2015.07.23 01:04:32.790,1.65326,1.65377,1.37,1.12
2015.07.23 01:04:33.147,1.65322,1.65377,1.37,1.00
2015.07.23 01:04:33.359,1.65322,1.65379,1.75,1.42
2015.07.23 01:04:34.678,1.65324,1.65379,2.25,1.42
2015.07.23 01:04:34.980,1.65323,1.65379,2.62,1.42
2015.07.23 01:04:35.082,1.65325,1.65379,1.75,1.05
2015.07.23 01:04:35.727,1.65325,1.65379,1.75,1.05
2015.07.23 01:04:36.054,1.65325,1.65376,1.75,1.00
2015.07.23 01:04:39.059,1.65325,1.65376,2.62,1.00
2015.07.23 01:04:39.161,1.65324,1.65379,1.87,1.42
2015.07.23 01:04:39.679,1.65321,1.65376,2.25,1.00
2015.07.23 01:04:45.847,1.65321,1.65379,1.75,1.42
2015.07.23 01:04:47.668,1.65321,1.65379,3.00,1.42
2015.07.23 01:04:48.267,1.65321,1.65377,3.00,1.05
2015.07.23 01:04:49.028,1.65321,1.65375,3.00,1.05
2015.07.23 01:04:57.082,1.65321,1.65374,1.37,1.00
2015.07.23 01:04:57.739,1.65321,1.65375,1.75,1.05
2015.07.23 01:04:59.829,1.65322,1.65375,1.37,1.42
2015.07.23 01:05:07.456,1.6532,1.65367,1.75,1.00
2015.07.23 01:05:10.629,1.6532,1.65367,1.37,1.00
2015.07.23 01:05:11.229,1.65315,1.65367,2.25,1.12
2015.07.23 01:05:11.634,1.65311,1.65366,3.00,1.12
2015.07.23 01:05:15.624,1.65312,1.65366,1.75,1.00
2015.07.23 01:05:16.146,1.65315,1.65367,1.75,1.00
2015.07.23 01:05:16.641,1.65315,1.65366,1.75,1.00
2015.07.23 01:05:17.147,1.65319,1.65372,1.37,1.05
2015.07.23 01:05:26.779,1.65316,1.65375,1.75,1.42
2015.07.23 01:05:37.181,1.65319,1.65366,1.37,1.00
2015.07.23 01:05:37.817,1.65321,1.65371,1.37,1.50
2015.07.23 01:05:37.918,1.65324,1.65371,1.75,1.00
2015.07.23 01:05:37.968,1.65327,1.65376,2.25,1.00
2015.07.23 01:05:38.019,1.65336,1.65383,1.75,1.00
2015.07.23 01:05:38.171,1.65338,1.6539,1.00,1.12
2015.07.23 01:05:38.221,1.65335,1.6538,1.00,1.75
2015.07.23 01:05:38.373,1.65321,1.65366,1.12,1.00
2015.07.23 01:05:38.496,1.65317,1.65366,1.75,1.00
2015.07.23 01:05:38.597,1.65315,1.65356,1.12,1.00
2015.07.23 01:05:38.931,1.65315,1.65367,1.12,1.00
2015.07.23 01:05:39.147,1.65317,1.65376,1.75,1.75
2015.07.23 01:05:40.288,1.65315,1.65367,1.87,1.00
2015.07.23 01:05:40.817,1.65317,1.65373,1.75,1.37
2015.07.23 01:05:47.152,1.6532,1.65376,1.37,1.87
2015.07.23 01:05:47.253,1.65327,1.65376,1.00,1.12
2015.07.23 01:05:47.347,1.65323,1.65376,1.37,1.12
2015.07.23 01:05:47.846,1.65323,1.65376,1.37,1.37
2015.07.23 01:05:48.178,1.65322,1.65376,1.75,1.87
2015.07.23 01:05:48.548,1.65322,1.65376,1.37,1.37
2015.07.23 01:05:48.655,1.65322,1.65376,1.75,1.50
2015.07.23 01:05:48.756,1.65327,1.65375,1.00,1.37
2015.07.23 01:05:49.257,1.65324,1.65375,1.37,1.87
2015.07.23 01:05:50.217,1.65322,1.65376,1.75,1.37
2015.07.23 01:05:51.520,1.65322,1.65376,1.37,1.37
2015.07.23 01:05:52.073,1.65322,1.65376,1.75,1.37
2015.07.23 01:05:55.472,1.65322,1.65376,1.37,1.37
2015.07.23 01:05:57.036,1.65324,1.65376,1.75,1.37
2015.07.23 01:05:57.137,1.65324,1.65376,1.37,1.37
2015.07.23 01:05:59.133,1.65328,1.65376,1.00,1.37
2015.07.23 01:06:00.801,1.65327,1.65376,1.12,1.37
2015.07.23 01:06:01.056,1.65327,1.65376,1.37,1.00
2015.07.23 01:06:01.383,1.65327,1.65376,1.75,1.00
2015.07.23 01:06:01.858,1.65333,1.65376,1.75,1.00
2015.07.23 01:06:02.162,1.65333,1.65376,1.37,1.00
2015.07.23 01:06:06.085,1.65329,1.65376,1.37,1.00
2015.07.23 01:06:07.788,1.65326,1.65376,1.37,1.12
2015.07.23 01:06:09.004,1.65326,1.65376,1.37,1.37
2015.07.23 01:06:09.426,1.65327,1.65376,1.37,1.37
2015.07.23 01:06:09.527,1.65326,1.65376,1.37,1.37
2015.07.23 01:06:10.203,1.65326,1.65376,1.75,1.12
2015.07.23 01:06:11.927,1.65326,1.65377,1.37,1.87
2015.07.23 01:06:12.950,1.65326,1.65377,1.75,1.50
2015.07.23 01:06:13.354,1.65328,1.65377,1.75,1.00
2015.07.23 01:06:13.888,1.65328,1.65377,1.50,1.00
2015.07.23 01:06:14.015,1.65328,1.65377,1.00,1.00
2015.07.23 01:06:14.116,1.65326,1.65357,1.00,1.00
2015.07.23 01:06:14.167,1.65323,1.65357,1.12,1.00
2015.07.23 01:06:14.318,1.65307,1.65347,1.91,1.00
2015.07.23 01:06:14.420,1.65307,1.65347,1.75,1.00
2015.07.23 01:06:14.729,1.65307,1.65346,1.75,1.00
2015.07.23 01:06:14.831,1.65305,1.65346,1.91,1.00
2015.07.23 01:06:15.171,1.65305,1.65356,1.91,1.00
2015.07.23 01:06:15.223,1.65305,1.65346,1.91,1.00
2015.07.23 01:06:15.537,1.65307,1.65346,1.16,1.00
2015.07.23 01:06:16.086,1.65307,1.65347,1.16,1.00
2015.07.23 01:06:16.866,1.65305,1.65347,1.41,1.00
2015.07.23 01:06:17.168,1.65296,1.65347,1.66,1.75
2015.07.23 01:06:17.471,1.65286,1.65341,1.75,1.00
2015.07.23 01:06:17.573,1.65286,1.65345,1.87,1.05
2015.07.23 01:06:17.624,1.65287,1.65347,1.12,1.37
2015.07.23 01:06:17.675,1.65287,1.65347,1.12,1.75
2015.07.23 01:06:17.776,1.65287,1.65347,1.12,1.37
2015.07.23 01:06:18.031,1.65298,1.65347,1.59,2.25
2015.07.23 01:06:18.083,1.65298,1.65347,1.59,2.62
2015.07.23 01:06:18.134,1.65293,1.65339,1.05,1.00
2015.07.23 01:06:18.185,1.65278,1.65336,1.05,1.00
2015.07.23 01:06:18.236,1.65276,1.65323,1.12,1.00
2015.07.23 01:06:18.741,1.65276,1.65326,1.50,1.00
2015.07.23 01:06:18.843,1.65275,1.65333,1.05,1.00
2015.07.23 01:06:19.607,1.65275,1.65331,1.05,1.00
2015.07.23 01:06:19.809,1.65272,1.65327,1.00,1.00
2015.07.23 01:06:20.676,1.65276,1.65327,1.00,1.00
2015.07.23 01:06:20.802,1.65273,1.65327,1.00,1.00
2015.07.23 01:06:21.059,1.65273,1.65331,1.37,1.00
2015.07.23 01:06:21.605,1.65272,1.6533,1.37,1.00
2015.07.23 01:06:22.011,1.65272,1.65327,1.37,1.00
2015.07.23 01:06:22.581,1.65269,1.65326,2.62,1.00
2015.07.23 01:06:28.008,1.65269,1.65327,1.87,1.00
2015.07.23 01:06:28.175,1.65269,1.65331,1.87,1.50
2015.07.23 01:06:28.327,1.65269,1.65328,1.87,1.00
2015.07.23 01:06:28.629,1.65269,1.65328,1.37,1.37
2015.07.23 01:06:28.889,1.65269,1.65325,1.12,1.00
2015.07.23 01:06:29.203,1.65269,1.65317,2.62,1.00
2015.07.23 01:06:29.304,1.65269,1.65326,1.12,1.12
2015.07.23 01:06:29.716,1.65274,1.65331,1.50,1.50
2015.07.23 01:06:31.872,1.65272,1.6533,1.75,1.00
2015.07.23 01:06:31.923,1.65272,1.65327,1.75,1.00
2015.07.23 01:06:36.537,1.65272,1.65331,1.75,1.50
2015.07.23 01:06:36.943,1.65272,1.65332,2.25,1.42
2015.07.23 01:06:38.317,1.65277,1.65332,1.87,1.42
2015.07.23 01:06:50.077,1.65279,1.65335,1.12,1.37
2015.07.23 01:06:50.844,1.65282,1.65335,1.12,1.00
2015.07.23 01:06:50.895,1.65282,1.65337,1.12,1.12
2015.07.23 01:06:50.945,1.65282,1.65337,1.75,1.00
2015.07.23 01:06:51.399,1.65286,1.65336,1.87,1.00
2015.07.23 01:06:51.602,1.65286,1.65336,1.37,1.00
2015.07.23 01:06:52.086,1.65287,1.65337,1.37,1.00
2015.07.23 01:06:52.389,1.65286,1.65337,1.75,1.00
2015.07.23 01:06:52.641,1.6529,1.65347,1.37,1.37
2015.07.23 01:06:53.240,1.65294,1.65346,1.00,1.12
2015.07.23 01:06:53.291,1.65297,1.65346,1.12,1.00
2015.07.23 01:06:53.594,1.653,1.65356,1.50,2.62
2015.07.23 01:06:53.695,1.65299,1.65354,1.12,1.00
2015.07.23 01:06:53.797,1.653,1.65356,1.00,1.50
2015.07.23 01:06:54.486,1.65297,1.65356,1.87,1.50
2015.07.23 01:06:54.970,1.65299,1.65354,1.12,1.00
2015.07.23 01:06:55.071,1.65299,1.65356,1.12,1.50
2015.07.23 01:06:55.764,1.65299,1.65354,1.87,1.00
2015.07.23 01:06:55.999,1.65299,1.65356,1.12,2.25
2015.07.23 01:06:58.488,1.65299,1.65355,1.12,1.00
2015.07.23 01:06:59.142,1.65299,1.65356,1.12,1.50
2015.07.23 01:07:00.012,1.65299,1.65355,1.12,1.00
2015.07.23 01:07:00.603,1.65299,1.65356,1.12,2.25
2015.07.23 01:07:01.603,1.65297,1.65355,1.37,1.00
2015.07.23 01:07:02.608,1.65297,1.65356,1.87,1.00
2015.07.23 01:07:03.028,1.653,1.65356,1.37,1.00
2015.07.23 01:07:03.404,1.65304,1.65357,2.17,1.00
2015.07.23 01:07:03.613,1.65304,1.65356,2.17,1.00
2015.07.23 01:07:04.732,1.65304,1.65357,1.05,1.12
2015.07.23 01:07:05.237,1.65304,1.65356,2.17,1.00
2015.07.23 01:07:05.389,1.65304,1.65366,1.42,1.50
2015.07.23 01:07:06.623,1.65304,1.65365,1.05,1.50
2015.07.23 01:07:09.437,1.65306,1.65362,1.37,1.00
2015.07.23 01:07:09.740,1.65311,1.65366,1.37,1.00
2015.07.23 01:07:10.043,1.65316,1.65366,1.75,1.00
2015.07.23 01:07:10.094,1.65318,1.65377,1.37,1.75
2015.07.23 01:07:10.195,1.65319,1.65366,1.37,1.00
2015.07.23 01:07:10.535,1.65325,1.65385,1.37,1.50
2015.07.23 01:07:10.647,1.65328,1.65385,1.00,1.50
2015.07.23 01:07:10.847,1.65328,1.65385,1.37,1.37
2015.07.23 01:07:13.056,1.65327,1.65376,1.37,1.00
2015.07.23 01:07:14.107,1.65323,1.65376,2.17,1.00
2015.07.23 01:07:14.360,1.65324,1.65377,1.00,1.00
2015.07.23 01:07:15.039,1.65324,1.65376,1.00,1.00
2015.07.23 01:07:15.262,1.65323,1.65376,1.42,1.00
2015.07.23 01:07:15.563,1.65325,1.65376,1.75,1.00
2015.07.23 01:07:15.614,1.65326,1.65386,1.50,1.12
2015.07.23 01:07:15.867,1.65327,1.65386,1.37,1.37
2015.07.23 01:07:18.001,1.65325,1.65386,1.00,3.00
2015.07.23 01:07:19.790,1.65325,1.65382,1.00,1.42
2015.07.23 01:07:19.891,1.65323,1.65381,1.50,1.37
2015.07.23 01:07:20.093,1.65321,1.65376,1.00,1.37
2015.07.23 01:07:20.628,1.65318,1.65376,1.37,1.37
2015.07.23 01:07:26.392,1.65323,1.65376,1.00,1.37
2015.07.23 01:07:26.893,1.65323,1.65376,2.62,1.00
2015.07.23 01:07:27.918,1.65323,1.65377,1.12,1.12
2015.07.23 01:07:29.314,1.65324,1.65377,1.00,1.12
2015.07.23 01:07:31.304,1.65322,1.65377,1.37,1.12
2015.07.23 01:07:31.827,1.65321,1.65376,1.37,1.00
2015.07.23 01:07:32.450,1.65321,1.65377,1.37,1.12
2015.07.23 01:07:32.989,1.65321,1.65377,1.37,1.00
2015.07.23 01:07:34.965,1.65321,1.65376,1.37,1.00
2015.07.23 01:07:41.788,1.65322,1.65377,1.42,1.00
2015.07.23 01:07:42.176,1.65322,1.65376,1.42,1.00
2015.07.23 01:07:42.634,1.65323,1.65376,1.50,1.00
2015.07.23 01:07:43.796,1.65326,1.65374,1.37,1.00
2015.07.23 01:07:43.904,1.65323,1.65377,1.50,1.00
2015.07.23 01:07:43.955,1.65323,1.65374,1.50,1.00
2015.07.23 01:07:44.508,1.65322,1.65375,2.55,1.50
2015.07.23 01:07:45.137,1.65322,1.65377,2.55,1.00
2015.07.23 01:07:45.945,1.65322,1.65376,2.55,1.00
2015.07.23 01:07:51.374,1.65322,1.6538,3.30,1.12
2015.07.23 01:07:51.425,1.65324,1.65372,1.37,1.12
2015.07.23 01:07:51.752,1.65322,1.65367,1.42,1.00
2015.07.23 01:07:51.964,1.65322,1.65367,1.42,1.00
2015.07.23 01:07:52.593,1.65322,1.65366,1.42,1.00
2015.07.23 01:07:55.183,1.65322,1.65367,1.42,1.00
2015.07.23 01:08:01.608,1.65318,1.65366,1.05,1.00
2015.07.23 01:08:01.659,1.65314,1.65366,2.92,1.00
2015.07.23 01:08:02.067,1.65317,1.65367,1.37,1.00
2015.07.23 01:08:03.889,1.65316,1.65366,1.50,1.00
2015.07.23 01:08:05.881,1.65316,1.65366,1.37,1.00
2015.07.23 01:08:06.273,1.65322,1.65366,1.00,1.00
2015.07.23 01:08:06.324,1.65322,1.65375,1.00,2.25
2015.07.23 01:08:06.375,1.65322,1.65375,1.00,1.87
2015.07.23 01:08:06.526,1.65322,1.65376,1.37,1.00
2015.07.23 01:08:07.077,1.65329,1.65376,1.00,1.00
2015.07.23 01:08:08.676,1.65327,1.65376,1.00,1.00
2015.07.23 01:08:09.256,1.65328,1.65376,1.00,1.00
2015.07.23 01:08:11.243,1.65327,1.65376,1.12,1.00
2015.07.23 01:08:14.770,1.65327,1.65376,1.37,1.00
2015.07.23 01:08:15.271,1.65329,1.65376,1.00,1.00
2015.07.23 01:08:15.783,1.65327,1.65376,1.37,1.00
2015.07.23 01:08:16.372,1.65329,1.65376,1.00,1.00
2015.07.23 01:08:16.878,1.65326,1.65376,1.37,1.00
2015.07.23 01:08:18.261,1.65325,1.65376,2.62,1.00
2015.07.23 01:08:18.412,1.65327,1.65376,1.87,1.00
2015.07.23 01:08:19.297,1.65326,1.65376,1.00,1.00
2015.07.23 01:08:19.895,1.65325,1.65376,1.12,1.00
2015.07.23 01:08:23.342,1.65326,1.65376,1.00,1.00
2015.07.23 01:08:24.728,1.65326,1.65376,1.37,1.00
2015.07.23 01:08:24.829,1.65325,1.65376,1.80,1.00
2015.07.23 01:08:27.118,1.65325,1.65377,1.05,1.00
2015.07.23 01:08:28.229,1.65319,1.65373,1.37,1.00
2015.07.23 01:08:28.614,1.65319,1.65375,1.37,1.00
2015.07.23 01:08:29.186,1.65319,1.65377,1.37,1.37
2015.07.23 01:08:30.944,1.65318,1.65377,1.05,1.37
2015.07.23 01:08:31.126,1.65319,1.65377,1.12,1.00
2015.07.23 01:08:31.329,1.65323,1.65377,1.12,1.00
2015.07.23 01:08:31.839,1.6532,1.65377,1.12,1.37
2015.07.23 01:08:35.869,1.65313,1.65374,1.50,1.80
2015.07.23 01:08:36.199,1.65313,1.65366,2.25,1.00
2015.07.23 01:08:37.158,1.65313,1.65366,1.37,1.00
2015.07.23 01:08:37.274,1.65313,1.65366,1.37,1.00
2015.07.23 01:08:37.976,1.65313,1.65367,3.00,1.00
2015.07.23 01:08:38.228,1.65316,1.65375,1.75,2.17
2015.07.23 01:08:38.330,1.65319,1.65376,1.37,1.37
2015.07.23 01:08:39.898,1.65319,1.65376,1.37,1.87
2015.07.23 01:08:40.418,1.65321,1.65377,1.00,1.37
2015.07.23 01:08:40.969,1.65319,1.65377,1.37,1.37
2015.07.23 01:08:44.404,1.65313,1.65374,2.25,1.50
2015.07.23 01:08:44.980,1.65313,1.65371,1.12,1.37
2015.07.23 01:08:45.132,1.65313,1.65368,1.12,1.00
2015.07.23 01:08:45.594,1.65313,1.65368,1.87,1.37
2015.07.23 01:08:46.106,1.65313,1.65368,1.37,1.00
2015.07.23 01:08:46.575,1.65313,1.65366,1.37,1.00
2015.07.23 01:08:57.638,1.65312,1.65366,1.12,1.00
2015.07.23 01:08:58.156,1.65312,1.65366,1.37,1.12
2015.07.23 01:08:58.517,1.65316,1.65367,1.37,1.12
2015.07.23 01:09:03.328,1.65313,1.65372,2.25,1.42
2015.07.23 01:09:03.631,1.65324,1.65372,1.12,1.05
2015.07.23 01:09:03.881,1.65324,1.65377,1.12,1.37
2015.07.23 01:09:04.113,1.65324,1.65377,1.00,1.50
2015.07.23 01:09:04.165,1.65318,1.65377,1.87,1.50
2015.07.23 01:09:11.271,1.65315,1.65376,2.62,2.25
2015.07.23 01:09:18.154,1.65311,1.65371,2.25,1.37
2015.07.23 01:09:25.210,1.65313,1.65372,1.75,1.42
2015.07.23 01:09:25.512,1.65319,1.65372,1.37,1.42
2015.07.23 01:09:26.973,1.65317,1.65372,2.25,1.12
2015.07.23 01:09:36.113,1.65316,1.65369,1.37,1.37
2015.07.23 01:09:36.429,1.65312,1.65356,1.75,1.00
2015.07.23 01:09:38.111,1.65312,1.65356,1.75,1.00
2015.07.23 01:09:38.668,1.6531,1.65362,1.12,1.37
2015.07.23 01:09:38.719,1.65303,1.65356,1.75,1.37
2015.07.23 01:09:39.119,1.65301,1.65357,1.37,2.25
2015.07.23 01:09:39.421,1.65293,1.65346,1.75,1.37
2015.07.23 01:09:45.300,1.65289,1.65347,1.87,1.37
2015.07.23 01:09:45.351,1.65289,1.65337,1.87,1.00
2015.07.23 01:09:45.855,1.65281,1.65336,1.50,1.00
2015.07.23 01:09:46.158,1.65279,1.65336,1.87,1.75
2015.07.23 01:09:46.360,1.65275,1.65326,1.37,1.12
2015.07.23 01:09:46.822,1.65264,1.65326,2.62,1.50
2015.07.23 01:09:47.246,1.65266,1.65324,1.75,1.00
2015.07.23 01:09:47.641,1.65268,1.65327,1.75,1.87
2015.07.23 01:09:50.994,1.65268,1.65327,1.75,1.00
2015.07.23 01:09:51.146,1.65272,1.6533,1.12,1.12
2015.07.23 01:09:51.198,1.65272,1.6533,1.12,1.00
2015.07.23 01:09:51.349,1.65273,1.65333,1.75,1.00
2015.07.23 01:09:51.874,1.65275,1.65335,2.25,1.05
2015.07.23 01:09:57.528,1.65275,1.65331,2.25,1.00
2015.07.23 01:09:57.579,1.65272,1.65331,1.12,1.87
2015.07.23 01:09:57.630,1.65272,1.65331,1.12,1.50
2015.07.23 01:10:00.009,1.65272,1.65334,2.62,2.25
2015.07.23 01:10:04.064,1.65272,1.65331,1.12,1.75
2015.07.23 01:10:12.412,1.65267,1.65316,1.87,1.00
2015.07.23 01:10:12.463,1.65267,1.65316,1.87,1.00
2015.07.23 01:10:13.022,1.65267,1.65317,1.12,1.12
2015.07.23 01:10:16.029,1.65267,1.65316,1.12,1.00
2015.07.23 01:10:16.080,1.65267,1.65316,1.12,1.00
2015.07.23 01:10:16.231,1.65272,1.65327,1.75,1.87
2015.07.23 01:10:16.749,1.65276,1.65326,1.12,1.00
2015.07.23 01:10:16.856,1.65274,1.65326,1.42,1.37
2015.07.23 01:10:17.007,1.65276,1.65326,1.12,1.37
2015.07.23 01:10:17.402,1.65276,1.65316,1.12,1.00
2015.07.23 01:10:17.973,1.65276,1.65317,1.12,1.00
2015.07.23 01:10:24.793,1.65276,1.65316,1.12,1.00
2015.07.23 01:10:25.303,1.65276,1.65317,1.12,1.00
2015.07.23 01:10:25.381,1.65275,1.65317,1.75,1.00
2015.07.23 01:10:25.893,1.65268,1.65327,2.25,2.62
2015.07.23 01:10:26.888,1.65269,1.65327,1.75,1.87
2015.07.23 01:10:28.028,1.65272,1.65332,2.25,2.25
2015.07.23 01:10:33.024,1.65272,1.65332,1.75,2.25
2015.07.23 01:10:36.783,1.65268,1.65323,2.25,1.00
2015.07.23 01:10:37.164,1.65268,1.65321,1.75,1.00
2015.07.23 01:10:37.489,1.65268,1.65316,1.75,1.00
2015.07.23 01:10:38.139,1.65268,1.65317,1.75,1.00
2015.07.23 01:10:38.240,1.65268,1.65323,1.75,1.00
2015.07.23 01:10:38.543,1.65268,1.65316,1.75,1.00
2015.07.23 01:10:38.840,1.65262,1.65316,2.62,1.00
2015.07.23 01:10:38.891,1.65263,1.65319,2.25,1.12
2015.07.23 01:10:38.942,1.65263,1.65316,2.25,1.00
2015.07.23 01:10:39.270,1.65263,1.65321,3.75,1.37
2015.07.23 01:10:39.371,1.65264,1.65322,2.25,1.00
2015.07.23 01:10:39.898,1.65268,1.65325,1.75,1.05
2015.07.23 01:10:40.096,1.65267,1.65319,1.75,1.00
2015.07.23 01:10:40.548,1.65267,1.65317,1.75,1.00
2015.07.23 01:10:41.050,1.65262,1.65316,1.87,1.00
2015.07.23 01:10:44.605,1.65265,1.65322,1.75,1.00
2015.07.23 01:10:44.656,1.65265,1.65322,1.75,1.37
2015.07.23 01:10:48.354,1.65269,1.65326,1.87,1.87
2015.07.23 01:10:48.782,1.65268,1.65324,1.80,1.75
2015.07.23 01:10:48.883,1.65264,1.65304,1.00,1.37
2015.07.23 01:10:49.113,1.65253,1.65304,1.75,1.37
2015.07.23 01:10:51.670,1.65244,1.65301,1.12,1.37
2015.07.23 01:10:51.973,1.65244,1.65297,1.12,1.12
2015.07.23 01:11:00.996,1.65244,1.65297,1.87,1.00
2015.07.23 01:11:01.098,1.65245,1.653,1.75,1.00
2015.07.23 01:11:01.350,1.65245,1.65297,1.75,1.00
2015.07.23 01:11:01.664,1.65245,1.65301,1.75,1.12
2015.07.23 01:11:03.155,1.6525,1.65301,1.12,1.12
2015.07.23 01:11:03.256,1.65253,1.65301,1.75,1.00
2015.07.23 01:11:03.307,1.65252,1.65305,1.75,1.37
2015.07.23 01:11:03.528,1.6525,1.65305,1.87,1.12
2015.07.23 01:11:03.834,1.65258,1.65306,1.12,1.00
2015.07.23 01:11:04.492,1.65258,1.65307,1.12,1.00
2015.07.23 01:11:04.644,1.65258,1.65314,1.12,1.37
2015.07.23 01:11:05.550,1.65258,1.65314,1.12,1.37
2015.07.23 01:11:05.852,1.65258,1.65306,1.12,1.37
2015.07.23 01:11:06.167,1.65251,1.65306,1.12,1.37
2015.07.23 01:11:07.082,1.65251,1.65305,1.12,1.75
2015.07.23 01:11:07.846,1.6525,1.65297,1.05,1.37
2015.07.23 01:11:07.947,1.65246,1.65296,1.75,1.37
2015.07.23 01:11:08.251,1.65242,1.65296,1.87,1.37
2015.07.23 01:11:08.354,1.65242,1.65296,1.87,1.37
2015.07.23 01:11:08.565,1.65244,1.65297,1.75,1.37
2015.07.23 01:11:09.455,1.65243,1.65297,1.75,1.37
2015.07.23 01:11:09.557,1.65242,1.65297,1.87,1.75
2015.07.23 01:11:10.118,1.65242,1.65296,1.87,1.37
2015.07.23 01:11:10.762,1.65243,1.65296,1.75,1.00
2015.07.23 01:11:11.016,1.65251,1.65301,1.75,1.37
2015.07.23 01:11:11.255,1.65251,1.65307,1.75,1.37
2015.07.23 01:11:11.608,1.65254,1.6531,1.75,1.50
2015.07.23 01:11:13.283,1.65251,1.65306,1.75,1.00
2015.07.23 01:11:14.516,1.65255,1.65306,1.12,1.00
2015.07.23 01:11:14.842,1.65257,1.65306,1.75,1.00
2015.07.23 01:11:15.000,1.65257,1.65316,1.75,1.37
2015.07.23 01:11:15.404,1.65257,1.65316,1.75,1.75
2015.07.23 01:11:15.741,1.65256,1.65307,1.75,1.00
2015.07.23 01:11:16.204,1.65256,1.65307,1.75,1.00
2015.07.23 01:11:17.171,1.65256,1.65306,1.75,1.00
2015.07.23 01:11:18.424,1.65256,1.65306,1.75,1.00
2015.07.23 01:11:18.629,1.65255,1.65306,1.12,1.00
2015.07.23 01:11:18.730,1.65267,1.65312,1.12,1.00
2015.07.23 01:11:18.831,1.65267,1.65321,1.12,1.87
2015.07.23 01:11:18.932,1.65267,1.65321,1.12,1.00
2015.07.23 01:11:18.983,1.65275,1.65326,1.12,1.50
2015.07.23 01:11:19.229,1.6528,1.65336,1.00,1.00
2015.07.23 01:11:19.633,1.6528,1.65334,1.00,1.00
2015.07.23 01:11:19.936,1.65283,1.65336,1.37,1.00
2015.07.23 01:11:20.551,1.65283,1.65334,1.37,1.00
2015.07.23 01:11:20.936,1.65283,1.65332,1.37,1.00
2015.07.23 01:11:21.250,1.6528,1.65334,1.50,1.50
2015.07.23 01:11:21.634,1.65278,1.65334,1.75,1.00
2015.07.23 01:11:21.937,1.6528,1.6533,1.75,1.00
2015.07.23 01:11:22.038,1.6528,1.6533,2.25,1.00
2015.07.23 01:11:22.089,1.65285,1.65336,2.17,1.50
2015.07.23 01:11:22.589,1.65286,1.65336,1.87,2.25
2015.07.23 01:11:24.492,1.65287,1.65336,1.75,1.50
2015.07.23 01:11:24.644,1.65289,1.65343,1.37,1.00
2015.07.23 01:11:24.695,1.65289,1.65339,1.37,1.00
2015.07.23 01:11:24.847,1.65293,1.65345,1.37,1.00
2015.07.23 01:11:25.044,1.65298,1.65345,1.12,1.00
2015.07.23 01:11:25.095,1.65298,1.65354,1.12,1.00
2015.07.23 01:11:25.565,1.65298,1.65352,1.12,1.00
2015.07.23 01:11:25.767,1.65298,1.65354,1.12,1.00
2015.07.23 01:11:25.894,1.65298,1.65352,1.37,1.37
2015.07.23 01:11:26.198,1.65308,1.65352,1.37,1.00
2015.07.23 01:11:26.501,1.65302,1.65352,1.87,1.00
2015.07.23 01:11:26.602,1.65301,1.65346,1.42,1.00
2015.07.23 01:11:26.653,1.65301,1.65352,1.42,1.37
2015.07.23 01:11:26.761,1.65301,1.65346,1.42,1.00
2015.07.23 01:11:26.812,1.65294,1.65346,1.50,1.00
2015.07.23 01:11:26.914,1.65294,1.65346,1.12,1.00
2015.07.23 01:11:27.115,1.65289,1.65345,1.00,1.00
2015.07.23 01:11:27.165,1.65289,1.65338,1.00,1.00
2015.07.23 01:11:27.492,1.65305,1.65356,1.00,1.75
2015.07.23 01:11:27.543,1.65305,1.65352,1.00,1.00
2015.07.23 01:11:28.058,1.653,1.65352,1.00,1.00
2015.07.23 01:11:28.159,1.65304,1.65355,1.00,1.00
2015.07.23 01:11:28.241,1.65301,1.65355,1.00,1.00
2015.07.23 01:11:28.393,1.65303,1.65355,1.00,1.00
2015.07.23 01:11:28.754,1.65303,1.65352,1.00,1.00
2015.07.23 01:11:29.118,1.65303,1.65344,1.75,1.00
2015.07.23 01:11:31.714,1.65304,1.65352,1.75,1.37
2015.07.23 01:11:32.177,1.65303,1.6534,1.00,1.00
2015.07.23 01:11:32.228,1.65297,1.6534,1.00,1.00
2015.07.23 01:11:32.280,1.65297,1.65338,1.00,1.75
2015.07.23 01:11:32.331,1.65288,1.65338,1.00,1.75
2015.07.23 01:11:32.432,1.65284,1.65338,1.37,1.75
2015.07.23 01:11:32.482,1.65283,1.65322,1.37,1.00
2015.07.23 01:11:32.533,1.65281,1.65322,1.00,1.00
2015.07.23 01:11:32.584,1.65281,1.65319,1.00,1.00
2015.07.23 01:11:32.971,1.65279,1.6532,1.00,1.00
2015.07.23 01:11:33.021,1.65279,1.65316,1.00,1.00
2015.07.23 01:11:33.122,1.65279,1.65323,1.12,1.00
2015.07.23 01:11:33.623,1.65281,1.65323,1.00,1.00
2015.07.23 01:11:34.044,1.65281,1.65328,1.75,1.00
2015.07.23 01:11:34.102,1.65283,1.65328,1.37,1.00
2015.07.23 01:11:34.153,1.65283,1.65328,1.00,1.00
2015.07.23 01:11:34.254,1.65283,1.6532,1.00,1.00
2015.07.23 01:11:34.557,1.65279,1.6532,1.00,1.00
2015.07.23 01:11:35.079,1.65278,1.6532,1.50,1.00
2015.07.23 01:11:35.499,1.65278,1.6532,1.37,1.00
2015.07.23 01:11:36.430,1.65283,1.6532,1.00,1.00
2015.07.23 01:11:38.384,1.65286,1.6532,1.37,1.00
2015.07.23 01:11:38.787,1.65291,1.65329,1.12,1.00
2015.07.23 01:11:38.939,1.65287,1.65329,1.37,1.00
2015.07.23 01:11:38.990,1.65287,1.65329,1.12,1.00
2015.07.23 01:11:39.393,1.65284,1.65329,1.12,1.00
2015.07.23 01:11:40.141,1.65281,1.65329,1.80,1.00
2015.07.23 01:11:40.192,1.65281,1.65322,1.12,1.00
2015.07.23 01:11:40.343,1.65276,1.65322,1.12,1.00
2015.07.23 01:11:40.444,1.65276,1.65322,1.37,1.00
2015.07.23 01:11:40.869,1.65287,1.65327,1.00,1.00
2015.07.23 01:11:40.920,1.65287,1.65336,1.87,1.00
2015.07.23 01:11:41.072,1.65289,1.65342,1.00,1.00
2015.07.23 01:11:41.525,1.65289,1.65342,1.75,1.00
2015.07.23 01:11:42.040,1.65294,1.65342,1.80,1.00
2015.07.23 01:11:42.438,1.65295,1.65342,1.87,1.00
2015.07.23 01:11:42.741,1.65294,1.65342,1.80,1.37
2015.07.23 01:11:43.119,1.65295,1.65342,1.00,1.37
2015.07.23 01:11:43.325,1.65294,1.65342,1.42,1.37
2015.07.23 01:11:43.653,1.65294,1.65336,1.42,1.00
2015.07.23 01:11:44.241,1.65294,1.65336,1.05,1.37
2015.07.23 01:11:44.292,1.65287,1.65327,1.75,1.00
2015.07.23 01:11:44.343,1.65285,1.65327,1.42,1.00
2015.07.23 01:11:44.461,1.65285,1.65327,1.05,1.00
2015.07.23 01:11:45.182,1.65284,1.65337,1.00,1.00
2015.07.23 01:11:45.233,1.65284,1.65331,1.00,1.00
2015.07.23 01:11:45.335,1.65291,1.65342,1.37,1.00
2015.07.23 01:11:45.386,1.65295,1.65347,1.05,1.00
2015.07.23 01:11:45.896,1.65288,1.65342,2.55,1.00
2015.07.23 01:11:46.254,1.65288,1.6534,1.80,1.00
2015.07.23 01:11:46.349,1.65288,1.65345,1.80,1.00
2015.07.23 01:11:46.878,1.65288,1.65346,1.80,1.50
2015.07.23 01:11:47.194,1.65288,1.65341,1.80,1.50
2015.07.23 01:11:47.755,1.65288,1.65343,1.80,1.87
2015.07.23 01:11:48.057,1.65289,1.65343,1.12,1.75
2015.07.23 01:11:48.158,1.65288,1.65336,1.42,1.37
2015.07.23 01:11:48.311,1.65282,1.65332,1.75,1.00
2015.07.23 01:11:48.651,1.65281,1.65325,1.12,1.00
2015.07.23 01:11:49.000,1.6528,1.65325,1.05,1.00
2015.07.23 01:11:49.152,1.65274,1.65317,1.75,1.00
2015.07.23 01:11:51.949,1.65274,1.65316,1.75,1.00
2015.07.23 01:11:52.252,1.65272,1.65308,1.50,1.00
2015.07.23 01:11:52.774,1.65268,1.65308,1.75,1.00
2015.07.23 01:11:52.876,1.65267,1.65308,1.12,1.00
2015.07.23 01:11:52.977,1.65267,1.65309,1.12,1.00
2015.07.23 01:11:53.376,1.65267,1.65309,1.37,1.00
2015.07.23 01:11:53.578,1.65267,1.65311,1.37,1.00
2015.07.23 01:11:56.022,1.65267,1.65311,1.12,1.00
2015.07.23 01:11:56.419,1.65267,1.65311,1.12,1.00
2015.07.23 01:11:56.552,1.65267,1.65307,1.12,1.00
2015.07.23 01:11:56.886,1.65267,1.65307,1.12,1.00
2015.07.23 01:11:57.389,1.65267,1.65307,1.12,1.00
2015.07.23 01:11:57.816,1.65267,1.65307,1.12,1.00
2015.07.23 01:11:58.018,1.65267,1.65309,1.12,1.00
2015.07.23 01:12:01.442,1.65267,1.65309,1.87,1.00
2015.07.23 01:12:04.112,1.65267,1.65309,1.87,1.00
2015.07.23 01:12:08.629,1.65267,1.65309,1.12,1.00
2015.07.23 01:12:11.556,1.65264,1.65305,1.50,1.00
2015.07.23 01:12:11.961,1.65255,1.65305,1.87,1.00
2015.07.23 01:12:12.377,1.65255,1.65305,2.62,1.00
2015.07.23 01:12:16.064,1.65256,1.65305,1.75,1.00
2015.07.23 01:12:16.216,1.65255,1.653,1.12,1.00
2015.07.23 01:12:20.902,1.65255,1.65297,1.12,1.00
2015.07.23 01:12:21.205,1.65248,1.65295,1.75,1.00
2015.07.23 01:12:21.457,1.65278,1.65317,1.80,1.00
2015.07.23 01:12:21.508,1.65287,1.65326,1.37,1.00
2015.07.23 01:12:21.842,1.65287,1.65322,1.00,1.00
2015.07.23 01:12:21.903,1.65268,1.65317,1.75,1.00
2015.07.23 01:12:22.006,1.65268,1.65317,1.75,1.00
2015.07.23 01:12:22.107,1.65268,1.65316,1.00,1.50
2015.07.23 01:12:22.259,1.65261,1.65316,2.17,1.50
2015.07.23 01:12:22.310,1.65261,1.65306,2.17,1.00
2015.07.23 01:12:22.922,1.65261,1.65306,1.80,1.00
2015.07.23 01:12:23.713,1.65261,1.65306,1.42,1.00
2015.07.23 01:12:23.764,1.65261,1.65299,1.42,1.00
2015.07.23 01:12:25.016,1.65255,1.65299,1.75,1.00
2015.07.23 01:12:27.747,1.65255,1.65299,2.25,1.00
2015.07.23 01:12:29.141,1.65255,1.65299,1.75,1.00
2015.07.23 01:12:29.633,1.65261,1.65306,1.75,1.00
2015.07.23 01:12:29.734,1.65261,1.65306,1.75,1.00
2015.07.23 01:12:29.886,1.6526,1.65316,1.75,1.87
2015.07.23 01:12:30.819,1.65264,1.65316,1.75,1.50
2015.07.23 01:12:31.122,1.65266,1.65308,1.87,1.00
2015.07.23 01:12:31.462,1.65266,1.65308,2.25,1.00
2015.07.23 01:12:32.952,1.65269,1.65308,1.37,1.00
2015.07.23 01:12:33.881,1.65265,1.65308,1.37,1.00
2015.07.23 01:12:34.391,1.65264,1.65309,1.50,1.00
2015.07.23 01:12:36.706,1.6527,1.65309,1.00,1.00
2015.07.23 01:12:36.759,1.6527,1.6532,1.75,1.00
2015.07.23 01:12:36.961,1.65272,1.65317,1.37,1.00
2015.07.23 01:12:37.680,1.65273,1.65317,1.00,1.00
2015.07.23 01:12:37.918,1.65275,1.65317,1.00,1.00
2015.07.23 01:12:38.171,1.65272,1.65317,1.87,1.00
2015.07.23 01:12:41.064,1.65269,1.65317,1.37,1.00
2015.07.23 01:12:41.115,1.65269,1.65311,1.37,1.00
2015.07.23 01:12:44.778,1.65263,1.65308,1.12,1.00
2015.07.23 01:12:48.085,1.65264,1.65311,1.75,1.00
2015.07.23 01:12:51.681,1.65269,1.65311,1.12,1.00
2015.07.23 01:12:51.833,1.65264,1.65311,3.00,1.00
2015.07.23 01:12:54.060,1.65265,1.65309,1.75,1.00
2015.07.23 01:12:55.811,1.65269,1.65312,1.37,1.00
2015.07.23 01:12:56.805,1.65269,1.65309,1.37,1.00
2015.07.23 01:12:57.301,1.65269,1.65311,1.37,1.00
2015.07.23 01:12:57.913,1.65269,1.65311,1.75,1.00
2015.07.23 01:12:58.464,1.65269,1.65311,1.75,1.00
2015.07.23 01:12:59.868,1.65269,1.65311,1.75,1.00
2015.07.23 01:13:04.777,1.65269,1.65311,2.25,1.00
2015.07.23 01:13:09.373,1.65275,1.65311,1.75,1.00
2015.07.23 01:13:09.424,1.65275,1.65317,2.25,1.00
2015.07.23 01:13:09.525,1.65278,1.65319,1.75,1.00
2015.07.23 01:13:09.750,1.65287,1.65323,1.05,1.00
2015.07.23 01:13:10.079,1.65288,1.65323,1.37,1.00
2015.07.23 01:13:10.900,1.65288,1.65328,1.37,1.00
2015.07.23 01:13:11.561,1.65288,1.65328,1.12,1.00
2015.07.23 01:13:12.065,1.65288,1.65328,1.12,1.00
2015.07.23 01:13:12.390,1.65288,1.65328,1.12,1.00
2015.07.23 01:13:12.592,1.65288,1.65328,1.12,1.00
2015.07.23 01:13:13.903,1.6529,1.65328,1.75,1.00
2015.07.23 01:13:13.954,1.6529,1.65335,1.75,1.00
2015.07.23 01:13:14.005,1.65296,1.65337,1.50,1.00
2015.07.23 01:13:14.106,1.65291,1.65347,1.00,1.00
2015.07.23 01:13:14.157,1.65291,1.65339,1.00,1.00
2015.07.23 01:13:14.561,1.65296,1.65335,1.00,1.00
2015.07.23 01:13:14.767,1.65292,1.65346,1.00,1.00
2015.07.23 01:13:14.818,1.65292,1.65336,1.00,1.00
2015.07.23 01:13:15.121,1.653,1.65339,1.00,1.00
2015.07.23 01:13:15.507,1.65303,1.65346,1.00,1.00
2015.07.23 01:13:15.609,1.65306,1.65345,1.00,1.00
2015.07.23 01:13:15.710,1.65312,1.65356,1.00,1.00
2015.07.23 01:13:15.761,1.65312,1.65361,1.00,1.00
2015.07.23 01:13:15.812,1.65312,1.65349,1.00,1.00
2015.07.23 01:13:15.963,1.65314,1.65358,1.00,1.00
2015.07.23 01:13:16.014,1.65314,1.65367,1.00,1.00
2015.07.23 01:13:16.065,1.65316,1.65367,1.05,1.00
2015.07.23 01:13:16.376,1.65331,1.6537,1.00,1.00
2015.07.23 01:13:16.881,1.65329,1.6537,1.05,1.00
2015.07.23 01:13:17.213,1.65329,1.65357,1.05,1.00
2015.07.23 01:13:17.264,1.65312,1.65356,1.00,1.00
2015.07.23 01:13:18.246,1.65317,1.65356,1.00,1.00
2015.07.23 01:13:18.297,1.65317,1.65364,1.00,1.00
2015.07.23 01:13:18.348,1.65318,1.65376,1.05,1.00
2015.07.23 01:13:18.399,1.65329,1.65376,1.00,1.00
2015.07.23 01:13:18.701,1.65328,1.65372,1.05,1.00
2015.07.23 01:13:19.141,1.65322,1.65357,1.05,1.00
2015.07.23 01:13:19.292,1.65316,1.65357,1.42,1.00
2015.07.23 01:13:19.495,1.65324,1.65357,1.00,1.00
2015.07.23 01:13:19.546,1.65324,1.65366,1.00,1.00
2015.07.23 01:13:19.597,1.65324,1.65366,1.80,1.00
2015.07.23 01:13:20.255,1.65325,1.65366,1.42,1.00
2015.07.23 01:13:20.458,1.65325,1.65366,1.05,1.00
2015.07.23 01:13:20.509,1.65325,1.65369,1.05,1.00
2015.07.23 01:13:20.610,1.65324,1.65358,1.05,1.00
2015.07.23 01:13:20.660,1.65314,1.65358,1.12,1.00
2015.07.23 01:13:21.261,1.65313,1.65358,1.05,1.00
2015.07.23 01:13:21.463,1.65313,1.65356,1.05,1.00
2015.07.23 01:13:22.347,1.65307,1.6535,1.37,1.00
2015.07.23 01:13:22.448,1.65307,1.6535,1.00,1.00
2015.07.23 01:13:22.499,1.65299,1.6535,1.50,1.00
2015.07.23 01:13:22.803,1.65299,1.65344,1.50,1.00
2015.07.23 01:13:22.853,1.65299,1.65344,1.37,1.00
2015.07.23 01:13:23.964,1.65299,1.65344,1.37,1.00
2015.07.23 01:13:24.066,1.6529,1.65344,1.75,1.00
2015.07.23 01:13:24.268,1.65289,1.65344,1.75,1.00
2015.07.23 01:13:24.780,1.65292,1.65344,1.75,1.00
2015.07.23 01:13:25.334,1.65297,1.65344,1.50,1.00
2015.07.23 01:13:27.179,1.65291,1.65334,1.37,1.00
2015.07.23 01:13:27.483,1.65286,1.65333,1.37,1.00
2015.07.23 01:13:27.534,1.65286,1.65327,1.37,1.00
2015.07.23 01:13:27.686,1.65281,1.65327,1.50,1.00
2015.07.23 01:13:28.053,1.65277,1.65323,1.75,1.00
2015.07.23 01:13:28.154,1.65277,1.65323,1.37,1.12
2015.07.23 01:13:28.571,1.65268,1.65326,2.25,1.87
2015.07.23 01:13:29.029,1.65268,1.65317,1.75,1.00
2015.07.23 01:13:30.249,1.65269,1.65317,1.37,1.37
2015.07.23 01:13:30.300,1.65269,1.65312,1.37,1.00
2015.07.23 01:13:30.451,1.65263,1.6531,1.12,1.12
2015.07.23 01:13:30.856,1.65257,1.6531,3.00,1.00
2015.07.23 01:13:30.958,1.6526,1.6531,1.00,1.00
2015.07.23 01:13:31.257,1.65262,1.6531,1.00,1.00
2015.07.23 01:13:31.560,1.65265,1.65321,1.00,1.05
2015.07.23 01:13:31.610,1.65265,1.65315,1.87,1.00
2015.07.23 01:13:31.913,1.65267,1.65315,3.00,1.00
2015.07.23 01:13:32.466,1.65267,1.65315,2.25,1.00
2015.07.23 01:13:32.769,1.65269,1.65315,1.75,1.00
2015.07.23 01:13:33.022,1.65274,1.65335,1.75,1.37
2015.07.23 01:13:33.072,1.65275,1.65333,2.25,1.37
2015.07.23 01:13:33.392,1.65282,1.65337,2.25,1.37
2015.07.23 01:13:34.157,1.65282,1.65341,1.75,1.37
2015.07.23 01:13:34.877,1.65287,1.65341,1.75,1.00
2015.07.23 01:13:34.927,1.65287,1.65332,2.25,1.00
2015.07.23 01:13:35.603,1.65287,1.65332,1.75,1.00
2015.07.23 01:13:36.162,1.65282,1.65332,1.75,1.00
2015.07.23 01:13:36.664,1.65282,1.65332,1.75,1.00
2015.07.23 01:13:38.009,1.65282,1.65332,1.75,1.00
2015.07.23 01:13:38.534,1.65284,1.65332,1.75,1.00
2015.07.23 01:13:41.517,1.65281,1.65332,1.75,1.37
2015.07.23 01:13:41.900,1.65281,1.65332,1.75,1.00
2015.07.23 01:13:42.001,1.65281,1.65332,1.75,1.00
2015.07.23 01:13:42.203,1.65281,1.65332,1.75,1.00
2015.07.23 01:13:43.254,1.65281,1.65332,1.75,1.00
2015.07.23 01:13:45.419,1.65282,1.65332,1.75,1.00
2015.07.23 01:13:46.010,1.65282,1.65332,1.75,1.00
2015.07.23 01:13:46.111,1.65282,1.65332,1.75,1.37
2015.07.23 01:13:46.212,1.65279,1.65332,2.25,1.12
2015.07.23 01:13:46.442,1.65282,1.65332,1.75,1.00
2015.07.23 01:13:47.825,1.65282,1.65336,2.62,1.37
2015.07.23 01:13:48.473,1.65282,1.65332,2.62,1.00
2015.07.23 01:13:48.819,1.65282,1.65332,2.62,1.00
2015.07.23 01:13:49.220,1.65284,1.65332,1.75,1.00
2015.07.23 01:13:49.835,1.65285,1.65332,1.75,1.00
2015.07.23 01:13:50.137,1.65298,1.65345,1.75,1.00
2015.07.23 01:13:52.129,1.65298,1.65345,2.25,1.00
2015.07.23 01:13:52.230,1.653,1.65345,1.75,1.00
2015.07.23 01:13:52.432,1.65298,1.65345,2.25,1.00
2015.07.23 01:13:52.483,1.65301,1.65352,1.75,1.00
2015.07.23 01:13:52.534,1.65301,1.65352,2.25,1.00
2015.07.23 01:13:52.837,1.65311,1.65357,1.75,1.00
2015.07.23 01:13:53.448,1.65306,1.65357,2.25,1.00
2015.07.23 01:13:54.239,1.6531,1.65359,1.37,1.12
2015.07.23 01:13:54.295,1.6531,1.65357,1.37,1.00
2015.07.23 01:13:55.013,1.6531,1.65356,1.50,1.00
2015.07.23 01:13:55.169,1.6531,1.65357,1.37,1.12
2015.07.23 01:13:55.554,1.65306,1.65359,1.87,1.75
2015.07.23 01:13:55.807,1.65289,1.65346,1.05,2.25
2015.07.23 01:13:55.908,1.65279,1.6534,1.00,1.00
2015.07.23 01:13:55.959,1.65281,1.65334,1.00,1.05
2015.07.23 01:13:56.295,1.65283,1.65328,1.00,1.00
2015.07.23 01:13:56.497,1.65285,1.65334,1.50,1.05
2015.07.23 01:13:56.734,1.65283,1.65336,2.25,1.00
2015.07.23 01:13:56.785,1.65283,1.65332,2.25,1.00
2015.07.23 01:13:57.353,1.65284,1.65332,1.50,1.00
2015.07.23 01:13:57.657,1.65287,1.65332,2.25,1.00
2015.07.23 01:13:58.119,1.65286,1.65332,1.75,1.00
2015.07.23 01:13:59.710,1.65285,1.65332,1.75,1.00
2015.07.23 01:13:59.912,1.65285,1.65332,1.75,1.00
2015.07.23 01:14:00.601,1.65284,1.65332,2.25,1.00
2015.07.23 01:14:01.151,1.65285,1.65332,1.75,1.00
2015.07.23 01:14:01.532,1.65285,1.65332,1.12,1.37
2015.07.23 01:14:01.583,1.65279,1.65325,1.75,1.00
2015.07.23 01:14:01.900,1.65283,1.65325,1.75,1.00
2015.07.23 01:14:01.950,1.6528,1.65327,1.50,1.00
2015.07.23 01:14:02.170,1.65278,1.65325,1.75,1.00
2015.07.23 01:14:02.613,1.65279,1.65327,1.75,1.00
2015.07.23 01:14:02.719,1.6529,1.65329,1.37,1.00
2015.07.23 01:14:02.871,1.65286,1.65337,1.75,1.00
2015.07.23 01:14:02.921,1.65286,1.65337,1.75,1.00
2015.07.23 01:14:03.225,1.65284,1.65336,1.75,1.50
2015.07.23 01:14:03.535,1.65282,1.65308,1.00,1.25
2015.07.23 01:14:03.636,1.65274,1.65308,1.00,1.13
2015.07.23 01:14:03.687,1.65267,1.65301,1.87,1.00
2015.07.23 01:14:03.738,1.65265,1.65305,1.37,1.00
2015.07.23 01:14:03.990,1.65257,1.65314,1.75,1.49
2015.07.23 01:14:04.091,1.65263,1.65322,1.50,1.00
2015.07.23 01:14:04.598,1.65265,1.65323,1.42,1.00
2015.07.23 01:14:05.233,1.65266,1.65323,1.12,1.00
2015.07.23 01:14:05.627,1.65266,1.65321,1.12,1.00
2015.07.23 01:14:05.678,1.65266,1.65323,1.12,1.00
2015.07.23 01:14:07.542,1.65277,1.65323,1.37,1.00
2015.07.23 01:14:07.593,1.65282,1.65327,1.00,1.00
2015.07.23 01:14:07.694,1.65283,1.6533,1.00,1.00
2015.07.23 01:14:07.744,1.65283,1.65328,1.80,1.00
2015.07.23 01:14:07.947,1.65283,1.65328,1.42,1.00
2015.07.23 01:14:07.998,1.65284,1.65337,1.05,1.00
2015.07.23 01:14:08.099,1.65277,1.65336,1.12,1.00
2015.07.23 01:14:08.251,1.65277,1.65334,1.12,1.00
2015.07.23 01:14:08.352,1.65277,1.65336,1.87,1.50
2015.07.23 01:14:08.554,1.65277,1.65327,1.87,1.00
2015.07.23 01:14:08.964,1.65274,1.65327,1.75,1.00
2015.07.23 01:14:09.267,1.65268,1.65322,1.50,1.00
2015.07.23 01:14:09.368,1.65268,1.65323,1.37,1.87
2015.07.23 01:14:09.432,1.65268,1.65323,1.75,1.87
2015.07.23 01:14:10.063,1.65275,1.65325,1.75,1.00
2015.07.23 01:14:10.315,1.65277,1.65333,1.50,1.37
2015.07.23 01:14:10.819,1.65277,1.6533,2.55,1.00
2015.07.23 01:14:11.014,1.65278,1.6533,1.12,1.00
2015.07.23 01:14:11.759,1.65278,1.6533,1.37,1.00
2015.07.23 01:14:12.401,1.65278,1.65319,1.37,1.00
2015.07.23 01:14:15.265,1.65277,1.65319,1.42,1.00
2015.07.23 01:14:16.977,1.65278,1.65324,1.12,1.00
2015.07.23 01:14:17.027,1.65278,1.65337,1.12,1.12
2015.07.23 01:14:17.078,1.65278,1.6533,1.12,1.00
2015.07.23 01:14:17.382,1.65284,1.6533,1.12,1.00
2015.07.23 01:14:17.745,1.65285,1.6533,1.37,1.00
2015.07.23 01:14:17.803,1.65286,1.6533,1.00,1.00
2015.07.23 01:14:18.005,1.65281,1.6533,1.12,1.00
2015.07.23 01:14:18.106,1.65289,1.6533,1.00,1.00
2015.07.23 01:14:18.207,1.65277,1.6533,2.17,1.00
2015.07.23 01:14:18.510,1.65278,1.6533,1.12,1.37
2015.07.23 01:14:18.903,1.65276,1.65322,1.75,1.00
2015.07.23 01:14:19.004,1.65273,1.65322,1.75,1.00
2015.07.23 01:14:19.105,1.6527,1.65322,1.75,1.12
2015.07.23 01:14:19.206,1.6527,1.65322,1.75,1.37
2015.07.23 01:14:20.176,1.65272,1.65322,1.75,1.00
2015.07.23 01:14:20.227,1.65272,1.65326,1.75,1.12
2015.07.23 01:14:20.278,1.65278,1.65324,1.75,1.00
2015.07.23 01:14:21.781,1.6528,1.65324,1.75,1.00
2015.07.23 01:14:27.330,1.65277,1.65324,1.75,1.00
2015.07.23 01:14:27.431,1.65274,1.65324,1.75,1.12
2015.07.23 01:14:27.533,1.65274,1.65317,1.75,1.00
2015.07.23 01:14:27.634,1.65267,1.65317,1.75,1.00
2015.07.23 01:14:28.137,1.65263,1.65317,1.05,1.00
2015.07.23 01:14:28.188,1.6527,1.65326,1.00,1.12
2015.07.23 01:14:28.239,1.65268,1.65326,1.75,1.12
2015.07.23 01:14:28.985,1.65273,1.65323,1.75,1.00
2015.07.23 01:14:29.191,1.65273,1.65326,1.12,1.00
2015.07.23 01:14:29.241,1.65267,1.6532,1.75,1.00
2015.07.23 01:14:29.552,1.65267,1.65315,1.75,1.00
2015.07.23 01:14:30.037,1.65267,1.65315,1.75,1.00
2015.07.23 01:14:30.088,1.65269,1.65327,1.75,1.12
2015.07.23 01:14:30.138,1.65269,1.65329,1.75,1.42
2015.07.23 01:14:30.442,1.65275,1.6533,1.12,1.37
2015.07.23 01:14:30.770,1.65267,1.65317,1.75,1.00
2015.07.23 01:14:30.871,1.65265,1.65319,1.12,1.12
2015.07.23 01:14:31.710,1.65261,1.65318,1.75,1.00
2015.07.23 01:14:32.655,1.65261,1.65319,1.75,1.87
2015.07.23 01:14:32.967,1.65261,1.6531,1.75,1.00
2015.07.23 01:14:33.546,1.65262,1.6531,1.75,1.00
2015.07.23 01:14:34.489,1.65258,1.65307,3.00,1.00
2015.07.23 01:14:34.590,1.65258,1.65307,1.75,1.00
2015.07.23 01:14:34.793,1.65258,1.65308,1.75,1.00
2015.07.23 01:14:35.334,1.65258,1.65307,1.75,1.00
2015.07.23 01:14:35.654,1.65258,1.65307,1.75,1.00
2015.07.23 01:14:35.873,1.65256,1.65307,1.75,1.00
2015.07.23 01:14:35.975,1.65256,1.65307,1.75,1.00
2015.07.23 01:14:38.100,1.65258,1.65307,1.75,1.00
2015.07.23 01:14:38.201,1.65258,1.65307,1.75,1.00
2015.07.23 01:14:38.686,1.65256,1.65307,1.75,2.25
2015.07.23 01:14:38.787,1.65256,1.65307,2.25,1.00
2015.07.23 01:14:39.090,1.65257,1.65307,1.75,1.50
2015.07.23 01:14:39.245,1.65257,1.65313,1.75,1.87
2015.07.23 01:14:39.498,1.65258,1.65315,1.75,1.37
2015.07.23 01:14:39.549,1.65258,1.65311,1.75,1.00
2015.07.23 01:14:39.898,1.65256,1.65299,1.75,1.00
2015.07.23 01:14:40.101,1.65256,1.65299,1.75,1.00
2015.07.23 01:14:40.689,1.65253,1.65298,1.75,1.00
2015.07.23 01:14:41.616,1.65256,1.6531,1.12,1.00
2015.07.23 01:14:41.869,1.65257,1.65312,1.12,1.00
2015.07.23 01:14:41.970,1.65257,1.65312,1.12,1.00
2015.07.23 01:14:42.195,1.65257,1.65312,1.12,1.50
2015.07.23 01:14:42.547,1.65256,1.65308,1.75,1.37
2015.07.23 01:14:42.657,1.65255,1.65298,1.05,1.69
2015.07.23 01:14:42.708,1.65248,1.65298,1.75,1.69
2015.07.23 01:14:42.758,1.65246,1.65295,1.75,1.00
2015.07.23 01:14:43.061,1.65246,1.65287,1.75,1.00
2015.07.23 01:14:43.212,1.65246,1.65287,1.50,1.00
2015.07.23 01:14:43.513,1.65244,1.65294,1.12,1.50
2015.07.23 01:14:43.615,1.65244,1.65288,1.12,1.00
2015.07.23 01:14:44.127,1.65244,1.65287,1.12,1.00
2015.07.23 01:14:44.646,1.65244,1.65286,1.12,1.00
2015.07.23 01:14:44.849,1.65244,1.65285,1.12,1.00
2015.07.23 01:14:45.253,1.6524,1.65285,1.75,1.00
2015.07.23 01:14:45.837,1.65238,1.65285,1.75,1.00
2015.07.23 01:14:46.387,1.65238,1.65286,2.25,1.00
2015.07.23 01:14:48.126,1.65238,1.65286,2.25,1.00
2015.07.23 01:14:48.327,1.65238,1.65285,1.37,1.37
2015.07.23 01:14:48.571,1.65228,1.65273,1.75,1.00
2015.07.23 01:14:48.931,1.65219,1.65271,1.75,1.00
2015.07.23 01:14:49.129,1.65219,1.65271,1.75,1.00
2015.07.23 01:14:49.230,1.65219,1.65273,1.75,1.00
2015.07.23 01:14:49.280,1.65218,1.65271,2.10,1.00
2015.07.23 01:14:49.585,1.65218,1.65263,1.35,1.00
2015.07.23 01:14:49.887,1.65218,1.65263,1.35,1.00
2015.07.23 01:14:50.234,1.65218,1.65263,1.35,1.00
2015.07.23 01:14:50.335,1.65218,1.65263,1.35,1.00
2015.07.23 01:14:50.386,1.65218,1.65256,1.35,1.00
2015.07.23 01:14:50.437,1.65214,1.65256,2.10,1.00
2015.07.23 01:14:50.537,1.65213,1.65256,1.12,1.37
2015.07.23 01:14:50.769,1.65204,1.6525,1.00,1.00
2015.07.23 01:14:50.871,1.65204,1.65248,1.00,1.00
2015.07.23 01:14:51.182,1.65203,1.65245,1.00,1.00
2015.07.23 01:14:51.385,1.65189,1.65245,2.25,1.50
2015.07.23 01:14:51.436,1.65192,1.65245,1.50,1.87
2015.07.23 01:14:51.487,1.65192,1.65243,1.50,1.05
2015.07.23 01:14:51.901,1.65174,1.65216,1.87,1.00
2015.07.23 01:14:51.953,1.65174,1.65225,1.60,1.00
2015.07.23 01:14:52.054,1.65177,1.65231,1.60,1.05
2015.07.23 01:14:52.155,1.65184,1.65231,1.00,1.05
2015.07.23 01:14:52.661,1.65184,1.65231,1.00,1.00
2015.07.23 01:14:53.164,1.65184,1.65233,1.50,1.00
2015.07.23 01:14:53.642,1.65185,1.65234,1.12,1.37
2015.07.23 01:14:54.845,1.65185,1.65234,1.12,1.00
2015.07.23 01:14:55.664,1.65208,1.65243,1.12,1.00
2015.07.23 01:14:55.715,1.65208,1.65247,1.12,1.00
2015.07.23 01:14:55.766,1.65207,1.65247,2.10,1.00
2015.07.23 01:14:55.817,1.65213,1.65251,1.12,1.00
2015.07.23 01:14:56.170,1.65213,1.65251,1.50,1.00
2015.07.23 01:14:56.398,1.65213,1.65251,1.87,1.00
2015.07.23 01:14:56.500,1.65213,1.65258,1.87,1.00
2015.07.23 01:14:56.903,1.65212,1.65258,1.05,1.12
2015.07.23 01:14:57.565,1.65205,1.65258,1.75,1.00
2015.07.23 01:14:57.727,1.65213,1.65266,1.12,1.50
2015.07.23 01:14:57.828,1.65213,1.6527,1.12,2.62
2015.07.23 01:14:57.879,1.65213,1.65267,1.12,1.00
2015.07.23 01:14:58.342,1.65213,1.65254,1.12,1.00
2015.07.23 01:14:59.118,1.65213,1.65266,1.12,1.50
2015.07.23 01:14:59.798,1.65213,1.65265,1.12,1.00
2015.07.23 01:15:00.299,1.65213,1.65266,1.12,1.00
2015.07.23 01:15:00.824,1.65216,1.65265,1.35,1.00
2015.07.23 01:15:01.094,1.65216,1.65274,1.35,1.37
2015.07.23 01:15:01.296,1.65217,1.6527,1.35,1.00
2015.07.23 01:15:01.599,1.65216,1.65271,2.47,1.12
2015.07.23 01:15:01.700,1.65217,1.65271,1.35,1.37
2015.07.23 01:15:03.211,1.65217,1.65272,1.35,1.12
2015.07.23 01:15:03.312,1.65217,1.65272,1.35,1.00
2015.07.23 01:15:03.634,1.65235,1.65286,2.17,1.00
2015.07.23 01:15:03.686,1.65238,1.65286,1.00,1.00
2015.07.23 01:15:03.888,1.65235,1.65291,1.42,1.00
2015.07.23 01:15:03.939,1.65235,1.65294,1.42,1.00
2015.07.23 01:15:04.578,1.65245,1.65296,1.00,1.00
2015.07.23 01:15:04.630,1.65245,1.65304,1.00,1.80
2015.07.23 01:15:04.681,1.65251,1.65304,1.00,1.80
2015.07.23 01:15:05.011,1.6525,1.65304,1.75,1.05
2015.07.23 01:15:05.365,1.6526,1.65304,1.68,1.05
2015.07.23 01:15:06.946,1.65249,1.65303,1.65,1.05
2015.07.23 01:15:07.249,1.6526,1.65294,1.09,1.00
2015.07.23 01:15:07.300,1.65245,1.65294,1.12,1.50
2015.07.23 01:15:07.503,1.65247,1.65294,1.00,1.80
2015.07.23 01:15:07.799,1.65242,1.65294,1.37,1.05
2015.07.23 01:15:09.150,1.65243,1.65294,1.37,1.42
2015.07.23 01:15:09.251,1.65242,1.65294,1.00,1.42
2015.07.23 01:15:09.527,1.65234,1.65287,1.12,1.37
2015.07.23 01:15:09.629,1.65234,1.65287,1.37,1.37
2015.07.23 01:15:09.931,1.65235,1.65287,1.37,1.12
2015.07.23 01:15:10.582,1.65235,1.65294,1.37,1.00
2015.07.23 01:15:11.242,1.65235,1.65294,1.75,1.37
2015.07.23 01:15:14.669,1.65235,1.65295,1.37,1.37
2015.07.23 01:15:16.140,1.65235,1.65292,1.37,1.00
2015.07.23 01:15:17.058,1.65235,1.65292,1.75,1.37
2015.07.23 01:15:18.939,1.65236,1.65291,1.75,1.50
2015.07.23 01:15:20.738,1.65236,1.65292,1.75,1.50
2015.07.23 01:15:22.797,1.65236,1.65291,1.75,1.00
2015.07.23 01:15:23.157,1.65241,1.65291,1.42,1.50
2015.07.23 01:15:23.461,1.65243,1.65304,1.75,1.37
2015.07.23 01:15:23.562,1.65242,1.65304,1.12,1.12
2015.07.23 01:15:23.664,1.65242,1.65305,1.12,1.80
2015.07.23 01:15:23.887,1.65246,1.65305,1.75,1.42
2015.07.23 01:15:24.207,1.65246,1.65304,1.75,1.00
2015.07.23 01:15:24.534,1.65246,1.65301,1.75,1.00
2015.07.23 01:15:24.635,1.65246,1.65304,1.75,1.50
2015.07.23 01:15:25.138,1.65246,1.65303,1.75,1.00
2015.07.23 01:15:25.354,1.65246,1.653,1.75,1.12
2015.07.23 01:15:27.053,1.65245,1.65299,1.75,1.00
2015.07.23 01:15:27.204,1.65245,1.65299,1.37,1.87
2015.07.23 01:15:27.470,1.65241,1.65297,1.50,1.87
2015.07.23 01:15:27.776,1.65236,1.65287,1.75,1.00
2015.07.23 01:15:28.041,1.65236,1.65291,1.75,1.37
2015.07.23 01:15:28.197,1.65233,1.65291,1.75,1.87
2015.07.23 01:15:32.953,1.65236,1.65284,1.37,1.00
2015.07.23 01:15:33.274,1.65236,1.65282,1.37,1.00
2015.07.23 01:15:33.825,1.65234,1.65281,1.37,1.00
2015.07.23 01:15:34.189,1.65229,1.65281,1.37,1.50
2015.07.23 01:15:34.290,1.65229,1.65278,1.37,1.00
2015.07.23 01:15:34.607,1.65227,1.65276,1.50,1.00
2015.07.23 01:15:35.118,1.65231,1.65277,1.50,1.00
2015.07.23 01:15:35.168,1.65231,1.65279,1.50,1.00
2015.07.23 01:15:35.669,1.65231,1.6528,1.50,1.00
2015.07.23 01:15:35.870,1.65231,1.65282,1.50,1.00
2015.07.23 01:15:36.059,1.65231,1.65279,1.50,1.00
2015.07.23 01:15:36.284,1.65227,1.65279,1.50,1.00
2015.07.23 01:15:36.811,1.65227,1.65278,1.50,2.25
2015.07.23 01:15:37.114,1.65227,1.6528,1.50,1.50
2015.07.23 01:15:37.388,1.65227,1.65275,1.50,1.00
2015.07.23 01:15:37.802,1.65225,1.65274,1.75,1.00
2015.07.23 01:15:38.407,1.65225,1.65272,1.75,1.00
2015.07.23 01:15:39.093,1.65225,1.65275,1.75,1.00
2015.07.23 01:15:39.619,1.65229,1.65276,1.75,1.00
2015.07.23 01:15:40.074,1.65226,1.65278,1.75,1.00
2015.07.23 01:15:40.401,1.65226,1.6528,1.75,1.00
2015.07.23 01:15:40.509,1.65226,1.65276,1.75,1.00
2015.07.23 01:15:42.189,1.65224,1.65275,3.00,1.00
2015.07.23 01:15:42.835,1.65224,1.65276,2.25,1.00
2015.07.23 01:15:43.220,1.65219,1.65268,1.37,1.75
2015.07.23 01:15:43.321,1.65216,1.65267,1.37,1.75
2015.07.23 01:15:43.627,1.65215,1.65264,1.37,1.37
2015.07.23 01:15:43.728,1.65209,1.65266,1.00,1.50
2015.07.23 01:15:43.778,1.65206,1.65261,1.00,1.00
2015.07.23 01:15:44.082,1.65206,1.6526,1.50,1.05
2015.07.23 01:15:44.315,1.65206,1.65262,1.00,1.00
2015.07.23 01:15:45.042,1.65206,1.65262,1.75,1.00
2015.07.23 01:15:45.143,1.65206,1.65266,1.37,1.00
2015.07.23 01:15:45.244,1.65206,1.65266,1.75,1.37
2015.07.23 01:15:45.922,1.65206,1.65266,1.75,1.37
2015.07.23 01:15:46.714,1.65218,1.65268,1.00,1.42
2015.07.23 01:15:48.537,1.65212,1.65268,2.25,2.92
2015.07.23 01:15:48.879,1.6521,1.65268,1.37,2.55
2015.07.23 01:15:48.930,1.6521,1.65265,1.37,1.00
2015.07.23 01:15:49.446,1.65206,1.65264,1.75,1.00
2015.07.23 01:15:49.782,1.65206,1.65264,1.75,1.00
2015.07.23 01:15:50.233,1.65206,1.65264,1.75,1.00
2015.07.23 01:15:50.335,1.65206,1.65262,1.75,1.50
2015.07.23 01:15:50.385,1.65205,1.65262,1.75,1.50
2015.07.23 01:15:50.436,1.65205,1.65259,1.75,1.00
2015.07.23 01:15:50.487,1.65205,1.65259,1.50,1.00
2015.07.23 01:15:50.538,1.65205,1.65256,1.50,1.00
2015.07.23 01:15:50.874,1.652,1.65253,1.75,1.00
2015.07.23 01:15:51.032,1.652,1.65256,1.75,1.50
2015.07.23 01:15:51.477,1.652,1.65256,1.75,1.00
2015.07.23 01:15:52.365,1.65206,1.65257,1.75,1.00
2015.07.23 01:15:52.880,1.65201,1.65257,1.75,2.62
2015.07.23 01:15:54.420,1.652,1.65253,1.75,1.00
2015.07.23 01:15:54.714,1.652,1.65256,1.75,1.87
2015.07.23 01:15:56.360,1.65205,1.65257,1.37,1.75
2015.07.23 01:15:56.462,1.65205,1.65255,1.00,1.75
2015.07.23 01:15:56.563,1.65195,1.65254,1.67,2.25
2015.07.23 01:15:56.664,1.65193,1.65251,2.10,2.25
2015.07.23 01:15:58.681,1.65193,1.65248,1.97,1.87
2015.07.23 01:15:58.782,1.65195,1.65248,1.35,2.62
2015.07.23 01:15:58.984,1.65201,1.65256,1.37,1.87
2015.07.23 01:15:59.035,1.65201,1.65256,1.97,1.37
2015.07.23 01:15:59.085,1.65203,1.65255,2.10,1.00
2015.07.23 01:15:59.187,1.65217,1.65265,1.75,1.00
2015.07.23 01:15:59.288,1.65217,1.65266,1.75,1.00
2015.07.23 01:15:59.440,1.6522,1.65277,1.37,1.37
2015.07.23 01:15:59.491,1.6522,1.65277,1.75,1.37
2015.07.23 01:15:59.592,1.6522,1.65277,1.75,1.50
2015.07.23 01:15:59.868,1.65214,1.65267,1.75,1.00
2015.07.23 01:15:59.919,1.65214,1.65268,1.37,1.00
2015.07.23 01:16:00.121,1.6521,1.65271,2.25,1.42
2015.07.23 01:16:00.323,1.65211,1.6527,1.75,1.00
2015.07.23 01:16:00.827,1.65214,1.65271,1.75,1.42
2015.07.23 01:16:01.209,1.65206,1.65261,1.75,1.37
2015.07.23 01:16:01.866,1.65203,1.65257,2.25,1.00
2015.07.23 01:16:02.170,1.65211,1.65259,1.12,1.50
2015.07.23 01:16:02.572,1.65211,1.65257,1.12,1.00
2015.07.23 01:16:02.673,1.65211,1.65259,1.12,1.00
2015.07.23 01:16:03.026,1.65211,1.65259,1.12,1.00
2015.07.23 01:16:03.177,1.65211,1.65265,1.12,1.00
2015.07.23 01:16:04.729,1.65211,1.65265,1.12,1.50
2015.07.23 01:16:05.470,1.65212,1.65266,1.75,1.00
2015.07.23 01:16:06.326,1.65212,1.65266,1.75,1.00
2015.07.23 01:16:06.579,1.65215,1.65269,2.10,1.00
2015.07.23 01:16:06.630,1.65222,1.65272,1.75,1.12
2015.07.23 01:16:06.920,1.65232,1.65285,1.37,1.00
2015.07.23 01:16:07.437,1.65232,1.65286,1.37,1.00
2015.07.23 01:16:07.940,1.65232,1.65283,1.37,1.00
2015.07.23 01:16:08.373,1.65232,1.65279,1.37,1.50
2015.07.23 01:16:08.676,1.65232,1.65276,1.37,1.00
2015.07.23 01:16:08.878,1.65226,1.65277,1.12,1.00
2015.07.23 01:16:09.337,1.65226,1.65275,1.12,1.00
2015.07.23 01:16:09.550,1.65225,1.65273,1.42,1.00
2015.07.23 01:16:09.601,1.65225,1.65275,1.42,1.50
2015.07.23 01:16:09.829,1.65224,1.65269,1.05,1.00
2015.07.23 01:16:10.283,1.65216,1.65265,1.80,1.00
2015.07.23 01:16:10.384,1.65217,1.65265,1.12,1.50
2015.07.23 01:16:10.637,1.65228,1.65286,1.50,1.37
2015.07.23 01:16:10.793,1.65228,1.65286,1.75,1.00
2015.07.23 01:16:11.286,1.65233,1.65288,1.37,1.00
2015.07.23 01:16:11.488,1.65233,1.65286,1.37,1.00
2015.07.23 01:16:14.109,1.65234,1.65286,2.25,1.50
2015.07.23 01:16:14.210,1.65235,1.65289,1.75,1.50
2015.07.23 01:16:14.412,1.65235,1.65289,1.37,1.00
2015.07.23 01:16:14.757,1.65235,1.65284,1.37,1.00
2015.07.23 01:16:15.457,1.65233,1.65286,1.50,1.50
2015.07.23 01:16:15.706,1.65233,1.65286,1.37,1.50
2015.07.23 01:16:15.807,1.65232,1.65286,1.12,2.25
2015.07.23 01:16:15.959,1.65228,1.65283,1.37,1.00
2015.07.23 01:16:16.183,1.65228,1.65281,1.12,1.00
2015.07.23 01:16:16.462,1.65236,1.65287,1.37,1.00
2015.07.23 01:16:16.513,1.65236,1.65287,1.00,1.12
2015.07.23 01:16:16.664,1.65236,1.65285,1.00,1.00
2015.07.23 01:16:16.995,1.65236,1.65286,1.50,1.37
2015.07.23 01:16:17.315,1.65236,1.65282,1.37,1.50
2015.07.23 01:16:17.652,1.65233,1.6528,1.75,1.00
2015.07.23 01:16:17.753,1.65233,1.65286,1.75,2.62
2015.07.23 01:16:17.804,1.65233,1.65286,1.75,2.62
2015.07.23 01:16:18.208,1.65241,1.65287,1.35,1.00
2015.07.23 01:16:18.461,1.65242,1.65296,2.10,1.05
2015.07.23 01:16:18.769,1.65242,1.65287,2.10,1.00
2015.07.23 01:16:18.820,1.65242,1.65291,2.10,1.50
2015.07.23 01:16:18.922,1.65242,1.65297,2.10,1.37
2015.07.23 01:16:19.023,1.65242,1.65297,2.10,1.37
2015.07.23 01:16:19.585,1.65242,1.65294,2.10,1.00
2015.07.23 01:16:20.005,1.65242,1.65292,2.10,1.00
2015.07.23 01:16:20.637,1.65242,1.65291,2.10,1.00
2015.07.23 01:16:22.041,1.65242,1.65292,2.10,1.50
2015.07.23 01:16:22.522,1.65242,1.65292,2.10,1.50
2015.07.23 01:16:22.673,1.65244,1.65294,1.75,1.00
2015.07.23 01:16:22.892,1.65244,1.65305,3.00,1.00
2015.07.23 01:16:23.544,1.65251,1.65305,1.37,1.00
2015.07.23 01:16:24.479,1.65252,1.65307,1.37,1.00
2015.07.23 01:16:24.580,1.65256,1.65307,1.00,1.00
2015.07.23 01:16:24.883,1.65256,1.65307,1.75,1.00
2015.07.23 01:16:24.934,1.65256,1.65313,1.75,1.37
2015.07.23 01:16:25.038,1.6526,1.65313,1.75,1.00
2015.07.23 01:16:25.291,1.65262,1.65317,1.87,1.00
2015.07.23 01:16:25.807,1.65266,1.65319,1.35,1.37
2015.07.23 01:16:25.959,1.65268,1.65316,1.75,1.00
2015.07.23 01:16:26.160,1.65266,1.65316,1.75,1.00
2015.07.23 01:16:26.362,1.65268,1.65319,1.35,1.50
2015.07.23 01:16:26.665,1.6527,1.65327,1.75,1.50
2015.07.23 01:16:26.716,1.65272,1.65316,1.75,1.00
2015.07.23 01:16:26.767,1.65272,1.65316,1.00,1.00
2015.07.23 01:16:27.003,1.65263,1.65316,1.37,1.50
2015.07.23 01:16:27.054,1.65263,1.65308,1.37,1.00
2015.07.23 01:16:27.357,1.65257,1.65304,1.75,1.00
2015.07.23 01:16:27.663,1.65257,1.65304,1.37,1.12
2015.07.23 01:16:27.814,1.65257,1.65301,1.37,1.00
2015.07.23 01:16:27.865,1.65257,1.65301,1.00,1.00
2015.07.23 01:16:27.916,1.65249,1.65301,1.75,1.00
2015.07.23 01:16:27.966,1.65249,1.65301,1.75,1.50
2015.07.23 01:16:28.168,1.65251,1.65304,1.75,1.00
2015.07.23 01:16:29.212,1.65248,1.65296,1.75,1.00
2015.07.23 01:16:29.336,1.65254,1.65301,1.37,1.00
2015.07.23 01:16:29.387,1.65254,1.65304,1.37,1.50
2015.07.23 01:16:30.049,1.65247,1.65306,2.25,1.37
2015.07.23 01:16:30.100,1.65252,1.65302,1.75,1.00
2015.07.23 01:16:30.367,1.65252,1.65306,1.75,2.62
2015.07.23 01:16:30.897,1.65249,1.65301,2.25,1.00
2015.07.23 01:16:31.370,1.65252,1.65307,1.75,1.87
2015.07.23 01:16:33.504,1.65252,1.65304,1.75,1.00
2015.07.23 01:16:33.968,1.65249,1.65296,1.75,1.00
2015.07.23 01:16:34.069,1.65249,1.65299,1.75,1.00
2015.07.23 01:16:34.321,1.65251,1.65302,1.75,1.00
2015.07.23 01:16:34.377,1.65251,1.65305,1.75,1.87
2015.07.23 01:16:35.210,1.65251,1.65304,1.75,1.00
2015.07.23 01:16:35.637,1.65254,1.65302,1.37,1.00
2015.07.23 01:16:35.940,1.65249,1.65297,1.75,1.00
2015.07.23 01:16:43.287,1.65247,1.65296,1.75,1.00
2015.07.23 01:16:43.447,1.65246,1.65296,1.87,1.00
2015.07.23 01:16:43.878,1.65246,1.65296,1.50,1.00
2015.07.23 01:16:44.030,1.65244,1.65293,1.12,1.00
2015.07.23 01:16:44.544,1.65246,1.65292,1.50,1.00
2015.07.23 01:16:44.706,1.65249,1.65296,1.37,1.50
2015.07.23 01:16:48.768,1.65248,1.65297,1.37,1.87
2015.07.23 01:16:48.919,1.65247,1.65295,1.37,1.00
2015.07.23 01:16:49.020,1.65247,1.65297,1.37,1.87
2015.07.23 01:16:49.222,1.65247,1.65295,1.37,1.00
2015.07.23 01:16:49.320,1.65247,1.65297,1.37,1.87
2015.07.23 01:16:49.422,1.65249,1.65294,1.37,1.00
2015.07.23 01:16:49.767,1.65247,1.65296,1.75,1.00
2015.07.23 01:16:49.972,1.65247,1.65296,1.37,1.00
2015.07.23 01:16:50.124,1.65245,1.65293,1.75,1.00
2015.07.23 01:16:51.154,1.65247,1.65296,1.37,1.00
2015.07.23 01:16:51.926,1.65247,1.65297,1.37,1.87
2015.07.23 01:16:52.645,1.65247,1.65296,1.37,1.00
2015.07.23 01:16:53.279,1.65245,1.65297,1.75,1.87
2015.07.23 01:16:53.629,1.65245,1.65293,1.75,1.00
2015.07.23 01:16:54.032,1.65245,1.65297,1.75,1.12
2015.07.23 01:16:54.533,1.65245,1.65296,1.75,1.00
2015.07.23 01:16:57.436,1.65245,1.65293,1.75,1.00
2015.07.23 01:16:57.781,1.65244,1.65292,1.87,1.00
2015.07.23 01:16:57.982,1.65249,1.65297,1.12,1.50
2015.07.23 01:16:58.033,1.65251,1.65296,1.00,1.00
2015.07.23 01:16:58.839,1.65251,1.65295,1.00,1.00
2015.07.23 01:16:58.941,1.65249,1.65295,1.12,1.00
2015.07.23 01:16:59.490,1.6525,1.65296,1.00,1.00
2015.07.23 01:16:59.716,1.6525,1.65296,1.50,1.00
2015.07.23 01:17:00.242,1.65253,1.65297,1.37,1.00
2015.07.23 01:17:00.826,1.6525,1.65296,1.50,1.00
2015.07.23 01:17:00.928,1.6525,1.65296,1.37,1.00
2015.07.23 01:17:01.134,1.65244,1.65298,1.87,1.87
2015.07.23 01:17:01.185,1.65244,1.65294,1.37,1.00
2015.07.23 01:17:01.387,1.65248,1.65297,1.00,1.00
2015.07.23 01:17:01.538,1.65248,1.65296,1.37,1.00
2015.07.23 01:17:01.944,1.65249,1.65296,1.75,1.00
2015.07.23 01:17:05.836,1.65252,1.65297,1.37,1.00
2015.07.23 01:17:06.354,1.65253,1.65296,1.50,1.00
2015.07.23 01:17:06.657,1.65255,1.65296,1.75,1.00
2015.07.23 01:17:06.905,1.65255,1.65304,1.75,1.00
2015.07.23 01:17:07.056,1.65253,1.65296,1.50,1.00
2015.07.23 01:17:07.208,1.65252,1.65298,1.42,1.00
2015.07.23 01:17:07.259,1.65253,1.65298,1.12,1.00
2015.07.23 01:17:07.309,1.65253,1.65306,1.12,1.37
2015.07.23 01:17:07.562,1.65255,1.65307,1.37,1.75
2015.07.23 01:17:07.663,1.65253,1.65303,1.00,1.75
2015.07.23 01:17:07.934,1.65246,1.65299,1.50,1.37
2015.07.23 01:17:08.237,1.65246,1.65299,1.37,1.87
2015.07.23 01:17:10.154,1.65241,1.65298,1.37,1.75
2015.07.23 01:17:11.665,1.65241,1.65296,1.75,1.37
2015.07.23 01:17:12.665,1.65244,1.65299,1.00,1.12
2015.07.23 01:17:13.153,1.6524,1.65292,1.50,1.75
2015.07.23 01:17:13.205,1.65249,1.65297,1.42,1.00
2015.07.23 01:17:13.709,1.65249,1.65296,2.55,1.00
2015.07.23 01:17:14.712,1.6525,1.65296,1.12,1.00
2015.07.23 01:17:16.008,1.6525,1.65296,1.12,1.00
2015.07.23 01:17:16.546,1.6525,1.65297,1.12,1.00
2015.07.23 01:17:16.967,1.65255,1.65296,1.75,1.00
2015.07.23 01:17:19.234,1.65255,1.65296,1.75,1.00
2015.07.23 01:17:20.508,1.65254,1.65296,1.75,1.00
2015.07.23 01:17:20.616,1.65257,1.65306,1.35,1.00
2015.07.23 01:17:21.120,1.65259,1.65307,1.75,1.00
2015.07.23 01:17:21.381,1.65265,1.65316,2.25,1.00
2015.07.23 01:17:21.431,1.65268,1.65316,1.75,1.00
2015.07.23 01:17:21.944,1.65264,1.65316,2.25,1.00
2015.07.23 01:17:22.146,1.65264,1.65316,1.75,1.37
2015.07.23 01:17:22.480,1.65264,1.65316,1.50,1.50
2015.07.23 01:17:22.531,1.65264,1.65316,1.75,1.37
2015.07.23 01:17:22.632,1.65264,1.65316,1.75,1.00
2015.07.23 01:17:22.683,1.65264,1.65306,1.75,1.00
2015.07.23 01:17:22.784,1.65264,1.65316,2.25,1.00
2015.07.23 01:17:23.136,1.65265,1.65317,1.75,1.00
2015.07.23 01:17:23.447,1.65265,1.65317,1.75,1.00
2015.07.23 01:17:23.773,1.65265,1.65306,1.75,1.00
2015.07.23 01:17:24.353,1.65264,1.65316,1.75,1.00
2015.07.23 01:17:24.454,1.65264,1.65306,1.75,1.00
2015.07.23 01:17:24.576,1.65266,1.65323,1.75,1.37
2015.07.23 01:17:24.677,1.6527,1.65316,1.35,1.00
2015.07.23 01:17:24.900,1.65272,1.65326,1.37,1.00
2015.07.23 01:17:25.002,1.65269,1.65317,1.75,1.00
2015.07.23 01:17:25.104,1.65272,1.65327,1.37,2.62
2015.07.23 01:17:25.155,1.65272,1.65327,1.75,2.25
2015.07.23 01:17:25.458,1.65272,1.65317,1.12,1.00
2015.07.23 01:17:26.541,1.65272,1.65325,1.12,1.00
2015.07.23 01:17:27.002,1.65272,1.65316,1.12,1.00
2015.07.23 01:17:29.818,1.65276,1.65327,1.50,1.00
2015.07.23 01:17:30.409,1.65277,1.65326,1.37,1.00
2015.07.23 01:17:30.823,1.65277,1.65326,1.75,1.00
2015.07.23 01:17:31.339,1.65274,1.65327,1.75,1.00
2015.07.23 01:17:36.747,1.65276,1.65326,1.75,1.00
2015.07.23 01:17:38.452,1.65276,1.65326,1.50,1.00
2015.07.23 01:17:38.926,1.65277,1.65326,1.75,1.00
2015.07.23 01:17:39.433,1.6528,1.65327,2.25,1.00
2015.07.23 01:17:39.635,1.65283,1.65336,1.37,1.00
2015.07.23 01:17:39.736,1.65283,1.65336,1.75,1.12
2015.07.23 01:17:40.331,1.65283,1.65336,1.75,1.00
2015.07.23 01:17:40.738,1.65283,1.65336,1.75,1.00
2015.07.23 01:17:41.074,1.65282,1.65327,1.75,1.00
2015.07.23 01:17:41.175,1.65282,1.65336,1.75,1.00
2015.07.23 01:17:42.555,1.65283,1.65336,1.75,1.00
2015.07.23 01:17:44.126,1.65283,1.65337,2.25,1.00
2015.07.23 01:17:46.110,1.65289,1.65336,1.12,1.00
2015.07.23 01:17:46.428,1.6529,1.65336,1.75,1.00
2015.07.23 01:17:46.802,1.6529,1.65345,1.75,1.12
2015.07.23 01:17:46.854,1.6529,1.65346,1.75,1.00
2015.07.23 01:17:46.962,1.6529,1.65346,1.75,1.37
2015.07.23 01:17:47.453,1.65291,1.65336,1.75,1.00
2015.07.23 01:17:49.650,1.65291,1.65346,1.75,1.87
2015.07.23 01:17:49.946,1.65291,1.65346,1.75,1.37
2015.07.23 01:17:50.274,1.65291,1.65336,1.75,1.00
2015.07.23 01:17:50.990,1.65291,1.65336,1.75,1.00
2015.07.23 01:17:57.101,1.65296,1.65336,2.25,1.00
2015.07.23 01:17:57.152,1.65296,1.65346,2.25,1.00
2015.07.23 01:17:57.303,1.65296,1.65346,3.00,1.00
2015.07.23 01:17:57.455,1.65299,1.65356,2.25,1.00
2015.07.23 01:17:57.506,1.65301,1.65356,1.75,1.00
2015.07.23 01:17:58.446,1.65304,1.65346,1.12,1.00
2015.07.23 01:17:58.694,1.65304,1.65346,1.12,1.00
2015.07.23 01:17:59.348,1.65304,1.65347,1.12,1.00
2015.07.23 01:17:59.800,1.65303,1.65347,1.12,1.00
2015.07.23 01:18:00.199,1.65304,1.65347,1.12,1.00
2015.07.23 01:18:00.641,1.65304,1.65347,1.12,1.00
2015.07.23 01:18:06.115,1.65304,1.65347,1.37,1.00
2015.07.23 01:18:06.166,1.65303,1.65356,1.12,1.37
2015.07.23 01:18:06.217,1.65303,1.65355,1.37,1.50
2015.07.23 01:18:06.318,1.653,1.65354,1.50,1.50
2015.07.23 01:18:06.369,1.65298,1.65346,1.87,1.00
2015.07.23 01:18:06.420,1.65298,1.65346,1.50,1.12
2015.07.23 01:18:06.769,1.65297,1.65337,1.42,1.00
2015.07.23 01:18:07.620,1.65298,1.65337,1.37,1.00
2015.07.23 01:18:07.673,1.65298,1.65347,1.37,1.12
2015.07.23 01:18:07.885,1.65298,1.65337,1.37,1.00
2015.07.23 01:18:08.227,1.65298,1.65346,1.37,1.00
2015.07.23 01:18:08.574,1.65298,1.65336,1.37,1.00
2015.07.23 01:18:10.130,1.65297,1.65347,1.42,1.00
2015.07.23 01:18:10.868,1.65291,1.65346,1.12,1.00
2015.07.23 01:18:11.789,1.65291,1.65347,1.87,1.00
2015.07.23 01:18:12.264,1.65296,1.65347,1.35,1.00
2015.07.23 01:18:12.316,1.65296,1.65349,1.35,1.00
2015.07.23 01:18:12.417,1.65307,1.65346,2.02,1.00
2015.07.23 01:18:12.620,1.65311,1.65366,1.75,1.12
2015.07.23 01:18:12.727,1.6531,1.65366,1.50,1.37
2015.07.23 01:18:13.470,1.65309,1.65366,1.50,1.00
2015.07.23 01:18:13.639,1.65309,1.65366,1.87,1.00
2015.07.23 01:18:14.557,1.65315,1.65367,2.25,1.00
2015.07.23 01:18:14.608,1.65315,1.65372,1.75,1.50
2015.07.23 01:18:14.713,1.65315,1.65366,1.75,1.00
2015.07.23 01:18:22.054,1.65315,1.65366,2.25,1.00
2015.07.23 01:18:22.954,1.65315,1.65367,2.25,1.00
2015.07.23 01:18:24.260,1.65318,1.65367,1.37,1.00
2015.07.23 01:18:24.361,1.65322,1.65373,1.35,1.00
2015.07.23 01:18:24.412,1.65322,1.65376,1.35,1.50
2015.07.23 01:18:24.563,1.65322,1.65376,1.35,1.00
2015.07.23 01:18:25.108,1.65326,1.65377,1.75,1.00
2015.07.23 01:18:28.715,1.65325,1.65377,1.75,1.80
2015.07.23 01:18:29.034,1.65324,1.65367,1.75,1.00
2015.07.23 01:18:29.085,1.65324,1.65367,1.37,1.00
2015.07.23 01:18:29.186,1.65324,1.65366,1.75,1.00
2015.07.23 01:18:29.767,1.65322,1.65367,1.35,1.00
2015.07.23 01:18:32.482,1.6532,1.65367,1.72,1.37
2015.07.23 01:18:35.458,1.65321,1.65366,1.97,1.37
2015.07.23 01:18:38.966,1.65321,1.65366,1.97,1.37
2015.07.23 01:18:45.373,1.65322,1.65366,1.67,1.00
2015.07.23 01:18:45.899,1.65323,1.65367,1.87,1.00
2015.07.23 01:18:46.359,1.65323,1.65367,1.75,1.00
2015.07.23 01:18:47.341,1.65323,1.65367,1.37,1.00
2015.07.23 01:18:47.874,1.65323,1.65366,1.37,1.00
2015.07.23 01:18:47.975,1.65323,1.65366,1.75,1.00
2015.07.23 01:18:50.460,1.65323,1.65367,1.50,1.00
2015.07.23 01:18:52.029,1.65322,1.65366,2.10,1.00
2015.07.23 01:18:53.420,1.65322,1.65366,1.72,1.37
2015.07.23 01:18:58.138,1.65323,1.65366,1.00,1.00
2015.07.23 01:18:59.240,1.65323,1.65366,1.37,1.00
2015.07.23 01:18:59.542,1.65325,1.65367,1.37,1.00
2015.07.23 01:19:00.054,1.65325,1.65367,1.37,1.37
2015.07.23 01:19:00.156,1.65323,1.65367,1.00,1.37
2015.07.23 01:19:00.459,1.65323,1.65356,1.87,1.00
2015.07.23 01:19:00.560,1.65325,1.65356,1.00,1.00
2015.07.23 01:19:00.611,1.65325,1.65366,1.00,1.00
2015.07.23 01:19:00.712,1.65323,1.65366,1.00,1.00
2015.07.23 01:19:01.005,1.65324,1.65356,1.00,1.00
2015.07.23 01:19:01.459,1.65327,1.65356,1.00,1.00
2015.07.23 01:19:01.611,1.65331,1.65376,1.00,1.00
2015.07.23 01:19:01.662,1.65331,1.65376,1.80,1.00
2015.07.23 01:19:02.161,1.65334,1.65376,1.37,1.00
2015.07.23 01:19:02.481,1.65338,1.65377,1.42,1.00
2015.07.23 01:19:02.992,1.65338,1.65377,1.42,1.00
2015.07.23 01:19:03.649,1.65339,1.65376,1.00,1.00
2015.07.23 01:19:05.656,1.65339,1.65377,1.50,1.00
2015.07.23 01:19:06.293,1.65339,1.65385,1.50,1.00
2015.07.23 01:19:06.824,1.65344,1.65386,1.00,1.00
2015.07.23 01:19:07.518,1.65344,1.65376,1.12,1.00
2015.07.23 01:19:07.864,1.65345,1.65386,1.00,1.00
2015.07.23 01:19:08.015,1.65345,1.65386,1.37,1.00
2015.07.23 01:19:08.318,1.65347,1.65396,1.37,1.00
2015.07.23 01:19:08.419,1.6535,1.65406,1.75,1.00
2015.07.23 01:19:08.520,1.65354,1.65406,1.12,1.00
2015.07.23 01:19:09.226,1.65356,1.65406,1.75,1.00
2015.07.23 01:19:09.693,1.65358,1.65406,1.75,1.00
2015.07.23 01:19:10.315,1.65362,1.65407,1.37,1.00
2015.07.23 01:19:10.825,1.65365,1.65406,1.00,1.00
2015.07.23 01:19:11.350,1.65365,1.65407,1.00,1.00
2015.07.23 01:19:13.803,1.65363,1.65396,1.05,1.00
2015.07.23 01:19:14.474,1.65356,1.65406,1.37,1.00
2015.07.23 01:19:14.525,1.65356,1.65406,1.12,1.00
2015.07.23 01:19:14.830,1.65367,1.65407,2.25,1.00
2015.07.23 01:19:14.881,1.65372,1.65416,1.37,1.00
2015.07.23 01:19:14.931,1.65372,1.65416,1.75,1.00
2015.07.23 01:19:15.133,1.65373,1.65427,1.80,1.12
2015.07.23 01:19:15.335,1.65373,1.65416,2.55,1.00
2015.07.23 01:19:15.925,1.65373,1.65417,2.55,1.00
2015.07.23 01:19:19.434,1.65373,1.65417,1.42,1.00
2015.07.23 01:19:29.856,1.65373,1.65427,1.42,1.00
2015.07.23 01:19:30.812,1.65374,1.65427,1.12,1.00
2015.07.23 01:19:31.914,1.65379,1.65427,1.37,1.00
2015.07.23 01:19:33.187,1.65381,1.65427,1.37,1.00
2015.07.23 01:19:34.812,1.65384,1.65426,1.37,1.00
2015.07.23 01:19:35.115,1.65377,1.65416,1.75,1.00
2015.07.23 01:19:35.216,1.65374,1.65416,1.37,1.00
2015.07.23 01:19:35.566,1.65373,1.65411,1.50,1.00
2015.07.23 01:19:36.071,1.65373,1.65412,1.50,1.00
2015.07.23 01:19:36.597,1.65372,1.65411,2.55,1.00
2015.07.23 01:19:36.698,1.65373,1.65411,1.00,1.00
2015.07.23 01:19:36.909,1.65372,1.65408,1.00,1.00
2015.07.23 01:19:36.960,1.65369,1.65408,1.00,1.00
2015.07.23 01:19:37.011,1.65369,1.65407,1.50,1.00
2015.07.23 01:19:37.771,1.65368,1.65403,1.12,1.00
2015.07.23 01:19:38.499,1.65368,1.65402,1.12,1.00
2015.07.23 01:19:39.099,1.65368,1.65403,1.12,1.00
2015.07.23 01:19:39.737,1.65368,1.65402,1.12,1.00
2015.07.23 01:19:40.484,1.65367,1.65402,1.42,1.00
2015.07.23 01:19:40.591,1.65368,1.65396,1.00,1.00
2015.07.23 01:19:41.315,1.65368,1.65396,1.37,1.00
2015.07.23 01:19:41.416,1.65367,1.65396,1.42,1.00
2015.07.23 01:19:41.723,1.65367,1.65396,1.42,1.00
2015.07.23 01:19:41.825,1.65367,1.65396,1.05,1.00
2015.07.23 01:19:42.026,1.65363,1.65397,1.37,1.00
2015.07.23 01:19:43.387,1.65363,1.65396,1.37,1.00
2015.07.23 01:19:43.784,1.65356,1.65403,2.25,1.00
2015.07.23 01:19:43.834,1.65356,1.65402,2.25,1.00
2015.07.23 01:19:43.936,1.65357,1.65403,1.50,1.00
2015.07.23 01:19:44.138,1.65354,1.65402,1.12,1.00
2015.07.23 01:19:44.290,1.65351,1.65395,1.37,1.00
2015.07.23 01:19:44.341,1.65348,1.65395,1.00,1.00
2015.07.23 01:19:44.392,1.6534,1.65394,1.80,1.00
2015.07.23 01:19:44.885,1.65335,1.65391,1.12,1.00
2015.07.23 01:19:45.213,1.65335,1.65372,1.12,1.00
2015.07.23 01:19:45.315,1.65334,1.65372,1.80,1.00
2015.07.23 01:19:45.918,1.65334,1.65371,1.80,1.00
2015.07.23 01:19:48.013,1.65335,1.65371,1.00,1.00
2015.07.23 01:19:48.114,1.65327,1.65372,1.12,1.00
2015.07.23 01:19:48.724,1.65319,1.65372,1.87,1.00
2015.07.23 01:19:49.313,1.65322,1.65377,1.75,1.00
2015.07.23 01:19:50.229,1.65322,1.65377,2.25,2.25
2015.07.23 01:19:54.661,1.65327,1.65377,1.12,1.00
2015.07.23 01:19:54.963,1.65327,1.65376,2.25,1.00
2015.07.23 01:19:57.185,1.65327,1.65384,3.00,1.12
2015.07.23 01:19:57.236,1.65329,1.65381,1.75,1.00
2015.07.23 01:19:57.563,1.65334,1.65381,1.87,1.00
2015.07.23 01:19:57.664,1.65335,1.65384,1.12,1.00
2015.07.23 01:19:57.765,1.65335,1.65386,1.12,1.50
2015.07.23 01:19:58.409,1.65335,1.65382,1.12,1.00
2015.07.23 01:19:58.713,1.65331,1.65376,1.75,1.00
2015.07.23 01:19:59.148,1.65335,1.65376,1.12,1.00
2015.07.23 01:19:59.762,1.65335,1.65376,1.75,1.00
2015.07.23 01:20:00.266,1.65335,1.65377,1.75,1.00
2015.07.23 01:20:00.852,1.65335,1.65367,1.75,1.00
2015.07.23 01:20:02.351,1.6533,1.65367,1.75,1.00
2015.07.23 01:20:02.880,1.6533,1.65375,1.75,1.00
2015.07.23 01:20:03.383,1.6533,1.65375,1.75,1.00
2015.07.23 01:20:03.932,1.6533,1.65376,1.75,1.00
2015.07.23 01:20:04.886,1.65331,1.65376,2.25,1.00
2015.07.23 01:20:06.189,1.65331,1.65376,1.75,1.00
2015.07.23 01:20:07.496,1.65333,1.65377,1.75,1.50
2015.07.23 01:20:09.784,1.65333,1.65376,2.25,1.00
2015.07.23 01:20:10.497,1.65334,1.65376,1.75,1.00
2015.07.23 01:20:10.551,1.65334,1.65376,1.75,1.00
2015.07.23 01:20:10.791,1.65332,1.65373,1.75,1.00
2015.07.23 01:20:10.894,1.65329,1.65373,1.75,1.00
2015.07.23 01:20:11.004,1.65329,1.65367,1.75,1.00
2015.07.23 01:20:13.210,1.65329,1.65366,1.75,1.00
2015.07.23 01:20:14.656,1.65329,1.65381,1.75,1.12
2015.07.23 01:20:14.928,1.65329,1.65376,1.75,1.00
2015.07.23 01:20:22.219,1.65329,1.65377,1.75,1.00
2015.07.23 01:20:25.719,1.65329,1.65376,1.75,1.00
2015.07.23 01:20:27.730,1.65329,1.65376,1.75,1.00
2015.07.23 01:20:28.284,1.65329,1.65377,1.75,1.00
2015.07.23 01:20:31.805,1.65329,1.65377,1.75,1.00
2015.07.23 01:20:31.997,1.65329,1.65377,1.12,1.37
2015.07.23 01:20:32.099,1.65321,1.65377,1.35,1.00
2015.07.23 01:20:32.200,1.65321,1.65377,1.35,1.37
2015.07.23 01:20:45.186,1.65324,1.65376,1.75,1.00
2015.07.23 01:20:47.433,1.6532,1.65376,3.00,1.87
2015.07.23 01:20:47.534,1.65319,1.65376,1.75,1.50
2015.07.23 01:20:47.635,1.65318,1.65366,1.75,1.00
2015.07.23 01:20:48.623,1.65315,1.65367,1.75,1.00
2015.07.23 01:20:48.724,1.65315,1.65367,1.75,1.00
2015.07.23 01:20:49.448,1.65315,1.65366,3.00,1.00
2015.07.23 01:20:53.039,1.65315,1.65366,2.25,1.00
2015.07.23 01:20:53.981,1.65314,1.65366,2.25,1.00
2015.07.23 01:20:57.677,1.65313,1.65367,1.75,1.00
2015.07.23 01:20:58.349,1.65313,1.65366,2.25,1.00
2015.07.23 01:21:00.142,1.65314,1.65366,1.75,1.00
2015.07.23 01:21:04.052,1.65312,1.65366,3.00,1.50
2015.07.23 01:21:04.153,1.65319,1.65366,1.75,1.50
2015.07.23 01:21:04.480,1.65319,1.65366,2.25,1.00
2015.07.23 01:21:04.682,1.65324,1.65372,1.75,1.00
2015.07.23 01:21:04.895,1.65324,1.65366,1.75,1.00
2015.07.23 01:21:05.180,1.65323,1.65372,1.75,1.00
2015.07.23 01:21:05.231,1.65323,1.65366,1.75,1.00
2015.07.23 01:21:05.382,1.65323,1.65366,1.75,1.00
2015.07.23 01:21:05.586,1.65323,1.65371,1.37,1.00
2015.07.23 01:21:05.636,1.65323,1.65369,1.37,1.00
2015.07.23 01:21:05.889,1.65313,1.65365,1.75,1.00
2015.07.23 01:21:06.003,1.65313,1.65357,1.75,1.00
2015.07.23 01:21:06.328,1.65313,1.65367,1.75,1.50
2015.07.23 01:21:06.454,1.65313,1.65364,1.75,1.00
2015.07.23 01:21:06.555,1.65313,1.65367,1.75,1.50
2015.07.23 01:21:06.658,1.65313,1.65365,1.75,1.00
2015.07.23 01:21:07.909,1.65313,1.65365,1.75,1.00
2015.07.23 01:21:08.259,1.65313,1.65363,1.75,1.00
2015.07.23 01:21:11.988,1.65313,1.65363,1.75,1.00
2015.07.23 01:21:12.296,1.65329,1.65366,1.12,1.00
2015.07.23 01:21:12.599,1.65329,1.65366,1.12,1.00
2015.07.23 01:21:15.149,1.65329,1.65366,1.12,1.00
2015.07.23 01:21:16.264,1.65329,1.65377,1.12,1.19
2015.07.23 01:21:19.744,1.6533,1.65377,1.75,1.07
2015.07.23 01:21:25.876,1.6533,1.65377,1.75,1.00
2015.07.23 01:21:29.905,1.6533,1.65376,1.75,1.00
2015.07.23 01:21:30.268,1.6533,1.65376,1.75,1.00
2015.07.23 01:21:30.798,1.65331,1.65377,1.75,1.00
2015.07.23 01:21:31.306,1.65337,1.65376,1.12,1.00
2015.07.23 01:21:31.707,1.65337,1.65377,1.12,1.00
2015.07.23 01:21:31.863,1.65337,1.65381,1.12,1.00
2015.07.23 01:21:32.291,1.65337,1.65381,1.12,1.00
2015.07.23 01:21:32.443,1.65338,1.65383,1.75,1.00
2015.07.23 01:21:34.775,1.65344,1.65383,1.12,1.00
2015.07.23 01:21:36.571,1.65337,1.65377,1.12,1.00
2015.07.23 01:21:41.787,1.65337,1.65377,1.12,1.00
2015.07.23 01:21:41.989,1.65338,1.65386,1.35,1.00
2015.07.23 01:21:42.191,1.65342,1.65386,2.25,1.00
2015.07.23 01:21:42.623,1.65348,1.65386,1.75,1.00
2015.07.23 01:21:42.927,1.65346,1.65392,1.75,1.00
2015.07.23 01:21:43.772,1.65346,1.65391,1.75,1.00
2015.07.23 01:21:45.232,1.65346,1.65391,1.75,1.00
2015.07.23 01:21:45.966,1.65346,1.65392,2.25,1.00
2015.07.23 01:21:47.736,1.65347,1.65391,1.75,1.00
2015.07.23 01:21:49.716,1.65347,1.65391,2.25,1.00
2015.07.23 01:21:50.741,1.65349,1.65392,1.75,1.00
2015.07.23 01:21:52.174,1.65346,1.65392,1.75,1.00
2015.07.23 01:21:52.275,1.65346,1.65392,1.75,1.00
2015.07.23 01:21:52.626,1.65345,1.65387,1.12,1.00
2015.07.23 01:21:52.676,1.65344,1.65387,1.42,1.37
2015.07.23 01:21:52.914,1.65336,1.65387,1.42,1.37
2015.07.23 01:21:53.068,1.65321,1.6538,1.75,1.00
2015.07.23 01:21:53.594,1.65323,1.65381,1.75,1.00
2015.07.23 01:21:55.786,1.65323,1.65381,3.00,1.00
2015.07.23 01:21:55.891,1.65323,1.65379,3.00,1.00
2015.07.23 01:21:56.224,1.65323,1.65377,2.25,1.00
2015.07.23 01:21:56.941,1.65325,1.65379,2.25,1.00
2015.07.23 01:22:00.972,1.65327,1.65379,2.25,1.00
2015.07.23 01:22:01.872,1.65327,1.65377,2.25,1.00
2015.07.23 01:22:02.670,1.65326,1.6538,2.25,1.37
2015.07.23 01:22:02.721,1.65326,1.65375,2.25,1.00
2015.07.23 01:22:03.027,1.65323,1.65366,1.75,1.00
2015.07.23 01:22:03.229,1.65323,1.65375,1.75,1.00
2015.07.23 01:22:04.411,1.65326,1.65375,1.75,1.00
2015.07.23 01:22:04.630,1.65325,1.65367,1.75,1.00
2015.07.23 01:22:07.418,1.65322,1.65369,1.75,1.00
2015.07.23 01:22:07.520,1.65322,1.65356,1.75,1.00
2015.07.23 01:22:07.905,1.65322,1.65356,1.75,1.00
2015.07.23 01:22:09.141,1.65317,1.65356,1.37,1.00
2015.07.23 01:22:09.293,1.65313,1.65356,1.37,1.00
2015.07.23 01:22:09.445,1.65313,1.6535,1.00,1.00
2015.07.23 01:22:09.596,1.65291,1.65345,1.12,1.00
2015.07.23 01:22:09.697,1.65291,1.6534,1.12,1.00
2015.07.23 01:22:09.748,1.65291,1.6534,1.12,1.00
2015.07.23 01:22:10.291,1.65291,1.65341,1.12,1.00
2015.07.23 01:22:11.228,1.6529,1.65341,1.42,1.12
2015.07.23 01:22:11.854,1.6529,1.6534,1.42,1.00
2015.07.23 01:22:12.143,1.65291,1.6534,1.12,1.00
2015.07.23 01:22:13.646,1.6529,1.6534,1.80,1.00
2015.07.23 01:22:13.848,1.6529,1.65337,1.80,1.00
2015.07.23 01:22:16.390,1.6529,1.65337,1.42,1.00
2015.07.23 01:22:16.609,1.65285,1.65328,1.67,1.00
2015.07.23 01:22:16.666,1.65276,1.65328,1.37,1.37
2015.07.23 01:22:16.767,1.65274,1.65328,1.37,1.37
2015.07.23 01:22:16.818,1.65274,1.65323,1.37,1.00
2015.07.23 01:22:16.869,1.65268,1.65323,1.12,1.50
2015.07.23 01:22:16.920,1.65267,1.65315,1.05,1.00
2015.07.23 01:22:17.223,1.65257,1.65306,2.17,1.00
2015.07.23 01:22:18.658,1.65258,1.65306,1.37,1.50
2015.07.23 01:22:18.961,1.65258,1.65307,1.12,1.00
2015.07.23 01:22:19.032,1.65258,1.65309,1.12,1.00
2015.07.23 01:22:19.886,1.65258,1.65309,1.12,1.00
2015.07.23 01:22:20.039,1.65258,1.65307,1.12,1.00
2015.07.23 01:22:20.438,1.65254,1.65305,1.37,1.00
2015.07.23 01:22:20.690,1.6525,1.65305,1.80,1.00
2015.07.23 01:22:20.791,1.6525,1.65303,1.80,1.00
2015.07.23 01:22:21.117,1.6525,1.65305,1.80,2.25
2015.07.23 01:22:21.168,1.65251,1.65305,1.12,2.25
2015.07.23 01:22:21.518,1.65254,1.65308,1.75,1.00
2015.07.23 01:22:21.569,1.65254,1.65307,1.50,1.50
2015.07.23 01:22:21.670,1.65254,1.65307,1.37,1.50
2015.07.23 01:22:21.771,1.65251,1.65305,1.37,1.00
2015.07.23 01:22:22.074,1.65251,1.65302,1.37,1.00
2015.07.23 01:22:22.683,1.65251,1.65302,1.12,1.00
2015.07.23 01:22:22.988,1.65267,1.65306,1.12,1.50
2015.07.23 01:22:23.139,1.65267,1.65312,1.12,1.00
2015.07.23 01:22:23.190,1.65266,1.65316,1.80,1.00
2015.07.23 01:22:23.292,1.65266,1.65314,1.80,1.00
2015.07.23 01:22:32.344,1.65261,1.65315,1.12,1.00
2015.07.23 01:22:33.413,1.65267,1.65317,1.12,1.00
2015.07.23 01:22:33.890,1.65266,1.65316,1.75,1.50
2015.07.23 01:22:34.318,1.65266,1.65314,1.75,1.00
2015.07.23 01:22:34.624,1.6526,1.65309,1.75,1.00
2015.07.23 01:22:34.927,1.65259,1.65306,1.12,1.00
2015.07.23 01:22:35.381,1.65259,1.65304,1.12,1.00
2015.07.23 01:22:35.721,1.65259,1.65302,1.12,1.00
2015.07.23 01:22:36.634,1.65258,1.65302,1.42,1.00
2015.07.23 01:22:37.246,1.65258,1.65302,1.05,1.00
2015.07.23 01:22:37.621,1.65258,1.65299,1.05,1.00
2015.07.23 01:22:38.449,1.65251,1.65299,1.37,1.00
2015.07.23 01:22:38.500,1.6525,1.65297,1.50,1.00
2015.07.23 01:22:42.025,1.65244,1.65294,1.87,1.00
2015.07.23 01:22:44.343,1.65246,1.65297,1.75,1.00
2015.07.23 01:22:44.562,1.65249,1.65296,1.12,1.00
2015.07.23 01:22:44.663,1.65249,1.65298,1.12,1.00
2015.07.23 01:22:48.374,1.65249,1.65297,1.12,1.00
2015.07.23 01:22:48.865,1.65249,1.65297,1.37,1.00
2015.07.23 01:22:50.161,1.65248,1.65297,1.80,1.00
2015.07.23 01:22:50.380,1.65248,1.65294,1.80,1.00
2015.07.23 01:22:50.819,1.65248,1.65305,2.55,1.00
2015.07.23 01:22:50.971,1.65253,1.65306,1.37,1.00
2015.07.23 01:22:51.072,1.65258,1.65314,1.00,1.42
2015.07.23 01:22:51.123,1.65264,1.65315,1.00,1.80
2015.07.23 01:22:51.174,1.65264,1.65317,1.37,1.00
2015.07.23 01:22:51.275,1.65267,1.65321,1.12,1.05
2015.07.23 01:22:51.376,1.65267,1.65317,1.12,1.00
2015.07.23 01:22:51.679,1.65273,1.65327,1.75,1.00
2015.07.23 01:22:51.955,1.65275,1.65336,2.25,1.37
2015.07.23 01:22:52.157,1.65278,1.65337,2.25,1.12
2015.07.23 01:22:52.857,1.65284,1.65337,1.75,1.00
2015.07.23 01:22:53.433,1.65283,1.65336,1.75,1.00
2015.07.23 01:22:53.585,1.65284,1.65344,1.75,3.00
2015.07.23 01:22:53.686,1.65284,1.65337,1.75,1.00
2015.07.23 01:22:54.241,1.65285,1.65336,1.75,1.00
2015.07.23 01:22:54.350,1.65284,1.65341,1.75,1.12
2015.07.23 01:22:54.451,1.65284,1.65336,1.75,1.00
2015.07.23 01:22:57.138,1.65286,1.65336,1.37,1.00
2015.07.23 01:22:57.341,1.65283,1.65343,1.12,2.25
2015.07.23 01:22:57.644,1.65277,1.65326,1.75,1.00
2015.07.23 01:22:58.152,1.6528,1.65327,1.75,1.00
2015.07.23 01:22:58.880,1.65282,1.65326,1.37,1.00
2015.07.23 01:23:00.319,1.65287,1.65326,1.00,1.00
2015.07.23 01:23:00.420,1.65287,1.65336,1.00,1.00
2015.07.23 01:23:00.521,1.6529,1.65337,1.00,1.00
2015.07.23 01:23:00.572,1.6529,1.65344,1.12,1.37
2015.07.23 01:23:00.974,1.6529,1.65337,1.12,1.00
2015.07.23 01:23:01.075,1.6529,1.65343,1.37,1.50
2015.07.23 01:23:01.386,1.65288,1.65346,1.50,1.87
2015.07.23 01:23:01.502,1.65288,1.65342,1.50,1.00
2015.07.23 01:23:01.827,1.6529,1.65337,1.37,1.00
2015.07.23 01:23:02.721,1.6529,1.65342,1.37,1.00
2015.07.23 01:23:03.540,1.6529,1.65343,1.37,1.00
2015.07.23 01:23:04.046,1.65286,1.65336,1.75,1.00
2015.07.23 01:23:04.878,1.65287,1.65336,1.37,1.00
2015.07.23 01:23:05.406,1.65287,1.65337,1.37,1.00
2015.07.23 01:23:05.958,1.65287,1.65336,1.37,1.00
2015.07.23 01:23:06.604,1.65287,1.65337,1.37,1.00
2015.07.23 01:23:07.149,1.65284,1.65336,2.25,1.00
2015.07.23 01:23:08.309,1.65293,1.65336,1.00,1.00
2015.07.23 01:23:09.650,1.65293,1.65337,1.00,1.00
2015.07.23 01:23:11.978,1.65293,1.65336,1.00,1.00
2015.07.23 01:23:16.570,1.65295,1.65336,1.00,1.00
2015.07.23 01:23:16.873,1.65298,1.65336,1.37,1.00
2015.07.23 01:23:16.923,1.65299,1.65347,1.37,1.00
2015.07.23 01:23:17.458,1.65302,1.65346,1.00,1.00
2015.07.23 01:23:17.991,1.65302,1.65347,1.00,1.00
2015.07.23 01:23:18.243,1.65298,1.65343,1.00,1.00
2015.07.23 01:23:18.555,1.65296,1.65341,1.00,1.50
2015.07.23 01:23:18.858,1.65296,1.65336,1.00,1.00
2015.07.23 01:23:19.110,1.65296,1.65347,1.00,1.12
2015.07.23 01:23:19.212,1.65298,1.65347,1.00,1.00
2015.07.23 01:23:19.313,1.65294,1.65347,1.37,1.00
2015.07.23 01:23:19.414,1.65294,1.65351,1.37,1.80
2015.07.23 01:23:19.464,1.65294,1.65346,1.37,1.00
2015.07.23 01:23:19.707,1.65294,1.65346,1.00,1.12
2015.07.23 01:23:19.758,1.65293,1.65344,1.12,1.00
2015.07.23 01:23:20.089,1.65294,1.65337,1.00,1.00
2015.07.23 01:23:20.139,1.65294,1.65346,1.00,1.12
2015.07.23 01:23:20.190,1.65294,1.65344,1.00,1.00
2015.07.23 01:23:20.522,1.65291,1.65336,1.37,1.00
2015.07.23 01:23:21.853,1.65295,1.65336,1.00,1.00
2015.07.23 01:23:21.903,1.65295,1.65341,1.00,1.00
2015.07.23 01:23:21.954,1.65295,1.65344,1.00,1.00
2015.07.23 01:23:22.055,1.65295,1.65346,1.00,1.87
2015.07.23 01:23:23.205,1.65298,1.65346,1.00,1.50
2015.07.23 01:23:23.728,1.65298,1.65345,1.00,1.00
2015.07.23 01:23:24.258,1.65298,1.65346,1.00,1.50
2015.07.23 01:23:25.062,1.65298,1.65347,1.00,1.00
2015.07.23 01:23:25.564,1.65298,1.65346,1.00,1.00
2015.07.23 01:23:25.614,1.65295,1.65346,1.00,1.00
2015.07.23 01:23:25.800,1.65295,1.65344,1.00,1.00
2015.07.23 01:23:26.767,1.65295,1.65346,1.00,1.00
2015.07.23 01:23:27.563,1.65295,1.65345,1.00,1.00
2015.07.23 01:23:27.966,1.65295,1.65343,1.00,1.00
2015.07.23 01:23:28.378,1.65296,1.65336,1.00,1.00
2015.07.23 01:23:28.688,1.65293,1.65336,1.00,1.00
2015.07.23 01:23:32.099,1.65293,1.65337,1.00,1.00
2015.07.23 01:23:32.206,1.65291,1.65337,1.00,1.00
2015.07.23 01:23:32.710,1.65291,1.65336,1.00,1.00
2015.07.23 01:23:32.761,1.65294,1.65341,1.00,1.00
2015.07.23 01:23:33.004,1.65294,1.65343,1.00,1.00
2015.07.23 01:23:33.216,1.65294,1.65345,1.00,1.00
2015.07.23 01:23:33.317,1.65298,1.65347,1.00,1.12
2015.07.23 01:23:34.026,1.65298,1.65347,1.50,1.50
2015.07.23 01:23:34.334,1.65304,1.65363,2.17,1.37
2015.07.23 01:23:34.385,1.6531,1.65363,1.00,1.37
2015.07.23 01:23:34.537,1.6531,1.65367,1.00,1.50
2015.07.23 01:23:34.926,1.6531,1.65367,1.37,1.50
2015.07.23 01:23:36.048,1.65315,1.65364,1.00,1.12
2015.07.23 01:23:36.200,1.65315,1.65366,1.00,1.00
2015.07.23 01:23:36.251,1.65317,1.65367,1.75,1.12
2015.07.23 01:23:36.554,1.65324,1.65367,1.37,1.00
2015.07.23 01:23:36.783,1.65331,1.6538,1.50,1.00
2015.07.23 01:23:36.834,1.65339,1.65386,1.00,1.00
2015.07.23 01:23:37.036,1.65336,1.65386,1.00,1.00
2015.07.23 01:23:37.086,1.65336,1.65377,1.00,1.00
2015.07.23 01:23:37.590,1.65336,1.65376,1.00,1.00
2015.07.23 01:23:37.921,1.65339,1.65376,1.00,1.00
2015.07.23 01:23:38.022,1.65337,1.65376,1.00,1.00
2015.07.23 01:23:38.073,1.65337,1.65386,1.00,1.00
2015.07.23 01:23:38.588,1.65338,1.65386,1.00,1.12
2015.07.23 01:23:38.689,1.65338,1.65376,1.00,1.00
2015.07.23 01:23:39.144,1.65338,1.65387,1.00,1.00
2015.07.23 01:23:39.591,1.65338,1.65377,1.00,1.00
2015.07.23 01:23:40.466,1.65338,1.65386,1.00,1.00
2015.07.23 01:23:40.989,1.65335,1.65386,1.00,1.00
2015.07.23 01:23:41.040,1.65335,1.65376,1.00,1.00
2015.07.23 01:23:41.668,1.65333,1.65376,1.37,1.00
2015.07.23 01:23:41.880,1.65333,1.65386,1.00,1.37
2015.07.23 01:23:43.346,1.65333,1.65376,1.00,1.00
2015.07.23 01:23:43.897,1.65334,1.65376,1.00,1.00
2015.07.23 01:23:43.968,1.65334,1.65384,1.00,1.12
2015.07.23 01:23:45.252,1.65334,1.65386,1.00,1.37
2015.07.23 01:23:46.365,1.65334,1.65386,1.75,1.00
2015.07.23 01:23:46.687,1.65336,1.65386,3.75,1.00
2015.07.23 01:23:46.737,1.65345,1.65397,1.75,1.00
2015.07.23 01:23:46.838,1.65349,1.65405,1.37,1.37
2015.07.23 01:23:46.889,1.65349,1.65405,1.75,1.00
2015.07.23 01:23:47.091,1.65353,1.65407,1.37,1.12
2015.07.23 01:23:47.293,1.6536,1.65406,1.37,1.00
2015.07.23 01:23:47.671,1.6536,1.65406,1.37,1.12
2015.07.23 01:23:48.385,1.65362,1.65406,1.37,1.00
2015.07.23 01:23:48.886,1.65361,1.65407,1.37,1.00
2015.07.23 01:23:49.419,1.65361,1.65407,1.37,1.00
2015.07.23 01:23:49.772,1.65359,1.65407,1.12,1.37
2015.07.23 01:23:55.119,1.65355,1.65413,1.37,1.75
2015.07.23 01:23:55.220,1.65355,1.65397,1.37,1.00
2015.07.23 01:23:56.073,1.65353,1.65397,1.75,1.00
2015.07.23 01:24:00.763,1.65341,1.6539,1.37,1.35
2015.07.23 01:24:00.814,1.65338,1.65386,1.75,1.00
2015.07.23 01:24:00.915,1.65328,1.65383,1.12,1.00
2015.07.23 01:24:01.016,1.65327,1.65382,1.42,1.00
2015.07.23 01:24:01.067,1.65324,1.65375,2.25,1.00
2015.07.23 01:24:01.320,1.6532,1.6537,1.12,1.00
2015.07.23 01:24:01.522,1.6532,1.6537,1.37,1.50
2015.07.23 01:24:01.824,1.6532,1.65364,1.00,1.00
2015.07.23 01:24:01.875,1.65312,1.65364,2.25,1.50
2015.07.23 01:24:01.926,1.65312,1.6536,1.00,1.00
2015.07.23 01:24:02.163,1.65305,1.6536,1.37,1.50
2015.07.23 01:24:02.214,1.65304,1.65353,1.05,1.00
2015.07.23 01:24:03.793,1.65304,1.65356,1.05,1.00
2015.07.23 01:24:03.894,1.65305,1.65356,1.37,1.00
2015.07.23 01:24:04.147,1.65305,1.65368,1.50,1.05
2015.07.23 01:24:04.198,1.65307,1.65368,2.25,1.42
2015.07.23 01:24:04.601,1.65314,1.65367,1.75,1.12
2015.07.23 01:24:04.884,1.65316,1.65375,1.37,1.37
2015.07.23 01:24:05.187,1.65316,1.6537,1.37,1.00
2015.07.23 01:24:05.708,1.65316,1.65369,1.75,1.00
2015.07.23 01:24:06.198,1.65316,1.65367,1.75,1.00
2015.07.23 01:24:06.868,1.65315,1.65368,1.75,1.00
2015.07.23 01:24:07.294,1.65315,1.6537,1.75,1.50
2015.07.23 01:24:07.823,1.65316,1.65369,1.75,1.00
2015.07.23 01:24:08.624,1.65316,1.6537,1.75,1.50
2015.07.23 01:24:09.257,1.65316,1.65369,1.75,1.50
2015.07.23 01:24:12.364,1.6532,1.6537,1.42,1.00
2015.07.23 01:24:12.415,1.6532,1.65372,1.42,1.00
2015.07.23 01:24:20.003,1.6532,1.65369,1.42,1.00
2015.07.23 01:24:22.142,1.65322,1.65372,1.12,1.00
2015.07.23 01:24:22.706,1.65321,1.65369,1.50,1.50
2015.07.23 01:24:23.041,1.65323,1.65379,1.75,1.00
2015.07.23 01:24:23.192,1.65323,1.65383,1.75,1.12
2015.07.23 01:24:23.243,1.65325,1.65383,1.75,1.12
2015.07.23 01:24:24.164,1.65325,1.65383,1.75,1.12
2015.07.23 01:24:25.780,1.65325,1.65383,2.25,1.12
2015.07.23 01:24:26.133,1.65325,1.6538,1.50,1.00
2015.07.23 01:24:26.533,1.65328,1.65383,1.37,1.12
2015.07.23 01:24:26.634,1.65328,1.65381,1.37,1.00
2015.07.23 01:24:27.035,1.65328,1.65379,1.37,1.50
2015.07.23 01:24:27.438,1.65328,1.65381,1.50,1.00
2015.07.23 01:24:27.590,1.65331,1.65382,1.37,1.00
2015.07.23 01:24:27.691,1.65331,1.65385,1.37,1.00
2015.07.23 01:24:27.893,1.65331,1.65386,1.75,1.00
2015.07.23 01:24:28.221,1.65338,1.65386,1.37,1.00
2015.07.23 01:24:28.322,1.65336,1.65396,2.25,1.37
2015.07.23 01:24:28.373,1.65336,1.65392,1.87,1.00
2015.07.23 01:24:28.474,1.65336,1.65396,1.87,1.00
2015.07.23 01:24:28.575,1.65336,1.65396,2.25,1.12
2015.07.23 01:24:28.949,1.65336,1.65387,2.25,1.00
2015.07.23 01:24:29.350,1.65336,1.6539,2.25,1.50
2015.07.23 01:24:29.962,1.65336,1.65389,2.25,1.00
2015.07.23 01:24:30.158,1.65336,1.65389,1.87,1.50
2015.07.23 01:24:30.209,1.65336,1.65386,1.37,1.00
2015.07.23 01:24:30.260,1.65335,1.65386,1.00,1.00
2015.07.23 01:24:30.311,1.65335,1.65388,1.00,1.00
2015.07.23 01:24:30.362,1.65335,1.65385,1.00,1.00
2015.07.23 01:24:30.728,1.6533,1.65383,1.50,1.50
2015.07.23 01:24:30.880,1.65328,1.65382,1.37,1.00
2015.07.23 01:24:30.981,1.65328,1.65376,1.37,1.00
2015.07.23 01:24:31.305,1.65326,1.65376,1.75,1.00
2015.07.23 01:24:32.283,1.65326,1.65376,1.37,2.62
2015.07.23 01:24:32.334,1.65326,1.65372,1.37,1.00
2015.07.23 01:24:32.485,1.65317,1.65368,1.12,1.00
2015.07.23 01:24:32.536,1.65317,1.65363,1.12,1.00
2015.07.23 01:24:32.587,1.65312,1.65363,1.80,1.00
2015.07.23 01:24:32.688,1.65309,1.65362,1.37,1.00
2015.07.23 01:24:32.840,1.65307,1.6536,1.37,1.00
2015.07.23 01:24:33.144,1.65305,1.65353,2.25,1.00
2015.07.23 01:24:33.447,1.65304,1.65355,1.37,1.00
2015.07.23 01:24:33.773,1.65304,1.65358,1.37,1.00
2015.07.23 01:24:33.958,1.65304,1.65356,1.37,1.00
2015.07.23 01:24:34.274,1.65304,1.65352,1.37,1.50
2015.07.23 01:24:34.597,1.65304,1.65356,1.37,1.00
2015.07.23 01:24:34.648,1.65304,1.65353,1.37,1.00
2015.07.23 01:24:35.341,1.65304,1.65356,1.37,1.50
2015.07.23 01:24:37.108,1.65304,1.65357,1.37,1.50
2015.07.23 01:24:37.688,1.65304,1.65356,1.37,1.00
2015.07.23 01:24:37.948,1.65304,1.65353,1.37,1.00
2015.07.23 01:24:38.200,1.65302,1.65351,1.67,1.00
2015.07.23 01:24:38.590,1.65302,1.65348,1.67,1.00
2015.07.23 01:24:38.922,1.65302,1.65346,1.05,1.50
2015.07.23 01:24:39.474,1.65302,1.65345,1.05,1.00
2015.07.23 01:24:40.238,1.65302,1.65346,1.05,1.00
2015.07.23 01:24:43.163,1.65297,1.65345,1.05,1.00
2015.07.23 01:24:43.214,1.65294,1.65344,1.12,1.00
2015.07.23 01:24:43.767,1.65294,1.65345,1.12,1.50
2015.07.23 01:24:43.969,1.65294,1.65342,1.12,1.00
2015.07.23 01:24:44.020,1.65293,1.65342,1.42,1.00
2015.07.23 01:24:44.121,1.65293,1.6534,1.42,1.00
2015.07.23 01:24:44.222,1.65287,1.65339,1.75,1.00
2015.07.23 01:24:44.572,1.65294,1.6534,1.37,1.00
2015.07.23 01:24:44.622,1.65294,1.65342,1.50,1.00
2015.07.23 01:24:44.724,1.65294,1.65346,1.50,1.00
2015.07.23 01:24:45.243,1.65294,1.65347,1.50,1.00
2015.07.23 01:24:51.424,1.65294,1.65346,1.37,1.00
2015.07.23 01:24:51.475,1.65294,1.65343,1.37,1.00
2015.07.23 01:24:51.526,1.65294,1.65343,1.00,1.00
2015.07.23 01:24:51.885,1.65294,1.6534,1.00,1.00
2015.07.23 01:24:52.190,1.65286,1.65338,2.25,1.00
2015.07.23 01:24:52.241,1.65286,1.65338,2.25,1.00
2015.07.23 01:24:52.363,1.65286,1.65341,2.25,1.00
2015.07.23 01:24:52.517,1.65286,1.6534,2.25,1.00
2015.07.23 01:24:52.841,1.65286,1.65338,2.25,1.00
2015.07.23 01:24:53.319,1.65286,1.65341,1.75,1.00
2015.07.23 01:24:53.370,1.65286,1.65341,1.37,1.00
2015.07.23 01:24:53.566,1.65286,1.65341,1.37,1.00
2015.07.23 01:24:53.869,1.65286,1.65339,1.37,1.00
2015.07.23 01:24:54.374,1.6528,1.65341,1.12,1.87
2015.07.23 01:24:54.698,1.6528,1.65336,1.87,1.00
2015.07.23 01:24:55.938,1.65279,1.65336,1.42,1.87
2015.07.23 01:24:56.258,1.65279,1.65334,1.42,1.00
2015.07.23 01:24:56.675,1.65279,1.65331,1.42,1.00
2015.07.23 01:24:57.811,1.65279,1.65334,1.42,1.00
2015.07.23 01:24:57.963,1.6528,1.65334,1.12,1.00
2015.07.23 01:24:58.485,1.65281,1.65336,1.75,1.00
2015.07.23 01:24:59.567,1.65281,1.65338,1.75,1.50
2015.07.23 01:24:59.617,1.65281,1.65334,1.75,1.00
2015.07.23 01:25:00.239,1.65282,1.65334,1.75,1.00
2015.07.23 01:25:00.340,1.65282,1.65334,1.75,1.00
2015.07.23 01:25:00.391,1.65282,1.65343,1.75,1.05
2015.07.23 01:25:00.638,1.6528,1.65343,1.12,1.05
2015.07.23 01:25:00.748,1.6528,1.65343,1.87,1.05
2015.07.23 01:25:01.483,1.6528,1.65341,1.12,1.00
2015.07.23 01:25:01.987,1.6528,1.65339,1.12,1.00
2015.07.23 01:25:02.989,1.6528,1.6534,1.12,1.00
2015.07.23 01:25:03.186,1.65281,1.65342,1.75,1.12
2015.07.23 01:25:05.072,1.65281,1.6534,1.50,1.00
2015.07.23 01:25:05.694,1.65281,1.65335,1.50,1.00
2015.07.23 01:25:06.464,1.65281,1.65336,1.50,1.00
2015.07.23 01:25:08.855,1.65281,1.65336,1.75,1.50
2015.07.23 01:25:09.107,1.65287,1.6534,1.12,1.00
2015.07.23 01:25:09.209,1.6529,1.65346,1.50,1.12
2015.07.23 01:25:10.091,1.6529,1.65346,1.37,1.50
2015.07.23 01:25:10.293,1.65286,1.65346,2.17,1.87
2015.07.23 01:25:10.344,1.65286,1.65342,2.17,1.00
2015.07.23 01:25:10.597,1.65287,1.65341,1.00,1.37
2015.07.23 01:25:10.698,1.65286,1.65341,1.42,1.50
2015.07.23 01:25:11.095,1.65291,1.65344,1.75,1.00
2015.07.23 01:25:11.146,1.65291,1.65347,1.75,1.00
2015.07.23 01:25:11.357,1.65292,1.6535,1.75,1.05
2015.07.23 01:25:11.458,1.65293,1.6535,1.37,1.05
2015.07.23 01:25:13.714,1.65292,1.65346,1.37,1.00
2015.07.23 01:25:13.977,1.65289,1.65346,1.37,1.00
2015.07.23 01:25:14.028,1.65289,1.65348,1.37,1.00
2015.07.23 01:25:14.079,1.65287,1.65348,1.50,1.37
2015.07.23 01:25:14.849,1.65287,1.65345,1.50,1.00
2015.07.23 01:25:15.581,1.65286,1.65345,1.42,1.37
2015.07.23 01:25:18.053,1.65286,1.65341,2.17,1.00
2015.07.23 01:25:18.154,1.65286,1.65344,2.17,1.12
2015.07.23 01:25:22.136,1.65286,1.65341,2.17,1.00
2015.07.23 01:25:22.237,1.65287,1.65344,1.50,1.12
2015.07.23 01:25:22.287,1.65287,1.65342,1.50,1.00
2015.07.23 01:25:22.439,1.65286,1.65347,2.17,2.62
2015.07.23 01:25:22.489,1.65286,1.65342,2.17,1.00
2015.07.23 01:25:22.641,1.65287,1.65346,1.50,1.37
2015.07.23 01:25:22.694,1.65287,1.65342,1.50,1.00
2015.07.23 01:25:23.051,1.65286,1.65344,1.42,1.12
2015.07.23 01:25:23.152,1.65286,1.65342,1.42,1.00
2015.07.23 01:25:23.253,1.65286,1.65345,2.17,1.37
2015.07.23 01:25:23.769,1.65286,1.65342,1.42,1.00
2015.07.23 01:25:23.980,1.65286,1.65346,1.42,2.62
2015.07.23 01:25:24.032,1.65286,1.65342,1.42,1.00
2015.07.23 01:25:24.644,1.65283,1.65344,2.25,1.42
2015.07.23 01:25:26.298,1.65283,1.65343,2.25,1.50
2015.07.23 01:25:26.349,1.65283,1.6534,1.50,1.00
2015.07.23 01:25:26.601,1.6528,1.6534,1.37,1.37
2015.07.23 01:25:26.803,1.6528,1.65338,1.37,1.87
2015.07.23 01:25:32.981,1.65278,1.65334,1.42,1.00
2015.07.23 01:25:33.303,1.65275,1.6533,1.75,1.00
2015.07.23 01:25:33.804,1.65275,1.65333,1.75,1.37
2015.07.23 01:25:35.136,1.65275,1.65334,2.25,1.87
2015.07.23 01:25:35.807,1.65275,1.65334,2.25,2.25
2015.07.23 01:25:37.411,1.65277,1.65334,1.75,1.87
2015.07.23 01:25:37.617,1.6528,1.65334,1.37,1.87
2015.07.23 01:25:37.819,1.6528,1.65334,1.75,1.00
2015.07.23 01:25:37.921,1.65278,1.65334,1.75,1.12
2015.07.23 01:25:38.223,1.65284,1.65341,1.50,2.25
2015.07.23 01:25:38.425,1.65281,1.65339,1.50,1.50
2015.07.23 01:25:38.938,1.6528,1.65337,1.37,1.37
2015.07.23 01:25:39.039,1.6528,1.65333,1.12,1.00
2015.07.23 01:25:39.090,1.6528,1.65338,1.12,1.37
2015.07.23 01:25:39.213,1.65282,1.65338,1.37,1.37
2015.07.23 01:25:39.314,1.65282,1.65339,1.50,1.12
2015.07.23 01:25:39.550,1.65282,1.65339,1.75,1.37
2015.07.23 01:25:39.615,1.65282,1.65339,1.75,1.12
2015.07.23 01:25:39.818,1.65284,1.65341,1.75,1.12
2015.07.23 01:25:41.388,1.65285,1.65334,1.75,1.00
2015.07.23 01:25:41.489,1.65282,1.65339,1.75,1.12
2015.07.23 01:25:43.825,1.65285,1.65343,1.75,2.55
2015.07.23 01:25:44.636,1.65286,1.65342,1.75,1.50
2015.07.23 01:25:44.737,1.65285,1.65339,2.25,1.00
2015.07.23 01:25:44.838,1.65285,1.65343,2.25,2.92
2015.07.23 01:25:44.990,1.65285,1.65338,1.75,1.00
2015.07.23 01:25:45.292,1.65285,1.65336,1.75,1.00
2015.07.23 01:25:45.827,1.65285,1.6534,1.75,1.00
2015.07.23 01:25:45.928,1.65286,1.65343,1.75,1.80
2015.07.23 01:25:46.580,1.65287,1.6534,1.75,1.00
2015.07.23 01:25:46.630,1.65287,1.6534,1.75,1.50
2015.07.23 01:25:46.839,1.65285,1.6534,1.87,1.75
2015.07.23 01:25:49.278,1.6528,1.65337,1.37,1.37
2015.07.23 01:25:49.329,1.6528,1.6533,1.37,1.00
2015.07.23 01:25:49.582,1.65277,1.65327,1.37,1.00
2015.07.23 01:25:49.735,1.65277,1.65324,1.37,1.00
2015.07.23 01:25:50.429,1.65277,1.65324,1.50,1.50
2015.07.23 01:25:50.580,1.65277,1.65328,1.75,1.50
2015.07.23 01:25:50.883,1.65276,1.65332,2.25,1.00
2015.07.23 01:25:51.136,1.6528,1.65334,1.87,1.00
2015.07.23 01:25:51.187,1.6528,1.65334,1.87,1.00
2015.07.23 01:25:51.237,1.6528,1.6534,1.87,1.37
2015.07.23 01:25:53.297,1.65281,1.65336,1.75,1.00
2015.07.23 01:25:53.845,1.65281,1.65335,1.75,1.50
2015.07.23 01:25:54.544,1.65281,1.65339,1.75,1.87
2015.07.23 01:25:55.696,1.65281,1.65333,1.75,1.00
2015.07.23 01:25:56.498,1.65281,1.65334,1.75,1.00
2015.07.23 01:25:56.549,1.65281,1.65337,1.75,1.87
2015.07.23 01:25:57.049,1.65286,1.6534,1.75,1.00
2015.07.23 01:25:57.564,1.65286,1.65346,2.25,1.87
2015.07.23 01:25:58.071,1.65286,1.65342,2.25,1.00
2015.07.23 01:25:59.455,1.65286,1.65343,2.25,1.87
2015.07.23 01:25:59.722,1.65286,1.65339,1.75,1.00
2015.07.23 01:26:00.230,1.65286,1.65336,1.12,1.00
2015.07.23 01:26:00.280,1.65285,1.65336,1.37,1.12
2015.07.23 01:26:00.767,1.65281,1.65334,1.75,1.00
2015.07.23 01:26:01.070,1.65277,1.65328,2.25,1.00
2015.07.23 01:26:01.206,1.65277,1.65332,1.75,1.00
2015.07.23 01:26:01.434,1.65282,1.65335,1.12,1.00
2015.07.23 01:26:01.485,1.65284,1.65335,1.12,1.00
2015.07.23 01:26:02.030,1.65288,1.65336,1.75,1.00
2015.07.23 01:26:02.190,1.65288,1.65343,1.50,1.37
2015.07.23 01:26:02.392,1.6529,1.65345,1.75,1.00
2015.07.23 01:26:03.761,1.65287,1.65345,1.75,1.37
2015.07.23 01:26:03.812,1.65287,1.65345,1.75,2.25
2015.07.23 01:26:04.224,1.65285,1.65338,1.75,1.00
2015.07.23 01:26:04.591,1.65285,1.65335,1.75,1.00
2015.07.23 01:26:04.671,1.65285,1.65339,1.75,1.00
2015.07.23 01:26:05.864,1.65285,1.6534,1.75,1.50
2015.07.23 01:26:06.088,1.65285,1.65343,1.75,1.12
2015.07.23 01:26:06.315,1.65285,1.6534,1.75,1.00
2015.07.23 01:26:06.617,1.65285,1.65343,1.75,1.12
2015.07.23 01:26:06.916,1.65285,1.65339,1.75,1.00
2015.07.23 01:26:07.841,1.65285,1.65335,1.75,1.00
2015.07.23 01:26:07.893,1.65285,1.65335,1.37,1.37
2015.07.23 01:26:07.994,1.65279,1.65333,1.37,1.12
2015.07.23 01:26:08.045,1.65279,1.6533,1.37,1.00
2015.07.23 01:26:08.197,1.65276,1.6533,1.42,1.00
2015.07.23 01:26:08.611,1.6528,1.65332,1.37,1.12
2015.07.23 01:26:09.584,1.6528,1.6533,1.37,1.00
2015.07.23 01:26:09.887,1.6528,1.65328,1.37,1.50
2015.07.23 01:26:09.988,1.6528,1.65329,1.00,1.12
2015.07.23 01:26:10.423,1.6528,1.65327,1.00,1.00
2015.07.23 01:26:10.524,1.6528,1.6533,1.00,1.37
2015.07.23 01:26:10.714,1.6528,1.65326,1.00,1.00
2015.07.23 01:26:11.234,1.65277,1.65325,1.37,1.00
2015.07.23 01:26:11.623,1.6528,1.65331,1.00,1.87
2015.07.23 01:26:12.618,1.65276,1.6533,1.37,1.12
2015.07.23 01:26:13.219,1.65279,1.65327,1.12,1.00
2015.07.23 01:26:13.370,1.65279,1.6533,1.12,1.87
2015.07.23 01:26:13.471,1.65279,1.65326,1.12,1.00
2015.07.23 01:26:15.264,1.65279,1.65327,1.12,1.50
2015.07.23 01:26:15.569,1.6528,1.65327,1.37,1.00
2015.07.23 01:26:15.620,1.6528,1.6533,1.37,1.00
2015.07.23 01:26:16.146,1.65279,1.65332,1.37,1.50
2015.07.23 01:26:17.847,1.65279,1.65332,1.75,1.87
2015.07.23 01:26:18.389,1.65279,1.65333,1.37,1.87
2015.07.23 01:26:18.930,1.65277,1.6533,1.12,1.50
2015.07.23 01:26:19.804,1.65277,1.6533,1.37,1.12
2015.07.23 01:26:20.277,1.65277,1.65328,1.37,1.00
2015.07.23 01:26:21.933,1.65276,1.65328,1.05,1.50
2015.07.23 01:26:22.495,1.65276,1.6533,1.05,1.12
2015.07.23 01:26:23.438,1.65277,1.6533,1.12,1.50
2015.07.23 01:26:23.590,1.6528,1.6534,1.75,1.80
2015.07.23 01:26:23.641,1.6528,1.65339,1.37,1.37
2015.07.23 01:26:23.742,1.65284,1.6534,1.37,1.80
2015.07.23 01:26:24.045,1.65284,1.65345,1.12,1.87
2015.07.23 01:26:25.852,1.65284,1.65342,1.87,1.00
2015.07.23 01:26:27.925,1.65284,1.65342,1.87,1.37
2015.07.23 01:26:28.835,1.65285,1.65343,1.75,1.00
2015.07.23 01:26:28.886,1.65286,1.65346,1.75,2.55
2015.07.23 01:26:29.811,1.65287,1.65346,1.75,1.80
2015.07.23 01:26:30.164,1.65284,1.6534,1.87,1.00
2015.07.23 01:26:30.516,1.65284,1.65346,1.87,1.80
2015.07.23 01:26:32.520,1.65284,1.65342,1.12,1.50
2015.07.23 01:26:32.621,1.65286,1.65342,1.75,1.87
2015.07.23 01:26:33.204,1.65284,1.65346,2.62,1.42
2015.07.23 01:26:35.766,1.65286,1.65339,1.75,1.00
2015.07.23 01:26:35.826,1.65286,1.65342,1.75,1.37
2015.07.23 01:26:37.939,1.65284,1.65346,1.12,1.80
2015.07.23 01:26:38.537,1.65284,1.65343,1.12,1.37
2015.07.23 01:26:41.837,1.65285,1.65339,1.75,1.00
2015.07.23 01:26:42.142,1.65285,1.65336,1.75,2.25
2015.07.23 01:26:48.009,1.65285,1.65334,1.75,1.00
2015.07.23 01:26:48.710,1.65285,1.65335,1.75,1.00
2015.07.23 01:26:49.244,1.65285,1.65336,1.75,1.00
2015.07.23 01:26:49.814,1.65285,1.65335,1.75,1.00
2015.07.23 01:26:49.865,1.65285,1.65335,1.37,1.00
2015.07.23 01:26:49.966,1.65285,1.65333,1.37,1.00
2015.07.23 01:26:50.269,1.65275,1.65326,1.75,1.50
2015.07.23 01:26:50.572,1.65275,1.65317,1.50,1.00
2015.07.23 01:26:55.850,1.65269,1.65316,1.75,1.00
2015.07.23 01:26:56.354,1.65269,1.65316,1.75,1.00
2015.07.23 01:26:58.871,1.65266,1.65316,2.25,1.00
2015.07.23 01:27:01.482,1.65266,1.65316,4.50,1.00
2015.07.23 01:27:01.684,1.65266,1.65316,4.50,1.00
2015.07.23 01:27:01.980,1.65266,1.65316,4.50,1.00
2015.07.23 01:27:02.031,1.65266,1.65316,3.75,1.00
2015.07.23 01:27:03.097,1.65267,1.65326,2.25,1.00
2015.07.23 01:27:04.467,1.65267,1.65325,1.75,1.00
2015.07.23 01:27:04.995,1.65266,1.65316,3.00,1.00
2015.07.23 01:27:05.303,1.65266,1.65316,3.00,1.00
2015.07.23 01:27:12.384,1.6527,1.65326,1.12,1.37
2015.07.23 01:27:13.969,1.65271,1.65326,2.25,1.00
2015.07.23 01:27:14.473,1.6527,1.65325,1.12,1.00
2015.07.23 01:27:15.259,1.6527,1.65326,1.12,1.00
2015.07.23 01:27:16.217,1.65272,1.6533,1.75,1.00
2015.07.23 01:27:16.747,1.65272,1.6533,2.25,1.00
2015.07.23 01:27:17.272,1.6527,1.65328,2.62,1.00
2015.07.23 01:27:17.823,1.6527,1.65329,1.87,1.00
2015.07.23 01:27:18.341,1.65271,1.6533,1.75,1.50
2015.07.23 01:27:18.704,1.65271,1.65325,1.75,1.00
2015.07.23 01:27:19.056,1.65271,1.65328,1.75,1.00
2015.07.23 01:27:19.158,1.65271,1.6533,2.25,1.00
2015.07.23 01:27:19.704,1.6527,1.65327,1.12,1.00
2015.07.23 01:27:20.007,1.6527,1.65328,1.12,1.37
2015.07.23 01:27:20.309,1.65271,1.6533,1.75,1.37
2015.07.23 01:27:20.612,1.65281,1.65336,1.12,1.37
2015.07.23 01:27:20.663,1.65281,1.65336,1.12,1.00
2015.07.23 01:27:20.764,1.65281,1.65337,1.12,1.37
2015.07.23 01:27:21.291,1.65281,1.65337,1.12,1.00
2015.07.23 01:27:21.392,1.65282,1.6534,1.75,1.00
2015.07.23 01:27:21.544,1.65281,1.65343,1.12,2.17
2015.07.23 01:27:21.847,1.65281,1.6534,1.87,1.12
2015.07.23 01:27:23.674,1.65282,1.65336,1.75,1.00
2015.07.23 01:27:23.825,1.65282,1.65343,1.75,1.05
2015.07.23 01:27:24.766,1.65285,1.65344,1.75,1.80
2015.07.23 01:27:25.018,1.65289,1.65347,2.62,1.87
2015.07.23 01:27:26.010,1.65289,1.6534,1.87,1.00
2015.07.23 01:27:26.061,1.65289,1.6534,1.87,1.00
2015.07.23 01:27:26.313,1.65283,1.65342,2.25,1.00
2015.07.23 01:27:27.703,1.65286,1.65343,1.75,1.00
2015.07.23 01:27:31.883,1.65287,1.65344,1.75,1.42
2015.07.23 01:27:32.186,1.65283,1.6534,1.37,1.50
2015.07.23 01:27:32.237,1.65281,1.65331,1.37,1.00
2015.07.23 01:27:32.338,1.65281,1.65337,1.37,1.37
2015.07.23 01:27:32.884,1.65274,1.65335,2.25,1.12
2015.07.23 01:27:32.985,1.65274,1.65336,2.25,1.42
2015.07.23 01:27:33.497,1.65274,1.65336,2.25,1.42
2015.07.23 01:27:33.896,1.65274,1.65336,2.25,1.80
2015.07.23 01:27:34.098,1.65274,1.65334,1.75,1.87
2015.07.23 01:27:34.412,1.65274,1.65333,1.75,1.00
2015.07.23 01:27:34.513,1.65274,1.65333,1.75,1.12
2015.07.23 01:27:34.626,1.65274,1.65336,1.75,2.92
2015.07.23 01:27:34.697,1.65274,1.65336,1.75,2.92
2015.07.23 01:27:34.799,1.65277,1.65336,1.75,1.05
2015.07.23 01:27:34.901,1.65277,1.65335,1.75,1.00
2015.07.23 01:27:37.530,1.65274,1.65332,2.25,1.00
2015.07.23 01:27:38.059,1.65274,1.65333,2.25,1.50
2015.07.23 01:27:38.160,1.65274,1.65332,3.00,1.00
2015.07.23 01:27:38.211,1.65274,1.65336,3.00,2.17
2015.07.23 01:27:38.463,1.65276,1.65336,1.75,2.17
2015.07.23 01:27:38.565,1.65276,1.65335,1.75,1.00
2015.07.23 01:27:38.955,1.65276,1.65336,1.75,1.42
2015.07.23 01:27:39.770,1.65275,1.65336,1.75,2.17
2015.07.23 01:27:39.871,1.65275,1.65336,2.25,2.92
2015.07.23 01:27:42.373,1.65274,1.65335,1.75,1.12
2015.07.23 01:27:42.675,1.65274,1.65336,1.75,3.67
2015.07.23 01:27:43.870,1.65274,1.65332,1.75,1.37
2015.07.23 01:27:45.178,1.65273,1.65332,1.87,1.37
2015.07.23 01:27:45.731,1.65273,1.65329,1.12,1.00
2015.07.23 01:27:46.053,1.65273,1.65327,1.12,1.00
2015.07.23 01:27:46.255,1.65273,1.65331,1.12,1.37
2015.07.23 01:27:46.841,1.65273,1.65328,1.12,1.00
2015.07.23 01:27:47.404,1.65273,1.65329,1.12,1.00
2015.07.23 01:27:47.936,1.65271,1.6533,3.22,1.12
2015.07.23 01:27:49.841,1.65271,1.65329,2.47,1.00
2015.07.23 01:27:50.379,1.65271,1.65331,2.47,1.87
2015.07.23 01:27:50.945,1.65271,1.65328,2.47,1.00
2015.07.23 01:27:53.174,1.65271,1.6533,3.22,1.37
2015.07.23 01:27:56.252,1.65275,1.65325,1.50,1.00
2015.07.23 01:27:56.488,1.65271,1.65329,1.87,1.87
2015.07.23 01:27:57.205,1.65271,1.6533,1.87,1.00
2015.07.23 01:27:57.558,1.65273,1.65334,1.75,3.30
2015.07.23 01:27:57.659,1.65271,1.65328,2.62,1.00
2015.07.23 01:27:57.763,1.65274,1.65334,1.75,2.55
2015.07.23 01:27:58.307,1.65278,1.65328,1.42,1.00
2015.07.23 01:27:58.357,1.65278,1.65331,1.42,1.00
2015.07.23 01:27:58.467,1.65278,1.65329,1.42,1.00
2015.07.23 01:27:58.820,1.65278,1.65329,1.42,1.00
2015.07.23 01:27:59.357,1.65278,1.65334,1.42,1.37
2015.07.23 01:27:59.959,1.65278,1.65329,1.42,1.00
2015.07.23 01:28:00.474,1.65278,1.65334,1.42,1.37
2015.07.23 01:28:01.257,1.65279,1.65334,1.37,1.87
2015.07.23 01:28:01.661,1.65279,1.65334,1.75,1.37
2015.07.23 01:28:04.636,1.65278,1.65334,1.37,1.75
2015.07.23 01:28:09.098,1.65277,1.65334,1.42,1.75
2015.07.23 01:28:09.300,1.65278,1.65334,1.87,1.37
2015.07.23 01:28:09.401,1.65277,1.65334,2.55,1.75
2015.07.23 01:28:09.810,1.65279,1.65336,1.75,1.37
2015.07.23 01:28:10.256,1.65279,1.65336,1.37,1.75
2015.07.23 01:28:14.962,1.65276,1.65334,1.75,1.50
2015.07.23 01:28:15.079,1.65279,1.65335,1.37,1.42
2015.07.23 01:28:15.181,1.65279,1.65334,1.75,1.00
2015.07.23 01:28:15.487,1.65288,1.65339,1.75,1.37
2015.07.23 01:28:16.170,1.65286,1.65344,1.75,1.00
2015.07.23 01:28:16.322,1.65284,1.65343,1.75,1.50
2015.07.23 01:28:16.625,1.65283,1.65344,1.75,1.87
2015.07.23 01:28:16.928,1.65286,1.65338,1.37,1.00
2015.07.23 01:28:17.029,1.65282,1.65338,1.87,1.37
2015.07.23 01:28:17.520,1.65283,1.65336,1.37,1.50
2015.07.23 01:28:17.722,1.65282,1.65335,1.12,1.12
2015.07.23 01:28:17.823,1.65279,1.65332,1.75,1.12
2015.07.23 01:28:17.925,1.65276,1.65331,1.37,1.37
2015.07.23 01:28:18.228,1.65275,1.65331,1.12,1.50
2015.07.23 01:28:18.737,1.65282,1.65336,1.75,1.37
2015.07.23 01:28:20.371,1.65284,1.65336,1.75,1.12
2015.07.23 01:28:21.856,1.65284,1.65336,1.75,1.00
2015.07.23 01:28:23.254,1.65284,1.65336,1.12,1.00
2015.07.23 01:28:23.306,1.65284,1.65341,1.12,1.00
2015.07.23 01:28:23.361,1.65286,1.65341,1.75,1.00
2015.07.23 01:28:23.462,1.65286,1.65344,2.25,1.00
2015.07.23 01:28:23.563,1.65286,1.65346,3.00,1.50
2015.07.23 01:28:25.187,1.65289,1.65346,1.75,1.50
2015.07.23 01:28:25.490,1.65292,1.65346,1.87,1.50
2015.07.23 01:28:27.498,1.65292,1.65346,1.12,1.00
2015.07.23 01:28:27.703,1.65292,1.65345,1.12,1.50
2015.07.23 01:28:28.006,1.65292,1.65346,1.87,1.12
2015.07.23 01:28:28.396,1.65292,1.65346,1.12,1.37
2015.07.23 01:28:28.667,1.65292,1.65346,1.12,1.00
2015.07.23 01:28:29.258,1.65292,1.65345,1.12,1.00
2015.07.23 01:28:29.712,1.65292,1.65346,1.12,1.50
2015.07.23 01:28:29.914,1.65292,1.65346,1.12,1.12
2015.07.23 01:28:30.015,1.65292,1.65346,1.12,1.50
2015.07.23 01:28:30.470,1.65292,1.65346,1.12,1.12
2015.07.23 01:28:31.015,1.65292,1.65346,1.87,1.50
2015.07.23 01:28:33.512,1.65292,1.65347,1.12,1.12
2015.07.23 01:28:33.613,1.65292,1.65347,1.12,2.62
2015.07.23 01:28:35.425,1.65292,1.65341,1.12,1.00
2015.07.23 01:28:35.684,1.65292,1.65346,1.12,1.50
2015.07.23 01:28:35.836,1.65292,1.65336,1.12,1.00
2015.07.23 01:28:35.937,1.65292,1.65346,1.12,1.00
2015.07.23 01:28:37.131,1.65292,1.65345,1.12,1.00
2015.07.23 01:28:37.837,1.65292,1.65346,1.12,1.00
2015.07.23 01:28:41.535,1.65292,1.65346,1.12,1.00
2015.07.23 01:28:43.194,1.65292,1.65336,1.12,1.00
2015.07.23 01:28:50.144,1.65296,1.65346,1.37,1.00
2015.07.23 01:28:50.620,1.65298,1.65346,1.37,1.00
2015.07.23 01:28:52.948,1.653,1.65346,1.42,1.00
2015.07.23 01:28:53.503,1.65306,1.65346,1.00,1.00
2015.07.23 01:28:53.859,1.65302,1.65346,1.12,1.00
2015.07.23 01:28:53.961,1.65305,1.65346,1.12,1.00
2015.07.23 01:28:59.168,1.653,1.65346,1.42,1.00
2015.07.23 01:29:04.378,1.65294,1.65346,1.75,1.00
2015.07.23 01:29:05.347,1.65293,1.65352,2.25,1.35
2015.07.23 01:29:05.448,1.65293,1.65336,1.75,1.00
2015.07.23 01:29:06.241,1.65293,1.65336,1.75,1.00
2015.07.23 01:29:06.842,1.65293,1.65336,1.00,1.00
2015.07.23 01:29:07.044,1.65283,1.6533,1.37,1.75
2015.07.23 01:29:07.146,1.65272,1.65332,1.12,1.37
2015.07.23 01:29:07.196,1.65272,1.65326,1.12,1.00
2015.07.23 01:29:07.247,1.65272,1.65326,1.12,1.00
2015.07.23 01:29:07.348,1.65272,1.65326,1.37,1.37
2015.07.23 01:29:07.550,1.65271,1.65323,1.12,1.00
2015.07.23 01:29:07.755,1.6527,1.65322,1.05,1.75
2015.07.23 01:29:07.806,1.65263,1.6532,1.50,1.67
2015.07.23 01:29:08.107,1.65253,1.65315,1.50,1.12
2015.07.23 01:29:08.158,1.65253,1.65306,1.00,1.50
2015.07.23 01:29:08.562,1.65252,1.65303,1.42,1.75
2015.07.23 01:29:08.714,1.65237,1.65294,1.37,1.75
2015.07.23 01:29:08.764,1.65234,1.65293,1.12,1.37
2015.07.23 01:29:08.866,1.65236,1.65294,1.37,1.37
2015.07.23 01:29:08.967,1.65236,1.65286,1.37,1.00
2015.07.23 01:29:09.270,1.65244,1.65286,1.12,1.00
2015.07.23 01:29:09.320,1.65246,1.65301,1.35,1.37
2015.07.23 01:29:09.606,1.65252,1.65302,1.35,1.00
2015.07.23 01:29:09.757,1.65252,1.65307,1.35,1.37
2015.07.23 01:29:10.976,1.65254,1.65307,1.35,1.00
2015.07.23 01:29:11.313,1.65271,1.65309,1.50,1.00
2015.07.23 01:29:11.368,1.65271,1.65329,2.10,1.05
2015.07.23 01:29:11.419,1.65277,1.65336,1.35,1.37
2015.07.23 01:29:11.520,1.65278,1.65336,1.75,1.37
2015.07.23 01:29:11.621,1.65275,1.65336,1.72,1.37
2015.07.23 01:29:11.722,1.65278,1.65326,1.00,1.00
2015.07.23 01:29:12.032,1.65278,1.65337,1.00,1.80
2015.07.23 01:29:12.552,1.65279,1.65336,1.00,1.37
2015.07.23 01:29:12.603,1.65278,1.65326,1.50,1.00
2015.07.23 01:29:12.935,1.65278,1.65326,1.50,1.00
2015.07.23 01:29:13.559,1.65276,1.65327,1.35,1.00
2015.07.23 01:29:14.303,1.65277,1.65327,1.35,1.00
2015.07.23 01:29:15.426,1.65277,1.65327,1.72,1.37
2015.07.23 01:29:15.527,1.65273,1.65321,1.00,1.75
2015.07.23 01:29:15.578,1.65267,1.65319,1.05,1.37
2015.07.23 01:29:15.629,1.65265,1.65319,1.00,1.00
2015.07.23 01:29:15.680,1.65265,1.65316,1.00,1.00
2015.07.23 01:29:16.069,1.6526,1.65307,2.10,1.00
2015.07.23 01:29:16.228,1.65261,1.65316,1.60,1.00
2015.07.23 01:29:16.517,1.65262,1.65316,2.85,1.00
2015.07.23 01:29:16.832,1.65264,1.65316,1.67,1.00
2015.07.23 01:29:17.511,1.65266,1.65316,1.50,1.00
2015.07.23 01:29:19.211,1.65266,1.65326,1.42,1.37
2015.07.23 01:29:19.931,1.65265,1.65321,1.05,1.75
2015.07.23 01:29:20.133,1.65264,1.65315,1.00,1.00
2015.07.23 01:29:20.427,1.65257,1.65316,1.37,1.00
2015.07.23 01:29:20.914,1.65262,1.65316,1.05,1.00
2015.07.23 01:29:21.486,1.65263,1.65317,1.42,1.00
2015.07.23 01:29:21.792,1.65264,1.65316,1.12,1.00
2015.07.23 01:29:22.839,1.65264,1.65316,2.62,1.00
2015.07.23 01:29:24.925,1.65268,1.65326,1.75,1.50
2015.07.23 01:29:26.100,1.6527,1.65326,1.75,2.25
2015.07.23 01:29:26.403,1.6527,1.65317,1.12,1.00
2015.07.23 01:29:26.454,1.6527,1.65326,1.12,1.37
2015.07.23 01:29:31.513,1.6527,1.65324,1.12,2.47
2015.07.23 01:29:31.615,1.6527,1.6532,1.37,1.35
2015.07.23 01:29:31.856,1.6526,1.65315,1.67,1.75
2015.07.23 01:29:31.907,1.65261,1.65314,1.75,1.00
2015.07.23 01:29:32.009,1.65265,1.65316,1.75,1.00
2015.07.23 01:29:32.110,1.65274,1.65316,1.35,1.00
2015.07.23 01:29:32.459,1.65275,1.65316,3.00,1.00
2015.07.23 01:29:32.610,1.65275,1.65326,3.00,1.00
2015.07.23 01:29:32.912,1.65278,1.65327,1.75,1.00
2015.07.23 01:29:32.962,1.6528,1.65337,1.75,1.37
2015.07.23 01:29:33.245,1.65281,1.65336,1.75,1.00
2015.07.23 01:29:33.613,1.65284,1.65337,1.75,1.00
2015.07.23 01:29:33.715,1.65284,1.65337,1.50,1.00
2015.07.23 01:29:33.816,1.65281,1.65337,1.75,1.00
2015.07.23 01:29:35.473,1.6528,1.65336,1.75,1.00
2015.07.23 01:29:35.625,1.6528,1.65336,1.75,1.00
2015.07.23 01:29:36.349,1.6528,1.65337,1.75,1.00
2015.07.23 01:29:39.531,1.65285,1.65337,1.35,1.00
2015.07.23 01:29:39.910,1.653,1.65346,1.75,1.00
2015.07.23 01:29:40.011,1.653,1.65356,1.75,1.00
2015.07.23 01:29:40.214,1.65305,1.65362,1.35,1.37
2015.07.23 01:29:40.264,1.6531,1.65367,1.12,1.00
2015.07.23 01:29:40.668,1.65311,1.65356,1.75,1.00
2015.07.23 01:29:40.967,1.6531,1.65366,1.12,1.00
2015.07.23 01:29:42.396,1.6531,1.65356,1.12,1.00
2015.07.23 01:29:42.649,1.6531,1.65357,1.12,1.00
2015.07.23 01:29:47.466,1.6531,1.65356,1.12,1.00
2015.07.23 01:29:47.567,1.6531,1.65356,1.12,1.00
2015.07.23 01:29:48.693,1.6531,1.65356,1.12,1.00
2015.07.23 01:29:50.673,1.6531,1.65356,1.12,1.00
2015.07.23 01:29:51.316,1.6531,1.65357,1.12,1.00
2015.07.23 01:30:00.691,1.65311,1.65357,1.12,1.00
2015.07.23 01:30:02.628,1.6531,1.6536,1.80,1.50
2015.07.23 01:30:02.679,1.6531,1.65356,1.80,1.00
2015.07.23 01:30:03.111,1.65305,1.65346,1.35,1.00
2015.07.23 01:30:04.021,1.65304,1.65346,1.00,1.75
2015.07.23 01:30:04.072,1.65296,1.65349,1.37,1.75
2015.07.23 01:30:04.123,1.65287,1.6534,1.37,1.37
2015.07.23 01:30:04.224,1.65277,1.65332,1.12,1.00
2015.07.23 01:30:04.276,1.65277,1.65327,1.12,1.00
2015.07.23 01:30:04.589,1.65277,1.65324,1.12,1.00
2015.07.23 01:30:04.690,1.65277,1.65337,1.12,1.37
2015.07.23 01:30:04.993,1.65277,1.65331,1.12,1.00
2015.07.23 01:30:05.393,1.65276,1.65326,1.42,1.00
2015.07.23 01:30:05.445,1.65276,1.65329,1.42,1.50
2015.07.23 01:30:05.546,1.65276,1.65325,1.42,1.00
2015.07.23 01:30:05.597,1.65269,1.65325,1.37,1.37
2015.07.23 01:30:05.850,1.65259,1.65319,1.12,1.00
2015.07.23 01:30:05.901,1.65259,1.65319,1.12,1.37
2015.07.23 01:30:06.053,1.65259,1.65316,1.12,1.00
2015.07.23 01:30:06.360,1.65259,1.65311,1.12,1.00
2015.07.23 01:30:06.512,1.65258,1.65312,1.80,1.37
2015.07.23 01:30:06.996,1.65254,1.65308,1.75,1.00
2015.07.23 01:30:07.047,1.65254,1.65313,1.75,1.37
2015.07.23 01:30:07.148,1.65252,1.65307,1.12,1.00
2015.07.23 01:30:07.401,1.65252,1.65307,1.12,1.00
2015.07.23 01:30:07.592,1.65252,1.65307,1.12,1.12
2015.07.23 01:30:07.643,1.65252,1.65306,1.37,1.87
2015.07.23 01:30:07.744,1.65251,1.65301,1.42,1.37
2015.07.23 01:30:08.053,1.65241,1.65294,1.12,1.12
2015.07.23 01:30:08.104,1.65241,1.65294,1.12,1.00
2015.07.23 01:30:08.155,1.65241,1.65296,1.12,1.00
2015.07.23 01:30:08.805,1.65232,1.65276,1.67,1.37
2015.07.23 01:30:08.856,1.65232,1.65276,1.00,1.37
2015.07.23 01:30:08.907,1.65216,1.65276,1.05,1.37
2015.07.23 01:30:09.058,1.65216,1.65271,1.05,1.00
2015.07.23 01:30:09.362,1.65224,1.65286,1.00,1.00
2015.07.23 01:30:09.413,1.65231,1.65286,1.00,1.00
2015.07.23 01:30:09.716,1.65224,1.65276,1.00,1.00
2015.07.23 01:30:09.991,1.65224,1.65287,1.00,1.50
2015.07.23 01:30:10.243,1.65234,1.65286,1.00,1.00
2015.07.23 01:30:10.661,1.65224,1.65276,1.50,1.00
2015.07.23 01:30:10.964,1.65224,1.65276,2.25,1.00
2015.07.23 01:30:11.125,1.65233,1.65287,1.50,1.87
2015.07.23 01:30:12.548,1.65233,1.65283,1.50,1.00
2015.07.23 01:30:12.649,1.65233,1.65283,1.37,1.12
2015.07.23 01:30:12.851,1.65233,1.65287,1.75,1.37
2015.07.23 01:30:13.080,1.65233,1.65285,1.37,1.37
2015.07.23 01:30:13.231,1.65233,1.65285,1.75,1.00
2015.07.23 01:30:13.743,1.65233,1.65285,1.37,1.87
2015.07.23 01:30:15.131,1.65233,1.65285,1.75,1.50
2015.07.23 01:30:15.444,1.65233,1.65287,1.37,1.37
2015.07.23 01:30:18.311,1.65233,1.65287,1.75,2.25
2015.07.23 01:30:19.338,1.65233,1.65285,1.50,1.75
2015.07.23 01:30:19.439,1.65233,1.65285,1.37,2.25
2015.07.23 01:30:19.490,1.6523,1.65277,1.80,1.00
2015.07.23 01:30:19.963,1.65231,1.65277,1.37,1.37
2015.07.23 01:30:20.166,1.65223,1.65286,2.10,1.42
2015.07.23 01:30:20.317,1.65231,1.65286,1.27,1.00
2015.07.23 01:30:20.368,1.65234,1.65294,1.12,1.00
2015.07.23 01:30:20.753,1.65234,1.65292,1.12,1.00
2015.07.23 01:30:20.977,1.65234,1.65294,1.12,1.50
2015.07.23 01:30:21.382,1.65234,1.65292,1.87,1.00
2015.07.23 01:30:21.534,1.65235,1.65296,1.00,2.55
2015.07.23 01:30:21.942,1.65234,1.65296,2.62,2.55
2015.07.23 01:30:22.452,1.65234,1.65292,2.62,1.00
2015.07.23 01:30:22.654,1.65234,1.65294,1.87,1.37
2015.07.23 01:30:22.755,1.65234,1.65293,1.87,1.37
2015.07.23 01:30:22.856,1.65234,1.65294,1.87,1.00
2015.07.23 01:30:23.058,1.65234,1.6529,1.87,1.75
2015.07.23 01:30:23.362,1.65234,1.65293,1.87,1.75
2015.07.23 01:30:23.692,1.65234,1.65289,1.87,1.75
2015.07.23 01:30:25.515,1.65237,1.65288,1.35,2.62
2015.07.23 01:30:25.566,1.6524,1.65288,1.35,1.12
2015.07.23 01:30:25.668,1.6525,1.65288,1.35,1.00
2015.07.23 01:30:25.719,1.6525,1.65296,1.35,1.37
2015.07.23 01:30:25.770,1.65249,1.65297,1.35,1.00
2015.07.23 01:30:25.821,1.65249,1.65292,1.50,1.00
2015.07.23 01:30:25.872,1.65245,1.65292,1.80,1.00
2015.07.23 01:30:25.923,1.65245,1.65292,1.12,1.60
2015.07.23 01:30:25.974,1.65236,1.65286,1.05,1.00
2015.07.23 01:30:26.025,1.65228,1.65283,1.67,1.00
2015.07.23 01:30:26.076,1.65225,1.65276,1.05,1.50
2015.07.23 01:30:26.177,1.65221,1.65276,1.00,1.50
2015.07.23 01:30:26.278,1.65221,1.6527,1.00,1.00
2015.07.23 01:30:26.329,1.65216,1.6527,1.05,1.00
2015.07.23 01:30:26.585,1.65216,1.65264,1.05,1.00
2015.07.23 01:30:26.687,1.65216,1.65276,1.05,1.00
2015.07.23 01:30:26.889,1.65217,1.65276,1.12,1.50
2015.07.23 01:30:27.221,1.65217,1.65276,1.12,1.37
2015.07.23 01:30:27.372,1.65217,1.65269,1.37,1.00
2015.07.23 01:30:27.423,1.65217,1.65271,1.37,1.00
2015.07.23 01:30:27.574,1.65216,1.65271,1.05,1.12
2015.07.23 01:30:27.625,1.65214,1.65267,1.05,1.00
2015.07.23 01:30:28.766,1.65213,1.65267,2.10,1.00
2015.07.23 01:30:28.868,1.65214,1.65271,1.12,1.00
2015.07.23 01:30:29.019,1.65214,1.65274,1.12,1.87
2015.07.23 01:30:29.362,1.65214,1.65276,2.62,1.12
2015.07.23 01:30:35.799,1.65218,1.65277,1.75,2.55
2015.07.23 01:30:40.645,1.65221,1.65277,1.12,1.87
2015.07.23 01:30:40.911,1.65221,1.65277,1.12,1.87
2015.07.23 01:30:41.529,1.65224,1.65276,1.50,1.00
2015.07.23 01:30:52.312,1.65222,1.65275,1.75,1.00
2015.07.23 01:30:52.860,1.65222,1.65276,1.75,1.50
2015.07.23 01:30:54.924,1.65222,1.65275,1.75,1.00
2015.07.23 01:30:58.164,1.65222,1.65276,1.75,2.25
2015.07.23 01:30:58.806,1.65222,1.65275,1.75,1.00
2015.07.23 01:30:59.763,1.65217,1.65274,2.25,1.00
2015.07.23 01:31:00.221,1.65217,1.65271,2.25,1.00
2015.07.23 01:31:02.363,1.65218,1.65275,1.75,1.50
2015.07.23 01:31:03.232,1.65217,1.65274,2.25,1.00
2015.07.23 01:31:04.565,1.65219,1.65277,1.75,2.62
2015.07.23 01:31:05.216,1.65219,1.65274,1.75,1.00
2015.07.23 01:31:07.342,1.65218,1.65275,1.94,1.50
2015.07.23 01:31:07.707,1.65222,1.65274,1.94,1.00
2015.07.23 01:31:07.758,1.65222,1.65277,1.94,1.12
2015.07.23 01:31:08.044,1.65222,1.65277,1.94,1.00
2015.07.23 01:31:08.548,1.65221,1.65276,1.94,1.00
2015.07.23 01:31:14.345,1.65219,1.65276,1.94,1.00
2015.07.23 01:31:15.048,1.65219,1.65276,1.56,1.37
2015.07.23 01:31:15.149,1.65219,1.65276,1.56,1.37
2015.07.23 01:31:15.704,1.65217,1.65273,1.31,1.12
2015.07.23 01:31:16.224,1.65216,1.6527,1.99,1.00
2015.07.23 01:31:16.537,1.65213,1.65267,1.91,1.00
2015.07.23 01:31:17.309,1.65213,1.65266,1.16,1.00
2015.07.23 01:31:17.871,1.65213,1.65266,1.16,1.00
2015.07.23 01:31:18.630,1.65213,1.65266,1.16,1.00
2015.07.23 01:31:20.077,1.65213,1.65266,1.16,1.00
2015.07.23 01:31:20.694,1.65213,1.65266,1.16,1.00
2015.07.23 01:31:21.195,1.65213,1.65266,1.16,1.00
2015.07.23 01:31:21.745,1.65213,1.65266,1.16,1.00
2015.07.23 01:31:22.249,1.65213,1.65266,2.29,1.00
2015.07.23 01:31:23.007,1.65213,1.65266,1.54,1.00
2015.07.23 01:31:23.586,1.65213,1.65266,1.54,1.00
2015.07.23 01:31:24.184,1.65213,1.65266,1.54,1.50
2015.07.23 01:31:24.898,1.65213,1.65267,1.54,1.12
2015.07.23 01:31:25.201,1.65213,1.65262,1.54,1.00
2015.07.23 01:31:25.504,1.65213,1.65266,1.54,1.50
2015.07.23 01:31:26.353,1.65213,1.65263,1.54,1.00
2015.07.23 01:31:27.244,1.65213,1.65262,1.86,1.00
2015.07.23 01:31:27.749,1.65213,1.65266,1.86,1.87
2015.07.23 01:31:28.102,1.65213,1.65265,1.16,1.00
2015.07.23 01:31:28.204,1.65213,1.65264,1.86,1.37
2015.07.23 01:31:28.507,1.65213,1.65265,1.16,1.00
2015.07.23 01:31:29.008,1.65213,1.6526,1.16,1.50
2015.07.23 01:31:29.433,1.65213,1.65263,1.16,1.50
2015.07.23 01:31:29.534,1.65213,1.65265,1.16,1.50
2015.07.23 01:31:29.759,1.65213,1.65263,1.16,1.00
2015.07.23 01:31:30.012,1.65213,1.65265,1.16,1.00
2015.07.23 01:31:30.366,1.65213,1.65261,1.16,1.00
2015.07.23 01:31:30.418,1.65213,1.65265,1.16,1.00
2015.07.23 01:31:30.934,1.65213,1.65266,1.16,1.50
2015.07.23 01:31:31.519,1.65213,1.65266,1.54,1.87
2015.07.23 01:31:31.670,1.65213,1.65261,1.54,1.00
2015.07.23 01:31:32.075,1.65213,1.65263,1.49,1.00
2015.07.23 01:31:32.338,1.65213,1.65261,1.49,1.00
2015.07.23 01:31:32.980,1.65209,1.65262,1.16,1.50
2015.07.23 01:31:34.042,1.65209,1.65261,1.16,1.00
2015.07.23 01:31:34.265,1.65209,1.65263,1.16,1.00
2015.07.23 01:31:34.316,1.65209,1.65265,1.16,1.12
2015.07.23 01:31:34.468,1.65209,1.65263,1.16,1.00
2015.07.23 01:31:34.896,1.65209,1.65266,1.16,1.87
2015.07.23 01:31:35.470,1.65209,1.65264,1.16,1.00
2015.07.23 01:31:35.597,1.65209,1.65262,1.16,1.00
2015.07.23 01:31:36.110,1.65213,1.65261,1.16,1.87
2015.07.23 01:31:36.859,1.65213,1.65262,1.16,1.87
2015.07.23 01:31:37.654,1.65213,1.65266,1.16,2.25
2015.07.23 01:31:38.007,1.65212,1.65259,1.16,1.00
2015.07.23 01:31:38.108,1.65212,1.65262,1.16,1.00
2015.07.23 01:31:38.209,1.65213,1.65257,1.16,1.00
2015.07.23 01:31:38.310,1.65213,1.65259,1.16,1.00
2015.07.23 01:31:38.411,1.65213,1.65264,1.16,1.37
2015.07.23 01:31:38.462,1.65213,1.65264,1.49,1.50
2015.07.23 01:31:38.927,1.65213,1.65253,1.49,1.00
2015.07.23 01:31:39.382,1.65204,1.65256,1.16,1.75
2015.07.23 01:31:39.589,1.65202,1.65241,1.00,1.00
2015.07.23 01:31:39.640,1.65199,1.65241,1.35,1.00
2015.07.23 01:31:39.691,1.65199,1.65243,1.35,1.00
2015.07.23 01:31:39.843,1.65196,1.65243,1.05,1.50
2015.07.23 01:31:39.894,1.65196,1.65248,1.05,1.37
2015.07.23 01:31:39.995,1.6519,1.65244,1.12,1.00
2015.07.23 01:31:40.315,1.65195,1.65249,1.50,1.37
2015.07.23 01:31:40.366,1.65203,1.65253,1.37,1.05
2015.07.23 01:31:40.468,1.65203,1.65253,1.00,1.67
2015.07.23 01:31:40.569,1.65203,1.65252,1.00,1.05
2015.07.23 01:31:40.621,1.65198,1.65252,1.12,1.80
2015.07.23 01:31:40.824,1.65201,1.65246,1.00,1.00
2015.07.23 01:31:41.439,1.65201,1.65245,1.00,1.00
2015.07.23 01:31:41.499,1.65197,1.65247,1.00,1.12
2015.07.23 01:31:43.068,1.65197,1.65247,1.00,1.37
2015.07.23 01:31:43.375,1.65197,1.65247,1.00,1.87
2015.07.23 01:31:43.476,1.65194,1.65245,1.00,1.37
2015.07.23 01:31:43.779,1.65199,1.65247,1.75,1.42
2015.07.23 01:31:44.063,1.65201,1.65254,1.37,1.37
2015.07.23 01:31:44.114,1.65199,1.65255,1.12,2.62
2015.07.23 01:31:44.226,1.65199,1.65255,1.37,2.25
2015.07.23 01:31:44.397,1.65199,1.65251,1.37,1.00
2015.07.23 01:31:44.700,1.65197,1.65247,1.37,1.50
2015.07.23 01:31:44.801,1.65197,1.65247,1.37,1.50
2015.07.23 01:31:46.493,1.65195,1.65248,1.37,1.87
2015.07.23 01:31:49.306,1.65201,1.6525,1.00,1.37
2015.07.23 01:31:50.610,1.65201,1.65248,1.00,1.00
2015.07.23 01:31:50.813,1.65196,1.65248,1.37,1.87
2015.07.23 01:31:52.550,1.65194,1.65244,1.37,1.00
2015.07.23 01:31:52.701,1.65194,1.65246,1.37,1.12
2015.07.23 01:31:53.204,1.65194,1.65245,1.37,1.00
2015.07.23 01:31:54.506,1.65194,1.65244,1.37,1.00
2015.07.23 01:31:55.406,1.65194,1.65247,1.37,1.37
2015.07.23 01:31:56.858,1.6519,1.65246,1.37,1.37
2015.07.23 01:32:02.140,1.65192,1.65245,1.00,1.87
2015.07.23 01:32:02.241,1.65192,1.65239,1.00,1.00
2015.07.23 01:32:02.292,1.65188,1.65239,1.37,1.00
2015.07.23 01:32:02.444,1.65188,1.65237,1.37,1.00
2015.07.23 01:32:02.544,1.65188,1.6524,1.37,1.00
2015.07.23 01:32:02.742,1.65188,1.65244,1.50,1.50
2015.07.23 01:32:02.852,1.65194,1.65248,1.00,1.87
2015.07.23 01:32:03.255,1.65194,1.65243,1.00,1.00
2015.07.23 01:32:03.558,1.65192,1.65246,1.37,1.00
2015.07.23 01:32:05.478,1.65192,1.65247,1.37,1.87
2015.07.23 01:32:05.591,1.65193,1.65247,1.37,1.00
2015.07.23 01:32:05.922,1.65193,1.65247,1.50,1.37
2015.07.23 01:32:05.973,1.65193,1.65248,1.37,1.12
2015.07.23 01:32:06.175,1.65194,1.65248,1.37,1.37
2015.07.23 01:32:06.679,1.65194,1.65247,1.37,1.00
2015.07.23 01:32:06.780,1.65193,1.65247,1.37,1.87
2015.07.23 01:32:08.472,1.65193,1.65248,1.75,1.12
2015.07.23 01:32:09.700,1.65194,1.65248,1.12,1.12
2015.07.23 01:32:09.802,1.65194,1.65249,1.87,1.42
2015.07.23 01:32:10.044,1.65202,1.65258,1.00,1.75
2015.07.23 01:32:10.095,1.65204,1.65258,1.00,1.37
2015.07.23 01:32:10.600,1.65198,1.65257,1.50,1.37
2015.07.23 01:32:11.298,1.652,1.65257,1.50,3.00
2015.07.23 01:32:12.318,1.65198,1.65256,1.75,1.37
2015.07.23 01:32:14.364,1.65199,1.65253,1.50,1.37
2015.07.23 01:32:14.667,1.65198,1.6525,1.37,1.37
2015.07.23 01:32:17.350,1.65195,1.65247,1.75,1.00
2015.07.23 01:32:18.102,1.65195,1.65252,1.75,1.87
2015.07.23 01:32:18.734,1.65195,1.65253,1.75,1.87
2015.07.23 01:32:18.835,1.65195,1.65253,1.75,1.00
2015.07.23 01:32:19.353,1.65197,1.65254,1.75,1.12
2015.07.23 01:32:20.476,1.65197,1.65252,1.75,1.00
2015.07.23 01:32:20.527,1.65197,1.65252,1.75,1.12
2015.07.23 01:32:20.766,1.65196,1.65253,1.50,1.00
2015.07.23 01:32:20.818,1.65196,1.65251,1.50,1.00
2015.07.23 01:32:21.323,1.65197,1.65256,1.50,1.50
2015.07.23 01:32:21.632,1.65197,1.6525,1.75,1.00
2015.07.23 01:32:22.133,1.65197,1.65255,1.75,1.12
2015.07.23 01:32:22.803,1.65197,1.65252,1.75,1.00
2015.07.23 01:32:26.798,1.65197,1.65253,1.75,1.50
2015.07.23 01:32:27.407,1.65197,1.65252,1.75,1.00
2015.07.23 01:32:28.068,1.65197,1.65253,1.75,1.50
2015.07.23 01:32:28.727,1.65197,1.65252,1.75,1.50
2015.07.23 01:32:29.352,1.65198,1.65253,1.75,1.50
2015.07.23 01:32:29.707,1.65198,1.65256,1.75,1.37
2015.07.23 01:32:29.996,1.65198,1.6525,1.75,1.00
2015.07.23 01:32:31.097,1.65198,1.65254,1.75,1.00
2015.07.23 01:32:31.963,1.65198,1.65254,1.75,1.50
2015.07.23 01:32:32.694,1.65198,1.65257,2.25,1.37
2015.07.23 01:32:35.769,1.652,1.65257,1.75,2.25
2015.07.23 01:32:36.173,1.65207,1.65257,1.37,1.00
2015.07.23 01:32:36.698,1.65207,1.65256,1.50,1.00
2015.07.23 01:32:37.191,1.65207,1.65254,1.50,1.00
2015.07.23 01:32:37.529,1.65207,1.65246,1.50,1.00
2015.07.23 01:32:39.762,1.65207,1.65257,1.50,2.25
2015.07.23 01:32:44.572,1.65207,1.65256,1.50,1.00
2015.07.23 01:32:45.075,1.65207,1.65257,1.50,1.00
2015.07.23 01:32:45.608,1.65207,1.65256,1.50,1.50
2015.07.23 01:32:45.709,1.65207,1.65253,1.50,1.00
2015.07.23 01:32:45.810,1.65207,1.65256,1.37,1.00
2015.07.23 01:32:45.912,1.65202,1.65254,1.75,1.00
2015.07.23 01:32:46.300,1.65202,1.65256,1.75,1.00
2015.07.23 01:32:48.612,1.65202,1.65255,1.75,1.00
2015.07.23 01:32:48.814,1.65204,1.6526,1.75,1.50
2015.07.23 01:32:48.915,1.65206,1.65263,1.75,2.62
2015.07.23 01:32:49.313,1.65206,1.6526,1.75,1.00
2015.07.23 01:32:50.995,1.65208,1.6526,1.37,1.00
2015.07.23 01:32:55.054,1.65205,1.65261,1.75,1.87
2015.07.23 01:32:55.403,1.65211,1.6526,1.12,1.00
2015.07.23 01:32:55.454,1.65211,1.65267,1.12,1.00
2015.07.23 01:32:55.706,1.65214,1.6527,2.25,1.00
2015.07.23 01:32:56.103,1.65219,1.65274,1.75,1.00
2015.07.23 01:32:56.326,1.65218,1.65272,1.12,1.00
2015.07.23 01:32:56.632,1.65218,1.65266,1.37,1.00
2015.07.23 01:32:56.733,1.65218,1.65269,1.37,1.50
2015.07.23 01:32:56.975,1.65218,1.65269,1.00,1.50
2015.07.23 01:32:57.026,1.65215,1.65266,1.05,1.37
2015.07.23 01:32:57.329,1.65206,1.65257,1.75,1.00
2015.07.23 01:32:57.632,1.65205,1.65261,1.75,1.12
2015.07.23 01:33:00.843,1.65206,1.65263,1.50,1.00
2015.07.23 01:33:00.894,1.65206,1.65261,1.50,1.00
2015.07.23 01:33:01.437,1.65208,1.65263,1.37,1.50
2015.07.23 01:33:01.942,1.65208,1.65261,1.37,1.00
2015.07.23 01:33:02.247,1.65205,1.65263,2.25,1.00
2015.07.23 01:33:02.412,1.65213,1.65263,1.00,1.00
2015.07.23 01:33:02.772,1.65213,1.65266,1.37,1.00
2015.07.23 01:33:02.884,1.65212,1.65269,1.50,1.12
2015.07.23 01:33:02.935,1.65212,1.6527,1.75,1.00
2015.07.23 01:33:03.036,1.65222,1.65275,1.05,1.00
2015.07.23 01:33:03.087,1.65222,1.65273,1.42,1.00
2015.07.23 01:33:03.575,1.65222,1.65276,1.42,1.50
2015.07.23 01:33:03.676,1.65222,1.65272,1.42,1.00
2015.07.23 01:33:03.727,1.65223,1.65272,1.00,1.00
2015.07.23 01:33:04.278,1.65223,1.65274,1.00,1.00
2015.07.23 01:33:04.429,1.65222,1.65274,1.42,1.00
2015.07.23 01:33:05.218,1.65222,1.65275,1.42,1.50
2015.07.23 01:33:05.608,1.65222,1.65273,1.42,1.50
2015.07.23 01:33:05.860,1.65222,1.65273,1.42,1.00
2015.07.23 01:33:07.758,1.65222,1.6527,1.42,1.00
2015.07.23 01:33:08.574,1.65222,1.65269,1.42,1.00
2015.07.23 01:33:09.463,1.65222,1.6527,1.42,1.50
2015.07.23 01:33:10.013,1.65222,1.65269,1.42,1.50
2015.07.23 01:33:10.333,1.65222,1.65269,1.80,1.50
2015.07.23 01:33:12.269,1.65222,1.65274,1.80,1.50
2015.07.23 01:33:14.163,1.65222,1.65273,1.80,1.00
2015.07.23 01:33:14.265,1.65222,1.6527,1.80,1.00
2015.07.23 01:33:14.366,1.65222,1.65273,1.80,1.50
2015.07.23 01:33:14.417,1.65222,1.65269,1.80,1.00
2015.07.23 01:33:14.474,1.65222,1.65273,1.80,1.00
2015.07.23 01:33:15.266,1.65222,1.6527,1.80,1.00
2015.07.23 01:33:15.745,1.65222,1.6527,1.42,1.50
2015.07.23 01:33:15.945,1.65222,1.6527,1.42,1.50
2015.07.23 01:33:17.463,1.65222,1.65273,1.42,1.50
2015.07.23 01:33:17.572,1.65222,1.6527,1.42,1.00
2015.07.23 01:33:18.120,1.65222,1.65267,1.42,1.00
2015.07.23 01:33:18.322,1.65222,1.6527,1.42,1.00
2015.07.23 01:33:18.472,1.65222,1.65268,1.42,1.00
2015.07.23 01:33:19.195,1.65222,1.65271,1.42,1.50
2015.07.23 01:33:19.479,1.65222,1.65271,1.42,1.50
2015.07.23 01:33:20.692,1.65222,1.65274,1.42,1.50
2015.07.23 01:33:21.287,1.65222,1.65271,1.80,1.00
2015.07.23 01:33:21.337,1.65222,1.65274,1.80,1.00
2015.07.23 01:33:21.617,1.65222,1.65272,1.80,1.00
2015.07.23 01:33:22.226,1.65222,1.65271,1.80,1.00
2015.07.23 01:33:23.369,1.65222,1.65267,1.42,1.00
2015.07.23 01:33:23.722,1.65218,1.65262,1.12,1.00
2015.07.23 01:33:23.823,1.65218,1.65265,1.12,1.00
2015.07.23 01:33:24.091,1.65218,1.65268,1.12,1.00
2015.07.23 01:33:24.631,1.65218,1.65272,1.12,1.00
2015.07.23 01:33:24.685,1.65218,1.65266,1.12,1.00
2015.07.23 01:33:25.117,1.65217,1.65266,1.05,1.00
2015.07.23 01:33:25.218,1.65211,1.65266,1.37,2.25
2015.07.23 01:33:25.319,1.65211,1.65262,1.37,1.00
2015.07.23 01:33:25.370,1.6521,1.65262,1.42,1.37
2015.07.23 01:33:25.421,1.65207,1.65258,1.75,1.00
2015.07.23 01:33:25.472,1.65207,1.65258,1.37,1.00
2015.07.23 01:33:25.724,1.65205,1.65254,1.75,1.00
2015.07.23 01:33:26.094,1.65205,1.65263,1.75,1.37
2015.07.23 01:33:29.400,1.65211,1.6526,1.12,1.00
2015.07.23 01:33:29.501,1.65211,1.65259,1.12,1.00
2015.07.23 01:33:29.552,1.65211,1.65266,1.12,1.87
2015.07.23 01:33:35.829,1.65211,1.65267,1.87,1.00
2015.07.23 01:33:37.538,1.65211,1.65267,1.87,1.00
2015.07.23 01:33:37.721,1.65211,1.65267,1.87,1.00
2015.07.23 01:33:40.135,1.65214,1.65266,1.50,1.00
2015.07.23 01:33:40.746,1.65214,1.65265,1.50,1.00
2015.07.23 01:33:42.347,1.65211,1.65267,1.12,1.00
2015.07.23 01:33:42.654,1.65213,1.65264,1.75,1.00
2015.07.23 01:33:42.874,1.65211,1.65267,1.12,1.00
2015.07.23 01:33:43.716,1.65211,1.65265,1.12,1.00
2015.07.23 01:33:44.041,1.65214,1.65267,1.75,1.50
2015.07.23 01:33:44.344,1.65214,1.65267,1.75,1.50
2015.07.23 01:33:44.756,1.65214,1.65267,1.75,1.00
2015.07.23 01:33:45.722,1.65214,1.65265,1.75,1.00
2015.07.23 01:33:46.260,1.65214,1.65267,1.75,1.00
2015.07.23 01:33:46.658,1.65212,1.65256,1.12,1.00
2015.07.23 01:33:47.164,1.65212,1.65257,1.12,1.00
2015.07.23 01:33:50.243,1.65212,1.65257,1.12,1.00
2015.07.23 01:33:52.287,1.65212,1.65256,1.12,1.00
2015.07.23 01:33:52.691,1.65214,1.65266,1.75,1.37
2015.07.23 01:33:53.480,1.65214,1.65262,1.75,1.00
2015.07.23 01:33:53.984,1.65214,1.65264,1.75,1.37
2015.07.23 01:33:57.121,1.65211,1.65265,1.80,1.00
2015.07.23 01:33:57.273,1.6521,1.65267,1.37,1.37
2015.07.23 01:33:57.800,1.65206,1.65264,1.42,1.00
2015.07.23 01:33:58.117,1.6521,1.65264,1.50,1.50
2015.07.23 01:33:58.319,1.65218,1.65275,1.42,1.87
2015.07.23 01:33:59.609,1.65219,1.65275,1.12,1.12
2015.07.23 01:33:59.912,1.65225,1.65281,1.75,1.00
2015.07.23 01:34:00.661,1.65226,1.6528,1.75,1.00
2015.07.23 01:34:01.187,1.65226,1.65279,1.75,1.00
2015.07.23 01:34:01.591,1.65226,1.65277,1.75,1.00
2015.07.23 01:34:02.054,1.65226,1.65277,1.50,1.00
2015.07.23 01:34:02.206,1.65226,1.65273,1.50,1.00
2015.07.23 01:34:02.307,1.65226,1.65276,1.50,2.25
2015.07.23 01:34:02.358,1.65226,1.65274,1.50,1.00
2015.07.23 01:34:02.509,1.65226,1.65276,1.50,1.00
2015.07.23 01:34:02.611,1.65226,1.65281,1.37,1.50
2015.07.23 01:34:03.023,1.65226,1.65275,1.00,1.75
2015.07.23 01:34:03.074,1.65221,1.65271,1.37,1.37
2015.07.23 01:34:03.495,1.65219,1.65265,1.37,1.00
2015.07.23 01:34:03.998,1.65219,1.65265,1.37,1.00
2015.07.23 01:34:04.049,1.65219,1.65269,1.37,1.50
2015.07.23 01:34:06.084,1.65219,1.6527,1.37,1.00
2015.07.23 01:34:06.135,1.65219,1.65273,1.37,1.87
2015.07.23 01:34:06.365,1.65219,1.65268,1.37,1.00
2015.07.23 01:34:06.661,1.65219,1.65275,1.37,1.37
2015.07.23 01:34:06.712,1.65219,1.6527,1.37,1.00
2015.07.23 01:34:08.428,1.65219,1.6527,1.75,1.00
2015.07.23 01:34:08.479,1.65219,1.65276,1.75,1.00
2015.07.23 01:34:08.580,1.6522,1.65276,1.75,1.00
2015.07.23 01:34:08.782,1.65226,1.65285,1.12,1.37
2015.07.23 01:34:09.185,1.65227,1.65279,1.75,1.00
2015.07.23 01:34:09.697,1.65227,1.65286,1.75,1.50
2015.07.23 01:34:09.950,1.65226,1.65285,1.00,2.25
2015.07.23 01:34:10.152,1.65218,1.65277,1.87,1.37
2015.07.23 01:34:10.253,1.65219,1.65276,1.37,1.37
2015.07.23 01:34:10.354,1.65219,1.65274,1.37,1.37
2015.07.23 01:34:10.647,1.65218,1.65271,1.00,1.00
2015.07.23 01:34:10.699,1.65213,1.65264,1.05,1.00
2015.07.23 01:34:10.750,1.65208,1.65264,1.50,1.00
2015.07.23 01:34:10.851,1.65208,1.65266,1.37,1.00
2015.07.23 01:34:10.902,1.65208,1.65269,1.00,1.00
2015.07.23 01:34:10.953,1.65213,1.65268,1.00,1.00
2015.07.23 01:34:11.003,1.65213,1.65272,1.00,1.50
2015.07.23 01:34:11.306,1.65216,1.65272,1.00,1.00
2015.07.23 01:34:11.651,1.65218,1.65272,1.00,1.00
2015.07.23 01:34:11.954,1.65234,1.65291,1.37,1.42
2015.07.23 01:34:12.207,1.65234,1.6529,1.12,1.37
2015.07.23 01:34:12.560,1.65234,1.6529,1.00,1.12
2015.07.23 01:34:12.804,1.65227,1.65282,1.42,1.50
2015.07.23 01:34:12.861,1.65223,1.65282,1.00,1.87
2015.07.23 01:34:13.063,1.65218,1.65273,1.37,1.12
2015.07.23 01:34:16.597,1.65219,1.65273,1.50,1.00
2015.07.23 01:34:18.776,1.65218,1.65273,1.37,1.37
2015.07.23 01:34:21.227,1.65216,1.65273,1.37,1.37
2015.07.23 01:34:35.115,1.65215,1.65271,1.75,1.00
2015.07.23 01:34:36.220,1.65218,1.65272,1.37,1.05
2015.07.23 01:34:46.472,1.65209,1.65265,2.62,1.75
2015.07.23 01:34:46.725,1.65215,1.65266,1.37,1.50
2015.07.23 01:34:46.826,1.65214,1.65273,1.00,2.25
2015.07.23 01:34:46.876,1.65214,1.65273,1.37,2.25
2015.07.23 01:34:47.884,1.65207,1.65266,1.75,1.37
2015.07.23 01:34:47.996,1.65207,1.6526,1.75,1.00
2015.07.23 01:34:48.298,1.65207,1.65265,1.75,1.75
2015.07.23 01:34:50.146,1.65202,1.65255,1.75,1.00
2015.07.23 01:34:50.197,1.65198,1.65247,1.87,1.00
2015.07.23 01:34:50.602,1.65197,1.65247,1.42,1.00
2015.07.23 01:34:50.804,1.65192,1.65245,1.87,1.12
2015.07.23 01:34:50.906,1.65191,1.65249,1.42,1.50
2015.07.23 01:34:51.007,1.65191,1.65247,1.05,1.50
2015.07.23 01:34:51.363,1.65192,1.65239,1.37,1.00
2015.07.23 01:34:51.810,1.65192,1.65246,1.37,1.37
2015.07.23 01:34:52.128,1.65188,1.65244,1.75,1.87
2015.07.23 01:34:52.389,1.65188,1.65244,1.50,1.87
2015.07.23 01:34:52.598,1.65188,1.65246,1.75,1.37
2015.07.23 01:34:53.010,1.65189,1.65242,1.75,1.00
2015.07.23 01:34:53.314,1.65189,1.65238,1.37,1.00
2015.07.23 01:34:53.517,1.65192,1.6524,1.37,1.00
2015.07.23 01:34:53.618,1.65192,1.65244,1.37,1.50
2015.07.23 01:34:53.930,1.65192,1.65242,1.37,1.00
2015.07.23 01:34:54.113,1.65192,1.65242,1.37,1.12
2015.07.23 01:34:54.618,1.65192,1.65241,1.37,1.00
2015.07.23 01:34:55.168,1.65192,1.65243,1.37,1.37
2015.07.23 01:34:55.532,1.65189,1.65243,1.75,1.87
2015.07.23 01:34:57.907,1.65187,1.65247,2.25,1.37
2015.07.23 01:34:58.022,1.6519,1.65248,1.12,1.42
2015.07.23 01:34:58.524,1.6519,1.65251,1.75,1.37
2015.07.23 01:34:58.625,1.65192,1.65247,1.75,1.00
2015.07.23 01:34:58.985,1.6519,1.65249,1.75,1.00
2015.07.23 01:34:59.137,1.6519,1.65248,1.75,1.87
2015.07.23 01:35:00.699,1.6519,1.6525,2.25,1.37
2015.07.23 01:35:00.978,1.6519,1.65243,1.75,1.00
2015.07.23 01:35:02.420,1.6519,1.65246,1.75,1.50
2015.07.23 01:35:04.351,1.6519,1.65249,1.75,1.37
2015.07.23 01:35:04.502,1.6519,1.65246,1.75,1.00
2015.07.23 01:35:05.221,1.6519,1.65249,1.75,1.37
2015.07.23 01:35:05.491,1.6519,1.65244,1.75,1.00
2015.07.23 01:35:06.022,1.6519,1.65252,1.75,2.62
2015.07.23 01:35:06.375,1.65193,1.65246,1.35,1.00
2015.07.23 01:35:06.476,1.65195,1.65251,1.75,1.12
2015.07.23 01:35:06.944,1.65196,1.65254,2.25,1.00
2015.07.23 01:35:07.439,1.65196,1.65252,1.75,1.00
2015.07.23 01:35:07.796,1.65194,1.65249,3.00,1.00
2015.07.23 01:35:07.996,1.65197,1.65253,1.75,1.37
2015.07.23 01:35:09.024,1.65194,1.65226,2.25,2.10
2015.07.23 01:35:09.074,1.65194,1.65226,1.50,2.10
2015.07.23 01:35:09.176,1.65191,1.65214,1.00,1.27
2015.07.23 01:35:09.361,1.65188,1.65196,1.00,1.37
2015.07.23 01:35:09.412,1.65141,1.65196,1.12,1.97
2015.07.23 01:35:09.564,1.65141,1.65196,1.12,1.50
2015.07.23 01:35:09.615,1.65141,1.65198,1.12,1.00
2015.07.23 01:35:09.717,1.65142,1.65204,1.00,1.42
2015.07.23 01:35:09.818,1.65144,1.65204,1.00,1.42
2015.07.23 01:35:11.061,1.65144,1.65204,2.25,1.42
2015.07.23 01:35:11.364,1.6515,1.65204,1.12,1.00
2015.07.23 01:35:11.709,1.65151,1.65206,1.35,1.00
2015.07.23 01:35:11.768,1.65163,1.65214,1.37,1.75
2015.07.23 01:35:11.870,1.65156,1.65206,1.37,1.37
2015.07.23 01:35:11.971,1.65156,1.65206,1.50,1.37
2015.07.23 01:35:12.072,1.65154,1.65206,1.75,1.37
2015.07.23 01:35:12.173,1.6515,1.65206,1.75,1.37
2015.07.23 01:35:12.566,1.65154,1.65206,1.37,1.50
2015.07.23 01:35:12.866,1.65153,1.65206,1.75,1.37
2015.07.23 01:35:14.907,1.65153,1.65207,1.75,2.55
2015.07.23 01:35:15.210,1.65153,1.65208,1.75,1.05
2015.07.23 01:35:15.261,1.65153,1.65209,2.25,2.55
2015.07.23 01:35:15.311,1.65154,1.65206,1.75,1.00
2015.07.23 01:35:15.707,1.65159,1.65206,1.75,1.00
2015.07.23 01:35:15.759,1.65164,1.65215,1.37,1.37
2015.07.23 01:35:20.727,1.65158,1.65215,1.37,1.37
2015.07.23 01:35:20.828,1.65157,1.65212,1.80,1.37
2015.07.23 01:35:21.029,1.65155,1.65207,1.37,1.00
2015.07.23 01:35:21.130,1.65155,1.65207,1.37,1.37
2015.07.23 01:35:21.452,1.65154,1.65206,1.50,1.37
2015.07.23 01:35:21.897,1.65154,1.65206,1.75,1.00
2015.07.23 01:35:22.149,1.65163,1.65214,1.37,1.12
2015.07.23 01:35:31.835,1.65163,1.65215,1.37,1.42
2015.07.23 01:35:36.348,1.65159,1.65207,1.75,1.37
2015.07.23 01:35:37.042,1.65155,1.65207,1.75,1.00
2015.07.23 01:35:37.543,1.65164,1.65215,1.50,1.42
2015.07.23 01:35:45.051,1.65164,1.65214,1.37,1.12
2015.07.23 01:35:47.701,1.65164,1.65214,1.75,1.50
2015.07.23 01:35:49.578,1.65164,1.65214,1.00,1.12
2015.07.23 01:35:49.880,1.65155,1.6521,1.37,2.25
2015.07.23 01:35:50.117,1.6515,1.65206,1.00,1.75
2015.07.23 01:35:50.521,1.65144,1.65202,1.87,1.37
2015.07.23 01:35:50.622,1.65151,1.65203,1.12,1.37
2015.07.23 01:35:50.724,1.65151,1.65206,1.12,1.00
2015.07.23 01:35:51.363,1.65151,1.65207,1.12,1.12
2015.07.23 01:35:51.724,1.65151,1.65207,1.12,1.87
2015.07.23 01:35:52.104,1.65151,1.65207,1.12,1.37
2015.07.23 01:35:55.827,1.65151,1.65207,1.12,1.75
2015.07.23 01:35:55.929,1.6515,1.65207,2.17,1.75
2015.07.23 01:35:56.548,1.65144,1.65203,1.12,1.75
2015.07.23 01:35:59.060,1.65149,1.65202,1.42,1.37
2015.07.23 01:35:59.463,1.65148,1.65204,1.05,1.87
2015.07.23 01:35:59.665,1.65149,1.65204,1.42,2.25
2015.07.23 01:36:00.086,1.6515,1.65207,1.12,3.00
2015.07.23 01:36:00.137,1.6515,1.65206,1.00,1.37
2015.07.23 01:36:00.742,1.65149,1.65207,1.05,2.25
2015.07.23 01:36:01.051,1.65149,1.65204,1.05,1.37
2015.07.23 01:36:01.153,1.65149,1.65204,1.42,1.50
2015.07.23 01:36:03.383,1.65149,1.65206,1.42,2.25
2015.07.23 01:36:03.484,1.65163,1.65206,1.75,1.00
2015.07.23 01:36:03.535,1.65167,1.65214,1.12,1.12
2015.07.23 01:36:03.586,1.65171,1.65216,1.00,1.00
2015.07.23 01:36:03.687,1.65186,1.65225,1.00,1.00
2015.07.23 01:36:03.939,1.65212,1.65261,1.00,1.00
2015.07.23 01:36:04.169,1.65216,1.65266,1.00,1.50
2015.07.23 01:36:04.270,1.6522,1.65266,1.50,1.00
2015.07.23 01:36:04.634,1.6522,1.65264,1.00,1.00
2015.07.23 01:36:04.685,1.65218,1.65264,1.00,1.00
2015.07.23 01:36:04.736,1.65218,1.65266,1.00,1.00
2015.07.23 01:36:04.837,1.65212,1.65266,1.12,1.00
2015.07.23 01:36:05.129,1.65209,1.6526,1.37,1.00
2015.07.23 01:36:05.230,1.65209,1.65266,1.37,1.00
2015.07.23 01:36:05.281,1.65209,1.65256,1.37,1.00
2015.07.23 01:36:05.799,1.65208,1.65257,1.37,1.00
2015.07.23 01:36:06.388,1.65208,1.65257,1.75,1.00
2015.07.23 01:36:06.881,1.65211,1.65257,1.50,1.00
2015.07.23 01:36:07.142,1.65208,1.65262,1.75,1.37
2015.07.23 01:36:08.188,1.65207,1.6526,1.75,1.87
2015.07.23 01:36:08.339,1.65203,1.65256,2.25,1.75
2015.07.23 01:36:08.441,1.65198,1.65244,1.00,1.37
2015.07.23 01:36:08.542,1.65187,1.65239,1.67,1.00
2015.07.23 01:36:08.643,1.65186,1.65236,1.00,1.00
2015.07.23 01:36:08.841,1.65177,1.65229,2.40,1.00
2015.07.23 01:36:08.942,1.65177,1.65236,2.40,1.50
2015.07.23 01:36:09.053,1.65177,1.65231,2.40,1.00
2015.07.23 01:36:09.162,1.65177,1.65236,2.40,1.50
2015.07.23 01:36:09.607,1.65177,1.65236,2.77,2.25
2015.07.23 01:36:12.002,1.65184,1.65236,1.00,1.75
2015.07.23 01:36:12.320,1.65184,1.6524,1.75,1.75
2015.07.23 01:36:13.021,1.65184,1.6524,1.75,1.75
2015.07.23 01:36:13.226,1.65184,1.6524,1.37,1.75
2015.07.23 01:36:13.429,1.65182,1.65236,1.12,1.75
2015.07.23 01:36:13.964,1.65174,1.65233,2.25,1.75
2015.07.23 01:36:21.472,1.65174,1.65233,1.75,1.37
2015.07.23 01:36:22.176,1.65174,1.65233,1.75,1.75
2015.07.23 01:36:22.499,1.65174,1.65233,1.00,1.75
2015.07.23 01:36:22.550,1.6517,1.65231,1.42,2.25
2015.07.23 01:36:22.601,1.6517,1.65231,1.42,2.25
2015.07.23 01:36:22.812,1.65171,1.65225,1.12,1.12
2015.07.23 01:36:23.125,1.65171,1.65225,1.12,1.37
2015.07.23 01:36:23.596,1.65171,1.65225,1.12,1.12
2015.07.23 01:36:30.171,1.65174,1.65223,1.50,1.00
2015.07.23 01:36:30.222,1.65169,1.65223,1.42,1.87
2015.07.23 01:36:34.687,1.65169,1.65222,1.42,1.87
2015.07.23 01:36:34.738,1.65169,1.65223,1.42,1.87
2015.07.23 01:36:34.789,1.65169,1.6522,1.42,1.75
2015.07.23 01:36:34.996,1.65158,1.6521,1.37,1.37
2015.07.23 01:36:42.812,1.65154,1.65205,1.75,1.00
2015.07.23 01:36:43.064,1.65154,1.65209,1.75,1.87
2015.07.23 01:36:47.054,1.65153,1.65208,1.75,1.37
2015.07.23 01:36:52.695,1.65151,1.65205,1.97,1.75
2015.07.23 01:36:52.847,1.65153,1.65203,1.75,1.37
2015.07.23 01:36:52.898,1.65151,1.65203,1.35,1.37
2015.07.23 01:36:53.100,1.65153,1.65205,1.00,1.05
2015.07.23 01:36:53.151,1.65144,1.65205,1.00,1.05
2015.07.23 01:36:53.203,1.65144,1.65197,1.00,1.00
2015.07.23 01:36:53.304,1.65143,1.652,1.00,1.00
2015.07.23 01:36:53.355,1.65143,1.65199,1.00,1.05
2015.07.23 01:36:53.696,1.65154,1.65199,1.00,1.05
2015.07.23 01:36:53.898,1.65142,1.65199,1.00,1.05
2015.07.23 01:36:53.999,1.65144,1.65199,1.00,1.00
2015.07.23 01:36:54.503,1.65144,1.65198,1.37,1.37
2015.07.23 01:36:54.850,1.65144,1.65198,1.75,1.12
2015.07.23 01:36:55.440,1.65144,1.65198,1.75,2.25
2015.07.23 01:36:55.541,1.65144,1.65196,1.37,1.50
2015.07.23 01:36:55.805,1.65137,1.6519,1.50,1.37
2015.07.23 01:36:57.642,1.65134,1.65189,1.37,1.50
2015.07.23 01:36:57.844,1.65126,1.65186,1.75,1.75
2015.07.23 01:36:58.194,1.65125,1.65184,1.12,1.50
2015.07.23 01:36:58.547,1.65125,1.65186,1.12,1.37
2015.07.23 01:36:59.152,1.6513,1.65186,1.75,1.37
2015.07.23 01:36:59.354,1.65133,1.65186,1.50,1.37
2015.07.23 01:37:03.758,1.65134,1.65193,1.37,1.75
2015.07.23 01:37:04.411,1.65134,1.65195,1.37,2.25
2015.07.23 01:37:06.593,1.65134,1.65195,1.75,2.25
2015.07.23 01:37:07.269,1.65134,1.65195,1.75,2.25
2015.07.23 01:37:14.987,1.65134,1.65194,1.75,1.12
2015.07.23 01:37:25.563,1.65135,1.65194,1.75,1.37
2015.07.23 01:37:27.546,1.65144,1.65194,1.00,1.37
2015.07.23 01:37:46.350,1.65141,1.65195,1.37,1.75
2015.07.23 01:37:46.773,1.65137,1.65191,1.42,1.50
2015.07.23 01:37:47.084,1.65138,1.65195,1.00,2.25
2015.07.23 01:37:48.766,1.65135,1.6519,2.25,1.37
2015.07.23 01:37:49.475,1.65137,1.65194,1.75,1.12
2015.07.23 01:37:49.727,1.65147,1.65198,1.05,1.37
2015.07.23 01:37:49.778,1.65153,1.65205,1.00,1.00
2015.07.23 01:37:49.879,1.65158,1.65217,1.00,1.00
2015.07.23 01:37:49.929,1.65161,1.65217,1.00,1.00
2015.07.23 01:37:50.232,1.65164,1.65212,1.00,1.05
2015.07.23 01:37:50.550,1.65164,1.65208,1.00,1.00
2015.07.23 01:37:50.933,1.65164,1.65206,1.00,1.00
2015.07.23 01:37:51.249,1.65164,1.65209,1.00,1.75
2015.07.23 01:37:53.289,1.65154,1.65208,1.37,2.25
2015.07.23 01:37:53.402,1.65154,1.65208,1.87,1.37
2015.07.23 01:37:53.503,1.65163,1.65211,1.00,1.12
2015.07.23 01:37:53.605,1.65163,1.65212,1.00,1.80
2015.07.23 01:37:53.656,1.65157,1.65212,1.37,1.80
2015.07.23 01:37:53.757,1.65157,1.65211,1.12,1.12
2015.07.23 01:38:03.951,1.65158,1.6521,1.00,2.25
2015.07.23 01:38:04.769,1.65163,1.65213,1.00,1.37
2015.07.23 01:38:04.904,1.65163,1.65213,1.12,1.37
2015.07.23 01:38:05.829,1.65164,1.65218,1.00,1.75
2015.07.23 01:38:06.265,1.65171,1.65224,1.00,1.12
2015.07.23 01:38:06.316,1.65171,1.65225,1.37,1.42
2015.07.23 01:38:06.644,1.65169,1.65224,1.12,1.12
2015.07.23 01:38:07.402,1.65169,1.65225,1.12,1.80
2015.07.23 01:38:10.519,1.6517,1.65223,1.00,1.37
2015.07.23 01:38:12.719,1.65171,1.65225,1.00,1.80
2015.07.23 01:38:13.648,1.65166,1.65224,1.37,1.12
2015.07.23 01:38:14.152,1.65177,1.65224,1.00,1.12
2015.07.23 01:38:14.355,1.65177,1.65224,1.00,1.00
2015.07.23 01:38:14.407,1.6518,1.65224,1.00,1.00
2015.07.23 01:38:14.509,1.65178,1.65224,1.00,1.00
2015.07.23 01:38:14.762,1.65178,1.65225,1.00,1.42
2015.07.23 01:38:14.964,1.65178,1.65225,1.00,1.42
2015.07.23 01:38:15.583,1.65181,1.65225,1.00,1.42
2015.07.23 01:38:16.350,1.65179,1.65225,1.00,1.42
2015.07.23 01:38:16.703,1.65181,1.65225,1.00,1.00
2015.07.23 01:38:17.489,1.65179,1.65226,1.00,1.37
2015.07.23 01:38:17.893,1.65182,1.65229,1.00,1.87
2015.07.23 01:38:18.471,1.65184,1.65228,1.00,1.37
2015.07.23 01:38:18.572,1.65181,1.65229,1.00,1.87
2015.07.23 01:38:18.774,1.65183,1.65226,1.00,1.37
2015.07.23 01:38:19.096,1.65179,1.6523,1.00,1.50
2015.07.23 01:38:19.147,1.65184,1.65226,1.00,1.37
2015.07.23 01:38:19.248,1.65179,1.65229,1.00,1.37
2015.07.23 01:38:19.450,1.65184,1.65228,1.00,1.87
2015.07.23 01:38:19.552,1.65179,1.6523,1.00,1.50
2015.07.23 01:38:19.804,1.65181,1.65227,1.00,1.37
2015.07.23 01:38:20.345,1.65181,1.65227,1.37,1.00
2015.07.23 01:38:20.564,1.6519,1.65236,1.12,2.17
2015.07.23 01:38:20.665,1.65196,1.65243,1.37,1.42
2015.07.23 01:38:20.817,1.652,1.65252,1.00,1.05
2015.07.23 01:38:20.868,1.65202,1.65252,1.00,1.05
2015.07.23 01:38:21.019,1.65204,1.65254,1.00,1.00
2015.07.23 01:38:21.675,1.65204,1.65254,1.37,1.00
2015.07.23 01:38:21.905,1.65204,1.6526,1.37,1.05
2015.07.23 01:38:22.311,1.65207,1.6526,1.00,1.05
2015.07.23 01:38:22.885,1.65205,1.65255,1.00,1.37
2015.07.23 01:38:23.087,1.65206,1.65256,1.00,1.00
2015.07.23 01:38:23.358,1.65207,1.65258,1.00,1.12
2015.07.23 01:38:23.408,1.65209,1.65258,1.00,1.12
2015.07.23 01:38:23.510,1.65204,1.65257,1.12,1.00
2015.07.23 01:38:23.611,1.65206,1.65255,1.00,1.00
2015.07.23 01:38:24.106,1.652,1.65255,1.50,2.25
2015.07.23 01:38:24.409,1.652,1.6525,1.00,1.37
2015.07.23 01:38:24.662,1.65203,1.65251,1.00,1.50
2015.07.23 01:38:24.712,1.65205,1.65252,1.00,1.42
2015.07.23 01:38:24.864,1.65202,1.65251,1.00,1.50
2015.07.23 01:38:25.152,1.6521,1.65256,1.00,1.00
2015.07.23 01:38:25.376,1.6521,1.65259,1.00,1.12
2015.07.23 01:38:25.629,1.65208,1.6526,1.00,1.05
2015.07.23 01:38:25.878,1.65208,1.6526,1.00,1.42
2015.07.23 01:38:26.514,1.6521,1.6526,1.00,1.42
2015.07.23 01:38:26.851,1.65213,1.6526,1.00,1.42
2015.07.23 01:38:27.021,1.6521,1.65262,1.37,1.12
2015.07.23 01:38:27.655,1.65213,1.65265,1.00,1.75
2015.07.23 01:38:27.807,1.65211,1.65261,1.00,1.87
2015.07.23 01:38:28.680,1.65213,1.6526,1.00,1.37
2015.07.23 01:38:30.792,1.6521,1.65261,1.12,1.37
2015.07.23 01:38:30.894,1.65213,1.65258,1.00,1.12
2015.07.23 01:38:30.995,1.6521,1.65261,1.12,1.87
2015.07.23 01:38:31.146,1.6521,1.65256,1.12,1.00
2015.07.23 01:38:31.449,1.65212,1.65261,1.00,1.37
2015.07.23 01:38:31.529,1.6521,1.65261,1.12,1.37
2015.07.23 01:38:32.102,1.65211,1.65255,1.00,1.00
2015.07.23 01:38:32.688,1.65209,1.65256,1.37,1.50
2015.07.23 01:38:33.198,1.65209,1.65257,1.37,1.50
2015.07.23 01:38:33.749,1.65208,1.65258,1.37,1.12
2015.07.23 01:38:35.081,1.65208,1.65258,1.00,1.00
2015.07.23 01:38:35.283,1.65208,1.65257,1.00,1.37
2015.07.23 01:38:35.746,1.65206,1.65258,1.00,1.37
2015.07.23 01:38:36.177,1.65212,1.65261,1.12,1.12
2015.07.23 01:38:36.507,1.65215,1.65256,1.00,1.00
2015.07.23 01:38:36.558,1.65215,1.65259,1.00,1.00
2015.07.23 01:38:36.659,1.65215,1.65256,1.00,1.00
2015.07.23 01:38:36.715,1.65215,1.65259,1.00,1.00
2015.07.23 01:38:36.816,1.65218,1.65265,1.00,1.87
2015.07.23 01:38:36.967,1.6522,1.65264,1.00,1.00
2015.07.23 01:38:37.248,1.65218,1.65265,1.00,1.87
2015.07.23 01:38:37.464,1.65209,1.65261,1.50,1.00
2015.07.23 01:38:37.565,1.65209,1.65264,1.50,1.00
2015.07.23 01:38:37.921,1.65211,1.65264,1.75,1.00
2015.07.23 01:38:37.972,1.65211,1.65266,1.75,1.50
2015.07.23 01:38:38.073,1.65219,1.65263,1.37,1.00
2015.07.23 01:38:38.174,1.65219,1.65265,1.37,1.00
2015.07.23 01:38:38.326,1.65219,1.65268,1.37,1.87
2015.07.23 01:38:38.762,1.65223,1.65284,1.37,1.12
2015.07.23 01:38:38.813,1.6523,1.65285,1.37,1.42
2015.07.23 01:38:39.138,1.6523,1.65283,1.37,1.37
2015.07.23 01:38:40.789,1.65228,1.6528,1.75,1.00
2015.07.23 01:38:41.304,1.6523,1.65278,1.37,1.00
2015.07.23 01:38:42.557,1.6523,1.65283,1.37,2.62
2015.07.23 01:38:44.768,1.65237,1.65285,2.10,1.05
2015.07.23 01:38:44.819,1.65237,1.65286,2.10,2.55
2015.07.23 01:38:44.870,1.65251,1.65286,1.65,1.50
2015.07.23 01:38:44.921,1.65254,1.65286,1.35,1.00
2015.07.23 01:38:44.971,1.65261,1.65303,1.37,1.00
2015.07.23 01:38:45.022,1.65261,1.65306,1.37,1.37
2015.07.23 01:38:45.123,1.65254,1.65306,1.00,1.12
2015.07.23 01:38:45.174,1.65251,1.6531,2.17,1.87
2015.07.23 01:38:45.455,1.65251,1.65297,1.42,1.00
2015.07.23 01:38:45.506,1.65239,1.65296,1.75,1.00
2015.07.23 01:38:46.132,1.65243,1.653,1.37,1.42
2015.07.23 01:38:46.182,1.65249,1.65303,1.00,1.50
2015.07.23 01:38:46.435,1.65249,1.65305,1.12,1.37
2015.07.23 01:38:47.137,1.65246,1.65297,1.37,1.00
2015.07.23 01:38:47.238,1.65246,1.65296,1.37,1.00
2015.07.23 01:38:47.598,1.65249,1.65297,1.00,1.12
2015.07.23 01:38:47.951,1.65247,1.65297,1.12,1.12
2015.07.23 01:38:48.285,1.65247,1.65295,1.12,1.00
2015.07.23 01:38:48.336,1.65247,1.65297,1.12,1.12
2015.07.23 01:38:49.386,1.65244,1.65297,1.12,1.00
2015.07.23 01:38:49.723,1.65244,1.65296,1.00,1.37
2015.07.23 01:38:50.026,1.65234,1.65284,1.12,1.00
2015.07.23 01:38:50.329,1.65237,1.65286,1.00,1.87
2015.07.23 01:38:50.748,1.65234,1.65286,1.12,1.37
2015.07.23 01:38:51.245,1.65231,1.6528,1.00,1.12
2015.07.23 01:38:51.598,1.65228,1.65281,1.12,1.37
2015.07.23 01:38:51.649,1.65228,1.65277,1.00,1.50
2015.07.23 01:38:51.700,1.65226,1.65277,1.00,1.50
2015.07.23 01:38:51.932,1.6522,1.65272,1.37,1.12
2015.07.23 01:38:53.508,1.6522,1.65275,1.97,1.37
2015.07.23 01:38:53.559,1.6522,1.65274,1.97,1.00
2015.07.23 01:38:53.660,1.65233,1.65287,1.35,3.00
2015.07.23 01:38:53.962,1.65244,1.65297,1.97,1.75
2015.07.23 01:38:54.064,1.65247,1.65297,1.60,1.00
2015.07.23 01:38:54.594,1.65249,1.65301,1.35,1.00
2015.07.23 01:38:54.796,1.65249,1.65307,1.35,1.37
2015.07.23 01:38:54.846,1.65249,1.65307,2.10,1.37
2015.07.23 01:38:55.591,1.65253,1.65296,1.37,1.00
2015.07.23 01:38:56.128,1.65252,1.65297,1.50,1.00
2015.07.23 01:39:00.105,1.65252,1.65296,1.50,1.00
2015.07.23 01:39:00.156,1.65252,1.65296,1.00,1.00
2015.07.23 01:39:00.695,1.65252,1.65296,1.75,1.00
2015.07.23 01:39:00.796,1.65252,1.65306,1.75,1.12
2015.07.23 01:39:00.897,1.65252,1.65306,1.75,1.37
2015.07.23 01:39:00.999,1.65252,1.65306,2.25,1.00
2015.07.23 01:39:01.532,1.65263,1.65307,1.12,1.00
2015.07.23 01:39:01.886,1.65263,1.65307,1.00,1.37
2015.07.23 01:39:02.415,1.65258,1.65307,1.37,1.37
2015.07.23 01:39:02.466,1.65258,1.65306,1.37,1.37
2015.07.23 01:39:02.567,1.65253,1.65306,1.37,1.50
2015.07.23 01:39:02.668,1.65253,1.65309,1.50,1.87
2015.07.23 01:39:02.769,1.65257,1.65296,1.37,1.00
2015.07.23 01:39:02.870,1.65257,1.65304,1.37,1.12
2015.07.23 01:39:03.399,1.65259,1.65306,1.00,1.37
2015.07.23 01:39:03.761,1.65259,1.65306,1.97,1.12
2015.07.23 01:39:06.995,1.65263,1.6531,1.35,1.42
2015.07.23 01:39:07.912,1.65264,1.65313,1.35,1.37
2015.07.23 01:39:08.114,1.65268,1.65315,1.35,1.00
2015.07.23 01:39:08.165,1.65269,1.65318,1.50,1.37
2015.07.23 01:39:08.624,1.65271,1.65316,1.37,1.00
2015.07.23 01:39:09.019,1.65271,1.65316,1.00,1.37
2015.07.23 01:39:09.852,1.65268,1.65317,1.30,1.87
2015.07.23 01:39:10.673,1.65266,1.65316,1.97,2.25
2015.07.23 01:39:10.774,1.65268,1.65316,1.30,2.62
2015.07.23 01:39:12.534,1.65268,1.65316,1.30,2.25
2015.07.23 01:39:12.635,1.65268,1.65316,2.10,1.00
2015.07.23 01:39:12.736,1.65271,1.65316,1.37,1.12
2015.07.23 01:39:13.219,1.65269,1.65315,1.00,1.50
2015.07.23 01:39:13.269,1.65269,1.65315,1.00,1.37
2015.07.23 01:39:13.522,1.65269,1.65306,1.00,1.00
2015.07.23 01:39:14.128,1.65267,1.65306,1.60,1.00
2015.07.23 01:39:14.741,1.65267,1.65315,1.72,1.00
2015.07.23 01:39:14.792,1.65269,1.65315,1.00,1.37
2015.07.23 01:39:15.095,1.65263,1.6531,1.00,1.75
2015.07.23 01:39:15.297,1.6526,1.65312,1.12,1.75
2015.07.23 01:39:15.833,1.6526,1.65306,1.37,1.00
2015.07.23 01:39:15.959,1.6526,1.65307,1.12,1.50
2015.07.23 01:39:16.698,1.6526,1.65307,1.37,2.62
2015.07.23 01:39:16.802,1.65263,1.65305,1.00,1.37
2015.07.23 01:39:16.907,1.65263,1.65304,1.00,1.00
2015.07.23 01:39:17.008,1.65263,1.65305,1.00,1.87
2015.07.23 01:39:17.217,1.65261,1.65305,1.00,1.87
2015.07.23 01:39:18.905,1.65261,1.65306,1.00,1.00
2015.07.23 01:39:20.610,1.6526,1.65306,1.00,1.50
2015.07.23 01:39:23.689,1.6526,1.65306,1.00,1.37
2015.07.23 01:39:25.648,1.65263,1.65307,1.00,1.37
2015.07.23 01:39:25.800,1.65263,1.65307,1.00,1.12
2015.07.23 01:39:26.134,1.65263,1.65307,1.00,1.37
2015.07.23 01:39:26.235,1.6526,1.65307,1.00,1.37
2015.07.23 01:39:28.415,1.65263,1.65307,1.00,1.37
2015.07.23 01:39:28.947,1.65261,1.65307,1.00,1.37
2015.07.23 01:39:29.822,1.65262,1.65307,1.00,1.37
2015.07.23 01:39:34.777,1.65261,1.65306,1.00,1.37
2015.07.23 01:39:35.340,1.65262,1.65305,1.00,1.37
2015.07.23 01:39:36.108,1.65258,1.65303,1.12,1.00
2015.07.23 01:39:36.213,1.65258,1.65297,1.12,1.00
2015.07.23 01:39:36.651,1.65256,1.65294,1.00,1.00
2015.07.23 01:39:36.752,1.65256,1.65296,1.00,1.50
2015.07.23 01:39:36.904,1.65252,1.65296,1.00,1.50
2015.07.23 01:39:36.955,1.65252,1.65294,1.00,1.00
2015.07.23 01:39:37.107,1.6525,1.65294,1.00,1.00
2015.07.23 01:39:37.618,1.6525,1.65296,1.00,1.00
2015.07.23 01:39:37.668,1.65252,1.65296,1.00,1.00
2015.07.23 01:39:42.429,1.65252,1.65295,1.00,1.00
2015.07.23 01:39:42.973,1.65251,1.65296,1.00,2.25
2015.07.23 01:39:43.318,1.65249,1.65292,1.00,1.50
2015.07.23 01:39:43.624,1.65249,1.65289,1.00,1.00
2015.07.23 01:39:43.675,1.65249,1.65293,1.00,1.00
2015.07.23 01:39:43.776,1.65249,1.65294,1.37,1.00
2015.07.23 01:39:43.928,1.65249,1.65294,1.00,1.87
2015.07.23 01:39:43.978,1.65249,1.65291,1.00,1.00
2015.07.23 01:39:44.080,1.65249,1.65294,1.37,1.00
2015.07.23 01:39:44.130,1.65249,1.6529,1.37,1.00
2015.07.23 01:39:44.231,1.65249,1.65293,1.00,1.00
2015.07.23 01:39:44.282,1.65249,1.65291,1.00,1.00
2015.07.23 01:39:44.434,1.65249,1.65293,1.00,1.00
2015.07.23 01:39:44.484,1.65249,1.65289,1.00,1.00
2015.07.23 01:39:44.586,1.65249,1.65294,1.00,1.00
2015.07.23 01:39:45.038,1.65249,1.6529,1.00,1.00
2015.07.23 01:39:45.996,1.65248,1.6529,1.12,1.50
2015.07.23 01:39:46.349,1.65243,1.65289,1.00,1.12
2015.07.23 01:39:46.450,1.65238,1.6528,1.37,1.00
2015.07.23 01:39:46.762,1.65238,1.65275,1.00,1.00
2015.07.23 01:39:46.813,1.65235,1.65275,1.00,1.00
2015.07.23 01:39:47.280,1.65235,1.65273,1.00,1.00
2015.07.23 01:39:47.331,1.65231,1.65273,1.37,1.00
2015.07.23 01:39:47.657,1.65231,1.65267,1.37,1.00
2015.07.23 01:39:47.987,1.65231,1.65275,1.37,1.00
2015.07.23 01:39:48.489,1.65231,1.65276,1.00,2.25
2015.07.23 01:39:49.036,1.65231,1.65275,1.00,1.50
2015.07.23 01:39:49.563,1.65231,1.65266,1.00,1.00
2015.07.23 01:39:49.613,1.65228,1.65275,1.37,1.50
2015.07.23 01:39:49.664,1.65228,1.65272,1.37,1.00
2015.07.23 01:39:50.000,1.65231,1.65267,1.12,1.00
2015.07.23 01:39:50.554,1.65231,1.65266,1.12,1.00
2015.07.23 01:39:51.791,1.65231,1.65267,1.12,1.00
2015.07.23 01:39:52.094,1.65238,1.65266,1.37,1.00
2015.07.23 01:39:52.145,1.65238,1.65277,1.00,1.00
2015.07.23 01:39:52.196,1.65228,1.65277,1.37,1.00
2015.07.23 01:39:52.247,1.65226,1.65257,1.37,1.00
2015.07.23 01:39:52.757,1.65226,1.65257,1.37,1.00
2015.07.23 01:39:52.908,1.65226,1.65266,1.00,1.00
2015.07.23 01:39:52.959,1.65216,1.65266,1.12,1.87
2015.07.23 01:39:53.010,1.65216,1.65257,1.00,1.00
2015.07.23 01:39:53.111,1.65216,1.65265,1.00,1.37
2015.07.23 01:39:53.162,1.65219,1.65255,1.00,1.00
2015.07.23 01:39:53.263,1.65219,1.65259,1.00,1.00
2015.07.23 01:39:53.314,1.65219,1.65255,1.00,1.00
2015.07.23 01:39:53.466,1.65219,1.65257,1.00,1.00
2015.07.23 01:39:53.567,1.65216,1.65259,1.00,1.00
2015.07.23 01:39:53.745,1.65216,1.65262,1.00,1.00
2015.07.23 01:39:53.807,1.65219,1.65262,1.00,1.00
2015.07.23 01:39:54.158,1.65216,1.65261,1.00,1.12
2015.07.23 01:39:54.259,1.65216,1.65256,1.00,1.00
2015.07.23 01:39:54.362,1.65212,1.65255,1.00,1.00
2015.07.23 01:39:54.463,1.65212,1.6525,1.00,1.00
2015.07.23 01:39:54.767,1.65212,1.65255,1.00,1.00
2015.07.23 01:39:54.899,1.65212,1.65261,1.00,1.37
2015.07.23 01:39:55.311,1.65212,1.65256,1.00,1.00
2015.07.23 01:39:55.620,1.65219,1.65263,1.60,1.00
2015.07.23 01:39:55.671,1.65219,1.65266,1.60,1.00
2015.07.23 01:39:55.722,1.65231,1.65266,1.12,1.00
2015.07.23 01:39:55.823,1.65221,1.65267,2.17,1.00
2015.07.23 01:39:55.874,1.65223,1.65281,1.05,1.75
2015.07.23 01:39:55.925,1.65223,1.65276,1.05,1.75
2015.07.23 01:39:56.076,1.65211,1.65256,1.37,1.00
2015.07.23 01:39:56.430,1.65207,1.65252,1.37,1.00
2015.07.23 01:39:56.582,1.65207,1.65254,1.37,1.00
2015.07.23 01:39:56.633,1.65207,1.65256,1.37,1.12
2015.07.23 01:39:56.785,1.65206,1.65257,1.00,1.87
2015.07.23 01:39:56.835,1.65206,1.65253,1.00,1.00
2015.07.23 01:39:57.037,1.65207,1.65255,1.00,1.00
2015.07.23 01:39:57.088,1.65207,1.65253,1.00,1.00
2015.07.23 01:39:57.391,1.65211,1.65254,1.00,1.00
2015.07.23 01:39:57.882,1.65211,1.65252,1.00,1.50
2015.07.23 01:39:58.207,1.65211,1.6525,1.00,1.50
2015.07.23 01:39:58.519,1.65231,1.65266,1.00,1.67
2015.07.23 01:39:58.570,1.65234,1.65266,1.00,1.00
2015.07.23 01:39:58.671,1.6522,1.65276,1.05,1.75
2015.07.23 01:39:58.722,1.65216,1.65257,1.05,1.00
2015.07.23 01:39:58.772,1.65213,1.65257,1.00,1.00
2015.07.23 01:39:58.877,1.6521,1.65254,1.37,1.00
2015.07.23 01:39:59.182,1.65207,1.65247,1.00,1.00
2015.07.23 01:39:59.382,1.65204,1.6525,1.12,1.00
2015.07.23 01:39:59.483,1.65204,1.65248,1.00,1.00
2015.07.23 01:39:59.786,1.65195,1.6524,1.80,1.00
2015.07.23 01:40:00.139,1.65196,1.65243,1.37,1.00
2015.07.23 01:40:00.291,1.65202,1.65247,1.12,1.00
2015.07.23 01:40:00.341,1.65207,1.65247,1.00,1.00
2015.07.23 01:40:00.753,1.65205,1.65247,1.00,1.50
2015.07.23 01:40:00.855,1.65205,1.65252,1.00,1.00
2015.07.23 01:40:01.135,1.65205,1.65257,1.00,2.25
2015.07.23 01:40:01.463,1.65205,1.65248,1.00,1.00
2015.07.23 01:40:01.978,1.65205,1.65247,1.00,1.00
2015.07.23 01:40:02.707,1.65204,1.65248,1.12,1.50
2015.07.23 01:40:03.227,1.65204,1.65247,1.12,1.50
2015.07.23 01:40:03.882,1.65204,1.65246,1.12,1.00
2015.07.23 01:40:05.170,1.65204,1.65247,1.12,2.25
2015.07.23 01:40:05.724,1.65201,1.65246,1.37,1.50
2015.07.23 01:40:05.969,1.65201,1.65246,1.00,1.50
2015.07.23 01:40:06.510,1.65201,1.65243,1.00,1.00
2015.07.23 01:40:06.561,1.65199,1.65246,1.00,2.25
2015.07.23 01:40:06.914,1.65199,1.65243,1.00,1.00
2015.07.23 01:40:07.240,1.65202,1.65243,1.00,1.50
2015.07.23 01:40:07.585,1.65198,1.65243,1.00,1.50
2015.07.23 01:40:08.209,1.65201,1.65243,1.00,1.50
2015.07.23 01:40:08.310,1.65203,1.65247,1.00,2.25
2015.07.23 01:40:08.891,1.65203,1.65246,1.00,1.00
2015.07.23 01:40:10.148,1.65203,1.65244,1.00,1.00
2015.07.23 01:40:10.666,1.65203,1.65243,1.00,1.50
2015.07.23 01:40:12.112,1.65203,1.65246,1.00,1.00
2015.07.23 01:40:12.364,1.65203,1.65241,1.00,1.00
2015.07.23 01:40:12.836,1.65203,1.65244,1.00,1.50
2015.07.23 01:40:13.289,1.65206,1.65244,1.00,1.50
2015.07.23 01:40:14.725,1.65206,1.65245,1.00,1.50
2015.07.23 01:40:15.325,1.65206,1.65244,1.00,1.00
2015.07.23 01:40:16.848,1.6521,1.65244,1.00,1.00
2015.07.23 01:40:16.949,1.65208,1.65257,1.00,1.37
2015.07.23 01:40:17.000,1.65208,1.65256,1.12,1.00
2015.07.23 01:40:17.051,1.6521,1.65255,1.00,1.00
2015.07.23 01:40:17.399,1.65214,1.65256,1.00,1.00
2015.07.23 01:40:18.979,1.65214,1.65258,1.00,1.50
2015.07.23 01:40:19.535,1.65214,1.65257,1.00,1.00
2015.07.23 01:40:20.438,1.65215,1.65257,1.00,1.50
2015.07.23 01:40:20.488,1.65205,1.65254,1.75,1.00
2015.07.23 01:40:20.791,1.65228,1.65267,1.75,1.00
2015.07.23 01:40:20.993,1.65229,1.65266,1.00,1.00
2015.07.23 01:40:21.095,1.65229,1.65276,1.00,1.37
2015.07.23 01:40:21.145,1.65234,1.65276,1.00,1.37
2015.07.23 01:40:21.246,1.65234,1.65276,1.00,1.00
2015.07.23 01:40:21.549,1.65236,1.65281,1.00,1.37
2015.07.23 01:40:21.890,1.65233,1.65281,1.00,1.37
2015.07.23 01:40:22.349,1.65239,1.6528,1.00,1.37
2015.07.23 01:40:22.651,1.65239,1.65276,1.00,1.00
2015.07.23 01:40:22.752,1.65237,1.65276,1.00,1.00
2015.07.23 01:40:23.481,1.65237,1.65274,1.00,1.00
2015.07.23 01:40:23.632,1.65237,1.65277,1.00,1.50
2015.07.23 01:40:23.977,1.65237,1.65274,1.00,1.00
2015.07.23 01:40:24.280,1.65237,1.65276,1.00,1.00
2015.07.23 01:40:24.707,1.65237,1.65278,1.00,1.00
2015.07.23 01:40:25.031,1.65237,1.6528,1.00,1.50
2015.07.23 01:40:25.082,1.65239,1.6528,1.00,1.50
2015.07.23 01:40:25.763,1.65238,1.65279,1.00,1.00
2015.07.23 01:40:25.829,1.65235,1.65279,1.00,1.00
2015.07.23 01:40:27.085,1.65235,1.65277,1.00,1.00
2015.07.23 01:40:27.337,1.65234,1.6528,1.00,1.00
2015.07.23 01:40:27.466,1.65234,1.65276,1.00,1.00
2015.07.23 01:40:29.457,1.65234,1.65271,1.00,1.00
2015.07.23 01:40:31.561,1.65234,1.65275,1.00,1.50
2015.07.23 01:40:33.710,1.65234,1.65273,1.00,1.00
2015.07.23 01:40:34.225,1.65234,1.65272,1.00,1.00
2015.07.23 01:40:34.276,1.65234,1.65274,1.00,1.00
2015.07.23 01:40:36.386,1.65234,1.65275,1.00,1.50
2015.07.23 01:40:38.171,1.65234,1.65274,1.00,1.00
2015.07.23 01:40:38.873,1.65234,1.6527,1.00,1.00
2015.07.23 01:40:39.075,1.65234,1.65273,1.00,1.00
2015.07.23 01:40:39.805,1.65234,1.65271,1.00,1.00
2015.07.23 01:40:40.208,1.65234,1.65269,1.00,1.00
2015.07.23 01:40:41.085,1.65234,1.65272,1.00,1.00
2015.07.23 01:40:42.920,1.65234,1.6527,1.00,1.00
2015.07.23 01:40:43.072,1.6523,1.65268,1.00,1.00
2015.07.23 01:40:43.123,1.6523,1.65266,1.00,1.00
2015.07.23 01:40:43.426,1.65226,1.6526,1.00,1.00
2015.07.23 01:40:43.477,1.65224,1.6526,1.00,1.00
2015.07.23 01:40:43.730,1.65223,1.65264,1.00,1.00
2015.07.23 01:40:44.013,1.65223,1.65267,1.00,1.50
2015.07.23 01:40:44.064,1.65223,1.65264,1.00,1.00
2015.07.23 01:40:44.283,1.65223,1.65266,1.00,1.00
2015.07.23 01:40:45.185,1.65223,1.65265,1.00,1.00
2015.07.23 01:40:45.686,1.65223,1.65261,1.00,1.00
2015.07.23 01:40:47.841,1.65223,1.65263,1.00,1.00
2015.07.23 01:40:47.990,1.65223,1.65261,1.00,1.00
2015.07.23 01:40:48.696,1.65223,1.6526,1.00,1.00
2015.07.23 01:40:50.494,1.65223,1.65261,1.00,1.00
2015.07.23 01:40:50.546,1.65223,1.65263,1.00,1.00
2015.07.23 01:40:50.695,1.65223,1.6526,1.00,1.00
2015.07.23 01:40:50.949,1.65223,1.65263,1.00,1.50
2015.07.23 01:40:51.656,1.65223,1.65262,1.00,1.00
2015.07.23 01:40:52.350,1.65223,1.65263,1.00,1.50
2015.07.23 01:40:53.675,1.65223,1.65262,1.00,1.00
2015.07.23 01:40:53.776,1.65225,1.65262,1.00,1.00
2015.07.23 01:40:55.111,1.65225,1.65265,1.00,1.50
2015.07.23 01:40:55.345,1.65228,1.65266,1.00,1.00
2015.07.23 01:40:55.550,1.65236,1.65276,1.00,1.12
2015.07.23 01:40:55.651,1.65236,1.65282,1.00,1.42
2015.07.23 01:40:55.853,1.65236,1.65284,1.00,1.37
2015.07.23 01:40:55.904,1.65234,1.65284,1.00,1.37
2015.07.23 01:40:55.955,1.65234,1.65276,1.00,1.00
2015.07.23 01:40:56.298,1.65236,1.65276,1.00,1.00
2015.07.23 01:40:56.807,1.65236,1.65277,1.00,1.50
2015.07.23 01:40:57.110,1.65235,1.65274,1.00,1.00
2015.07.23 01:40:58.618,1.65236,1.65274,1.00,1.00
2015.07.23 01:41:01.152,1.65237,1.65274,1.00,1.00
2015.07.23 01:41:02.868,1.65237,1.65275,1.00,1.50
2015.07.23 01:41:03.372,1.65237,1.65274,1.00,1.50
2015.07.23 01:41:05.878,1.65236,1.65275,1.00,1.50
2015.07.23 01:41:06.929,1.65236,1.65271,1.00,1.00
2015.07.23 01:41:07.030,1.65236,1.65275,1.00,1.50
2015.07.23 01:41:07.081,1.65236,1.65271,1.00,1.00
2015.07.23 01:41:07.434,1.65236,1.65273,1.00,1.00
2015.07.23 01:41:07.586,1.65236,1.65275,1.00,1.00
2015.07.23 01:41:08.934,1.65236,1.65272,1.00,1.00
2015.07.23 01:41:09.086,1.65234,1.65272,1.00,1.37
2015.07.23 01:41:09.137,1.65234,1.65269,1.00,1.00
2015.07.23 01:41:09.188,1.65231,1.65269,1.00,1.50
2015.07.23 01:41:09.378,1.65228,1.65269,1.00,1.50
2015.07.23 01:41:09.429,1.65228,1.65261,1.00,1.50
2015.07.23 01:41:09.585,1.65228,1.65277,1.12,1.87
2015.07.23 01:41:09.737,1.65234,1.65276,1.00,1.12
2015.07.23 01:41:10.641,1.65234,1.65273,1.00,1.00
2015.07.23 01:41:10.792,1.65234,1.65276,1.00,1.00
2015.07.23 01:41:10.843,1.65234,1.6527,1.00,1.00
2015.07.23 01:41:11.151,1.65234,1.65273,1.00,1.00
2015.07.23 01:41:11.638,1.65234,1.65271,1.00,1.00
2015.07.23 01:41:12.151,1.65234,1.6527,1.00,1.50
2015.07.23 01:41:12.202,1.65234,1.65272,1.00,1.00
2015.07.23 01:41:12.711,1.65234,1.65271,1.00,1.50
2015.07.23 01:41:13.477,1.65234,1.6527,1.00,1.00
2015.07.23 01:41:13.788,1.65229,1.6527,1.00,1.00
2015.07.23 01:41:16.324,1.65231,1.6527,1.00,1.00
2015.07.23 01:41:18.208,1.65231,1.65271,1.00,1.50
2015.07.23 01:41:18.828,1.6523,1.65271,1.00,1.50
2015.07.23 01:41:20.056,1.6523,1.6527,1.00,1.00
2015.07.23 01:41:20.408,1.6523,1.65266,1.00,1.00
2015.07.23 01:41:21.098,1.65229,1.65266,1.00,1.00
2015.07.23 01:41:22.371,1.65229,1.65267,1.00,1.00
2015.07.23 01:41:22.421,1.65229,1.65269,1.00,1.00
2015.07.23 01:41:22.522,1.65229,1.65272,1.00,1.00
2015.07.23 01:41:22.865,1.65229,1.6527,1.00,1.00
2015.07.23 01:41:23.733,1.65229,1.65269,1.00,1.00
2015.07.23 01:41:24.353,1.6523,1.6527,1.00,1.50
2015.07.23 01:41:24.892,1.6523,1.65269,1.00,1.00
2015.07.23 01:41:26.193,1.65232,1.65269,1.00,1.00
2015.07.23 01:41:27.109,1.65232,1.65267,1.00,1.00
2015.07.23 01:41:27.211,1.65229,1.65267,1.00,1.00
2015.07.23 01:41:27.317,1.65225,1.65267,1.12,1.00
2015.07.23 01:41:28.038,1.65225,1.65266,1.12,1.00
2015.07.23 01:41:28.780,1.65225,1.65267,1.12,1.50
2015.07.23 01:41:29.491,1.65225,1.65266,1.12,1.00
2015.07.23 01:41:30.232,1.65225,1.65266,1.75,1.00
2015.07.23 01:41:30.282,1.65225,1.65269,1.75,1.00
2015.07.23 01:41:30.383,1.65225,1.65284,1.75,1.87
2015.07.23 01:41:30.434,1.65225,1.65284,1.50,1.87
2015.07.23 01:41:30.535,1.65225,1.65286,1.75,1.87
2015.07.23 01:41:30.736,1.65228,1.65286,1.37,1.75
2015.07.23 01:41:31.062,1.65225,1.65275,1.12,1.00
2015.07.23 01:41:31.409,1.65225,1.65269,1.12,1.00
2015.07.23 01:41:31.510,1.65225,1.65276,1.37,1.00
2015.07.23 01:41:31.738,1.65225,1.65276,1.00,1.37
2015.07.23 01:41:32.080,1.6522,1.65268,1.37,1.00
2015.07.23 01:41:32.390,1.6522,1.65265,1.37,1.50
2015.07.23 01:41:32.729,1.6522,1.65268,1.00,1.00
2015.07.23 01:41:33.400,1.65219,1.65269,1.00,1.00
2015.07.23 01:41:33.914,1.65219,1.65268,1.00,1.00
2015.07.23 01:41:34.594,1.65218,1.65268,1.12,1.00
2015.07.23 01:41:34.645,1.65218,1.65271,1.12,1.00
2015.07.23 01:41:34.920,1.6522,1.65269,1.00,1.50
2015.07.23 01:41:35.222,1.65218,1.65264,1.37,1.00
2015.07.23 01:41:35.452,1.65218,1.65266,1.37,1.00
2015.07.23 01:41:35.603,1.6522,1.65268,1.37,1.00
2015.07.23 01:41:35.705,1.6522,1.65266,1.37,1.00
2015.07.23 01:41:36.048,1.65223,1.65267,1.50,1.00
2015.07.23 01:41:36.200,1.65221,1.65275,1.75,1.37
2015.07.23 01:41:36.301,1.65217,1.65279,2.62,1.50
2015.07.23 01:41:36.351,1.65221,1.65279,1.37,1.87
2015.07.23 01:41:36.583,1.65216,1.65275,2.17,1.37
2015.07.23 01:41:36.950,1.65216,1.65274,1.42,1.75
2015.07.23 01:41:37.280,1.6521,1.65261,1.75,1.00
2015.07.23 01:41:37.753,1.6521,1.65255,1.50,1.00
2015.07.23 01:41:37.803,1.6521,1.6526,1.50,1.00
2015.07.23 01:41:37.854,1.6521,1.65263,1.50,1.00
2015.07.23 01:41:38.502,1.6521,1.65264,1.50,1.00
2015.07.23 01:41:38.955,1.65211,1.65267,1.37,1.00
2015.07.23 01:41:39.507,1.65211,1.65262,1.37,1.00
2015.07.23 01:41:40.255,1.6521,1.65265,1.87,1.00
2015.07.23 01:41:40.504,1.6521,1.65263,1.87,1.00
2015.07.23 01:41:43.998,1.65211,1.65263,1.35,1.00
2015.07.23 01:41:44.099,1.65227,1.65264,1.12,1.00
2015.07.23 01:41:44.200,1.65238,1.65276,1.05,1.00
2015.07.23 01:41:44.251,1.65238,1.65266,1.42,1.00
2015.07.23 01:41:44.352,1.65231,1.65276,1.87,1.00
2015.07.23 01:41:44.937,1.65231,1.65276,1.12,1.00
2015.07.23 01:41:45.693,1.65231,1.65276,1.50,1.00
2015.07.23 01:41:46.003,1.65231,1.65276,1.87,1.00
2015.07.23 01:41:46.383,1.65231,1.65276,1.87,1.00
2015.07.23 01:41:47.527,1.65231,1.65277,1.87,1.00
2015.07.23 01:41:48.108,1.65231,1.65277,1.50,1.00
2015.07.23 01:41:48.612,1.65231,1.65276,1.00,1.50
2015.07.23 01:41:48.713,1.6523,1.65276,1.42,1.50
2015.07.23 01:41:49.037,1.65231,1.65276,1.00,1.00
2015.07.23 01:41:49.501,1.6523,1.65276,1.87,1.50
2015.07.23 01:41:49.702,1.65229,1.65276,1.05,1.00
2015.07.23 01:41:49.854,1.65229,1.65273,1.05,1.00
2015.07.23 01:41:50.282,1.65229,1.65277,1.05,1.50
2015.07.23 01:41:50.636,1.65238,1.65276,1.00,1.00
2015.07.23 01:41:51.148,1.65238,1.65277,1.00,1.00
2015.07.23 01:41:51.650,1.65238,1.65276,1.00,1.00
2015.07.23 01:41:57.247,1.65238,1.65282,1.00,1.00
2015.07.23 01:42:01.685,1.65231,1.65286,1.75,1.00
2015.07.23 01:42:02.255,1.65229,1.65277,2.17,1.00
2015.07.23 01:42:02.772,1.65229,1.65277,1.42,1.50
2015.07.23 01:42:03.076,1.65229,1.65266,1.42,1.00
2015.07.23 01:42:04.034,1.65229,1.65277,1.42,1.00
2015.07.23 01:42:04.286,1.6523,1.65276,1.37,1.00
2015.07.23 01:42:04.668,1.65229,1.65277,1.42,1.00
2015.07.23 01:42:16.875,1.65228,1.65277,1.05,1.12
2015.07.23 01:42:17.387,1.65222,1.65276,2.10,1.00
2015.07.23 01:42:17.984,1.65222,1.65274,1.75,1.00
2015.07.23 01:42:18.510,1.65222,1.65275,1.75,1.00
2015.07.23 01:42:19.085,1.65222,1.65276,1.75,1.00
2015.07.23 01:42:21.996,1.65222,1.65275,1.75,1.00
2015.07.23 01:42:23.470,1.65222,1.65276,1.75,1.00
2015.07.23 01:42:23.778,1.65222,1.65274,1.75,1.00
2015.07.23 01:42:24.084,1.65222,1.65266,1.75,1.00
2015.07.23 01:42:24.599,1.65222,1.6527,1.37,1.00
2015.07.23 01:42:24.700,1.65221,1.65266,1.50,1.00
2015.07.23 01:42:25.227,1.65221,1.65267,1.50,1.00
2015.07.23 01:42:25.278,1.65221,1.65272,1.50,1.00
2015.07.23 01:42:25.558,1.65221,1.65274,1.50,1.87
2015.07.23 01:42:25.710,1.65221,1.65271,1.50,1.00
2015.07.23 01:42:26.038,1.65214,1.65265,1.75,1.00
2015.07.23 01:42:26.552,1.65214,1.65266,1.75,1.00
2015.07.23 01:42:27.824,1.65219,1.65274,1.75,1.50
2015.07.23 01:42:27.925,1.65219,1.65267,1.75,1.00
2015.07.23 01:42:28.026,1.65219,1.65274,1.37,1.37
2015.07.23 01:42:28.127,1.65222,1.65274,1.75,1.00
2015.07.23 01:42:28.741,1.65226,1.65276,1.37,1.37
2015.07.23 01:42:29.059,1.65226,1.65276,1.75,1.00
2015.07.23 01:42:29.362,1.65222,1.65267,1.87,1.00
2015.07.23 01:42:29.971,1.65222,1.65266,1.87,1.00
2015.07.23 01:42:30.848,1.65222,1.65266,1.87,1.00
2015.07.23 01:42:37.421,1.65222,1.65266,1.87,1.00
2015.07.23 01:42:38.578,1.65222,1.65276,1.12,1.50
2015.07.23 01:42:40.686,1.65229,1.65277,1.37,1.87
2015.07.23 01:42:40.787,1.65239,1.65284,1.12,1.00
2015.07.23 01:42:40.838,1.65239,1.65286,1.12,1.00
2015.07.23 01:42:40.889,1.65239,1.65286,1.12,1.00
2015.07.23 01:42:40.990,1.6524,1.65286,1.00,1.00
2015.07.23 01:42:41.142,1.65238,1.65291,1.05,1.00
2015.07.23 01:42:41.345,1.65238,1.65286,1.05,1.00
2015.07.23 01:42:41.679,1.65242,1.65286,1.00,1.00
2015.07.23 01:42:42.184,1.65241,1.65287,1.00,1.00
2015.07.23 01:42:42.643,1.65241,1.65285,1.00,1.00
2015.07.23 01:42:45.249,1.65241,1.65279,1.00,1.00
2015.07.23 01:42:48.752,1.65242,1.65279,1.00,1.00
2015.07.23 01:42:49.694,1.65242,1.65286,1.00,1.00
2015.07.23 01:42:50.808,1.65241,1.65286,1.00,1.00
2015.07.23 01:42:52.019,1.65238,1.6528,1.37,1.00
2015.07.23 01:42:52.326,1.65237,1.6528,1.50,1.00
2015.07.23 01:42:53.537,1.65233,1.65279,1.75,1.00
2015.07.23 01:42:53.638,1.65233,1.65279,1.75,1.00
2015.07.23 01:42:55.007,1.6523,1.65278,1.87,1.00
2015.07.23 01:42:56.122,1.6523,1.65278,1.87,1.00
2015.07.23 01:42:56.173,1.6523,1.65276,1.87,1.00
2015.07.23 01:42:56.476,1.65232,1.65279,1.37,1.00
2015.07.23 01:42:58.639,1.65234,1.65273,1.37,1.00
2015.07.23 01:42:58.740,1.65234,1.65279,1.37,1.00
2015.07.23 01:43:01.228,1.65234,1.65279,1.75,1.00
2015.07.23 01:43:01.562,1.65241,1.65283,1.75,1.00
2015.07.23 01:43:02.017,1.65247,1.65287,1.37,1.00
2015.07.23 01:43:02.535,1.65247,1.65286,1.37,1.00
2015.07.23 01:43:05.555,1.65249,1.65287,1.37,1.00
2015.07.23 01:43:06.544,1.65249,1.65286,1.37,1.00
2015.07.23 01:43:06.851,1.65245,1.65288,1.50,1.50
2015.07.23 01:43:07.247,1.65244,1.65287,1.37,1.00
2015.07.23 01:43:08.144,1.65239,1.65288,1.12,1.50
2015.07.23 01:43:08.195,1.65234,1.65276,1.87,1.00
2015.07.23 01:43:08.297,1.65234,1.65277,1.50,1.00
2015.07.23 01:43:08.398,1.65234,1.65277,1.50,1.00
2015.07.23 01:43:08.701,1.6523,1.65276,1.37,1.00
2015.07.23 01:43:09.263,1.65231,1.65276,1.37,1.00
2015.07.23 01:43:09.314,1.65229,1.65276,1.12,1.00
2015.07.23 01:43:09.522,1.65229,1.65274,1.12,1.00
2015.07.23 01:43:10.788,1.65229,1.65274,1.37,1.00
2015.07.23 01:43:11.099,1.65233,1.65274,1.00,1.00
2015.07.23 01:43:11.402,1.65233,1.65272,1.00,1.00
2015.07.23 01:43:11.928,1.6523,1.65272,1.00,1.00
2015.07.23 01:43:13.575,1.6523,1.65272,1.75,1.00
2015.07.23 01:43:13.625,1.6524,1.65276,1.50,1.00
2015.07.23 01:43:13.676,1.65248,1.65282,1.12,1.00
2015.07.23 01:43:13.727,1.65252,1.65286,1.75,1.00
2015.07.23 01:43:13.778,1.65268,1.65286,1.05,1.00
2015.07.23 01:43:13.929,1.65275,1.65296,1.05,1.00
2015.07.23 01:43:14.611,1.65275,1.65297,1.05,1.00
2015.07.23 01:43:15.015,1.65275,1.65306,1.05,1.00
2015.07.23 01:43:15.558,1.65272,1.65307,1.05,1.00
2015.07.23 01:43:15.609,1.65272,1.65307,1.00,1.00
2015.07.23 01:43:17.075,1.65272,1.6531,1.00,1.30
2015.07.23 01:43:17.126,1.65272,1.65301,1.00,1.00
2015.07.23 01:43:17.177,1.65262,1.65301,1.00,1.00
2015.07.23 01:43:17.227,1.65257,1.65296,1.05,1.50
2015.07.23 01:43:17.379,1.65252,1.65296,1.00,1.00
2015.07.23 01:43:17.480,1.65252,1.65299,1.00,1.00
2015.07.23 01:43:17.531,1.65252,1.65296,1.00,1.00
2015.07.23 01:43:17.852,1.6525,1.65296,1.67,1.00
2015.07.23 01:43:26.125,1.65257,1.65297,1.05,1.00
2015.07.23 01:43:28.982,1.65257,1.65296,1.05,1.00
2015.07.23 01:43:34.361,1.65254,1.65296,1.05,1.00
2015.07.23 01:43:34.412,1.65253,1.65296,1.37,1.00
2015.07.23 01:43:39.238,1.65253,1.65296,1.00,1.00
2015.07.23 01:43:39.440,1.65253,1.65296,1.37,1.00
2015.07.23 01:43:39.651,1.65253,1.65296,1.00,1.00
2015.07.23 01:43:49.431,1.65253,1.65286,1.00,1.00
2015.07.23 01:43:49.793,1.65253,1.65286,1.05,1.00
2015.07.23 01:43:49.895,1.65255,1.65296,1.00,1.00
2015.07.23 01:43:50.997,1.65255,1.65287,1.00,1.00
2015.07.23 01:43:52.637,1.65255,1.65286,1.00,1.00
2015.07.23 01:43:53.735,1.65255,1.65296,1.00,1.00
2015.07.23 01:43:54.119,1.65255,1.65296,1.50,1.00
2015.07.23 01:43:55.511,1.65255,1.65297,1.50,1.00
2015.07.23 01:43:55.726,1.65255,1.65297,1.00,1.00
2015.07.23 01:43:55.776,1.65255,1.65297,1.75,1.00
2015.07.23 01:43:56.112,1.65255,1.65297,1.00,1.00
2015.07.23 01:43:56.214,1.65255,1.65297,1.37,1.00
2015.07.23 01:43:56.415,1.65255,1.65297,1.00,1.00
2015.07.23 01:43:56.594,1.65255,1.65296,1.00,1.37
2015.07.23 01:43:57.041,1.65255,1.65286,1.00,1.00
2015.07.23 01:43:57.142,1.65255,1.65297,1.00,1.00
2015.07.23 01:43:57.344,1.65265,1.65307,1.05,1.00
2015.07.23 01:43:57.700,1.65265,1.65306,1.05,1.00
2015.07.23 01:43:58.237,1.65273,1.65307,1.00,1.00
2015.07.23 01:44:01.654,1.65273,1.65306,1.00,1.00
2015.07.23 01:44:05.321,1.65282,1.65306,1.05,1.00
2015.07.23 01:44:05.371,1.65287,1.65317,1.00,1.00
2015.07.23 01:44:05.662,1.65315,1.65341,1.05,1.00
2015.07.23 01:44:05.814,1.65335,1.65376,1.80,1.00
2015.07.23 01:44:05.991,1.65343,1.65376,1.05,1.00
2015.07.23 01:44:06.042,1.65343,1.65387,1.05,1.00
2015.07.23 01:44:06.472,1.65343,1.65376,1.05,1.00
2015.07.23 01:44:06.674,1.65337,1.65376,1.05,1.00
2015.07.23 01:44:06.949,1.65337,1.65367,1.05,1.00
2015.07.23 01:44:07.596,1.65337,1.65366,1.80,1.00
2015.07.23 01:44:07.698,1.65337,1.65377,1.05,1.00
2015.07.23 01:44:07.905,1.65337,1.65367,1.05,1.00
2015.07.23 01:44:08.255,1.65326,1.65356,1.05,1.00
2015.07.23 01:44:08.560,1.65321,1.65347,1.05,1.00
2015.07.23 01:44:09.106,1.65321,1.65357,1.05,1.00
2015.07.23 01:44:09.715,1.65321,1.65357,1.42,1.00
2015.07.23 01:44:10.428,1.65321,1.65357,1.42,1.00
2015.07.23 01:44:10.968,1.65321,1.65356,1.05,1.00
2015.07.23 01:44:11.642,1.65321,1.65357,1.05,1.00
2015.07.23 01:44:11.756,1.65321,1.65367,1.05,1.37
2015.07.23 01:44:11.857,1.65312,1.65347,2.55,1.00
2015.07.23 01:44:11.971,1.65312,1.65347,2.17,1.00
2015.07.23 01:44:12.554,1.65312,1.65347,1.80,1.00
2015.07.23 01:44:13.076,1.65312,1.65346,1.05,1.00
2015.07.23 01:44:13.430,1.65312,1.65336,1.05,1.00
2015.07.23 01:44:13.665,1.65304,1.65347,1.05,1.00
2015.07.23 01:44:13.766,1.65304,1.65346,1.37,1.00
2015.07.23 01:44:13.867,1.65304,1.65347,1.00,1.00
2015.07.23 01:44:13.980,1.65304,1.65336,1.00,1.00
2015.07.23 01:44:14.384,1.65304,1.65347,1.00,1.00
2015.07.23 01:44:18.084,1.65304,1.65347,1.87,1.00
2015.07.23 01:44:18.696,1.65304,1.65346,1.87,1.00
2015.07.23 01:44:19.003,1.65311,1.65346,1.67,1.00
2015.07.23 01:44:19.557,1.65312,1.65346,1.05,1.00
2015.07.23 01:44:20.071,1.65311,1.65346,1.05,1.00
2015.07.23 01:44:20.466,1.65311,1.65337,1.05,1.00
2015.07.23 01:44:22.567,1.65303,1.65346,1.05,2.25
2015.07.23 01:44:22.755,1.65303,1.65337,1.12,1.00
2015.07.23 01:44:24.473,1.65303,1.65337,1.05,1.00
2015.07.23 01:44:24.726,1.6531,1.65347,1.05,1.00
2015.07.23 01:44:25.367,1.6531,1.65346,1.05,1.00
2015.07.23 01:44:31.435,1.6531,1.65347,1.05,1.00
2015.07.23 01:44:31.965,1.6531,1.65346,1.05,1.00
2015.07.23 01:44:32.886,1.6531,1.65347,1.05,1.00
2015.07.23 01:44:33.528,1.6531,1.65346,1.05,1.00
2015.07.23 01:44:34.640,1.6531,1.65356,1.05,1.00
2015.07.23 01:44:35.519,1.6531,1.65357,1.05,1.00
2015.07.23 01:44:35.983,1.65311,1.65356,1.50,1.00
2015.07.23 01:44:36.334,1.65321,1.65356,1.00,1.00
2015.07.23 01:44:36.385,1.65321,1.65366,1.00,1.00
2015.07.23 01:44:42.922,1.65321,1.65367,1.00,1.00
2015.07.23 01:44:43.468,1.65321,1.65366,1.00,1.00
2015.07.23 01:44:47.525,1.65321,1.65367,1.00,1.00
2015.07.23 01:44:48.845,1.65321,1.65366,1.00,1.00
2015.07.23 01:44:53.451,1.65321,1.65367,1.00,1.00
2015.07.23 01:44:53.977,1.65321,1.65366,1.00,1.00
2015.07.23 01:44:54.440,1.65327,1.65366,1.00,1.00
2015.07.23 01:44:56.081,1.65327,1.65367,1.00,1.00
2015.07.23 01:44:58.846,1.65327,1.65366,1.37,1.00
2015.07.23 01:44:59.149,1.65335,1.65366,1.05,1.00
2015.07.23 01:45:00.615,1.65335,1.65367,1.05,1.00
2015.07.23 01:45:01.148,1.65335,1.65366,1.05,1.00
2015.07.23 01:45:03.246,1.65335,1.65357,1.05,1.00
2015.07.23 01:45:03.528,1.65335,1.65367,1.05,1.00
2015.07.23 01:45:03.780,1.65335,1.65356,1.05,1.00
2015.07.23 01:45:03.932,1.65327,1.65356,1.00,1.00
2015.07.23 01:45:04.134,1.65327,1.65366,1.00,1.00
2015.07.23 01:45:04.827,1.65319,1.65362,1.05,1.50
2015.07.23 01:45:04.929,1.65319,1.65356,1.05,1.00
2015.07.23 01:45:05.233,1.65319,1.65346,1.05,1.00
2015.07.23 01:45:06.163,1.65307,1.65346,1.05,1.00
2015.07.23 01:45:08.123,1.65307,1.65347,1.05,1.00
2015.07.23 01:45:08.225,1.65309,1.65357,1.00,1.37
2015.07.23 01:45:08.425,1.65307,1.65347,1.80,1.00
2015.07.23 01:45:08.526,1.65315,1.65356,1.05,1.00
2015.07.23 01:45:09.034,1.65315,1.65357,1.05,1.00
2015.07.23 01:45:10.297,1.65315,1.65356,1.80,1.00
2015.07.23 01:45:10.399,1.65315,1.65347,1.05,1.00
2015.07.23 01:45:10.904,1.65315,1.65346,1.42,1.00
2015.07.23 01:45:11.611,1.65315,1.65347,1.42,1.00
2015.07.23 01:45:12.101,1.65307,1.65346,1.37,1.00
2015.07.23 01:45:12.383,1.65301,1.65347,1.37,1.00
2015.07.23 01:45:12.458,1.65301,1.65347,1.12,1.00
2015.07.23 01:45:12.610,1.65301,1.65357,1.87,1.00
2015.07.23 01:45:12.762,1.65307,1.65357,1.37,1.00
2015.07.23 01:45:12.863,1.65302,1.65356,1.37,1.37
2015.07.23 01:45:12.968,1.65301,1.65356,1.87,1.00
2015.07.23 01:45:13.307,1.65308,1.65356,1.12,1.00
2015.07.23 01:45:13.611,1.65314,1.65366,1.12,1.00
2015.07.23 01:45:13.712,1.65313,1.65366,1.42,1.50
2015.07.23 01:45:13.813,1.65313,1.65357,1.42,1.00
2015.07.23 01:45:13.914,1.65306,1.65366,1.75,1.12
2015.07.23 01:45:14.205,1.65306,1.65357,1.75,1.00
2015.07.23 01:45:14.749,1.65313,1.65356,1.42,1.00
2015.07.23 01:45:15.060,1.65313,1.65346,1.42,1.00
2015.07.23 01:45:15.477,1.65313,1.65357,1.42,1.00
2015.07.23 01:45:15.604,1.65313,1.65346,1.42,1.00
2015.07.23 01:45:15.719,1.65313,1.65356,1.42,1.00
2015.07.23 01:45:15.921,1.65306,1.65346,1.87,1.00
2015.07.23 01:45:18.121,1.65306,1.65347,1.87,1.00
2015.07.23 01:45:18.172,1.65306,1.65347,1.50,1.00
2015.07.23 01:45:18.882,1.65306,1.65346,1.50,1.00
2015.07.23 01:45:19.101,1.65306,1.65357,1.50,1.00
2015.07.23 01:45:19.202,1.65306,1.65357,1.87,1.00
2015.07.23 01:45:20.589,1.65306,1.65357,1.87,1.00
2015.07.23 01:45:20.640,1.65306,1.65367,1.87,1.87
2015.07.23 01:45:20.691,1.65315,1.65367,1.37,1.00
2015.07.23 01:45:21.260,1.65315,1.65367,1.12,1.00
2015.07.23 01:45:22.300,1.6532,1.65367,1.42,1.00
2015.07.23 01:45:22.820,1.65321,1.65366,1.12,1.00
2015.07.23 01:45:23.123,1.65322,1.65367,1.75,1.00
2015.07.23 01:45:23.459,1.65328,1.65377,1.37,1.00
2015.07.23 01:45:23.988,1.65328,1.65376,1.37,1.00
2015.07.23 01:45:24.685,1.65328,1.65367,1.00,1.00
2015.07.23 01:45:24.786,1.65321,1.65367,1.42,1.00
2015.07.23 01:45:25.291,1.65321,1.65366,1.42,1.00
2015.07.23 01:45:25.825,1.65322,1.65366,1.12,1.00
2015.07.23 01:45:26.044,1.65322,1.65366,1.37,1.00
2015.07.23 01:45:26.197,1.65322,1.65367,1.12,1.00
2015.07.23 01:45:26.922,1.65322,1.65376,1.12,1.00
2015.07.23 01:45:27.770,1.65322,1.65366,1.12,1.00
2015.07.23 01:45:27.820,1.65321,1.65366,1.42,1.00
2015.07.23 01:45:28.219,1.65316,1.65366,1.67,1.00
2015.07.23 01:45:28.422,1.65316,1.65364,1.67,1.00
2015.07.23 01:45:28.574,1.65316,1.65367,1.67,1.00
2015.07.23 01:45:30.445,1.65316,1.65366,1.35,1.00
2015.07.23 01:45:30.960,1.65326,1.65366,1.37,1.00
2015.07.23 01:45:31.609,1.65326,1.65367,1.37,1.00
2015.07.23 01:45:32.317,1.65326,1.65367,1.37,1.00
2015.07.23 01:45:32.532,1.65331,1.65376,1.37,1.00
2015.07.23 01:45:33.069,1.65331,1.65387,2.25,1.50
2015.07.23 01:45:33.649,1.65333,1.65387,1.50,1.50
2015.07.23 01:45:34.127,1.65338,1.65387,1.12,1.00
2015.07.23 01:45:34.329,1.65337,1.65387,3.30,1.00
2015.07.23 01:45:34.430,1.65339,1.65387,1.75,1.00
2015.07.23 01:45:34.732,1.65343,1.65386,1.12,1.00
2015.07.23 01:45:34.962,1.65343,1.65393,1.50,1.00
2015.07.23 01:45:35.063,1.65343,1.65395,1.50,1.00
2015.07.23 01:45:35.164,1.65343,1.65387,1.50,1.00
2015.07.23 01:45:35.371,1.65343,1.65397,1.50,1.00
2015.07.23 01:45:35.776,1.65343,1.65393,1.37,1.00
2015.07.23 01:45:36.120,1.65336,1.65387,1.87,1.50
2015.07.23 01:45:36.446,1.65336,1.65387,1.75,1.00
2015.07.23 01:45:36.950,1.65336,1.65387,1.75,1.00
2015.07.23 01:45:37.558,1.65336,1.65386,2.25,1.00
2015.07.23 01:45:37.934,1.65336,1.65386,1.50,1.00
2015.07.23 01:45:38.571,1.65336,1.65386,2.25,2.25
2015.07.23 01:45:38.710,1.65336,1.65376,2.25,1.00
2015.07.23 01:45:38.761,1.65336,1.65376,1.87,1.00
2015.07.23 01:45:39.013,1.6533,1.65383,1.87,1.50
2015.07.23 01:45:39.064,1.6533,1.65382,1.12,1.87
2015.07.23 01:45:39.115,1.65329,1.65366,1.05,1.00
2015.07.23 01:45:39.430,1.65329,1.65377,1.05,1.00
2015.07.23 01:45:39.682,1.65329,1.65366,1.05,1.00
2015.07.23 01:45:40.035,1.65322,1.65366,1.37,1.00
2015.07.23 01:45:40.086,1.65322,1.65366,1.75,1.00
2015.07.23 01:45:40.382,1.65322,1.65366,1.37,1.00
2015.07.23 01:45:40.484,1.6532,1.65366,2.17,1.00
2015.07.23 01:45:40.535,1.6532,1.65364,2.17,1.00
2015.07.23 01:45:41.119,1.65318,1.65364,1.37,1.00
2015.07.23 01:45:41.170,1.65318,1.65366,1.37,1.00
2015.07.23 01:45:41.943,1.65318,1.65366,1.37,1.00
2015.07.23 01:45:43.246,1.65318,1.65366,1.37,1.00
2015.07.23 01:45:43.635,1.65315,1.65356,2.25,1.00
2015.07.23 01:45:43.736,1.65318,1.65364,1.75,1.00
2015.07.23 01:45:43.787,1.65318,1.65366,1.75,1.50
2015.07.23 01:45:43.888,1.65316,1.65367,1.37,1.50
2015.07.23 01:45:43.989,1.65315,1.65364,1.37,1.75
2015.07.23 01:45:44.292,1.65307,1.65346,1.05,1.00
2015.07.23 01:45:44.343,1.653,1.65346,1.42,1.00
2015.07.23 01:45:44.756,1.65301,1.65346,1.12,1.00
2015.07.23 01:45:44.857,1.65301,1.65356,1.12,1.00
2015.07.23 01:45:44.959,1.65301,1.65356,1.12,1.00
2015.07.23 01:45:45.161,1.65301,1.65353,1.12,1.00
2015.07.23 01:45:45.362,1.65301,1.65351,1.12,1.00
2015.07.23 01:45:45.860,1.653,1.6535,2.17,1.00
2015.07.23 01:45:45.962,1.65301,1.65347,1.12,1.00
2015.07.23 01:45:46.063,1.65301,1.65355,1.12,1.00
2015.07.23 01:45:46.366,1.65301,1.65351,1.12,1.00
2015.07.23 01:45:47.032,1.65301,1.65352,1.12,1.50
2015.07.23 01:45:47.083,1.653,1.65352,1.80,1.50
2015.07.23 01:45:47.134,1.653,1.65346,1.80,1.00
2015.07.23 01:45:47.461,1.653,1.65352,1.80,1.50
2015.07.23 01:45:47.613,1.653,1.65346,1.80,1.00
2015.07.23 01:45:48.149,1.6531,1.65357,1.00,1.37
2015.07.23 01:45:48.200,1.65313,1.65357,1.50,1.00
2015.07.23 01:45:48.454,1.6531,1.65367,1.75,1.12
2015.07.23 01:45:48.556,1.6531,1.65365,1.75,1.00
2015.07.23 01:45:48.859,1.6531,1.65356,1.37,1.00
2015.07.23 01:45:49.290,1.65309,1.65357,1.50,1.00
2015.07.23 01:45:49.391,1.65308,1.65354,1.05,1.00
2015.07.23 01:45:49.653,1.65308,1.65357,1.05,1.00
2015.07.23 01:45:49.883,1.65307,1.65352,1.67,1.00
2015.07.23 01:45:50.396,1.65309,1.65355,1.37,1.00
2015.07.23 01:45:50.497,1.65309,1.65356,1.00,1.00
2015.07.23 01:45:51.218,1.65309,1.65356,1.37,1.50
2015.07.23 01:45:51.538,1.65309,1.65357,1.12,1.00
2015.07.23 01:45:51.745,1.65309,1.65364,1.12,1.00
2015.07.23 01:45:51.849,1.65309,1.65366,1.12,1.12
2015.07.23 01:45:51.899,1.65309,1.65356,1.12,1.00
2015.07.23 01:45:52.309,1.65309,1.65356,1.87,1.00
2015.07.23 01:45:52.798,1.65309,1.65367,1.87,1.12
2015.07.23 01:45:53.192,1.65309,1.65367,1.87,2.25
2015.07.23 01:45:53.294,1.65309,1.65356,1.87,1.00
2015.07.23 01:45:53.546,1.65309,1.6536,1.87,1.00
2015.07.23 01:45:53.728,1.65309,1.65362,1.37,1.12
2015.07.23 01:45:54.064,1.65309,1.65356,1.37,1.00
2015.07.23 01:45:54.632,1.65311,1.65357,1.37,1.00
2015.07.23 01:45:55.567,1.65319,1.65366,1.37,1.00
2015.07.23 01:45:55.618,1.65319,1.65367,1.37,1.00
2015.07.23 01:45:55.719,1.65319,1.65372,1.50,1.05
2015.07.23 01:45:55.821,1.65319,1.65372,1.00,1.05
2015.07.23 01:45:55.871,1.65321,1.65371,1.00,1.50
2015.07.23 01:45:56.174,1.65321,1.65366,1.00,1.00
2015.07.23 01:45:56.634,1.65318,1.65366,1.00,2.25
2015.07.23 01:45:56.686,1.65314,1.65364,1.00,1.00
2015.07.23 01:45:56.894,1.65317,1.65365,1.00,1.00
2015.07.23 01:45:57.197,1.6532,1.65366,1.00,1.00
2015.07.23 01:45:57.400,1.6532,1.65372,1.37,1.05
2015.07.23 01:45:59.766,1.6532,1.65373,2.25,1.00
2015.07.23 01:45:59.968,1.65323,1.65376,1.75,1.00
2015.07.23 01:46:00.445,1.65323,1.65377,1.37,1.37
2015.07.23 01:46:00.657,1.6532,1.65377,1.37,1.50
2015.07.23 01:46:01.060,1.6532,1.65376,1.75,1.12
2015.07.23 01:46:02.313,1.6532,1.65373,1.75,1.00
2015.07.23 01:46:02.363,1.6532,1.65373,1.50,1.00
2015.07.23 01:46:02.465,1.6532,1.65373,1.75,1.50
2015.07.23 01:46:02.706,1.65323,1.65373,1.37,1.87
2015.07.23 01:46:03.918,1.65323,1.65376,1.37,2.62
2015.07.23 01:46:05.651,1.65325,1.65376,1.00,1.87
2015.07.23 01:46:05.853,1.65325,1.65376,1.37,1.87
2015.07.23 01:46:07.941,1.65325,1.65376,1.12,1.87
2015.07.23 01:46:08.244,1.65325,1.65376,1.37,1.37
2015.07.23 01:46:15.570,1.65326,1.65379,1.37,2.62
2015.07.23 01:46:15.772,1.65329,1.65386,1.37,1.37
2015.07.23 01:46:15.873,1.65329,1.65376,1.37,1.00
2015.07.23 01:46:16.190,1.65329,1.65386,1.37,1.37
2015.07.23 01:46:16.717,1.65332,1.65386,1.12,1.00
2015.07.23 01:46:16.818,1.65332,1.65386,1.75,1.00
2015.07.23 01:46:17.075,1.65334,1.65386,1.37,1.12
2015.07.23 01:46:17.647,1.65338,1.65395,1.12,1.12
2015.07.23 01:46:17.799,1.65339,1.65396,1.35,1.12
2015.07.23 01:46:18.305,1.65345,1.65396,1.12,1.12
2015.07.23 01:46:18.687,1.65344,1.65396,1.05,1.37
2015.07.23 01:46:18.990,1.65344,1.65396,1.05,1.50
2015.07.23 01:46:21.588,1.65344,1.65396,1.05,2.25
2015.07.23 01:46:22.087,1.65344,1.65395,1.05,1.87
2015.07.23 01:46:22.721,1.65345,1.65397,1.12,1.37
2015.07.23 01:46:23.619,1.65344,1.65397,1.42,3.00
2015.07.23 01:46:24.202,1.65345,1.65393,1.12,1.00
2015.07.23 01:46:24.303,1.65346,1.65393,1.00,1.12
2015.07.23 01:46:24.404,1.65345,1.65393,1.75,1.00
2015.07.23 01:46:24.455,1.65345,1.65397,1.75,1.00
2015.07.23 01:46:24.506,1.65346,1.65397,1.12,1.00
2015.07.23 01:46:24.557,1.65346,1.65401,1.12,1.12
2015.07.23 01:46:24.608,1.65346,1.65405,1.12,1.00
2015.07.23 01:46:25.179,1.65353,1.65406,1.37,1.12
2015.07.23 01:46:25.801,1.65356,1.65406,1.12,1.37
2015.07.23 01:46:26.104,1.65356,1.65406,1.37,1.37
2015.07.23 01:46:27.605,1.65359,1.65407,1.75,1.00
2015.07.23 01:46:27.807,1.65359,1.65406,1.80,1.00
2015.07.23 01:46:27.858,1.65359,1.65417,1.80,1.37
2015.07.23 01:46:30.209,1.65359,1.65416,2.55,1.37
2015.07.23 01:46:30.811,1.6536,1.65416,1.00,1.37
2015.07.23 01:46:33.120,1.65361,1.65416,1.00,1.37
2015.07.23 01:46:33.935,1.65361,1.65416,1.37,1.50
2015.07.23 01:46:34.274,1.6536,1.65416,1.87,1.37
2015.07.23 01:46:34.925,1.6536,1.65406,1.87,1.00
2015.07.23 01:46:35.896,1.6536,1.65416,1.87,1.37
2015.07.23 01:46:36.048,1.6536,1.65416,1.50,1.37
2015.07.23 01:46:36.349,1.6536,1.65406,1.50,1.00
2015.07.23 01:46:36.742,1.65359,1.65406,1.42,1.00
2015.07.23 01:46:37.284,1.65359,1.65406,1.05,1.00
2015.07.23 01:46:37.445,1.6536,1.65406,1.00,1.00
2015.07.23 01:46:37.647,1.65359,1.65406,1.42,1.00
2015.07.23 01:46:38.027,1.65359,1.65406,1.05,1.00
2015.07.23 01:46:38.185,1.65357,1.65406,1.80,1.00
2015.07.23 01:46:38.690,1.65355,1.65407,1.37,1.00
2015.07.23 01:46:40.644,1.65352,1.65396,1.42,1.00
2015.07.23 01:46:40.695,1.65352,1.65396,1.05,1.00
2015.07.23 01:46:40.796,1.65353,1.65396,1.37,1.00
2015.07.23 01:46:40.948,1.65353,1.65406,1.37,1.37
2015.07.23 01:46:42.089,1.65352,1.65407,1.05,1.37
2015.07.23 01:46:42.240,1.65352,1.65404,1.05,1.00
2015.07.23 01:46:42.543,1.65353,1.65406,1.37,1.37
2015.07.23 01:46:43.264,1.65352,1.65406,1.05,1.37
2015.07.23 01:46:43.315,1.65352,1.65406,1.42,1.12
2015.07.23 01:46:44.306,1.65353,1.65406,1.12,1.12
2015.07.23 01:46:44.610,1.65353,1.65406,1.37,1.37
2015.07.23 01:46:44.915,1.65352,1.65404,1.05,1.37
2015.07.23 01:46:45.269,1.65352,1.65396,1.05,1.00
2015.07.23 01:46:45.778,1.65352,1.65397,1.05,1.00
2015.07.23 01:46:46.503,1.65352,1.65396,1.05,1.00
2015.07.23 01:46:46.604,1.65351,1.65396,1.05,1.37
2015.07.23 01:46:46.705,1.6535,1.65397,1.05,1.37
2015.07.23 01:46:46.807,1.65345,1.65394,1.00,1.37
2015.07.23 01:46:47.253,1.65343,1.65401,1.75,1.05
2015.07.23 01:46:47.303,1.65348,1.65405,1.05,1.67
2015.07.23 01:46:47.354,1.65349,1.65406,2.25,1.00
2015.07.23 01:46:47.657,1.65356,1.65414,1.80,1.00
2015.07.23 01:46:47.708,1.65357,1.65417,1.12,1.00
2015.07.23 01:46:47.809,1.65358,1.65416,2.92,1.00
2015.07.23 01:46:48.094,1.6537,1.65427,1.00,1.12
2015.07.23 01:46:48.145,1.65371,1.65425,1.00,1.00
2015.07.23 01:46:48.246,1.65369,1.65425,1.00,1.00
2015.07.23 01:46:48.347,1.65365,1.65426,1.00,1.00
2015.07.23 01:46:48.448,1.65367,1.65426,1.00,1.00
2015.07.23 01:46:48.769,1.65366,1.65424,1.00,1.00
2015.07.23 01:46:49.214,1.65363,1.6542,1.42,1.87
2015.07.23 01:46:49.523,1.65358,1.65415,1.75,1.00
2015.07.23 01:46:49.665,1.65358,1.65416,1.37,2.62
2015.07.23 01:46:49.768,1.65358,1.65411,1.37,1.00
2015.07.23 01:46:49.869,1.65355,1.65411,1.00,1.50
2015.07.23 01:46:50.071,1.65348,1.65404,1.80,1.50
2015.07.23 01:46:50.306,1.65347,1.65399,1.00,1.37
2015.07.23 01:46:51.276,1.65347,1.65404,1.37,2.62
2015.07.23 01:46:53.480,1.65347,1.65402,1.37,1.00
2015.07.23 01:46:54.031,1.65347,1.65403,1.37,1.37
2015.07.23 01:46:56.167,1.65347,1.65398,1.00,1.37
2015.07.23 01:46:56.535,1.6534,1.65393,1.75,1.00
2015.07.23 01:46:56.687,1.6534,1.65393,1.37,1.37
2015.07.23 01:46:58.316,1.6534,1.65386,1.37,1.00
2015.07.23 01:46:58.685,1.6534,1.65397,1.37,1.87
2015.07.23 01:47:01.167,1.6534,1.65397,1.50,1.87
2015.07.23 01:47:01.508,1.65357,1.65406,1.05,1.00
2015.07.23 01:47:01.812,1.65357,1.65407,1.80,1.00
2015.07.23 01:47:02.463,1.65358,1.65406,1.37,1.00
2015.07.23 01:47:03.000,1.65358,1.65407,1.37,1.87
2015.07.23 01:47:04.637,1.6536,1.65407,1.35,1.00
2015.07.23 01:47:04.940,1.65366,1.65406,1.12,1.00
2015.07.23 01:47:05.333,1.65365,1.65406,1.80,1.00
2015.07.23 01:47:05.384,1.65365,1.65416,1.80,1.00
2015.07.23 01:47:05.485,1.65365,1.65407,1.05,1.00
2015.07.23 01:47:05.687,1.65358,1.65407,1.87,1.00
2015.07.23 01:47:06.572,1.65358,1.65406,1.87,1.00
2015.07.23 01:47:06.927,1.65358,1.65406,1.00,1.00
2015.07.23 01:47:06.978,1.65358,1.65404,1.00,1.00
2015.07.23 01:47:07.080,1.65358,1.65406,1.00,1.00
2015.07.23 01:47:07.130,1.65358,1.65403,1.00,1.00
2015.07.23 01:47:07.181,1.65358,1.65407,1.00,2.25
2015.07.23 01:47:07.232,1.65358,1.65397,1.00,1.00
2015.07.23 01:47:07.384,1.65358,1.65405,1.00,1.37
2015.07.23 01:47:07.434,1.65349,1.65405,1.05,1.75
2015.07.23 01:47:07.485,1.65347,1.65401,1.05,1.37
2015.07.23 01:47:07.587,1.65347,1.65397,1.05,1.00
2015.07.23 01:47:07.877,1.65342,1.65395,1.37,1.00
2015.07.23 01:47:08.129,1.65342,1.65387,1.00,1.00
2015.07.23 01:47:09.545,1.65342,1.65396,1.00,1.00
2015.07.23 01:47:10.150,1.65346,1.65396,1.37,1.00
2015.07.23 01:47:10.379,1.6535,1.65406,1.37,1.37
2015.07.23 01:47:10.430,1.6535,1.65396,1.37,1.00
2015.07.23 01:47:10.666,1.6535,1.65406,1.87,1.37
2015.07.23 01:47:11.104,1.6535,1.65397,1.87,1.00
2015.07.23 01:47:14.045,1.6535,1.65396,1.37,1.00
2015.07.23 01:47:14.591,1.6535,1.65396,1.00,1.00
2015.07.23 01:47:15.196,1.6535,1.65396,1.37,1.00
2015.07.23 01:47:15.812,1.65346,1.65396,1.00,1.12
2015.07.23 01:47:17.573,1.65346,1.65387,1.37,1.00
2015.07.23 01:47:18.162,1.65346,1.65387,1.00,1.00
2015.07.23 01:47:18.607,1.65346,1.65393,1.00,1.00
2015.07.23 01:47:18.887,1.65346,1.65386,1.00,1.00
2015.07.23 01:47:20.576,1.65346,1.65397,1.50,1.50
2015.07.23 01:47:20.778,1.65346,1.65404,1.67,1.00
2015.07.23 01:47:20.829,1.65354,1.65406,1.05,1.00
2015.07.23 01:47:20.879,1.65354,1.65406,1.42,1.00
2015.07.23 01:47:20.981,1.65354,1.65406,1.42,1.00
2015.07.23 01:47:21.084,1.6536,1.65406,1.05,1.00
2015.07.23 01:47:21.317,1.65368,1.65416,1.05,1.00
2015.07.23 01:47:21.520,1.65377,1.65416,1.05,1.00
2015.07.23 01:47:22.028,1.65377,1.65417,1.42,1.00
2015.07.23 01:47:22.079,1.65377,1.65433,1.42,1.75
2015.07.23 01:47:22.130,1.65377,1.65434,1.42,1.50
2015.07.23 01:47:22.231,1.65382,1.65435,1.75,1.00
2015.07.23 01:47:22.282,1.65388,1.65437,1.05,1.00
2015.07.23 01:47:22.538,1.65389,1.65437,1.37,1.00
2015.07.23 01:47:22.944,1.65389,1.65437,1.00,1.12
2015.07.23 01:47:23.045,1.65389,1.65437,1.00,1.37
2015.07.23 01:47:23.247,1.65389,1.65441,1.00,1.37
2015.07.23 01:47:23.536,1.65389,1.65445,1.00,1.00
2015.07.23 01:47:23.638,1.65389,1.65447,1.00,1.87
2015.07.23 01:47:23.940,1.65389,1.65445,1.00,1.00
2015.07.23 01:47:24.243,1.65389,1.65442,1.00,1.00
2015.07.23 01:47:24.511,1.65389,1.65446,1.00,1.50
2015.07.23 01:47:25.114,1.65389,1.65444,1.00,1.00
2015.07.23 01:47:25.215,1.65389,1.65446,1.00,1.00
2015.07.23 01:47:25.266,1.65389,1.65444,1.00,1.00
2015.07.23 01:47:25.350,1.65389,1.65446,1.00,1.00
2015.07.23 01:47:25.652,1.65389,1.65446,1.75,1.50
2015.07.23 01:47:26.014,1.65404,1.65447,1.42,1.00
2015.07.23 01:47:26.128,1.65405,1.65447,1.00,1.00
2015.07.23 01:47:26.585,1.65397,1.65455,2.25,1.50
2015.07.23 01:47:27.107,1.65402,1.65456,1.37,1.00
2015.07.23 01:47:27.397,1.65398,1.65456,1.75,1.00
2015.07.23 01:47:27.700,1.65397,1.65446,2.25,1.00
2015.07.23 01:47:29.943,1.65397,1.65446,1.87,1.00
2015.07.23 01:47:30.144,1.65397,1.65452,1.00,1.50
2015.07.23 01:47:30.195,1.65397,1.6545,1.00,1.00
2015.07.23 01:47:30.511,1.65388,1.65442,1.05,1.00
2015.07.23 01:47:31.015,1.65388,1.65441,1.05,1.00
2015.07.23 01:47:31.268,1.65381,1.65439,1.42,1.00
2015.07.23 01:47:31.672,1.65381,1.65438,1.42,1.12
2015.07.23 01:47:31.924,1.65381,1.65435,1.42,1.00
2015.07.23 01:47:32.227,1.65366,1.65417,1.37,1.00
2015.07.23 01:47:32.479,1.65366,1.65425,1.00,1.00
2015.07.23 01:47:32.681,1.65366,1.65425,1.37,1.00
2015.07.23 01:47:33.367,1.65366,1.65426,1.37,1.00
2015.07.23 01:47:33.720,1.65366,1.65424,1.37,1.00
2015.07.23 01:47:34.345,1.65371,1.65425,1.00,1.00
2015.07.23 01:47:34.754,1.65381,1.65432,1.00,1.50
2015.07.23 01:47:34.806,1.65381,1.65436,1.00,1.37
2015.07.23 01:47:34.857,1.65381,1.65426,1.00,1.00
2015.07.23 01:47:35.059,1.65381,1.6543,1.00,1.00
2015.07.23 01:47:35.212,1.65381,1.65433,1.00,1.00
2015.07.23 01:47:36.314,1.65381,1.65434,1.00,1.00
2015.07.23 01:47:36.516,1.65381,1.65437,1.00,1.50
2015.07.23 01:47:36.566,1.65381,1.65434,1.00,1.00
2015.07.23 01:47:36.804,1.65381,1.65436,1.00,1.00
2015.07.23 01:47:37.828,1.65381,1.65433,1.00,1.00
2015.07.23 01:47:38.316,1.6539,1.65433,1.12,1.50
2015.07.23 01:47:38.646,1.65423,1.65467,1.37,1.00
2015.07.23 01:47:38.747,1.65423,1.65467,1.12,1.00
2015.07.23 01:47:38.850,1.65428,1.65466,1.00,1.00
2015.07.23 01:47:39.052,1.65422,1.65486,1.05,1.87
2015.07.23 01:47:39.103,1.65422,1.65481,1.05,2.10
2015.07.23 01:47:39.255,1.65416,1.65479,1.42,1.72
2015.07.23 01:47:39.306,1.65416,1.65456,1.42,1.00
2015.07.23 01:47:39.356,1.65416,1.65456,1.05,1.00
2015.07.23 01:47:39.407,1.65419,1.65464,1.00,1.00
2015.07.23 01:47:39.508,1.65422,1.65466,1.00,1.35
2015.07.23 01:47:39.798,1.65419,1.65466,1.00,1.35
2015.07.23 01:47:40.333,1.65418,1.65467,1.00,1.60
2015.07.23 01:47:40.561,1.65418,1.65467,1.75,1.60
2015.07.23 01:47:40.762,1.65418,1.65467,1.37,1.60
2015.07.23 01:47:40.923,1.65418,1.65467,1.75,1.60
2015.07.23 01:47:41.436,1.65418,1.65467,1.75,1.60
2015.07.23 01:47:41.726,1.65429,1.65477,1.05,1.00
2015.07.23 01:47:42.180,1.65429,1.65476,1.05,1.00
2015.07.23 01:47:42.418,1.65429,1.65492,1.05,2.62
2015.07.23 01:47:42.469,1.65439,1.65493,2.17,1.00
2015.07.23 01:47:42.520,1.65439,1.65497,2.17,1.37
2015.07.23 01:47:42.571,1.65452,1.65496,1.00,1.00
2015.07.23 01:47:42.672,1.65452,1.65507,1.12,1.00
2015.07.23 01:47:42.723,1.65452,1.65507,1.80,1.00
2015.07.23 01:47:43.235,1.65461,1.65517,1.05,1.75
2015.07.23 01:47:44.087,1.65461,1.65517,1.05,1.00
2015.07.23 01:47:44.189,1.65461,1.65517,1.05,1.75
2015.07.23 01:47:45.877,1.65461,1.65507,1.05,1.00
2015.07.23 01:47:46.516,1.65461,1.65506,1.05,1.00
2015.07.23 01:47:47.111,1.65461,1.65507,1.05,1.12
2015.07.23 01:47:47.617,1.65461,1.65506,1.05,1.00
2015.07.23 01:47:47.835,1.65461,1.65514,1.05,1.75
2015.07.23 01:47:48.409,1.65461,1.65507,1.05,1.00
2015.07.23 01:47:49.606,1.65461,1.65506,1.05,1.00
2015.07.23 01:47:50.109,1.65461,1.65507,1.05,1.00
2015.07.23 01:47:50.783,1.65461,1.65506,1.05,1.00
2015.07.23 01:47:51.328,1.65461,1.65507,1.05,1.00
2015.07.23 01:47:53.123,1.65461,1.65507,1.05,1.37
2015.07.23 01:48:01.172,1.65461,1.65507,1.05,1.00
2015.07.23 01:48:01.395,1.65459,1.65507,1.00,1.00
2015.07.23 01:48:01.829,1.65455,1.65505,1.80,1.00
2015.07.23 01:48:02.176,1.65445,1.65496,1.05,1.50
2015.07.23 01:48:02.227,1.65445,1.65493,1.05,1.00
2015.07.23 01:48:02.378,1.65442,1.65492,1.00,1.00
2015.07.23 01:48:02.479,1.65442,1.65487,1.00,1.00
2015.07.23 01:48:02.931,1.6544,1.65486,1.00,1.00
2015.07.23 01:48:03.482,1.65441,1.65486,1.00,1.00
2015.07.23 01:48:03.684,1.65441,1.65483,1.00,1.00
2015.07.23 01:48:03.734,1.65438,1.65483,1.12,1.00
2015.07.23 01:48:04.205,1.65437,1.65486,1.05,2.25
2015.07.23 01:48:04.600,1.65437,1.65484,1.05,1.00
2015.07.23 01:48:05.287,1.65437,1.65485,1.05,1.50
2015.07.23 01:48:05.871,1.65437,1.65486,1.05,1.00
2015.07.23 01:48:06.275,1.65438,1.65486,1.12,1.60
2015.07.23 01:48:06.994,1.6543,1.65477,1.00,1.97
2015.07.23 01:48:09.978,1.65429,1.65467,1.05,1.00
2015.07.23 01:48:10.311,1.65425,1.65466,1.37,1.00
2015.07.23 01:48:12.209,1.65424,1.65466,1.37,1.00
2015.07.23 01:48:12.513,1.65428,1.65476,1.37,1.60
2015.07.23 01:48:13.135,1.6543,1.65467,1.37,1.00
2015.07.23 01:48:14.714,1.6543,1.65476,1.37,1.12
2015.07.23 01:48:14.814,1.6543,1.65466,1.37,1.00
2015.07.23 01:48:16.675,1.6543,1.65476,1.37,1.12
2015.07.23 01:48:16.776,1.6543,1.65466,1.37,1.00
2015.07.23 01:48:17.981,1.65429,1.65476,1.87,1.12
2015.07.23 01:48:18.304,1.65429,1.65467,1.87,1.00
2015.07.23 01:48:22.944,1.6543,1.65466,1.00,1.00
2015.07.23 01:48:25.480,1.65432,1.65476,1.12,1.00
2015.07.23 01:48:25.581,1.65438,1.65487,1.00,1.00
2015.07.23 01:48:25.733,1.65443,1.65487,1.00,1.00
2015.07.23 01:48:25.835,1.65443,1.65496,1.00,1.37
2015.07.23 01:48:26.138,1.65445,1.65496,1.00,1.00
2015.07.23 01:48:28.323,1.65446,1.65496,1.00,1.00
2015.07.23 01:48:30.886,1.65445,1.65496,1.00,1.00
2015.07.23 01:48:35.085,1.65447,1.65496,1.00,1.00
2015.07.23 01:48:35.602,1.65447,1.65487,1.00,1.00
2015.07.23 01:48:42.115,1.65445,1.65487,1.00,1.00
2015.07.23 01:48:42.406,1.65448,1.65496,1.00,1.00
2015.07.23 01:48:42.456,1.65448,1.65496,1.67,1.00
2015.07.23 01:48:42.706,1.65459,1.65507,1.00,1.00
2015.07.23 01:48:42.757,1.65468,1.65516,1.00,1.00
2015.07.23 01:48:43.211,1.65472,1.65516,1.00,1.00
2015.07.23 01:48:43.715,1.65472,1.65517,1.00,1.00
2015.07.23 01:48:49.576,1.65472,1.65516,1.00,1.00
2015.07.23 01:48:52.314,1.65472,1.65526,1.00,1.00
2015.07.23 01:48:52.365,1.65476,1.65526,1.05,1.00
2015.07.23 01:48:52.734,1.65487,1.65526,1.00,1.00
2015.07.23 01:48:53.037,1.65487,1.65526,1.42,1.00
2015.07.23 01:48:53.341,1.65479,1.65516,2.55,1.00
2015.07.23 01:48:53.392,1.65479,1.65516,1.05,1.00
2015.07.23 01:48:53.846,1.65479,1.65526,1.05,1.00
2015.07.23 01:48:53.947,1.65479,1.65516,1.05,1.00
2015.07.23 01:48:54.431,1.65479,1.65526,1.05,1.00
2015.07.23 01:48:54.543,1.65479,1.65516,1.05,1.00
2015.07.23 01:48:55.054,1.6548,1.65517,1.00,1.00
2015.07.23 01:48:55.696,1.65479,1.65517,1.42,1.00
2015.07.23 01:48:56.263,1.65479,1.65517,1.05,1.00
2015.07.23 01:48:58.163,1.65479,1.65526,1.05,1.00
2015.07.23 01:48:58.264,1.65479,1.65516,1.05,1.00
2015.07.23 01:49:01.086,1.65479,1.65526,1.05,1.00
2015.07.23 01:49:01.136,1.65479,1.65516,1.05,1.00
2015.07.23 01:49:06.905,1.65472,1.65516,1.67,1.00
2015.07.23 01:49:06.955,1.65471,1.65526,1.80,1.72
2015.07.23 01:49:07.157,1.65471,1.65516,1.05,1.00
2015.07.23 01:49:07.565,1.65464,1.65506,1.00,1.00
2015.07.23 01:49:07.818,1.65464,1.65516,1.00,1.00
2015.07.23 01:49:08.328,1.65464,1.65517,1.00,1.00
2015.07.23 01:49:10.550,1.65459,1.65507,1.05,1.00
2015.07.23 01:49:10.600,1.65457,1.65507,1.80,1.00
2015.07.23 01:49:11.305,1.65457,1.65507,1.05,1.00
2015.07.23 01:49:12.139,1.65457,1.65506,1.05,1.00
2015.07.23 01:49:29.926,1.65455,1.65506,1.05,1.00
2015.07.23 01:49:33.117,1.65454,1.65507,1.50,1.00
2015.07.23 01:49:33.674,1.65454,1.65506,1.50,1.00
2015.07.23 01:49:35.756,1.65455,1.6551,1.37,1.87
2015.07.23 01:49:38.011,1.65455,1.65515,1.75,1.72
2015.07.23 01:49:39.373,1.65457,1.65507,1.37,1.00
2015.07.23 01:49:40.641,1.65454,1.65501,1.12,1.75
2015.07.23 01:49:40.743,1.65444,1.65497,1.37,1.75
2015.07.23 01:49:41.282,1.65444,1.65487,1.37,1.00
2015.07.23 01:49:44.589,1.65444,1.65493,1.37,1.35
2015.07.23 01:49:44.640,1.65444,1.65489,1.00,1.30
2015.07.23 01:49:44.691,1.6544,1.65489,1.12,1.30
2015.07.23 01:49:44.793,1.6544,1.65486,1.00,1.00
2015.07.23 01:49:45.263,1.65432,1.65486,1.87,1.12
2015.07.23 01:49:45.364,1.65432,1.65485,1.50,1.75
2015.07.23 01:49:45.702,1.65428,1.65481,1.12,1.37
2015.07.23 01:49:45.838,1.65428,1.65481,1.37,1.37
2015.07.23 01:49:47.169,1.65426,1.65482,1.12,1.75
2015.07.23 01:49:47.478,1.65421,1.65472,1.42,2.25
2015.07.23 01:49:47.529,1.65416,1.65471,1.37,1.37
2015.07.23 01:49:47.886,1.65412,1.6547,1.87,1.97
2015.07.23 01:49:48.088,1.65412,1.65467,1.50,1.00
2015.07.23 01:49:48.397,1.65417,1.65472,2.25,1.00
2015.07.23 01:49:48.499,1.65421,1.65476,1.37,1.87
2015.07.23 01:49:48.760,1.65421,1.65476,1.75,1.00
2015.07.23 01:49:48.963,1.65425,1.65482,1.37,1.35
2015.07.23 01:49:49.064,1.65427,1.65483,1.12,1.05
2015.07.23 01:49:49.417,1.65429,1.65479,1.00,1.12
2015.07.23 01:49:49.948,1.6543,1.65482,1.00,1.37
2015.07.23 01:49:51.559,1.65426,1.65482,1.12,1.37
2015.07.23 01:49:52.116,1.65426,1.6548,1.00,1.50
2015.07.23 01:49:52.166,1.65424,1.6548,1.00,1.50
2015.07.23 01:49:52.469,1.65424,1.65476,1.00,1.50
2015.07.23 01:49:52.520,1.65421,1.65476,1.00,1.50
2015.07.23 01:49:52.722,1.65417,1.65466,1.87,1.00
2015.07.23 01:49:56.532,1.65419,1.65475,1.37,2.47
2015.07.23 01:49:58.634,1.6542,1.65475,1.50,1.67
2015.07.23 01:50:05.109,1.6542,1.65476,1.75,1.97
2015.07.23 01:50:05.311,1.65421,1.65475,1.75,1.30
2015.07.23 01:50:05.512,1.65421,1.65476,3.00,1.72
2015.07.23 01:50:05.815,1.65425,1.6548,1.87,1.42
2015.07.23 01:50:06.057,1.65424,1.65479,1.37,1.12
2015.07.23 01:50:10.965,1.6542,1.65467,1.75,1.00
2015.07.23 01:50:11.383,1.65423,1.65476,1.37,1.37
2015.07.23 01:50:12.477,1.65423,1.65476,1.75,1.12
2015.07.23 01:50:12.578,1.65423,1.65476,1.75,1.00
2015.07.23 01:50:13.314,1.65423,1.65477,1.75,1.00
2015.07.23 01:50:20.818,1.65425,1.65477,1.37,1.60
2015.07.23 01:50:20.993,1.65422,1.65467,1.12,1.00
2015.07.23 01:50:21.987,1.65416,1.65467,1.37,1.00
2015.07.23 01:50:22.090,1.65413,1.65467,3.00,1.37
2015.07.23 01:50:22.479,1.65413,1.65456,2.25,1.00
2015.07.23 01:50:23.119,1.65413,1.65456,1.87,1.00
2015.07.23 01:50:24.021,1.65413,1.65456,2.25,1.00
2015.07.23 01:50:24.071,1.65413,1.65466,2.25,1.37
2015.07.23 01:50:24.223,1.65419,1.65466,1.75,1.00
2015.07.23 01:50:24.722,1.65423,1.65476,1.37,1.75
2015.07.23 01:50:25.026,1.65421,1.65466,1.37,1.00
2015.07.23 01:50:25.127,1.65418,1.65466,1.50,1.60
2015.07.23 01:50:25.279,1.6541,1.65456,1.00,1.00
2015.07.23 01:50:25.406,1.65404,1.65456,1.50,1.00
2015.07.23 01:50:25.508,1.65403,1.65451,1.72,1.00
2015.07.23 01:50:25.819,1.65403,1.65456,2.47,1.00
2015.07.23 01:50:26.324,1.65403,1.65457,2.47,1.00
2015.07.23 01:50:26.529,1.65403,1.65457,2.85,1.00
2015.07.23 01:50:33.605,1.65403,1.65456,2.85,1.00
2015.07.23 01:50:35.839,1.65403,1.65456,2.85,1.00
2015.07.23 01:50:36.041,1.65403,1.65457,1.72,1.87
2015.07.23 01:50:36.541,1.65403,1.65454,1.67,1.00
2015.07.23 01:50:36.591,1.65403,1.65456,1.67,1.12
2015.07.23 01:50:42.856,1.65401,1.65456,2.10,1.37
2015.07.23 01:50:50.085,1.65403,1.65456,1.35,1.00
2015.07.23 01:50:50.237,1.65404,1.65464,1.87,1.50
2015.07.23 01:50:50.288,1.65404,1.65464,2.62,1.37
2015.07.23 01:50:50.389,1.65409,1.65465,1.00,1.72
2015.07.23 01:50:50.491,1.65407,1.65465,1.37,1.35
2015.07.23 01:50:51.082,1.65404,1.65462,2.25,1.75
2015.07.23 01:50:52.883,1.65404,1.65456,1.00,1.37
2015.07.23 01:50:53.388,1.65403,1.65459,1.05,1.00
2015.07.23 01:50:53.439,1.65406,1.65463,1.00,1.37
2015.07.23 01:50:53.888,1.65406,1.65465,1.00,1.37
2015.07.23 01:50:53.989,1.65404,1.65465,1.50,1.37
2015.07.23 01:50:54.524,1.65404,1.65463,1.50,1.00
2015.07.23 01:50:54.625,1.65403,1.65462,1.80,1.50
2015.07.23 01:50:55.691,1.65403,1.65461,1.05,1.37
2015.07.23 01:50:55.893,1.65403,1.65458,1.80,1.87
2015.07.23 01:50:56.392,1.65402,1.65462,1.67,1.87
2015.07.23 01:50:56.493,1.65403,1.6546,1.05,1.50
2015.07.23 01:50:57.488,1.65404,1.65456,1.00,1.00
2015.07.23 01:51:00.748,1.65404,1.65455,1.00,1.00
2015.07.23 01:51:02.788,1.65404,1.65456,1.00,2.25
2015.07.23 01:51:03.900,1.65404,1.65456,1.12,1.00
2015.07.23 01:51:04.107,1.65406,1.65465,1.35,1.37
2015.07.23 01:51:04.363,1.65407,1.65456,1.97,1.00
2015.07.23 01:51:04.566,1.65408,1.65466,1.97,1.87
2015.07.23 01:51:04.617,1.65408,1.65466,2.10,1.87
2015.07.23 01:51:04.933,1.65409,1.65466,2.85,1.50
2015.07.23 01:51:04.985,1.65406,1.65466,1.35,1.87
2015.07.23 01:51:05.207,1.65406,1.65456,1.35,1.00
2015.07.23 01:51:07.839,1.65405,1.65456,2.10,1.00
2015.07.23 01:51:08.384,1.65405,1.65456,1.97,1.37
2015.07.23 01:51:13.825,1.65405,1.65457,1.97,1.00
2015.07.23 01:51:17.329,1.65405,1.65465,1.97,2.25
2015.07.23 01:51:18.638,1.65405,1.65456,1.97,1.00
2015.07.23 01:51:36.342,1.65405,1.65456,1.37,1.00
2015.07.23 01:51:36.443,1.65405,1.65456,1.50,1.37
2015.07.23 01:51:37.066,1.65405,1.65456,1.37,1.00
2015.07.23 01:51:37.561,1.65409,1.65467,2.47,1.50
2015.07.23 01:51:39.167,1.65409,1.65457,1.72,1.00
2015.07.23 01:51:41.627,1.65412,1.65457,1.00,1.00
2015.07.23 01:51:48.237,1.65407,1.65456,1.35,1.00
2015.07.23 01:51:49.210,1.65406,1.65447,1.37,1.00
2015.07.23 01:51:49.396,1.65403,1.65457,1.80,1.37
2015.07.23 01:51:49.447,1.65405,1.65446,1.12,1.00
2015.07.23 01:51:52.485,1.65399,1.65446,1.50,1.00
2015.07.23 01:51:52.713,1.65397,1.65446,1.72,1.37
2015.07.23 01:51:52.915,1.65397,1.65453,1.37,3.00
2015.07.23 01:51:52.966,1.65397,1.65446,1.87,1.00
2015.07.23 01:51:53.470,1.65397,1.65446,1.37,1.00
2015.07.23 01:51:53.805,1.65395,1.65446,1.67,2.25
2015.07.23 01:51:53.856,1.6539,1.65446,1.00,1.75
2015.07.23 01:51:53.907,1.6539,1.65446,1.37,1.37
2015.07.23 01:51:53.958,1.6539,1.65437,1.37,1.00
2015.07.23 01:51:54.260,1.6539,1.65446,2.25,2.25
2015.07.23 01:51:54.570,1.6539,1.65436,1.75,1.00
2015.07.23 01:51:55.074,1.6539,1.65437,1.75,1.00
2015.07.23 01:51:59.835,1.6539,1.65437,1.75,1.00
2015.07.23 01:52:00.424,1.6539,1.65437,1.75,1.00
2015.07.23 01:52:00.997,1.6539,1.65437,1.75,1.00
2015.07.23 01:52:01.631,1.6539,1.65437,1.75,1.00
2015.07.23 01:52:04.968,1.6539,1.65436,1.75,1.00
2015.07.23 01:52:05.070,1.65402,1.65446,1.35,1.00
2015.07.23 01:52:05.372,1.65408,1.65456,1.05,1.00
2015.07.23 01:52:05.473,1.65409,1.65457,1.12,1.00
2015.07.23 01:52:05.625,1.65417,1.65472,1.37,1.05
2015.07.23 01:52:05.676,1.65417,1.65472,2.25,1.05
2015.07.23 01:52:05.990,1.65422,1.65476,1.37,1.37
2015.07.23 01:52:06.193,1.65423,1.65476,2.62,1.00
2015.07.23 01:52:06.505,1.65425,1.65477,2.17,1.00
2015.07.23 01:52:06.971,1.65426,1.65477,1.12,1.00
2015.07.23 01:52:07.173,1.65432,1.65487,1.37,1.37
2015.07.23 01:52:07.416,1.65436,1.65487,1.00,1.37
2015.07.23 01:52:07.517,1.65436,1.65486,1.12,1.37
2015.07.23 01:52:07.820,1.65434,1.65487,1.42,1.12
2015.07.23 01:52:08.405,1.65435,1.65487,1.37,1.00
2015.07.23 01:52:14.093,1.65434,1.65487,1.80,1.37
2015.07.23 01:52:14.214,1.65434,1.65487,1.42,1.37
2015.07.23 01:52:14.316,1.65434,1.65486,1.42,1.00
2015.07.23 01:52:14.555,1.65436,1.65486,1.05,1.00
2015.07.23 01:52:14.606,1.65446,1.65496,1.12,1.37
2015.07.23 01:52:14.721,1.65448,1.65501,1.37,1.37
2015.07.23 01:52:15.413,1.65448,1.65497,1.37,1.00
2015.07.23 01:52:16.292,1.65447,1.65496,1.37,1.00
2015.07.23 01:52:16.343,1.65447,1.65496,1.00,1.12
2015.07.23 01:52:16.394,1.65445,1.65496,1.12,1.12
2015.07.23 01:52:16.444,1.65445,1.65496,1.50,1.37
2015.07.23 01:52:16.545,1.65443,1.65497,2.25,1.37
2015.07.23 01:52:16.949,1.65443,1.65496,1.87,1.00
2015.07.23 01:52:20.895,1.65443,1.65505,3.37,1.87
2015.07.23 01:52:20.946,1.65443,1.65505,3.37,1.87
2015.07.23 01:52:21.119,1.65443,1.65505,3.37,1.87
2015.07.23 01:52:21.224,1.65443,1.65502,3.00,1.50
2015.07.23 01:52:21.325,1.65443,1.65496,2.25,1.37
2015.07.23 01:52:22.029,1.65443,1.65496,1.00,1.37
2015.07.23 01:52:22.332,1.65449,1.65506,1.37,1.75
2015.07.23 01:52:22.635,1.6546,1.65513,1.00,1.75
2015.07.23 01:52:22.736,1.65458,1.65513,1.00,1.75
2015.07.23 01:52:23.263,1.65456,1.65513,1.37,1.75
2015.07.23 01:52:23.364,1.65456,1.65513,1.37,1.37
2015.07.23 01:52:24.782,1.65456,1.65511,1.87,1.75
2015.07.23 01:52:25.478,1.65453,1.65505,1.00,1.87
2015.07.23 01:52:25.730,1.65449,1.65505,1.50,1.37
2015.07.23 01:52:25.781,1.65449,1.65504,1.00,2.47
2015.07.23 01:52:25.831,1.65444,1.65499,1.37,1.72
2015.07.23 01:52:25.882,1.65441,1.65498,1.05,1.35
2015.07.23 01:52:25.984,1.65435,1.65494,1.37,1.37
2015.07.23 01:52:26.035,1.65434,1.6549,2.25,1.00
2015.07.23 01:52:26.386,1.65432,1.65486,1.75,1.00
2015.07.23 01:52:26.867,1.65431,1.65486,1.37,1.00
2015.07.23 01:52:27.371,1.65431,1.65486,1.50,1.00
2015.07.23 01:52:28.142,1.65431,1.65491,1.50,2.62
2015.07.23 01:52:28.892,1.65433,1.65487,1.75,1.05
2015.07.23 01:52:28.993,1.65437,1.65491,1.75,1.00
2015.07.23 01:52:29.044,1.65437,1.65493,1.75,1.00
2015.07.23 01:52:29.094,1.65437,1.65493,1.75,1.00
2015.07.23 01:52:29.145,1.65438,1.65495,1.75,1.00
2015.07.23 01:52:29.684,1.65437,1.65496,2.25,1.50
2015.07.23 01:52:34.520,1.65437,1.65496,3.00,1.37
2015.07.23 01:52:35.650,1.65439,1.65497,1.42,1.37
2015.07.23 01:52:39.572,1.65439,1.65497,1.42,1.37
2015.07.23 01:52:39.673,1.65439,1.65495,1.05,1.37
2015.07.23 01:52:39.975,1.65433,1.65486,1.05,1.50
2015.07.23 01:52:40.278,1.65433,1.65486,1.05,1.00
2015.07.23 01:52:41.338,1.65433,1.65487,1.05,1.12
2015.07.23 01:52:42.059,1.65433,1.65487,1.05,1.12
2015.07.23 01:52:43.802,1.65433,1.65486,1.05,1.00
2015.07.23 01:52:44.325,1.65433,1.65485,1.05,1.00
2015.07.23 01:52:45.020,1.65433,1.65484,1.05,1.00
2015.07.23 01:52:45.528,1.65433,1.65486,1.05,1.00
2015.07.23 01:52:49.706,1.65433,1.65485,1.05,1.00
2015.07.23 01:52:50.163,1.65433,1.65481,1.05,1.00
2015.07.23 01:52:50.830,1.65432,1.65481,1.67,1.00
2015.07.23 01:52:51.069,1.65432,1.65485,1.67,1.50
2015.07.23 01:52:51.409,1.65426,1.65486,1.80,1.87
2015.07.23 01:52:51.510,1.65427,1.65486,1.12,1.87
2015.07.23 01:52:52.315,1.65435,1.65486,1.37,1.00
2015.07.23 01:52:52.656,1.65437,1.65496,1.87,1.50
2015.07.23 01:52:53.902,1.65445,1.65497,1.00,1.42
2015.07.23 01:52:54.057,1.65441,1.65497,1.87,1.37
2015.07.23 01:52:54.208,1.65441,1.65497,1.37,1.12
2015.07.23 01:52:54.737,1.65441,1.65496,1.37,1.00
2015.07.23 01:52:55.423,1.65442,1.65496,1.12,1.37
2015.07.23 01:52:58.322,1.65441,1.65497,1.37,1.37
2015.07.23 01:53:08.422,1.65441,1.65496,2.25,1.12
2015.07.23 01:53:30.856,1.65444,1.65503,3.00,1.05
2015.07.23 01:53:31.008,1.6546,1.65507,1.75,1.00
2015.07.23 01:53:31.059,1.65463,1.65506,1.35,1.00
2015.07.23 01:53:31.160,1.65473,1.6552,1.75,1.00
2015.07.23 01:53:31.312,1.65473,1.65526,1.75,1.37
2015.07.23 01:53:31.565,1.65474,1.65527,1.37,1.00
2015.07.23 01:53:32.897,1.65472,1.65525,1.37,1.00
2015.07.23 01:53:33.321,1.65472,1.65527,1.37,1.00
2015.07.23 01:53:34.382,1.65472,1.65526,1.37,1.00
2015.07.23 01:53:34.683,1.65472,1.65523,1.37,1.00
2015.07.23 01:53:36.492,1.65472,1.65524,1.37,1.00
2015.07.23 01:53:36.644,1.65472,1.65526,1.37,1.00
2015.07.23 01:53:38.440,1.65472,1.65527,1.37,2.25
2015.07.23 01:53:39.083,1.65472,1.65526,1.37,1.50
2015.07.23 01:53:40.392,1.65472,1.65527,1.37,2.25
2015.07.23 01:53:41.119,1.65472,1.65526,1.37,1.00
2015.07.23 01:53:42.143,1.65472,1.65527,1.37,2.25
2015.07.23 01:53:42.496,1.65472,1.65526,1.12,2.25
2015.07.23 01:53:42.648,1.6547,1.65516,1.37,1.00
2015.07.23 01:53:42.749,1.6547,1.65526,1.37,2.25
2015.07.23 01:53:42.802,1.6547,1.65523,1.37,1.00
2015.07.23 01:53:43.224,1.65468,1.65516,1.05,1.00
2015.07.23 01:53:43.557,1.65482,1.65516,1.00,1.00
2015.07.23 01:53:44.085,1.65482,1.65517,1.00,1.00
2015.07.23 01:53:44.746,1.65483,1.65516,1.00,1.00
2015.07.23 01:53:44.848,1.6548,1.65516,1.00,1.87
2015.07.23 01:53:44.949,1.6548,1.65513,1.00,1.00
2015.07.23 01:53:45.271,1.65477,1.65506,1.00,1.00
2015.07.23 01:53:45.477,1.65477,1.65516,1.00,1.12
2015.07.23 01:53:45.994,1.65477,1.65517,1.00,1.00
2015.07.23 01:53:57.237,1.65477,1.65516,1.00,1.00
2015.07.23 01:53:57.806,1.65477,1.65517,1.00,1.00
2015.07.23 01:53:59.995,1.65471,1.65517,1.00,1.00
2015.07.23 01:54:00.528,1.65471,1.65516,1.00,1.12
2015.07.23 01:54:10.319,1.65471,1.65506,1.00,1.00
2015.07.23 01:54:15.673,1.65469,1.65506,1.00,1.00
2015.07.23 01:54:15.905,1.6546,1.65506,1.87,1.00
2015.07.23 01:54:16.227,1.65457,1.65506,1.42,1.00
2015.07.23 01:54:17.698,1.65457,1.65513,1.42,1.00
2015.07.23 01:54:17.749,1.65462,1.65513,1.00,1.00
2015.07.23 01:54:18.067,1.65462,1.65506,1.00,1.00
2015.07.23 01:54:20.548,1.65462,1.65507,1.00,1.00
2015.07.23 01:54:22.772,1.65462,1.65506,1.00,1.00
2015.07.23 01:54:22.936,1.6546,1.65506,1.00,1.00
2015.07.23 01:54:23.476,1.6546,1.65507,1.00,1.00
2015.07.23 01:54:24.021,1.65467,1.65507,1.00,1.00
2015.07.23 01:54:25.199,1.65462,1.65507,1.00,1.00
2015.07.23 01:54:25.544,1.65465,1.6551,1.00,1.00
2015.07.23 01:54:25.645,1.65461,1.65507,1.00,1.00
2015.07.23 01:54:26.202,1.65462,1.65507,1.00,1.00
2015.07.23 01:54:30.296,1.65464,1.65507,1.00,1.00
2015.07.23 01:54:32.097,1.65454,1.65507,2.25,1.00
2015.07.23 01:54:32.249,1.65468,1.65507,1.00,1.00
2015.07.23 01:54:35.291,1.65468,1.65513,1.00,1.00
2015.07.23 01:54:35.564,1.65467,1.65517,1.12,1.00
2015.07.23 01:54:35.665,1.65476,1.65517,1.00,1.00
2015.07.23 01:54:35.766,1.65475,1.65525,1.00,1.12
2015.07.23 01:54:35.868,1.65475,1.65516,1.00,1.00
2015.07.23 01:54:36.160,1.65475,1.65527,1.00,2.92
2015.07.23 01:54:36.328,1.65475,1.65516,1.00,1.00
2015.07.23 01:54:38.185,1.65475,1.65517,1.00,1.00
2015.07.23 01:54:50.030,1.65475,1.65516,1.00,1.00
2015.07.23 01:54:50.358,1.65475,1.65527,1.00,2.17
2015.07.23 01:54:51.377,1.65475,1.65516,1.00,1.00
2015.07.23 01:54:54.249,1.65472,1.65516,1.37,1.00
2015.07.23 01:55:04.709,1.65474,1.65516,1.00,1.00
2015.07.23 01:55:05.146,1.65474,1.6552,1.00,1.00
2015.07.23 01:55:05.247,1.65474,1.65506,1.37,1.00
2015.07.23 01:55:05.398,1.65472,1.65506,1.12,1.00
2015.07.23 01:55:08.713,1.65472,1.65506,1.37,1.00
2015.07.23 01:55:09.067,1.65472,1.65517,1.37,1.00
2015.07.23 01:55:09.117,1.65472,1.65517,1.50,1.00
2015.07.23 01:55:09.441,1.65479,1.65517,1.50,1.00
2015.07.23 01:55:09.595,1.65479,1.65517,1.00,1.00
2015.07.23 01:55:09.696,1.65476,1.65517,1.12,1.00
2015.07.23 01:55:10.404,1.65476,1.65507,1.12,1.00
2015.07.23 01:55:12.269,1.65476,1.65516,1.12,1.00
2015.07.23 01:55:12.831,1.65476,1.65506,1.00,1.00
2015.07.23 01:55:13.088,1.6547,1.65506,1.37,1.00
2015.07.23 01:55:15.002,1.6547,1.65516,1.37,1.00
2015.07.23 01:55:16.101,1.6547,1.65524,1.37,1.00
2015.07.23 01:55:16.152,1.65476,1.65524,1.00,1.00
2015.07.23 01:55:16.891,1.65476,1.65526,1.00,1.37
2015.07.23 01:55:31.270,1.65476,1.65525,1.00,1.72
2015.07.23 01:55:31.431,1.6547,1.65515,1.37,1.00
2015.07.23 01:55:31.482,1.6547,1.65515,1.37,1.00
2015.07.23 01:55:31.532,1.65465,1.65506,1.75,1.00
2015.07.23 01:55:31.634,1.65465,1.65515,1.75,1.37
2015.07.23 01:55:31.684,1.65468,1.65515,1.75,1.00
2015.07.23 01:55:31.836,1.65476,1.65526,1.37,1.00
2015.07.23 01:55:31.887,1.65476,1.65527,1.37,1.42
2015.07.23 01:55:32.038,1.65476,1.65526,1.12,1.00
2015.07.23 01:55:38.759,1.65467,1.65526,2.25,2.62
2015.07.23 01:55:38.860,1.65465,1.65524,1.00,2.25
2015.07.23 01:55:48.013,1.65459,1.65516,2.10,1.00
2015.07.23 01:55:48.553,1.65465,1.65517,1.37,1.00
2015.07.23 01:55:49.211,1.65465,1.65516,1.05,1.00
2015.07.23 01:55:51.988,1.65466,1.65516,1.37,1.00
2015.07.23 01:55:52.089,1.65466,1.65526,1.12,1.87
2015.07.23 01:55:52.190,1.65473,1.65517,1.35,1.00
2015.07.23 01:55:52.292,1.65476,1.65527,1.75,1.00
2015.07.23 01:55:52.821,1.65475,1.65526,1.12,1.00
2015.07.23 01:55:53.776,1.65475,1.65526,1.12,1.00
2015.07.23 01:55:56.406,1.65474,1.65527,1.75,1.00
2015.07.23 01:55:56.683,1.65474,1.65516,1.37,1.00
2015.07.23 01:55:56.836,1.65469,1.65516,1.35,1.00
2015.07.23 01:55:57.343,1.65473,1.65516,1.30,1.00
2015.07.23 01:55:59.741,1.65471,1.65516,1.35,1.00
2015.07.23 01:55:59.842,1.65464,1.65516,1.75,1.37
2015.07.23 01:55:59.943,1.65462,1.65515,1.50,1.12
2015.07.23 01:56:00.044,1.65461,1.65514,1.12,1.37
2015.07.23 01:56:00.442,1.65461,1.65507,1.12,1.00
2015.07.23 01:56:00.652,1.65461,1.65517,1.12,2.25
2015.07.23 01:56:01.358,1.65461,1.65517,1.87,1.37
2015.07.23 01:56:04.121,1.6546,1.65516,2.17,1.35
2015.07.23 01:56:04.172,1.6546,1.65507,1.42,1.00
2015.07.23 01:56:04.223,1.65456,1.65507,1.75,1.00
2015.07.23 01:56:05.117,1.65453,1.65507,1.12,1.12
2015.07.23 01:56:06.165,1.65461,1.65507,1.75,1.00
2015.07.23 01:56:06.267,1.65468,1.65514,1.75,1.12
2015.07.23 01:56:06.477,1.65469,1.65514,1.75,1.12
2015.07.23 01:56:06.789,1.65475,1.65516,1.75,1.00
2015.07.23 01:56:07.041,1.6548,1.65527,1.35,1.00
2015.07.23 01:56:07.497,1.65494,1.65537,1.00,1.00
2015.07.23 01:56:08.073,1.65495,1.65537,1.12,1.00
2015.07.23 01:56:08.673,1.65495,1.65537,1.12,1.00
2015.07.23 01:56:08.992,1.65495,1.65536,1.12,1.00
2015.07.23 01:56:09.296,1.65494,1.65537,1.42,1.00
2015.07.23 01:56:09.347,1.65488,1.65527,1.30,1.00
2015.07.23 01:56:09.687,1.65485,1.65527,1.35,1.00
2015.07.23 01:56:09.749,1.6548,1.65527,1.97,1.12
2015.07.23 01:56:09.800,1.65474,1.65531,1.87,1.37
2015.07.23 01:56:09.901,1.65474,1.65522,1.87,1.00
2015.07.23 01:56:09.951,1.65472,1.65522,1.05,1.00
2015.07.23 01:56:10.002,1.65469,1.65516,1.05,1.50
2015.07.23 01:56:10.053,1.65466,1.65516,1.12,1.50
2015.07.23 01:56:10.254,1.65464,1.65517,1.97,1.00
2015.07.23 01:56:10.355,1.65468,1.6553,1.00,1.60
2015.07.23 01:56:10.406,1.6547,1.65518,1.00,1.00
2015.07.23 01:56:10.759,1.65459,1.65496,1.05,1.00
2015.07.23 01:56:11.345,1.65459,1.65515,1.05,1.00
2015.07.23 01:56:11.447,1.65454,1.65506,1.35,1.00
2015.07.23 01:56:11.750,1.65454,1.65502,1.35,1.00
2015.07.23 01:56:11.801,1.65452,1.65503,2.17,1.00
2015.07.23 01:56:11.902,1.65452,1.655,1.05,1.00
2015.07.23 01:56:11.953,1.65446,1.655,1.50,1.00
2015.07.23 01:56:12.004,1.65446,1.65496,1.50,1.00
2015.07.23 01:56:12.335,1.65438,1.65484,1.05,1.00
2015.07.23 01:56:12.906,1.65433,1.65486,1.35,1.00
2015.07.23 01:56:13.063,1.65433,1.65486,1.35,1.00
2015.07.23 01:56:13.722,1.65433,1.65486,1.35,1.00
2015.07.23 01:56:14.603,1.65436,1.65486,1.37,1.00
2015.07.23 01:56:15.071,1.65432,1.65486,1.35,1.00
2015.07.23 01:56:16.499,1.65433,1.65487,1.35,1.00
2015.07.23 01:56:18.188,1.65437,1.65486,1.37,1.00
2015.07.23 01:56:19.422,1.65438,1.65486,1.75,1.50
2015.07.23 01:56:19.817,1.65438,1.65491,1.75,1.00
2015.07.23 01:56:19.918,1.65438,1.65491,1.37,1.12
2015.07.23 01:56:20.019,1.65438,1.65496,2.25,1.50
2015.07.23 01:56:20.458,1.65439,1.65487,1.37,1.00
2015.07.23 01:56:22.209,1.65439,1.65486,1.12,1.00
2015.07.23 01:56:22.878,1.65437,1.65488,1.37,1.12
2015.07.23 01:56:22.929,1.65429,1.65486,1.75,1.00
2015.07.23 01:56:23.318,1.65427,1.65477,1.75,1.00
2015.07.23 01:56:23.429,1.65427,1.65476,1.75,1.00
2015.07.23 01:56:23.681,1.65427,1.65484,1.75,1.97
2015.07.23 01:56:23.782,1.65427,1.65476,1.75,1.00
2015.07.23 01:56:24.507,1.65427,1.65476,1.75,1.00
2015.07.23 01:56:25.318,1.65427,1.65476,1.37,1.00
2015.07.23 01:56:25.435,1.65427,1.65476,1.37,1.00
2015.07.23 01:56:25.536,1.65421,1.65476,1.75,1.00
2015.07.23 01:56:26.020,1.65421,1.65476,1.75,1.00
2015.07.23 01:56:26.962,1.65421,1.65476,1.50,1.00
2015.07.23 01:56:35.870,1.65422,1.6548,1.75,1.00
2015.07.23 01:56:36.187,1.65425,1.65484,1.80,1.75
2015.07.23 01:56:36.292,1.65426,1.6548,1.00,1.37
2015.07.23 01:56:36.344,1.65426,1.65477,1.00,1.00
2015.07.23 01:56:36.830,1.65424,1.65477,1.05,1.37
2015.07.23 01:56:37.083,1.65428,1.65486,1.37,1.87
2015.07.23 01:56:37.385,1.65428,1.65486,1.75,1.87
2015.07.23 01:56:39.103,1.65427,1.65486,1.75,1.37
2015.07.23 01:56:39.584,1.65426,1.65486,1.87,1.00
2015.07.23 01:56:39.667,1.65426,1.65486,1.87,1.00
2015.07.23 01:56:39.975,1.65433,1.65486,1.12,1.00
2015.07.23 01:56:40.180,1.65437,1.65493,2.10,1.12
2015.07.23 01:56:40.281,1.65437,1.65486,2.10,1.00
2015.07.23 01:56:43.936,1.65439,1.65486,1.37,1.00
2015.07.23 01:56:44.886,1.65439,1.65496,1.37,1.00
2015.07.23 01:56:44.936,1.65439,1.65496,1.37,1.37
2015.07.23 01:56:45.239,1.65439,1.65487,1.37,1.00
2015.07.23 01:56:45.341,1.65439,1.65497,1.37,3.00
2015.07.23 01:56:45.854,1.65439,1.65497,1.37,1.37
2015.07.23 01:56:48.725,1.65439,1.65496,1.37,1.50
2015.07.23 01:56:49.028,1.65435,1.65494,2.47,1.12
2015.07.23 01:56:49.920,1.65435,1.65496,2.47,1.80
2015.07.23 01:56:55.074,1.6544,1.65496,1.00,2.55
2015.07.23 01:56:55.681,1.65439,1.65496,1.12,2.55
2015.07.23 01:56:57.599,1.6544,1.65496,1.00,1.80
2015.07.23 01:56:58.324,1.65439,1.65496,1.87,2.55
2015.07.23 01:56:58.374,1.65441,1.65496,1.00,2.55
2015.07.23 01:56:58.476,1.65441,1.65496,1.37,1.37
2015.07.23 01:57:01.795,1.65439,1.65496,1.12,1.37
2015.07.23 01:57:03.168,1.65439,1.65496,1.12,1.00
2015.07.23 01:57:04.587,1.65439,1.65496,1.37,1.12
2015.07.23 01:57:05.277,1.65439,1.65496,1.12,1.37
2015.07.23 01:57:09.061,1.65439,1.65494,1.37,1.00
2015.07.23 01:57:09.680,1.65439,1.65496,1.37,1.00
2015.07.23 01:57:11.974,1.65438,1.65496,1.80,1.00
2015.07.23 01:57:12.417,1.65439,1.65496,1.12,1.00
2015.07.23 01:57:12.476,1.65438,1.65496,2.17,1.12
2015.07.23 01:57:12.690,1.65439,1.65496,1.12,1.00
2015.07.23 01:57:12.891,1.65439,1.65496,1.50,1.12
2015.07.23 01:57:13.419,1.65439,1.65496,1.12,1.00
2015.07.23 01:57:13.927,1.65439,1.65497,1.12,1.50
2015.07.23 01:57:15.969,1.65439,1.65496,1.87,1.00
2015.07.23 01:57:16.282,1.65439,1.65492,1.12,1.00
2015.07.23 01:57:16.333,1.65439,1.65497,1.12,1.00
2015.07.23 01:57:16.903,1.65439,1.65496,1.12,1.00
2015.07.23 01:57:20.856,1.65458,1.65496,1.00,1.00
2015.07.23 01:57:21.209,1.65457,1.65505,1.00,1.87
2015.07.23 01:57:21.740,1.65458,1.65505,1.00,1.37
2015.07.23 01:57:22.241,1.65457,1.65505,1.00,1.37
2015.07.23 01:57:22.605,1.65458,1.65505,1.00,1.50
2015.07.23 01:57:23.343,1.65457,1.65505,1.00,1.00
2015.07.23 01:57:23.859,1.65458,1.65505,1.00,1.50
2015.07.23 01:57:24.329,1.65457,1.65504,1.00,1.37
2015.07.23 01:57:24.848,1.65458,1.65505,1.00,1.87
2015.07.23 01:57:25.750,1.65457,1.65505,1.00,1.37
2015.07.23 01:57:26.255,1.65458,1.65507,1.00,2.25
2015.07.23 01:57:27.957,1.65457,1.65503,1.00,1.37
2015.07.23 01:57:28.558,1.65478,1.65506,1.00,1.37
2015.07.23 01:57:28.660,1.65478,1.65506,1.00,1.00
2015.07.23 01:57:28.862,1.6547,1.65506,1.00,1.00
2015.07.23 01:57:28.913,1.6547,1.65515,1.00,1.75
2015.07.23 01:57:28.964,1.65462,1.65515,1.00,1.75
2015.07.23 01:57:29.015,1.65463,1.65507,1.05,1.00
2015.07.23 01:57:29.407,1.65477,1.65507,1.00,1.00
2015.07.23 01:57:29.938,1.65478,1.65507,1.00,1.00
2015.07.23 01:57:30.566,1.65477,1.65516,1.00,1.37
2015.07.23 01:57:30.964,1.65475,1.65506,1.00,1.00
2015.07.23 01:57:31.015,1.65462,1.65506,1.50,1.00
2015.07.23 01:57:31.066,1.65461,1.65506,1.00,1.00
2015.07.23 01:57:31.318,1.65461,1.65509,1.00,1.37
2015.07.23 01:57:31.520,1.65461,1.65506,1.00,1.00
2015.07.23 01:57:32.617,1.65461,1.65505,1.00,1.00
2015.07.23 01:57:33.121,1.65462,1.65506,1.00,1.50
2015.07.23 01:57:35.277,1.65461,1.65506,1.00,1.50
2015.07.23 01:57:35.986,1.65462,1.65506,1.00,2.25
2015.07.23 01:57:38.077,1.65461,1.65506,1.00,1.50
2015.07.23 01:57:38.379,1.65472,1.65506,1.00,1.00
2015.07.23 01:57:38.884,1.65472,1.65512,1.00,1.05
2015.07.23 01:57:39.317,1.65472,1.65517,1.00,1.37
2015.07.23 01:57:40.881,1.65473,1.65517,1.00,1.37
2015.07.23 01:57:41.467,1.65473,1.65517,1.75,1.00
2015.07.23 01:57:41.669,1.65487,1.65526,1.00,1.00
2015.07.23 01:57:41.872,1.65487,1.65536,1.00,2.17
2015.07.23 01:57:42.174,1.65487,1.65536,1.00,1.42
2015.07.23 01:57:42.476,1.65488,1.65536,1.00,2.17
2015.07.23 01:57:43.207,1.65489,1.65536,1.00,1.42
2015.07.23 01:57:44.892,1.65488,1.65536,1.00,1.42
2015.07.23 01:57:45.443,1.65487,1.65536,1.87,2.17
2015.07.23 01:57:46.344,1.65487,1.65536,1.87,1.80
2015.07.23 01:57:46.647,1.65498,1.65536,1.00,1.00
2015.07.23 01:57:46.748,1.65498,1.65544,1.00,1.37
2015.07.23 01:57:47.153,1.65499,1.65544,1.00,1.37
2015.07.23 01:57:47.417,1.65509,1.65544,1.00,1.37
2015.07.23 01:57:47.961,1.65508,1.65544,1.00,1.37
2015.07.23 01:57:48.731,1.65509,1.65544,1.00,1.37
2015.07.23 01:57:50.118,1.6551,1.65544,1.00,1.37
2015.07.23 01:57:50.711,1.6551,1.65544,1.00,1.37
2015.07.23 01:57:51.371,1.65509,1.65546,1.00,1.37
2015.07.23 01:57:52.054,1.65508,1.65546,1.00,1.37
2015.07.23 01:57:53.009,1.65509,1.65546,1.00,1.37
2015.07.23 01:57:54.461,1.65509,1.6555,1.00,1.37
2015.07.23 01:57:54.515,1.65511,1.6555,1.00,1.37
2015.07.23 01:57:54.616,1.65511,1.65551,1.00,1.50
2015.07.23 01:57:55.418,1.6551,1.65555,1.00,1.37
2015.07.23 01:57:55.519,1.65504,1.65556,1.37,1.50
2015.07.23 01:57:56.717,1.65504,1.65546,1.37,1.00
2015.07.23 01:57:57.639,1.65504,1.65547,1.37,1.00
2015.07.23 01:57:59.800,1.65505,1.65546,1.12,1.00
2015.07.23 01:58:00.103,1.65507,1.65546,1.00,1.00
2015.07.23 01:58:00.154,1.65507,1.65556,1.12,1.37
2015.07.23 01:58:00.205,1.65507,1.65556,1.37,1.37
2015.07.23 01:58:05.911,1.6551,1.65556,1.00,1.37
2015.07.23 01:58:06.810,1.6551,1.65556,1.12,1.00
2015.07.23 01:58:07.113,1.65514,1.65566,1.87,1.72
2015.07.23 01:58:07.215,1.65519,1.65566,1.00,1.72
2015.07.23 01:58:07.905,1.65517,1.65566,1.00,1.50
2015.07.23 01:58:08.219,1.65515,1.65556,1.00,1.00
2015.07.23 01:58:09.077,1.65516,1.65556,1.00,1.00
2015.07.23 01:58:09.615,1.65515,1.65556,1.00,1.00
2015.07.23 01:58:11.377,1.65515,1.65566,1.00,1.37
2015.07.23 01:58:11.877,1.65521,1.65572,1.37,2.17
2015.07.23 01:58:11.978,1.65525,1.65572,1.00,1.00
2015.07.23 01:58:12.698,1.65526,1.65576,1.00,1.37
2015.07.23 01:58:14.571,1.65526,1.65576,1.00,1.37
2015.07.23 01:58:14.916,1.65528,1.65576,1.00,1.37
2015.07.23 01:58:15.219,1.65529,1.6558,1.00,2.17
2015.07.23 01:58:15.270,1.65529,1.65582,1.00,1.80
2015.07.23 01:58:15.321,1.65529,1.65582,1.00,1.12
2015.07.23 01:58:16.588,1.65532,1.65583,1.00,1.37
2015.07.23 01:58:16.690,1.6553,1.65583,1.00,1.87
2015.07.23 01:58:17.149,1.65533,1.65586,1.00,2.10
2015.07.23 01:58:17.812,1.65531,1.65586,1.00,2.10
2015.07.23 01:58:20.343,1.65533,1.65586,1.00,2.85
2015.07.23 01:58:21.235,1.6553,1.65585,1.12,1.37
2015.07.23 01:58:21.561,1.6553,1.65584,1.00,1.50
2015.07.23 01:58:21.915,1.65529,1.65577,1.00,1.00
2015.07.23 01:58:21.965,1.65527,1.65577,1.00,1.00
2015.07.23 01:58:22.290,1.65525,1.65577,1.00,1.00
2015.07.23 01:58:22.643,1.65527,1.65576,1.00,1.00
2015.07.23 01:58:22.846,1.65525,1.65576,1.12,1.00
2015.07.23 01:58:23.300,1.65524,1.65576,1.00,1.87
2015.07.23 01:58:23.625,1.65523,1.65574,1.50,1.42
2015.07.23 01:58:24.157,1.65523,1.65573,1.00,1.00
2015.07.23 01:58:25.264,1.65522,1.65573,1.50,1.50
2015.07.23 01:58:25.858,1.65521,1.65573,1.12,1.50
2015.07.23 01:58:26.407,1.65522,1.65573,1.00,1.00
2015.07.23 01:58:28.337,1.65521,1.65573,1.12,1.00
2015.07.23 01:58:30.239,1.65523,1.65573,1.00,1.00
2015.07.23 01:58:30.561,1.65515,1.65556,1.75,1.00
2015.07.23 01:58:30.612,1.65515,1.65573,1.37,1.37
2015.07.23 01:58:30.713,1.65518,1.65566,1.50,1.00
2015.07.23 01:58:30.814,1.65517,1.65566,1.37,1.60
2015.07.23 01:58:31.020,1.65516,1.65567,1.37,1.12
2015.07.23 01:58:31.222,1.65521,1.65573,1.00,1.12
2015.07.23 01:58:31.424,1.65517,1.65572,1.37,1.35
2015.07.23 01:58:32.055,1.65517,1.65557,1.37,1.00
2015.07.23 01:58:33.085,1.6552,1.65557,1.00,1.00
2015.07.23 01:58:33.137,1.65522,1.6557,1.00,1.37
2015.07.23 01:58:33.440,1.65522,1.65567,1.50,1.37
2015.07.23 01:58:33.776,1.65522,1.65567,1.00,1.50
2015.07.23 01:58:34.129,1.6552,1.65567,1.00,1.75
2015.07.23 01:58:34.814,1.65517,1.65567,1.00,1.75
2015.07.23 01:58:34.966,1.65515,1.65567,1.00,1.75
2015.07.23 01:58:35.419,1.65517,1.65565,1.00,2.17
2015.07.23 01:58:35.621,1.65514,1.65565,1.00,2.17
2015.07.23 01:58:36.235,1.6551,1.65557,1.00,1.80
2015.07.23 01:58:36.538,1.6551,1.65557,1.37,1.80
2015.07.23 01:58:37.052,1.65513,1.65557,1.00,1.05
2015.07.23 01:58:37.153,1.65513,1.65564,1.00,1.50
2015.07.23 01:58:39.248,1.65512,1.65562,1.00,1.37
2015.07.23 01:58:39.802,1.65511,1.65562,1.00,1.87
2015.07.23 01:58:40.021,1.65513,1.65565,1.00,1.75
2015.07.23 01:58:40.572,1.65517,1.65565,1.00,1.75
2015.07.23 01:58:40.911,1.65524,1.65567,1.00,1.75
2015.07.23 01:58:41.423,1.65523,1.65567,1.00,1.75
2015.07.23 01:58:41.924,1.65524,1.65567,1.00,2.25
2015.07.23 01:58:42.726,1.65523,1.65567,1.00,1.75
2015.07.23 01:58:43.337,1.65524,1.65567,1.00,2.25
2015.07.23 01:58:45.465,1.65523,1.65565,1.00,1.37
2015.07.23 01:58:47.966,1.65524,1.65566,1.00,1.50
2015.07.23 01:58:50.272,1.65525,1.65562,1.00,1.37
2015.07.23 01:58:51.581,1.65519,1.65563,1.00,1.37
2015.07.23 01:58:51.683,1.65515,1.65559,1.00,1.37
2015.07.23 01:58:51.803,1.65512,1.65557,1.87,1.00
2015.07.23 01:58:51.905,1.65513,1.65559,1.00,1.50
2015.07.23 01:58:51.956,1.65513,1.65556,1.00,1.00
2015.07.23 01:58:52.057,1.65513,1.6556,1.00,1.00
2015.07.23 01:58:52.108,1.65512,1.65556,1.50,1.00
2015.07.23 01:58:52.482,1.65512,1.65546,1.00,1.00
2015.07.23 01:58:53.262,1.65511,1.65546,1.87,1.00
2015.07.23 01:58:53.786,1.65512,1.65546,1.00,1.00
2015.07.23 01:58:55.026,1.65516,1.65546,1.00,1.00
2015.07.23 01:58:55.077,1.65525,1.65557,1.00,1.00
2015.07.23 01:58:55.682,1.65524,1.65557,1.00,1.00
2015.07.23 01:58:56.189,1.65525,1.65557,1.00,1.00
2015.07.23 01:58:56.391,1.65532,1.65556,1.00,1.00
2015.07.23 01:58:56.933,1.65532,1.65567,1.00,1.37
2015.07.23 01:58:57.391,1.65529,1.65567,1.00,1.37
2015.07.23 01:58:57.492,1.65529,1.65562,1.00,1.00
2015.07.23 01:58:57.938,1.65529,1.65557,1.00,1.00
2015.07.23 01:58:58.377,1.65525,1.65556,1.00,1.00
2015.07.23 01:58:58.927,1.65525,1.65557,1.00,1.00
2015.07.23 01:58:59.459,1.65524,1.65556,1.00,1.00
2015.07.23 01:59:00.005,1.65525,1.65556,1.00,1.00
2015.07.23 01:59:00.533,1.65524,1.65556,1.00,1.00
2015.07.23 01:59:01.021,1.65525,1.65552,1.00,1.37
2015.07.23 01:59:01.381,1.65515,1.65547,1.00,1.12
2015.07.23 01:59:01.583,1.65511,1.65547,1.00,1.12
2015.07.23 01:59:03.878,1.65511,1.65547,1.00,1.37
2015.07.23 01:59:04.433,1.65514,1.65552,1.00,1.75
2015.07.23 01:59:04.535,1.65511,1.65552,1.50,1.75
2015.07.23 01:59:06.037,1.65512,1.65547,1.00,1.37
2015.07.23 01:59:07.995,1.65511,1.65547,1.50,1.37
2015.07.23 01:59:09.522,1.65512,1.65551,1.00,1.50
2015.07.23 01:59:09.925,1.65503,1.65546,1.00,1.00
2015.07.23 01:59:10.228,1.65503,1.65546,1.50,1.00
2015.07.23 01:59:13.595,1.65507,1.65546,1.00,1.00
2015.07.23 01:59:14.346,1.65503,1.65546,1.87,1.00
2015.07.23 01:59:14.938,1.65504,1.65547,1.12,1.00
2015.07.23 01:59:15.441,1.65504,1.65546,1.12,1.00
2015.07.23 01:59:19.196,1.655,1.65546,1.37,1.00
2015.07.23 01:59:19.719,1.65503,1.65546,1.00,1.00
2015.07.23 01:59:20.466,1.655,1.65546,1.37,1.00
2015.07.23 01:59:21.833,1.65504,1.65546,1.00,1.00
2015.07.23 01:59:21.934,1.65501,1.65546,1.37,1.00
2015.07.23 01:59:23.791,1.65503,1.65546,1.00,1.00
2015.07.23 01:59:24.212,1.65501,1.65546,1.37,1.00
2015.07.23 01:59:30.909,1.655,1.65547,1.50,1.00
2015.07.23 01:59:35.131,1.65501,1.65547,1.75,1.00
2015.07.23 01:59:35.606,1.65504,1.65555,1.50,1.42
2015.07.23 01:59:35.723,1.65504,1.65546,1.50,1.00
2015.07.23 01:59:36.299,1.65506,1.65547,1.37,1.00
2015.07.23 01:59:38.004,1.65506,1.65547,1.00,1.00
2015.07.23 01:59:38.105,1.65504,1.65547,1.12,1.00
2015.07.23 01:59:38.620,1.65501,1.65547,1.37,1.00
2015.07.23 01:59:39.239,1.65501,1.65547,1.37,1.12
2015.07.23 01:59:40.275,1.65499,1.65547,1.12,1.37
2015.07.23 01:59:40.542,1.655,1.65547,1.37,1.37
2015.07.23 01:59:42.344,1.65499,1.65547,1.00,1.37
2015.07.23 01:59:42.450,1.65499,1.65546,1.00,1.37
2015.07.23 01:59:42.758,1.65499,1.65536,1.00,1.00
2015.07.23 01:59:42.809,1.65495,1.65536,1.12,1.00
2015.07.23 01:59:43.603,1.65497,1.65536,1.00,1.00
2015.07.23 01:59:44.125,1.65498,1.65536,1.00,1.00
2015.07.23 01:59:44.361,1.65496,1.65536,1.00,1.00
2015.07.23 01:59:46.462,1.65497,1.65536,1.00,1.00
2015.07.23 01:59:46.873,1.65497,1.65543,1.00,1.37
2015.07.23 01:59:46.974,1.65495,1.65537,1.37,1.00
2015.07.23 01:59:47.266,1.65495,1.65544,1.37,1.37
2015.07.23 01:59:47.317,1.65498,1.65544,1.00,1.87
2015.07.23 01:59:47.368,1.65498,1.65544,1.00,1.37
2015.07.23 01:59:47.419,1.65498,1.65537,1.00,1.00
2015.07.23 01:59:47.656,1.65494,1.65537,1.37,1.00
2015.07.23 01:59:47.757,1.65497,1.65537,1.00,1.00
2015.07.23 01:59:49.506,1.65497,1.65536,1.00,1.37
2015.07.23 01:59:49.557,1.65494,1.65536,1.00,1.37
2015.07.23 01:59:49.608,1.65494,1.65536,1.37,1.00
2015.07.23 01:59:49.659,1.65494,1.65536,1.00,1.12
2015.07.23 01:59:49.760,1.65497,1.65536,1.00,1.00
2015.07.23 01:59:50.113,1.655,1.65536,1.00,1.00
2015.07.23 01:59:51.496,1.65496,1.65536,1.37,1.00
2015.07.23 01:59:51.597,1.65491,1.65536,1.37,1.00
2015.07.23 01:59:51.698,1.65489,1.65536,1.75,1.00
2015.07.23 01:59:52.364,1.65489,1.65536,1.00,1.37
2015.07.23 01:59:52.566,1.65485,1.65527,1.37,1.00
2015.07.23 01:59:52.818,1.65479,1.65526,1.37,1.50
2015.07.23 01:59:52.869,1.65479,1.65527,1.00,1.87
2015.07.23 01:59:52.970,1.65479,1.65526,1.50,1.00
2015.07.23 01:59:53.304,1.6549,1.65536,1.00,1.37
2015.07.23 01:59:53.406,1.65485,1.65536,1.37,1.37
2015.07.23 01:59:54.271,1.65485,1.65536,1.00,2.25
2015.07.23 01:59:55.675,1.65484,1.65533,1.37,1.50
2015.07.23 01:59:56.035,1.65481,1.65516,1.75,1.00
2015.07.23 01:59:56.785,1.65481,1.65516,1.37,1.00
2015.07.23 01:59:56.886,1.65481,1.65526,1.37,1.50
2015.07.23 01:59:57.054,1.65481,1.65516,1.37,1.00
2015.07.23 01:59:58.188,1.65481,1.65524,1.37,1.50
2015.07.23 01:59:58.440,1.65479,1.65522,1.37,1.00
2015.07.23 01:59:58.794,1.65479,1.65516,1.37,1.00
