2016.08.26 17:00:00.187,1.5432,1.54353,1.00,1.00
2016.08.26 17:00:00.288,1.54318,1.54352,1.00,1.00
2016.08.26 17:00:00.490,1.54318,1.5435,1.00,1.00
2016.08.26 17:00:00.799,1.54312,1.54345,1.00,1.00
2016.08.26 17:00:00.900,1.5431,1.54345,1.00,1.00
2016.08.26 17:00:01.001,1.5431,1.54342,1.00,1.00
2016.08.26 17:00:01.103,1.54295,1.54343,2.25,1.00
2016.08.26 17:00:01.204,1.54295,1.54343,1.87,1.00
2016.08.26 17:00:01.256,1.54303,1.54343,1.00,1.00
2016.08.26 17:00:01.471,1.54309,1.54354,1.00,1.00
2016.08.26 17:00:01.784,1.54314,1.54354,1.00,1.00
2016.08.26 17:00:01.986,1.54309,1.54354,1.00,1.00
2016.08.26 17:00:02.186,1.54314,1.54354,1.00,1.00
2016.08.26 17:00:02.311,1.54315,1.5435,1.00,1.00
2016.08.26 17:00:03.060,1.54315,1.54348,1.00,1.00
2016.08.26 17:00:03.875,1.54314,1.54345,1.00,1.00
2016.08.26 17:00:03.976,1.54309,1.54342,1.00,1.00
2016.08.26 17:00:04.077,1.54309,1.54344,1.00,1.00
2016.08.26 17:00:04.178,1.5431,1.54342,1.00,1.00
2016.08.26 17:00:04.279,1.54307,1.54339,1.00,1.00
2016.08.26 17:00:04.428,1.54307,1.54339,1.00,1.00
2016.08.26 17:00:04.738,1.54312,1.54344,1.00,1.00
2016.08.26 17:00:05.364,1.54314,1.54345,1.00,1.00
2016.08.26 17:00:05.925,1.54324,1.54345,1.00,1.00
2016.08.26 17:00:06.377,1.54315,1.54349,1.00,1.00
2016.08.26 17:00:06.499,1.54323,1.54356,1.00,1.00
2016.08.26 17:00:06.666,1.54324,1.54356,1.00,1.00
2016.08.26 17:00:06.716,1.54326,1.54358,1.00,1.00
2016.08.26 17:00:06.969,1.54324,1.54346,1.00,1.00
2016.08.26 17:00:07.164,1.54314,1.54346,1.00,1.00
2016.08.26 17:00:07.216,1.54313,1.54342,1.00,1.00
2016.08.26 17:00:07.267,1.54303,1.54342,1.37,1.00
2016.08.26 17:00:07.317,1.54303,1.54342,1.00,1.00
2016.08.26 17:00:07.630,1.54306,1.54341,1.00,1.00
2016.08.26 17:00:07.970,1.54306,1.54341,1.00,1.00
2016.08.26 17:00:08.021,1.54304,1.54336,1.50,1.00
2016.08.26 17:00:08.071,1.54304,1.54335,1.00,1.00
2016.08.26 17:00:08.588,1.54304,1.54334,1.00,1.00
2016.08.26 17:00:10.729,1.54304,1.54337,1.50,1.00
2016.08.26 17:00:10.781,1.54304,1.54339,1.50,1.00
2016.08.26 17:00:10.832,1.54304,1.54339,1.00,1.00
2016.08.26 17:00:10.883,1.54302,1.54337,1.00,1.00
2016.08.26 17:00:10.984,1.54297,1.54332,1.00,1.00
2016.08.26 17:00:11.215,1.54297,1.54332,1.00,1.00
2016.08.26 17:00:11.980,1.54294,1.54331,1.00,1.00
2016.08.26 17:00:12.375,1.54294,1.54331,1.50,1.00
2016.08.26 17:00:12.511,1.54305,1.54337,1.00,1.00
2016.08.26 17:00:14.186,1.54303,1.54338,1.00,1.00
2016.08.26 17:00:14.287,1.543,1.54332,1.00,1.00
2016.08.26 17:00:14.388,1.543,1.54332,1.00,1.00
2016.08.26 17:00:14.490,1.543,1.54335,1.00,1.00
2016.08.26 17:00:14.541,1.54304,1.54335,1.00,1.00
2016.08.26 17:00:14.820,1.54304,1.5433,1.00,1.00
2016.08.26 17:00:14.974,1.54295,1.54329,1.00,1.00
2016.08.26 17:00:15.075,1.54295,1.54329,1.00,1.00
2016.08.26 17:00:15.125,1.54295,1.54327,1.00,1.00
2016.08.26 17:00:15.236,1.54295,1.54327,1.00,1.00
2016.08.26 17:00:15.337,1.54295,1.54327,1.00,1.00
2016.08.26 17:00:17.142,1.54297,1.54329,1.00,1.00
2016.08.26 17:00:17.243,1.54304,1.54334,1.00,1.50
2016.08.26 17:00:17.344,1.54304,1.54337,1.00,1.37
2016.08.26 17:00:17.395,1.54304,1.54337,1.00,1.00
2016.08.26 17:00:17.446,1.54304,1.54337,1.50,1.00
2016.08.26 17:00:18.634,1.54313,1.54337,1.00,1.00
2016.08.26 17:00:19.651,1.54304,1.54337,1.00,1.00
2016.08.26 17:00:19.951,1.54313,1.54337,1.00,1.00
2016.08.26 17:00:20.353,1.54323,1.54344,1.00,1.37
2016.08.26 17:00:20.404,1.54323,1.54344,1.00,1.00
2016.08.26 17:00:20.455,1.54307,1.5434,1.00,1.00
2016.08.26 17:00:20.556,1.54311,1.54345,1.00,1.00
2016.08.26 17:00:20.607,1.54313,1.54348,1.00,1.00
2016.08.26 17:00:20.708,1.54315,1.54349,1.00,1.12
2016.08.26 17:00:20.758,1.54315,1.54349,1.00,1.00
2016.08.26 17:00:20.910,1.54318,1.5435,1.00,1.00
2016.08.26 17:00:22.259,1.54317,1.5435,1.00,1.00
2016.08.26 17:00:22.809,1.54318,1.54351,1.00,1.00
2016.08.26 17:00:23.328,1.54314,1.54347,1.50,1.00
2016.08.26 17:00:23.444,1.54314,1.54347,1.00,1.00
2016.08.26 17:00:23.942,1.54314,1.54347,1.50,1.00
2016.08.26 17:00:24.214,1.54314,1.54349,1.50,1.00
2016.08.26 17:00:25.169,1.54314,1.54349,1.00,1.00
2016.08.26 17:00:25.220,1.54312,1.54346,1.00,1.00
2016.08.26 17:00:25.330,1.5431,1.54346,1.00,1.00
2016.08.26 17:00:26.020,1.5431,1.54346,1.00,1.00
2016.08.26 17:00:27.146,1.54309,1.54343,1.00,1.00
2016.08.26 17:00:27.248,1.54309,1.54341,1.00,1.00
2016.08.26 17:00:27.349,1.54309,1.54341,1.00,1.00
2016.08.26 17:00:27.551,1.54303,1.54337,1.00,1.00
2016.08.26 17:00:27.652,1.54304,1.54341,1.00,1.00
2016.08.26 17:00:27.853,1.54304,1.54344,1.00,1.00
2016.08.26 17:00:27.904,1.54304,1.54344,1.50,1.00
2016.08.26 17:00:28.439,1.54309,1.54347,1.00,1.00
2016.08.26 17:00:28.540,1.54307,1.54345,1.00,1.00
2016.08.26 17:00:28.641,1.54307,1.54341,1.00,1.00
2016.08.26 17:00:28.932,1.54304,1.54338,1.50,1.00
2016.08.26 17:00:28.983,1.54304,1.54338,1.00,1.00
2016.08.26 17:00:29.135,1.54302,1.54337,1.00,1.00
2016.08.26 17:00:29.236,1.54302,1.54337,1.00,1.00
2016.08.26 17:00:30.286,1.54304,1.54337,1.00,1.00
2016.08.26 17:00:30.387,1.54301,1.54335,1.00,1.00
2016.08.26 17:00:30.691,1.54303,1.54335,1.00,1.00
2016.08.26 17:00:30.844,1.54305,1.54337,1.00,1.00
2016.08.26 17:00:31.254,1.54305,1.54337,1.00,1.00
2016.08.26 17:00:31.852,1.54304,1.54337,1.00,1.00
2016.08.26 17:00:32.351,1.54304,1.54339,1.50,1.00
2016.08.26 17:00:32.453,1.54307,1.54339,1.00,1.00
2016.08.26 17:00:32.504,1.54314,1.54339,1.00,1.00
2016.08.26 17:00:32.694,1.54307,1.54339,1.00,1.00
2016.08.26 17:00:32.896,1.54314,1.54339,1.00,1.00
2016.08.26 17:00:33.075,1.54314,1.54341,1.00,1.00
2016.08.26 17:00:33.195,1.54309,1.54341,1.00,1.00
2016.08.26 17:00:34.431,1.54314,1.54341,1.00,1.00
2016.08.26 17:00:34.951,1.54313,1.54342,1.00,1.00
2016.08.26 17:00:35.461,1.54314,1.54342,1.00,1.00
2016.08.26 17:00:35.676,1.54314,1.5434,1.00,1.00
2016.08.26 17:00:36.004,1.54307,1.54341,1.00,1.00
2016.08.26 17:00:36.058,1.54308,1.54343,1.00,1.00
2016.08.26 17:00:36.950,1.54306,1.5434,1.00,1.00
2016.08.26 17:00:37.257,1.54314,1.5434,1.00,1.00
2016.08.26 17:00:37.775,1.54314,1.54341,1.00,1.00
2016.08.26 17:00:37.963,1.54307,1.54341,1.00,1.00
2016.08.26 17:00:38.110,1.54314,1.54341,1.00,1.00
2016.08.26 17:00:38.255,1.54314,1.54343,1.00,1.00
2016.08.26 17:00:38.383,1.54308,1.54343,1.00,1.00
2016.08.26 17:00:38.560,1.54306,1.5434,1.00,1.00
2016.08.26 17:00:38.862,1.54314,1.5434,1.00,1.00
2016.08.26 17:00:38.965,1.54306,1.5434,1.00,1.00
2016.08.26 17:00:40.088,1.54314,1.54343,1.00,1.00
2016.08.26 17:00:43.601,1.54314,1.54342,1.00,1.00
2016.08.26 17:00:43.872,1.54308,1.54341,1.00,1.00
2016.08.26 17:00:44.314,1.54313,1.54341,1.00,1.00
2016.08.26 17:00:44.474,1.54308,1.54342,1.00,1.00
2016.08.26 17:00:44.575,1.54313,1.54342,1.00,1.00
2016.08.26 17:00:44.899,1.54313,1.5434,1.00,1.00
2016.08.26 17:00:45.017,1.54308,1.5434,1.00,1.00
2016.08.26 17:00:45.161,1.54307,1.54339,1.00,1.00
2016.08.26 17:00:45.972,1.54309,1.54341,1.00,1.00
2016.08.26 17:00:46.273,1.5431,1.54343,1.00,1.00
2016.08.26 17:00:48.077,1.54313,1.54343,1.00,1.00
2016.08.26 17:00:49.379,1.5431,1.54343,1.00,1.00
2016.08.26 17:00:50.080,1.54313,1.54343,1.00,1.00
2016.08.26 17:00:51.125,1.54308,1.5434,1.00,1.00
2016.08.26 17:00:51.255,1.54304,1.54338,1.00,1.00
2016.08.26 17:00:51.306,1.54313,1.5434,1.00,1.00
2016.08.26 17:00:51.809,1.54308,1.5434,1.00,1.00
2016.08.26 17:00:52.322,1.54305,1.5434,1.00,1.00
2016.08.26 17:00:53.385,1.54314,1.5434,1.00,1.00
2016.08.26 17:00:54.586,1.54308,1.5434,1.00,1.00
2016.08.26 17:00:56.114,1.54304,1.54336,1.00,1.00
2016.08.26 17:00:56.275,1.54304,1.54334,1.00,1.00
2016.08.26 17:00:56.326,1.54302,1.54334,1.00,1.12
2016.08.26 17:00:56.377,1.54302,1.54336,1.00,1.75
2016.08.26 17:00:56.502,1.54303,1.54336,1.00,1.37
2016.08.26 17:00:56.552,1.54303,1.54336,1.00,1.00
2016.08.26 17:00:57.006,1.54303,1.54331,1.00,1.00
2016.08.26 17:00:57.107,1.54298,1.54331,1.00,1.00
2016.08.26 17:00:57.208,1.54296,1.54328,1.00,1.00
2016.08.26 17:00:57.515,1.54301,1.54333,1.00,1.00
2016.08.26 17:00:57.617,1.54301,1.54333,1.00,1.00
2016.08.26 17:00:57.671,1.54301,1.54333,1.00,1.00
2016.08.26 17:00:59.511,1.54302,1.54336,1.00,1.00
2016.08.26 17:00:59.612,1.54299,1.54332,1.00,1.00
2016.08.26 17:00:59.713,1.54293,1.54325,1.00,1.00
2016.08.26 17:00:59.814,1.54287,1.54322,1.00,1.00
2016.08.26 17:01:00.238,1.54294,1.5432,1.00,1.00
2016.08.26 17:01:00.542,1.54287,1.54319,1.00,1.00
2016.08.26 17:01:01.228,1.54294,1.54319,1.00,1.00
2016.08.26 17:01:01.934,1.54287,1.54319,1.00,1.00
2016.08.26 17:01:03.940,1.54289,1.54321,1.00,1.00
2016.08.26 17:01:04.042,1.54289,1.54324,1.00,1.00
2016.08.26 17:01:04.642,1.5429,1.54323,1.00,1.00
2016.08.26 17:01:05.029,1.54291,1.54325,1.00,1.00
2016.08.26 17:01:05.802,1.54294,1.54325,1.00,1.00
2016.08.26 17:01:05.853,1.54294,1.54319,1.00,1.00
2016.08.26 17:01:06.063,1.54287,1.54322,1.00,1.00
2016.08.26 17:01:06.266,1.54287,1.5432,1.00,1.00
2016.08.26 17:01:06.649,1.54294,1.54327,1.00,1.00
2016.08.26 17:01:06.751,1.54303,1.54338,1.00,1.37
2016.08.26 17:01:06.801,1.54303,1.54338,1.00,1.37
2016.08.26 17:01:06.964,1.54307,1.54339,1.00,1.00
2016.08.26 17:01:07.250,1.54305,1.54338,1.00,1.00
2016.08.26 17:01:08.339,1.54305,1.54337,1.00,1.00
2016.08.26 17:01:08.441,1.54307,1.54341,1.00,1.00
2016.08.26 17:01:08.542,1.54312,1.54344,1.00,1.00
2016.08.26 17:01:08.645,1.54312,1.54344,1.00,1.00
2016.08.26 17:01:10.651,1.54313,1.54345,1.00,1.00
2016.08.26 17:01:10.959,1.5431,1.54343,1.00,1.00
2016.08.26 17:01:11.010,1.5431,1.54343,1.00,1.00
2016.08.26 17:01:11.060,1.54307,1.54339,1.00,1.00
2016.08.26 17:01:11.161,1.54304,1.54338,1.00,1.00
2016.08.26 17:01:11.383,1.54313,1.54338,1.00,1.00
2016.08.26 17:01:13.035,1.54313,1.54346,1.50,1.00
2016.08.26 17:01:13.136,1.54314,1.54348,1.50,1.00
2016.08.26 17:01:13.237,1.54314,1.54345,1.00,1.00
2016.08.26 17:01:13.338,1.54314,1.54348,1.50,1.00
2016.08.26 17:01:13.540,1.54317,1.54349,1.00,1.00
2016.08.26 17:01:13.844,1.54314,1.54346,1.50,1.00
2016.08.26 17:01:14.339,1.54316,1.54348,1.00,1.00
2016.08.26 17:01:14.640,1.54316,1.5435,1.00,1.00
2016.08.26 17:01:14.842,1.54321,1.54356,1.00,1.00
2016.08.26 17:01:15.159,1.54324,1.54356,1.00,1.00
2016.08.26 17:01:15.877,1.54324,1.54355,1.00,1.00
2016.08.26 17:01:16.455,1.5432,1.54355,1.00,1.00
2016.08.26 17:01:16.556,1.54317,1.54351,1.00,1.00
2016.08.26 17:01:17.109,1.54318,1.5435,1.00,1.00
2016.08.26 17:01:17.484,1.54324,1.5435,1.00,1.00
2016.08.26 17:01:18.637,1.54318,1.5435,1.00,1.00
2016.08.26 17:01:18.857,1.5432,1.54353,1.00,1.00
2016.08.26 17:01:18.959,1.54322,1.54356,1.00,1.00
2016.08.26 17:01:19.060,1.54322,1.54356,1.00,1.00
2016.08.26 17:01:19.262,1.54323,1.54357,1.50,1.00
2016.08.26 17:01:19.648,1.54323,1.54353,1.00,1.00
2016.08.26 17:01:19.850,1.54319,1.54351,1.00,1.00
2016.08.26 17:01:20.400,1.5432,1.54352,1.00,1.00
2016.08.26 17:01:20.451,1.5432,1.54355,1.00,1.00
2016.08.26 17:01:21.640,1.54324,1.54355,1.00,1.00
2016.08.26 17:01:22.323,1.5432,1.54355,1.00,1.00
2016.08.26 17:01:22.542,1.5432,1.54349,1.00,1.00
2016.08.26 17:01:22.592,1.54314,1.54337,1.00,1.00
2016.08.26 17:01:22.693,1.54314,1.54334,1.00,1.00
2016.08.26 17:01:22.744,1.54303,1.54334,1.00,1.00
2016.08.26 17:01:23.655,1.54303,1.54333,1.00,1.00
2016.08.26 17:01:23.957,1.54304,1.5433,1.00,1.00
2016.08.26 17:01:24.058,1.54298,1.5433,1.00,1.00
2016.08.26 17:01:24.173,1.54295,1.54328,1.00,1.00
2016.08.26 17:01:24.375,1.54294,1.54321,1.00,1.00
2016.08.26 17:01:24.677,1.54303,1.54323,1.00,1.00
2016.08.26 17:01:24.779,1.54303,1.54326,1.00,1.00
2016.08.26 17:01:25.963,1.54303,1.54332,1.00,1.50
2016.08.26 17:01:26.064,1.54304,1.54332,1.00,1.00
2016.08.26 17:01:26.568,1.54304,1.54331,1.00,1.00
2016.08.26 17:01:26.770,1.54303,1.54333,1.00,1.00
2016.08.26 17:01:26.972,1.54303,1.54336,1.00,1.00
2016.08.26 17:01:27.089,1.54304,1.54334,1.00,1.00
2016.08.26 17:01:27.140,1.54294,1.54334,2.25,1.00
2016.08.26 17:01:27.252,1.54294,1.54333,1.00,1.00
2016.08.26 17:01:27.303,1.54285,1.54325,1.00,1.00
2016.08.26 17:01:27.405,1.54283,1.54323,1.50,1.00
2016.08.26 17:01:27.557,1.54293,1.54323,1.00,1.00
2016.08.26 17:01:27.658,1.54284,1.5432,1.00,1.00
2016.08.26 17:01:28.220,1.54284,1.54321,1.00,1.00
2016.08.26 17:01:28.271,1.54284,1.54318,1.00,1.00
2016.08.26 17:01:28.920,1.54283,1.54318,1.00,1.00
2016.08.26 17:01:29.268,1.54281,1.54321,1.00,1.00
2016.08.26 17:01:29.373,1.54269,1.54323,2.10,1.00
2016.08.26 17:01:29.423,1.54269,1.54325,2.10,1.00
2016.08.26 17:01:29.474,1.54273,1.54325,1.50,1.00
2016.08.26 17:01:29.564,1.54274,1.54323,1.00,1.00
2016.08.26 17:01:29.722,1.54274,1.54321,1.00,1.00
2016.08.26 17:01:30.054,1.54274,1.54322,1.00,1.50
2016.08.26 17:01:30.566,1.54274,1.54315,1.00,1.00
2016.08.26 17:01:31.132,1.54274,1.54313,1.00,1.00
2016.08.26 17:01:31.434,1.54274,1.5431,1.00,1.00
2016.08.26 17:01:32.384,1.54273,1.5431,1.00,1.00
2016.08.26 17:01:33.517,1.54275,1.54307,1.00,1.00
2016.08.26 17:01:33.643,1.54275,1.54307,1.00,1.00
2016.08.26 17:01:33.693,1.54275,1.54309,1.00,1.00
2016.08.26 17:01:33.794,1.54277,1.54309,1.00,1.00
2016.08.26 17:01:33.988,1.54275,1.54308,1.00,1.00
2016.08.26 17:01:38.650,1.54275,1.54308,1.00,1.00
2016.08.26 17:01:38.771,1.54275,1.54308,1.00,1.00
2016.08.26 17:01:39.203,1.54278,1.54311,1.00,1.00
2016.08.26 17:01:39.791,1.54276,1.54311,1.00,1.00
2016.08.26 17:01:40.303,1.5428,1.54315,1.00,1.00
2016.08.26 17:01:40.606,1.54278,1.5431,1.00,1.00
2016.08.26 17:01:40.707,1.54276,1.5431,1.00,1.00
2016.08.26 17:01:40.809,1.54274,1.54311,1.00,1.00
2016.08.26 17:01:41.012,1.54274,1.54311,1.00,1.00
2016.08.26 17:01:41.202,1.54274,1.54311,1.00,1.00
2016.08.26 17:01:41.463,1.54273,1.54311,1.00,1.50
2016.08.26 17:01:41.614,1.54273,1.54299,1.00,1.00
2016.08.26 17:01:42.257,1.54274,1.54299,1.00,1.00
2016.08.26 17:01:42.626,1.54274,1.54304,1.00,1.00
2016.08.26 17:01:43.268,1.54273,1.54304,1.00,1.00
2016.08.26 17:01:43.959,1.54274,1.54304,1.00,1.00
2016.08.26 17:01:44.495,1.54274,1.54305,1.00,1.00
2016.08.26 17:01:44.607,1.54277,1.54311,1.00,1.00
2016.08.26 17:01:44.708,1.54275,1.54307,1.00,1.00
2016.08.26 17:01:45.307,1.54276,1.54309,1.00,1.00
2016.08.26 17:01:45.409,1.54274,1.54306,1.00,1.00
2016.08.26 17:01:45.721,1.54274,1.54309,1.50,1.00
2016.08.26 17:01:45.926,1.54276,1.54311,1.00,1.00
2016.08.26 17:01:46.027,1.54284,1.54311,1.00,1.00
2016.08.26 17:01:46.330,1.54276,1.54311,1.00,1.00
2016.08.26 17:01:48.230,1.54277,1.54309,1.00,1.00
2016.08.26 17:01:49.519,1.54278,1.54311,1.00,1.00
2016.08.26 17:01:51.923,1.54284,1.54311,1.00,1.00
2016.08.26 17:01:52.025,1.54288,1.5432,1.00,1.00
2016.08.26 17:01:52.084,1.54288,1.5432,1.00,1.00
2016.08.26 17:01:52.135,1.54291,1.54324,1.00,1.00
2016.08.26 17:01:52.242,1.54293,1.54326,1.00,1.00
2016.08.26 17:01:52.629,1.54294,1.54323,1.00,1.00
2016.08.26 17:01:53.144,1.54293,1.54323,1.00,1.00
2016.08.26 17:01:53.245,1.54293,1.54326,1.00,1.00
2016.08.26 17:01:53.626,1.54293,1.54329,1.50,1.00
2016.08.26 17:01:53.727,1.54295,1.54331,1.00,1.00
2016.08.26 17:01:53.777,1.54295,1.54331,1.00,1.00
2016.08.26 17:01:54.086,1.54295,1.54331,1.00,1.00
2016.08.26 17:01:54.251,1.54294,1.54325,1.00,1.00
2016.08.26 17:01:54.403,1.54294,1.54321,1.00,1.00
2016.08.26 17:01:54.951,1.54293,1.5432,1.00,1.00
2016.08.26 17:01:55.008,1.54293,1.54323,1.00,1.00
2016.08.26 17:01:55.160,1.54291,1.54323,1.00,1.00
2016.08.26 17:01:55.261,1.54292,1.54326,1.00,1.00
2016.08.26 17:01:56.635,1.5429,1.54322,1.00,1.00
2016.08.26 17:01:57.140,1.54291,1.54323,1.00,1.00
2016.08.26 17:01:57.770,1.54292,1.54324,1.00,1.00
2016.08.26 17:01:58.093,1.54294,1.54326,1.00,1.00
2016.08.26 17:01:58.295,1.54294,1.54326,1.00,1.00
2016.08.26 17:01:58.346,1.54296,1.54328,1.00,1.00
2016.08.26 17:01:59.154,1.54298,1.54331,1.00,1.00
2016.08.26 17:02:00.424,1.54297,1.54329,1.00,1.00
2016.08.26 17:02:00.525,1.54297,1.54331,1.00,1.00
2016.08.26 17:02:02.563,1.54299,1.54331,1.00,1.00
2016.08.26 17:02:02.665,1.54299,1.54333,1.00,1.00
2016.08.26 17:02:03.867,1.54298,1.5433,1.00,1.00
2016.08.26 17:02:07.913,1.54298,1.5433,1.00,1.00
2016.08.26 17:02:15.276,1.54294,1.54326,1.00,1.00
2016.08.26 17:02:15.377,1.54294,1.54324,1.00,1.00
2016.08.26 17:02:15.579,1.54292,1.54324,1.00,1.00
2016.08.26 17:02:15.791,1.54295,1.54329,1.00,1.00
2016.08.26 17:02:16.006,1.54295,1.54329,1.00,1.00
2016.08.26 17:02:16.134,1.54294,1.54328,1.50,1.00
2016.08.26 17:02:16.535,1.54294,1.54325,1.00,1.00
2016.08.26 17:02:16.784,1.54294,1.54326,1.50,1.00
2016.08.26 17:02:21.070,1.54296,1.54328,1.00,1.00
2016.08.26 17:02:21.442,1.54294,1.54328,1.50,1.00
2016.08.26 17:02:21.493,1.54294,1.54328,1.00,1.00
2016.08.26 17:02:21.888,1.54294,1.54328,1.00,1.00
2016.08.26 17:02:22.144,1.54294,1.54328,1.00,1.00
2016.08.26 17:02:22.245,1.54294,1.54326,1.00,1.00
2016.08.26 17:02:22.347,1.54292,1.54326,1.00,1.00
2016.08.26 17:02:25.892,1.54295,1.54327,1.00,1.00
2016.08.26 17:02:28.854,1.54293,1.54327,1.00,1.00
2016.08.26 17:02:30.456,1.54298,1.5433,1.00,1.00
2016.08.26 17:02:32.959,1.543,1.5433,1.00,1.00
2016.08.26 17:02:33.161,1.54294,1.54324,1.50,1.00
2016.08.26 17:02:33.667,1.54294,1.54322,1.00,1.00
2016.08.26 17:02:33.719,1.54292,1.54322,1.00,1.00
2016.08.26 17:02:33.769,1.54286,1.54317,1.00,1.00
2016.08.26 17:02:33.971,1.54288,1.54319,1.00,1.00
2016.08.26 17:02:34.173,1.54294,1.54326,1.00,1.00
2016.08.26 17:02:34.384,1.54294,1.54326,1.00,1.00
2016.08.26 17:02:35.647,1.54294,1.54326,1.50,1.00
2016.08.26 17:02:35.698,1.54299,1.54331,1.00,1.00
2016.08.26 17:02:38.267,1.54298,1.54328,1.00,1.00
2016.08.26 17:02:39.568,1.54299,1.54329,1.00,1.00
2016.08.26 17:02:39.772,1.54294,1.54324,1.50,1.00
2016.08.26 17:02:41.087,1.54296,1.54326,1.00,1.00
2016.08.26 17:02:41.188,1.54295,1.54325,1.00,1.00
2016.08.26 17:02:41.717,1.54294,1.54325,1.00,1.00
2016.08.26 17:02:41.864,1.54293,1.54325,1.50,1.00
2016.08.26 17:02:41.914,1.54295,1.54325,1.00,1.00
2016.08.26 17:02:42.217,1.543,1.5433,1.00,1.00
2016.08.26 17:02:42.408,1.54298,1.54329,1.00,1.00
2016.08.26 17:02:42.614,1.54296,1.54326,1.00,1.00
2016.08.26 17:02:42.715,1.54298,1.5433,1.00,1.00
2016.08.26 17:02:42.816,1.54298,1.54328,1.00,1.00
2016.08.26 17:02:42.918,1.54299,1.54331,1.00,1.00
2016.08.26 17:02:43.423,1.54301,1.54332,1.00,1.00
2016.08.26 17:02:43.524,1.54299,1.54332,1.00,1.00
2016.08.26 17:02:43.626,1.54296,1.54328,1.00,1.00
2016.08.26 17:02:43.935,1.54301,1.54332,1.00,1.00
2016.08.26 17:02:45.533,1.54304,1.54332,1.00,1.00
2016.08.26 17:02:45.584,1.54308,1.54339,1.00,1.00
2016.08.26 17:02:46.223,1.54309,1.54341,1.00,1.00
2016.08.26 17:02:47.093,1.54307,1.54339,1.00,1.00
2016.08.26 17:02:47.399,1.54309,1.54339,1.00,1.00
2016.08.26 17:02:50.486,1.54311,1.54342,1.00,1.00
2016.08.26 17:02:51.350,1.54312,1.54343,1.00,1.00
2016.08.26 17:02:52.196,1.54313,1.54345,1.00,1.00
2016.08.26 17:02:52.297,1.54313,1.54343,1.00,1.00
2016.08.26 17:02:56.207,1.54306,1.54338,1.00,1.00
2016.08.26 17:02:56.544,1.54305,1.54335,1.00,1.00
2016.08.26 17:02:57.370,1.54305,1.54335,1.00,1.00
2016.08.26 17:02:57.736,1.54306,1.54338,1.00,1.00
2016.08.26 17:02:57.837,1.54311,1.54342,1.00,1.00
2016.08.26 17:02:58.240,1.54307,1.54339,1.00,1.00
2016.08.26 17:02:59.097,1.54308,1.54341,1.00,1.00
2016.08.26 17:03:00.831,1.54308,1.54343,1.00,1.00
2016.08.26 17:03:01.200,1.54308,1.5434,1.00,1.00
2016.08.26 17:03:01.607,1.54309,1.54343,1.00,1.00
2016.08.26 17:03:01.658,1.54314,1.54343,1.00,1.00
2016.08.26 17:03:01.787,1.54309,1.54343,1.00,1.00
2016.08.26 17:03:01.838,1.54304,1.54343,1.00,1.00
2016.08.26 17:03:01.889,1.54314,1.54343,1.00,1.00
2016.08.26 17:03:01.939,1.54318,1.54349,1.00,1.00
2016.08.26 17:03:02.316,1.54312,1.54358,1.00,1.00
2016.08.26 17:03:02.367,1.54314,1.54358,1.00,1.00
2016.08.26 17:03:02.468,1.54314,1.54358,1.00,1.00
2016.08.26 17:03:02.646,1.54314,1.54358,1.00,1.00
2016.08.26 17:03:02.747,1.54314,1.54358,1.50,1.00
2016.08.26 17:03:02.867,1.54314,1.54358,1.00,1.00
2016.08.26 17:03:03.171,1.54317,1.54358,1.00,1.00
2016.08.26 17:03:03.272,1.54315,1.54358,1.00,1.00
2016.08.26 17:03:03.785,1.54314,1.54358,1.00,1.00
2016.08.26 17:03:04.806,1.54322,1.54354,1.00,1.00
2016.08.26 17:03:04.907,1.54325,1.54355,1.00,1.00
2016.08.26 17:03:08.602,1.54325,1.54355,1.00,1.00
2016.08.26 17:03:08.712,1.54324,1.54354,1.50,1.00
2016.08.26 17:03:08.763,1.54324,1.54354,1.00,1.00
2016.08.26 17:03:08.814,1.54326,1.54358,1.00,1.00
2016.08.26 17:03:08.864,1.54334,1.54358,1.00,1.00
2016.08.26 17:03:08.966,1.54334,1.54361,1.00,1.00
2016.08.26 17:03:09.016,1.54334,1.54359,1.00,1.00
2016.08.26 17:03:09.556,1.54334,1.5436,1.00,1.00
2016.08.26 17:03:10.357,1.54334,1.54358,1.00,1.00
2016.08.26 17:03:10.509,1.54329,1.54359,1.00,1.00
2016.08.26 17:03:10.559,1.54326,1.54358,1.00,1.00
2016.08.26 17:03:10.661,1.54325,1.54357,1.00,1.00
2016.08.26 17:03:10.712,1.54325,1.54357,1.00,1.00
2016.08.26 17:03:10.947,1.54324,1.54357,1.50,1.00
2016.08.26 17:03:11.416,1.54324,1.54356,1.00,1.00
2016.08.26 17:03:11.718,1.54326,1.54356,1.00,1.00
2016.08.26 17:03:12.216,1.54333,1.54356,1.00,1.00
2016.08.26 17:03:13.151,1.54334,1.54356,1.00,1.00
2016.08.26 17:03:13.362,1.54334,1.54359,1.00,1.00
2016.08.26 17:03:14.223,1.54334,1.54361,1.00,1.00
2016.08.26 17:03:14.771,1.54333,1.54361,1.00,1.00
2016.08.26 17:03:15.523,1.54333,1.54359,1.00,1.00
2016.08.26 17:03:16.230,1.54333,1.5436,1.00,1.00
2016.08.26 17:03:18.376,1.54344,1.5436,1.00,1.00
2016.08.26 17:03:18.477,1.54335,1.54365,1.00,1.00
2016.08.26 17:03:18.730,1.54334,1.54361,1.00,1.00
2016.08.26 17:03:19.077,1.54334,1.54359,1.00,1.00
2016.08.26 17:03:19.580,1.54333,1.54359,1.00,1.00
2016.08.26 17:03:20.679,1.54333,1.54359,1.00,1.00
2016.08.26 17:03:23.262,1.54333,1.54354,1.00,1.00
2016.08.26 17:03:23.418,1.54324,1.54354,1.50,1.00
2016.08.26 17:03:23.469,1.54324,1.54344,1.00,1.00
2016.08.26 17:03:23.520,1.54313,1.54344,1.00,1.00
2016.08.26 17:03:23.570,1.54306,1.54336,1.50,1.00
2016.08.26 17:03:23.672,1.54306,1.54336,1.00,1.00
2016.08.26 17:03:23.874,1.54308,1.54338,1.00,1.00
2016.08.26 17:03:24.150,1.54303,1.54347,1.00,1.00
2016.08.26 17:03:24.200,1.54314,1.54347,1.00,1.50
2016.08.26 17:03:24.303,1.54313,1.54346,1.00,1.00
2016.08.26 17:03:24.505,1.54304,1.54347,1.00,1.00
2016.08.26 17:03:24.812,1.54314,1.5434,1.00,1.00
2016.08.26 17:03:25.525,1.54313,1.5434,1.00,1.00
2016.08.26 17:03:25.576,1.54313,1.54342,1.00,1.00
2016.08.26 17:03:25.677,1.54313,1.54344,1.00,1.00
2016.08.26 17:03:26.067,1.54325,1.54357,1.00,1.12
2016.08.26 17:03:26.117,1.54325,1.54357,1.00,1.12
2016.08.26 17:03:26.272,1.54334,1.54364,1.00,1.00
2016.08.26 17:03:26.768,1.54334,1.5436,1.00,1.00
2016.08.26 17:03:27.753,1.54334,1.54357,1.00,1.00
2016.08.26 17:03:28.005,1.54327,1.54357,1.00,1.00
2016.08.26 17:03:28.056,1.54324,1.54354,1.50,1.00
2016.08.26 17:03:28.106,1.54333,1.54354,1.00,1.00
2016.08.26 17:03:28.157,1.54333,1.54358,1.00,1.00
2016.08.26 17:03:28.876,1.54333,1.54353,1.00,1.00
2016.08.26 17:03:29.331,1.54323,1.54353,1.50,1.00
2016.08.26 17:03:29.432,1.54324,1.54353,1.00,1.00
2016.08.26 17:03:29.533,1.54323,1.54353,1.50,1.00
2016.08.26 17:03:30.123,1.54324,1.54353,1.00,1.00
2016.08.26 17:03:30.207,1.54323,1.54353,1.50,1.00
2016.08.26 17:03:30.258,1.54323,1.54354,1.00,1.00
2016.08.26 17:03:30.744,1.54324,1.54355,1.50,1.00
2016.08.26 17:03:31.179,1.5432,1.54352,1.00,1.00
2016.08.26 17:03:31.533,1.54324,1.54352,1.00,1.00
2016.08.26 17:03:31.634,1.5432,1.54352,1.00,1.00
2016.08.26 17:03:32.192,1.54321,1.54353,1.00,1.00
2016.08.26 17:03:32.243,1.54323,1.54353,1.00,1.00
2016.08.26 17:03:35.200,1.54324,1.54356,1.00,1.00
2016.08.26 17:03:36.000,1.54324,1.54356,1.50,1.00
2016.08.26 17:03:36.778,1.54324,1.54353,1.00,1.00
2016.08.26 17:03:36.977,1.54315,1.54347,1.50,1.00
2016.08.26 17:03:37.028,1.54315,1.54347,1.00,1.00
2016.08.26 17:03:37.129,1.54315,1.54347,1.00,1.00
2016.08.26 17:03:37.181,1.54313,1.54343,1.00,1.00
2016.08.26 17:03:37.398,1.54314,1.54339,1.00,1.00
2016.08.26 17:03:37.903,1.54313,1.54341,1.00,1.00
2016.08.26 17:03:38.456,1.54314,1.54341,1.00,1.00
2016.08.26 17:03:38.983,1.54313,1.54342,1.00,1.00
2016.08.26 17:03:42.409,1.54314,1.54342,1.00,1.00
2016.08.26 17:03:42.721,1.54323,1.54342,1.00,1.00
2016.08.26 17:03:42.771,1.54323,1.54347,1.00,1.00
2016.08.26 17:03:42.894,1.54323,1.54353,1.50,1.00
2016.08.26 17:03:42.944,1.54323,1.54353,1.00,1.00
2016.08.26 17:03:43.474,1.54322,1.54352,1.00,1.00
2016.08.26 17:03:43.712,1.54324,1.54352,1.00,1.00
2016.08.26 17:03:43.764,1.54324,1.54356,1.50,1.00
2016.08.26 17:03:44.049,1.54333,1.54356,1.00,1.00
2016.08.26 17:03:44.651,1.54334,1.54356,1.00,1.00
2016.08.26 17:03:44.988,1.54333,1.54353,1.00,1.00
2016.08.26 17:03:46.281,1.54333,1.54354,1.00,1.00
2016.08.26 17:03:47.116,1.54324,1.54354,1.00,1.00
2016.08.26 17:03:48.267,1.54334,1.54354,1.00,1.00
2016.08.26 17:03:48.741,1.54323,1.54355,1.50,1.00
2016.08.26 17:03:51.049,1.54324,1.54355,1.00,1.00
2016.08.26 17:03:51.412,1.54324,1.54357,1.50,1.00
2016.08.26 17:03:52.522,1.54334,1.54357,1.00,1.00
2016.08.26 17:03:52.870,1.54324,1.54357,1.50,1.00
2016.08.26 17:03:53.021,1.54325,1.54358,1.00,1.00
2016.08.26 17:03:54.023,1.54334,1.54358,1.00,1.00
2016.08.26 17:03:54.566,1.54325,1.54358,1.00,1.00
2016.08.26 17:03:54.617,1.54324,1.54354,1.50,1.00
2016.08.26 17:03:54.769,1.54324,1.54354,1.00,1.00
2016.08.26 17:03:54.927,1.54318,1.54351,1.00,1.00
2016.08.26 17:03:55.483,1.54317,1.54347,1.00,1.00
2016.08.26 17:03:55.584,1.54314,1.54341,1.00,1.00
2016.08.26 17:03:55.634,1.54309,1.54341,1.00,1.00
2016.08.26 17:03:55.685,1.54304,1.54335,1.50,1.00
2016.08.26 17:03:55.736,1.54314,1.54335,1.00,1.00
2016.08.26 17:03:56.528,1.54304,1.54335,1.50,1.00
2016.08.26 17:03:58.689,1.54304,1.54331,1.00,1.00
2016.08.26 17:03:58.841,1.543,1.54331,1.00,1.00
2016.08.26 17:03:59.106,1.54293,1.54324,1.00,1.00
2016.08.26 17:03:59.409,1.54294,1.54321,1.00,1.00
2016.08.26 17:03:59.988,1.5429,1.54322,1.00,1.00
2016.08.26 17:04:00.144,1.54294,1.54321,1.00,1.00
2016.08.26 17:04:00.233,1.54289,1.54321,1.00,1.00
2016.08.26 17:04:00.435,1.54294,1.54319,1.00,1.00
2016.08.26 17:04:00.536,1.54284,1.54316,1.00,1.00
2016.08.26 17:04:00.744,1.54283,1.54311,1.00,1.00
2016.08.26 17:04:00.845,1.54284,1.54314,1.50,1.00
2016.08.26 17:04:02.639,1.54284,1.54312,1.00,1.00
2016.08.26 17:04:05.563,1.54283,1.54312,1.00,1.00
2016.08.26 17:04:06.168,1.54284,1.54312,1.00,1.00
2016.08.26 17:04:07.033,1.54283,1.54312,1.00,1.00
2016.08.26 17:04:07.382,1.54284,1.54309,1.00,1.00
2016.08.26 17:04:07.895,1.54284,1.54308,1.00,1.00
2016.08.26 17:04:08.474,1.54284,1.54309,1.00,1.00
2016.08.26 17:04:09.326,1.54284,1.54307,1.00,1.00
2016.08.26 17:04:09.878,1.54284,1.54308,1.00,1.00
2016.08.26 17:04:10.481,1.54283,1.54308,1.00,1.00
2016.08.26 17:04:10.931,1.54283,1.54306,1.00,1.00
2016.08.26 17:04:13.237,1.54283,1.54308,1.00,1.00
2016.08.26 17:04:13.839,1.54283,1.5431,1.00,1.00
2016.08.26 17:04:15.853,1.54284,1.5431,1.00,1.00
2016.08.26 17:04:16.496,1.54284,1.54309,1.00,1.00
2016.08.26 17:04:16.819,1.54284,1.54306,1.00,1.00
2016.08.26 17:04:17.988,1.54283,1.54306,1.00,1.00
2016.08.26 17:04:18.294,1.54284,1.54304,1.00,1.00
2016.08.26 17:04:18.803,1.54284,1.54305,1.00,1.00
2016.08.26 17:04:20.407,1.54283,1.54305,1.00,1.00
2016.08.26 17:04:20.932,1.54284,1.54305,1.00,1.00
2016.08.26 17:04:20.982,1.54284,1.54307,1.00,1.00
2016.08.26 17:04:21.507,1.54284,1.5431,1.00,1.00
2016.08.26 17:04:22.648,1.5429,1.5432,1.00,1.75
2016.08.26 17:04:22.699,1.5429,1.5432,1.00,1.75
2016.08.26 17:04:22.750,1.54291,1.54324,1.00,1.37
2016.08.26 17:04:22.800,1.54294,1.54324,1.00,1.00
2016.08.26 17:04:22.902,1.54291,1.54324,1.00,1.00
2016.08.26 17:04:22.952,1.54296,1.54326,1.00,1.00
2016.08.26 17:04:23.256,1.54295,1.54325,1.00,1.00
2016.08.26 17:04:25.268,1.54304,1.54325,1.00,1.00
2016.08.26 17:04:26.372,1.54293,1.54323,1.00,1.00
2016.08.26 17:04:26.923,1.54294,1.54323,1.00,1.00
2016.08.26 17:04:27.096,1.54294,1.54325,1.00,1.00
2016.08.26 17:04:27.974,1.54294,1.54323,1.00,1.00
2016.08.26 17:04:28.379,1.54304,1.54323,1.00,1.00
2016.08.26 17:04:28.772,1.54294,1.54324,1.50,1.00
2016.08.26 17:04:28.875,1.54294,1.54323,1.00,1.00
2016.08.26 17:04:30.775,1.54304,1.54323,1.00,1.00
2016.08.26 17:04:30.876,1.54304,1.54328,1.00,1.00
2016.08.26 17:04:31.181,1.54297,1.54328,1.00,1.00
2016.08.26 17:04:31.282,1.54304,1.54328,1.00,1.00
2016.08.26 17:04:31.580,1.54294,1.54324,1.50,1.00
2016.08.26 17:04:32.592,1.54294,1.54323,1.00,1.00
2016.08.26 17:04:33.393,1.54303,1.54327,1.00,1.00
2016.08.26 17:04:33.494,1.54303,1.54329,1.00,1.00
2016.08.26 17:04:34.033,1.54304,1.54329,1.00,1.00
2016.08.26 17:04:34.797,1.54304,1.54335,1.00,1.12
2016.08.26 17:04:34.848,1.54304,1.54335,1.00,1.12
2016.08.26 17:04:34.899,1.54304,1.54334,1.50,1.00
2016.08.26 17:04:35.000,1.54304,1.54334,1.00,1.00
2016.08.26 17:04:35.202,1.54303,1.54332,1.00,1.00
2016.08.26 17:04:35.505,1.54303,1.5433,1.00,1.00
2016.08.26 17:04:36.041,1.54304,1.5433,1.00,1.00
2016.08.26 17:04:37.708,1.54303,1.54335,1.50,1.00
2016.08.26 17:04:37.809,1.54314,1.54335,1.00,1.00
2016.08.26 17:04:38.326,1.54314,1.54336,1.00,1.00
2016.08.26 17:04:41.219,1.54314,1.54337,1.00,1.00
2016.08.26 17:04:41.421,1.54314,1.54344,1.00,1.00
2016.08.26 17:04:42.090,1.54313,1.54344,1.00,1.00
2016.08.26 17:04:42.291,1.54324,1.54344,1.00,1.00
2016.08.26 17:04:42.844,1.54324,1.54345,1.00,1.00
2016.08.26 17:04:42.945,1.54314,1.54345,1.50,1.00
2016.08.26 17:04:43.477,1.54314,1.54344,1.50,1.00
2016.08.26 17:04:43.528,1.54315,1.54348,1.00,1.00
2016.08.26 17:04:43.629,1.54324,1.54354,1.00,1.87
2016.08.26 17:04:43.730,1.54326,1.54357,1.00,1.75
2016.08.26 17:04:43.781,1.54326,1.54357,1.00,1.37
2016.08.26 17:04:43.832,1.54326,1.54357,1.00,1.00
2016.08.26 17:04:44.134,1.54314,1.54354,1.00,1.00
2016.08.26 17:04:44.436,1.54313,1.54348,1.00,1.00
2016.08.26 17:04:44.537,1.54314,1.5435,1.00,1.00
2016.08.26 17:04:44.732,1.54314,1.54348,1.00,1.00
2016.08.26 17:04:44.867,1.54313,1.54351,1.00,1.00
2016.08.26 17:04:45.657,1.54314,1.54351,1.00,1.00
2016.08.26 17:04:46.212,1.54314,1.5434,1.00,1.00
2016.08.26 17:04:47.113,1.54314,1.54341,1.00,1.00
2016.08.26 17:04:47.641,1.54313,1.54341,1.00,1.00
2016.08.26 17:04:48.342,1.54314,1.54345,1.00,1.00
2016.08.26 17:04:48.443,1.54315,1.54347,1.00,1.00
2016.08.26 17:04:48.544,1.54314,1.54346,1.50,1.00
2016.08.26 17:04:48.724,1.54314,1.54345,1.00,1.00
2016.08.26 17:04:49.855,1.54314,1.54348,1.50,1.00
2016.08.26 17:04:49.956,1.54317,1.54349,1.00,1.00
2016.08.26 17:04:50.057,1.54325,1.54357,1.00,1.00
2016.08.26 17:04:50.259,1.54325,1.54357,1.00,1.00
2016.08.26 17:04:50.683,1.54327,1.54358,1.00,1.00
2016.08.26 17:04:50.734,1.54326,1.5436,1.00,1.00
2016.08.26 17:04:50.835,1.54334,1.54364,1.00,1.00
2016.08.26 17:04:51.353,1.54334,1.54365,1.00,1.00
2016.08.26 17:04:52.521,1.54334,1.54368,1.50,1.00
2016.08.26 17:04:53.157,1.54334,1.54367,1.00,1.00
2016.08.26 17:04:54.260,1.54333,1.54364,1.00,1.00
2016.08.26 17:04:55.363,1.54333,1.54363,1.00,1.00
2016.08.26 17:04:56.368,1.54323,1.54347,1.00,1.00
2016.08.26 17:04:56.581,1.54315,1.54349,1.60,1.00
2016.08.26 17:04:56.632,1.54322,1.54354,1.00,1.00
2016.08.26 17:04:56.682,1.54324,1.54354,1.00,1.00
2016.08.26 17:04:56.733,1.54325,1.54357,1.00,1.00
2016.08.26 17:04:57.428,1.54324,1.54356,1.00,1.00
2016.08.26 17:04:57.479,1.54322,1.54356,1.00,1.00
2016.08.26 17:04:57.529,1.54315,1.54347,1.00,1.00
2016.08.26 17:04:57.734,1.54314,1.54344,1.00,1.00
2016.08.26 17:04:57.835,1.54315,1.54349,1.00,1.00
2016.08.26 17:04:57.936,1.54314,1.54353,1.00,1.00
2016.08.26 17:04:57.987,1.54313,1.54353,1.50,1.00
2016.08.26 17:04:58.138,1.54315,1.54349,1.00,1.00
2016.08.26 17:04:58.340,1.54313,1.54344,1.00,1.00
2016.08.26 17:04:58.391,1.54312,1.54344,1.00,1.00
2016.08.26 17:04:58.441,1.54309,1.54343,1.35,1.00
2016.08.26 17:04:58.492,1.54314,1.54343,1.00,1.00
2016.08.26 17:04:59.024,1.54313,1.54343,1.00,1.00
2016.08.26 17:04:59.325,1.54313,1.5434,1.00,1.00
2016.08.26 17:05:00.063,1.54306,1.5434,1.00,1.00
2016.08.26 17:05:01.476,1.54306,1.5434,1.00,1.00
2016.08.26 17:05:03.553,1.54306,1.5434,1.00,1.00
2016.08.26 17:05:03.682,1.54306,1.5434,1.00,1.00
2016.08.26 17:05:04.180,1.5431,1.54342,1.00,1.00
2016.08.26 17:05:04.281,1.5431,1.54344,1.00,1.00
2016.08.26 17:05:04.382,1.54312,1.54344,1.00,1.00
2016.08.26 17:05:05.858,1.54312,1.54346,1.00,1.00
2016.08.26 17:05:07.348,1.54313,1.54346,1.00,1.00
2016.08.26 17:05:07.573,1.54312,1.54346,1.00,1.00
2016.08.26 17:05:08.075,1.54311,1.54343,1.00,1.00
2016.08.26 17:05:08.184,1.54313,1.54347,1.00,1.00
2016.08.26 17:05:08.488,1.54312,1.54344,1.00,1.00
2016.08.26 17:05:09.315,1.54312,1.54344,1.00,1.35
2016.08.26 17:05:09.365,1.54304,1.54335,1.00,1.00
2016.08.26 17:05:09.601,1.54294,1.54323,1.00,1.00
2016.08.26 17:05:09.702,1.54289,1.54323,1.00,1.00
2016.08.26 17:05:09.753,1.54294,1.54323,1.00,1.00
2016.08.26 17:05:10.782,1.54293,1.54323,1.00,1.00
2016.08.26 17:05:11.872,1.54294,1.54323,1.00,1.00
2016.08.26 17:05:12.384,1.54293,1.54323,1.00,1.00
2016.08.26 17:05:12.860,1.54294,1.54321,1.00,1.00
2016.08.26 17:05:13.731,1.54294,1.54319,1.00,1.00
2016.08.26 17:05:15.361,1.54293,1.54319,1.00,1.00
2016.08.26 17:05:15.961,1.54294,1.54319,1.00,1.00
2016.08.26 17:05:16.266,1.54294,1.54317,1.00,1.00
2016.08.26 17:05:16.713,1.543,1.5433,1.00,1.00
2016.08.26 17:05:16.764,1.54305,1.54337,1.00,1.00
2016.08.26 17:05:16.814,1.54305,1.54337,1.00,1.00
2016.08.26 17:05:16.865,1.54313,1.5434,1.00,1.12
2016.08.26 17:05:16.916,1.54313,1.5434,1.00,1.00
2016.08.26 17:05:21.079,1.54314,1.54338,1.00,1.00
2016.08.26 17:05:21.180,1.54303,1.54337,2.10,1.00
2016.08.26 17:05:22.390,1.54304,1.54337,1.35,1.00
2016.08.26 17:05:23.235,1.54304,1.54337,1.00,1.00
2016.08.26 17:05:23.445,1.54303,1.54337,1.00,1.00
2016.08.26 17:05:24.371,1.54303,1.54337,1.50,1.00
2016.08.26 17:05:25.373,1.54303,1.54337,1.00,1.00
2016.08.26 17:05:25.675,1.54299,1.5433,1.00,1.00
2016.08.26 17:05:26.277,1.54303,1.54336,1.00,1.00
2016.08.26 17:05:26.625,1.54299,1.54331,1.00,1.00
2016.08.26 17:05:26.944,1.54304,1.54331,1.00,1.00
2016.08.26 17:05:27.178,1.54304,1.54338,1.00,1.00
2016.08.26 17:05:27.676,1.54301,1.54338,1.00,1.00
2016.08.26 17:05:30.837,1.54307,1.5434,1.00,1.00
2016.08.26 17:05:32.584,1.54309,1.54345,1.00,1.00
2016.08.26 17:05:32.637,1.54312,1.54346,1.00,1.00
2016.08.26 17:05:33.734,1.54313,1.54348,1.00,1.00
2016.08.26 17:05:34.264,1.54314,1.54349,1.00,1.00
2016.08.26 17:05:34.315,1.54315,1.5435,1.00,1.00
2016.08.26 17:05:35.112,1.54314,1.54347,1.00,1.00
2016.08.26 17:05:35.213,1.5431,1.54346,1.00,1.00
2016.08.26 17:05:36.316,1.54309,1.54343,1.00,1.00
2016.08.26 17:05:37.616,1.54306,1.54338,1.00,1.00
2016.08.26 17:05:38.217,1.54308,1.54339,1.00,1.00
2016.08.26 17:05:40.220,1.54308,1.5434,1.00,1.00
2016.08.26 17:05:41.323,1.54308,1.5434,1.00,1.00
2016.08.26 17:05:41.592,1.54314,1.54341,1.00,1.00
2016.08.26 17:05:41.692,1.54309,1.54341,1.00,1.00
2016.08.26 17:05:41.903,1.54304,1.54335,1.00,1.00
2016.08.26 17:05:42.206,1.54304,1.54332,1.00,1.00
2016.08.26 17:05:43.019,1.54303,1.54332,1.00,1.00
2016.08.26 17:05:44.722,1.54305,1.54337,1.00,1.00
2016.08.26 17:05:44.824,1.54313,1.54343,1.00,1.00
2016.08.26 17:05:44.874,1.54313,1.54343,1.00,1.00
2016.08.26 17:05:44.925,1.54309,1.54343,1.00,1.00
2016.08.26 17:05:45.228,1.54314,1.54343,1.00,1.00
2016.08.26 17:05:47.537,1.54314,1.54342,1.00,1.00
2016.08.26 17:05:47.860,1.54313,1.5434,1.00,1.00
2016.08.26 17:05:47.962,1.54314,1.54344,1.00,1.00
2016.08.26 17:05:48.013,1.54312,1.54344,1.00,1.00
2016.08.26 17:05:48.064,1.54314,1.54348,1.00,1.00
2016.08.26 17:05:48.317,1.54317,1.54349,1.00,1.00
2016.08.26 17:05:48.517,1.54312,1.54347,1.00,1.00
2016.08.26 17:05:48.618,1.54309,1.54341,1.00,1.00
2016.08.26 17:05:48.967,1.54307,1.54338,1.00,1.00
2016.08.26 17:05:50.508,1.54304,1.54336,1.00,1.00
2016.08.26 17:05:50.750,1.54304,1.54336,1.50,1.00
2016.08.26 17:05:53.134,1.54304,1.54335,1.00,1.00
2016.08.26 17:05:53.708,1.54303,1.54335,1.00,1.00
2016.08.26 17:05:54.920,1.54303,1.54335,1.00,1.00
2016.08.26 17:05:54.970,1.54301,1.54333,1.00,1.00
2016.08.26 17:05:55.179,1.54303,1.54336,1.00,1.00
2016.08.26 17:05:55.922,1.54304,1.54336,1.00,1.00
2016.08.26 17:05:57.415,1.54302,1.54336,1.60,1.00
2016.08.26 17:05:57.466,1.54303,1.54337,1.35,1.00
2016.08.26 17:05:57.571,1.54305,1.54337,1.00,1.00
2016.08.26 17:05:58.111,1.54306,1.54338,1.00,1.00
2016.08.26 17:05:59.433,1.54306,1.54338,1.00,1.00
2016.08.26 17:05:59.484,1.54305,1.54337,1.00,1.00
2016.08.26 17:06:00.287,1.54304,1.54337,1.00,1.00
2016.08.26 17:06:00.338,1.54303,1.54337,1.50,1.00
2016.08.26 17:06:01.872,1.54303,1.54329,1.00,1.00
2016.08.26 17:06:01.989,1.54297,1.54329,1.00,1.00
2016.08.26 17:06:02.090,1.54293,1.54327,1.50,1.00
2016.08.26 17:06:02.141,1.54294,1.54327,1.00,1.00
2016.08.26 17:06:03.396,1.54294,1.54323,1.00,1.00
2016.08.26 17:06:03.699,1.54294,1.5432,1.00,1.00
2016.08.26 17:06:04.020,1.54284,1.54318,1.50,1.00
2016.08.26 17:06:05.652,1.54294,1.54318,1.00,1.00
2016.08.26 17:06:05.702,1.54294,1.54325,1.00,1.00
2016.08.26 17:06:05.804,1.54296,1.54328,1.00,1.00
2016.08.26 17:06:08.326,1.54303,1.54328,1.00,1.00
2016.08.26 17:06:08.525,1.54296,1.54328,1.00,1.00
2016.08.26 17:06:09.678,1.54293,1.54325,2.25,1.00
2016.08.26 17:06:09.780,1.54293,1.54324,1.00,1.00
2016.08.26 17:06:09.881,1.54294,1.54327,1.00,1.00
2016.08.26 17:06:10.034,1.54303,1.54327,1.00,1.00
2016.08.26 17:06:10.135,1.54294,1.54327,1.00,1.00
2016.08.26 17:06:10.243,1.54303,1.54327,1.00,1.00
2016.08.26 17:06:10.294,1.54303,1.54329,1.00,1.00
2016.08.26 17:06:10.345,1.54296,1.54329,1.60,1.00
2016.08.26 17:06:10.396,1.543,1.54334,1.00,1.00
2016.08.26 17:06:10.447,1.54304,1.54334,1.00,1.00
2016.08.26 17:06:10.497,1.54304,1.54342,1.00,1.00
2016.08.26 17:06:10.548,1.54304,1.54344,1.00,1.00
2016.08.26 17:06:11.067,1.54303,1.54344,1.00,1.00
2016.08.26 17:06:11.168,1.54301,1.54344,1.00,1.00
2016.08.26 17:06:11.218,1.54301,1.54344,1.50,1.00
2016.08.26 17:06:11.370,1.54314,1.54344,1.00,1.00
2016.08.26 17:06:11.899,1.54313,1.54344,1.00,1.00
2016.08.26 17:06:12.101,1.54314,1.54342,1.00,1.00
2016.08.26 17:06:12.307,1.54314,1.54345,1.00,1.00
2016.08.26 17:06:12.471,1.54324,1.54345,1.00,1.00
2016.08.26 17:06:12.974,1.54324,1.54349,1.00,1.00
2016.08.26 17:06:13.025,1.54314,1.54349,1.50,1.00
2016.08.26 17:06:13.075,1.54316,1.5435,1.00,1.00
2016.08.26 17:06:13.126,1.54324,1.5435,1.00,1.00
2016.08.26 17:06:13.760,1.54324,1.54351,1.00,1.00
2016.08.26 17:06:16.582,1.54324,1.54353,1.00,1.00
2016.08.26 17:06:16.633,1.54333,1.54353,1.00,1.00
2016.08.26 17:06:16.734,1.54323,1.54351,1.00,1.00
2016.08.26 17:06:17.525,1.54323,1.54349,1.00,1.00
2016.08.26 17:06:19.665,1.54324,1.54349,1.00,1.00
2016.08.26 17:06:20.072,1.54333,1.54349,1.00,1.00
2016.08.26 17:06:20.187,1.54333,1.54359,1.00,1.00
2016.08.26 17:06:20.261,1.54328,1.5436,1.00,1.00
2016.08.26 17:06:22.030,1.54328,1.54359,1.00,1.00
2016.08.26 17:06:22.081,1.54328,1.54359,1.00,1.00
2016.08.26 17:06:22.439,1.54324,1.54357,1.00,1.00
2016.08.26 17:06:22.749,1.54324,1.54354,1.00,1.00
2016.08.26 17:06:23.025,1.54325,1.54357,1.00,1.00
2016.08.26 17:06:23.356,1.54323,1.54356,1.00,1.00
2016.08.26 17:06:23.407,1.54325,1.54359,1.00,1.00
2016.08.26 17:06:23.508,1.54323,1.54357,1.50,1.00
2016.08.26 17:06:23.558,1.54324,1.54357,1.00,1.00
2016.08.26 17:06:23.609,1.54327,1.54359,1.00,1.00
2016.08.26 17:06:24.825,1.54328,1.5436,1.00,1.00
2016.08.26 17:06:24.929,1.54331,1.54363,1.00,1.00
2016.08.26 17:06:25.030,1.54325,1.54359,1.00,1.00
2016.08.26 17:06:25.613,1.54326,1.54358,1.00,1.00
2016.08.26 17:06:26.514,1.54329,1.54361,1.00,1.00
2016.08.26 17:06:26.727,1.54329,1.54361,1.00,1.00
2016.08.26 17:06:27.030,1.54326,1.54358,1.00,1.00
2016.08.26 17:06:28.836,1.54324,1.54357,1.00,1.00
2016.08.26 17:06:31.131,1.54327,1.54358,1.00,1.00
2016.08.26 17:06:34.455,1.54333,1.54364,1.00,1.00
2016.08.26 17:06:34.556,1.54333,1.54365,1.50,1.00
2016.08.26 17:06:34.758,1.54334,1.54366,1.00,1.00
2016.08.26 17:06:35.456,1.54334,1.54366,1.50,1.00
2016.08.26 17:06:37.758,1.54334,1.54366,1.00,1.00
2016.08.26 17:06:38.058,1.54334,1.54366,1.50,1.00
2016.08.26 17:06:39.376,1.54338,1.5437,1.00,1.00
2016.08.26 17:06:39.427,1.54338,1.5437,1.00,1.00
2016.08.26 17:06:39.478,1.54343,1.54375,1.00,1.12
2016.08.26 17:06:39.528,1.54343,1.54375,1.00,1.12
2016.08.26 17:06:39.666,1.54352,1.54384,1.00,1.00
2016.08.26 17:06:39.718,1.54354,1.54384,1.00,1.00
2016.08.26 17:06:39.769,1.54353,1.54387,1.00,1.00
2016.08.26 17:06:39.870,1.54353,1.54387,1.50,1.00
2016.08.26 17:06:42.144,1.54353,1.54386,1.00,1.00
2016.08.26 17:06:42.365,1.5435,1.54382,1.00,1.00
2016.08.26 17:06:42.669,1.54354,1.54384,1.00,1.00
2016.08.26 17:06:42.770,1.54354,1.54386,1.00,1.00
2016.08.26 17:06:42.972,1.54352,1.54386,1.00,1.00
2016.08.26 17:06:43.306,1.54354,1.54386,1.00,1.00
2016.08.26 17:06:43.609,1.5435,1.54384,1.00,1.00
2016.08.26 17:06:43.761,1.5435,1.54382,1.00,1.00
2016.08.26 17:06:45.268,1.54353,1.54382,1.00,1.00
2016.08.26 17:06:45.691,1.54353,1.54387,1.00,1.00
2016.08.26 17:06:45.792,1.54364,1.54387,1.00,1.00
2016.08.26 17:06:45.894,1.54356,1.54393,1.00,1.00
2016.08.26 17:06:45.944,1.54356,1.54393,1.00,1.00
2016.08.26 17:06:46.247,1.54363,1.54393,1.00,1.00
2016.08.26 17:06:46.792,1.54363,1.54389,1.00,1.00
2016.08.26 17:06:49.487,1.54364,1.54389,1.00,1.00
2016.08.26 17:06:49.804,1.54364,1.54393,1.00,1.00
2016.08.26 17:06:49.905,1.54365,1.54399,1.00,1.00
2016.08.26 17:06:50.057,1.54364,1.54398,1.60,1.00
2016.08.26 17:06:50.107,1.54373,1.54398,1.00,1.00
2016.08.26 17:06:50.209,1.54364,1.54398,2.10,1.00
2016.08.26 17:06:50.445,1.54364,1.54398,1.50,1.00
2016.08.26 17:06:50.495,1.54354,1.54385,1.50,1.00
2016.08.26 17:06:50.546,1.54354,1.54385,1.00,1.00
2016.08.26 17:06:50.608,1.54353,1.54382,1.00,1.00
2016.08.26 17:06:51.586,1.54354,1.54382,1.00,1.00
2016.08.26 17:06:53.698,1.54354,1.54383,1.00,1.00
2016.08.26 17:06:54.201,1.54353,1.54384,1.00,1.00
2016.08.26 17:06:55.643,1.54353,1.54386,1.00,1.00
2016.08.26 17:06:55.728,1.54354,1.54388,1.00,1.00
2016.08.26 17:06:55.931,1.54353,1.54385,1.50,1.00
2016.08.26 17:06:56.181,1.54354,1.54386,1.00,1.00
2016.08.26 17:06:58.229,1.54353,1.54385,1.50,1.00
2016.08.26 17:06:58.591,1.54358,1.5439,1.00,1.00
2016.08.26 17:06:58.693,1.54364,1.54396,1.00,1.00
2016.08.26 17:06:58.794,1.54364,1.54392,1.00,1.00
2016.08.26 17:06:58.895,1.5436,1.54392,1.00,1.00
2016.08.26 17:06:58.996,1.54364,1.54392,1.00,1.00
2016.08.26 17:06:59.198,1.5436,1.54392,1.00,1.00
2016.08.26 17:07:00.289,1.54364,1.54392,1.00,1.00
2016.08.26 17:07:00.493,1.54364,1.54396,1.00,1.00
2016.08.26 17:07:00.893,1.54362,1.54396,1.00,1.00
2016.08.26 17:07:01.046,1.54363,1.54395,1.00,1.00
2016.08.26 17:07:01.097,1.54361,1.54393,1.00,1.00
2016.08.26 17:07:01.198,1.54363,1.54395,1.00,1.00
2016.08.26 17:07:01.452,1.54363,1.54395,1.00,1.00
2016.08.26 17:07:01.502,1.54363,1.54395,1.50,1.00
2016.08.26 17:07:01.769,1.54363,1.54397,1.50,1.00
2016.08.26 17:07:05.046,1.54364,1.54397,1.00,1.00
2016.08.26 17:07:08.355,1.54365,1.54399,1.00,1.00
2016.08.26 17:07:14.049,1.54363,1.54395,1.00,1.00
2016.08.26 17:07:14.151,1.54361,1.54395,1.00,1.00
2016.08.26 17:07:14.638,1.54363,1.54395,1.00,1.00
2016.08.26 17:07:14.823,1.54361,1.54395,1.00,1.00
2016.08.26 17:07:15.676,1.54358,1.54392,1.00,1.00
2016.08.26 17:07:15.979,1.54358,1.5439,1.00,1.00
2016.08.26 17:07:16.080,1.54355,1.54389,1.00,1.00
2016.08.26 17:07:16.341,1.54359,1.54391,1.00,1.00
2016.08.26 17:07:16.442,1.5436,1.54393,1.00,1.00
2016.08.26 17:07:16.493,1.5436,1.54393,1.00,1.00
2016.08.26 17:07:16.544,1.54356,1.5439,1.00,1.00
2016.08.26 17:07:19.942,1.54353,1.54387,1.50,1.00
2016.08.26 17:07:20.044,1.54351,1.54383,1.00,1.00
2016.08.26 17:07:20.145,1.54354,1.54385,1.00,1.00
2016.08.26 17:07:20.482,1.54364,1.54393,1.00,1.00
2016.08.26 17:07:20.532,1.54361,1.54393,1.35,1.00
2016.08.26 17:07:20.583,1.54364,1.54396,1.00,1.00
2016.08.26 17:07:20.659,1.54367,1.54399,1.00,1.00
2016.08.26 17:07:20.760,1.54374,1.54399,1.00,1.00
2016.08.26 17:07:21.740,1.54373,1.54399,1.00,1.00
2016.08.26 17:07:22.291,1.54374,1.54398,1.00,1.00
2016.08.26 17:07:22.462,1.54373,1.544,1.00,1.00
2016.08.26 17:07:22.564,1.54374,1.54402,1.00,1.00
2016.08.26 17:07:23.246,1.54373,1.54402,1.00,1.00
2016.08.26 17:07:23.767,1.54373,1.54396,1.00,1.00
2016.08.26 17:07:23.868,1.54364,1.54396,1.50,1.00
2016.08.26 17:07:24.076,1.54364,1.54396,1.00,1.00
2016.08.26 17:07:24.366,1.54366,1.544,1.00,1.00
2016.08.26 17:07:24.416,1.54366,1.544,1.00,1.00
2016.08.26 17:07:25.164,1.54369,1.54403,1.00,1.00
2016.08.26 17:07:25.215,1.54369,1.54403,1.00,1.00
2016.08.26 17:07:25.265,1.54372,1.54406,1.00,1.00
2016.08.26 17:07:25.316,1.54372,1.54406,1.00,1.00
2016.08.26 17:07:25.853,1.54373,1.54406,1.00,1.00
2016.08.26 17:07:27.150,1.54373,1.54404,1.00,1.00
2016.08.26 17:07:27.693,1.54374,1.544,1.00,1.00
2016.08.26 17:07:27.754,1.54368,1.544,1.00,1.00
2016.08.26 17:07:27.855,1.54373,1.544,1.00,1.00
2016.08.26 17:07:28.673,1.54373,1.54401,1.00,1.00
2016.08.26 17:07:29.743,1.54374,1.54401,1.00,1.00
2016.08.26 17:07:30.264,1.54373,1.54401,1.00,1.00
2016.08.26 17:07:30.687,1.54369,1.54402,1.00,1.00
2016.08.26 17:07:30.788,1.54363,1.54397,1.60,1.00
2016.08.26 17:07:30.839,1.54363,1.54397,1.00,1.00
2016.08.26 17:07:31.023,1.54357,1.5439,1.00,1.00
2016.08.26 17:07:31.125,1.54356,1.54389,1.00,1.00
2016.08.26 17:07:32.120,1.54356,1.54389,1.00,1.00
2016.08.26 17:07:33.401,1.54354,1.54386,1.00,1.00
2016.08.26 17:07:33.452,1.54352,1.54386,1.00,1.00
2016.08.26 17:07:33.604,1.5435,1.54385,1.00,1.00
2016.08.26 17:07:34.235,1.54352,1.54387,1.00,1.00
2016.08.26 17:07:34.628,1.54349,1.54385,1.00,1.00
2016.08.26 17:07:39.788,1.54354,1.54385,1.00,1.00
2016.08.26 17:07:43.362,1.54349,1.54385,1.00,1.00
2016.08.26 17:07:44.662,1.54354,1.54385,1.00,1.00
2016.08.26 17:07:45.070,1.54352,1.54385,1.00,1.00
2016.08.26 17:07:45.222,1.5435,1.54384,1.00,1.00
2016.08.26 17:07:45.502,1.54353,1.54384,1.00,1.00
2016.08.26 17:07:46.466,1.5435,1.54384,1.00,1.00
2016.08.26 17:07:46.524,1.54352,1.54389,1.00,1.00
2016.08.26 17:07:46.574,1.54352,1.54389,1.00,1.00
2016.08.26 17:07:46.769,1.54353,1.54385,1.00,1.00
2016.08.26 17:07:46.872,1.54354,1.54386,1.00,1.00
2016.08.26 17:07:47.176,1.54346,1.54392,1.00,1.50
2016.08.26 17:07:47.226,1.54346,1.54394,1.12,1.00
2016.08.26 17:07:47.409,1.54353,1.54394,1.00,1.00
2016.08.26 17:07:47.810,1.54353,1.54395,1.00,1.50
2016.08.26 17:07:48.031,1.54353,1.54384,1.00,1.00
2016.08.26 17:07:50.042,1.54353,1.54386,1.00,1.00
2016.08.26 17:07:50.566,1.54354,1.54386,1.00,1.00
2016.08.26 17:07:56.379,1.54354,1.54384,1.00,1.00
2016.08.26 17:07:56.623,1.54348,1.54382,1.00,1.00
2016.08.26 17:07:56.779,1.54353,1.54382,1.00,1.00
2016.08.26 17:07:57.153,1.54353,1.54386,1.00,1.00
2016.08.26 17:07:57.254,1.54355,1.54389,1.00,1.00
2016.08.26 17:07:57.356,1.54357,1.54391,1.00,1.50
2016.08.26 17:07:57.457,1.54357,1.54391,1.00,1.00
2016.08.26 17:07:59.494,1.54356,1.54388,1.00,1.00
2016.08.26 17:07:59.696,1.54355,1.5439,1.00,1.00
2016.08.26 17:08:01.310,1.54354,1.54386,1.00,1.00
2016.08.26 17:08:01.713,1.54353,1.54386,1.50,1.00
2016.08.26 17:08:01.919,1.5435,1.54384,1.00,1.00
2016.08.26 17:08:01.969,1.54348,1.54383,1.00,1.00
2016.08.26 17:08:06.172,1.54348,1.54383,1.00,1.00
2016.08.26 17:08:06.223,1.54344,1.54378,1.50,1.00
2016.08.26 17:08:06.324,1.54344,1.54378,1.00,1.00
2016.08.26 17:08:06.425,1.54336,1.54369,1.00,1.00
2016.08.26 17:08:06.527,1.54334,1.54367,2.10,1.00
2016.08.26 17:08:07.039,1.54334,1.54367,1.50,1.00
2016.08.26 17:08:07.284,1.54335,1.54368,1.00,1.00
2016.08.26 17:08:07.385,1.54336,1.54371,1.00,1.00
2016.08.26 17:08:07.620,1.54336,1.54368,1.00,1.00
2016.08.26 17:08:07.721,1.54336,1.54368,1.00,1.00
2016.08.26 17:08:07.904,1.54334,1.54366,1.00,1.00
2016.08.26 17:08:08.121,1.5433,1.54365,1.00,1.00
2016.08.26 17:08:08.323,1.54328,1.54363,1.00,1.00
2016.08.26 17:08:08.728,1.5433,1.54363,1.00,1.00
2016.08.26 17:08:14.088,1.5433,1.54363,1.00,1.00
2016.08.26 17:08:14.541,1.54331,1.54364,1.00,1.00
2016.08.26 17:08:14.841,1.54332,1.54367,1.00,1.00
2016.08.26 17:08:15.110,1.54331,1.54364,1.00,1.00
2016.08.26 17:08:18.990,1.54331,1.54364,1.00,1.00
2016.08.26 17:08:19.041,1.54329,1.54364,1.00,1.00
2016.08.26 17:08:19.454,1.54328,1.54362,1.00,1.00
2016.08.26 17:08:19.656,1.54326,1.54361,1.00,1.00
2016.08.26 17:08:19.757,1.54328,1.54361,1.00,1.00
2016.08.26 17:08:21.222,1.54331,1.54364,1.00,1.00
2016.08.26 17:08:21.532,1.54331,1.54364,1.00,1.00
2016.08.26 17:08:23.732,1.54332,1.54366,1.00,1.00
2016.08.26 17:08:24.601,1.54333,1.54367,1.00,1.00
2016.08.26 17:08:24.821,1.54333,1.54367,1.00,1.00
2016.08.26 17:08:24.872,1.54329,1.54365,1.00,1.00
2016.08.26 17:08:27.756,1.54333,1.54368,1.00,1.00
2016.08.26 17:08:28.291,1.54334,1.54368,1.00,1.00
2016.08.26 17:08:29.689,1.54333,1.54366,1.00,1.00
2016.08.26 17:08:33.261,1.54334,1.54368,1.00,1.00
2016.08.26 17:08:34.857,1.54334,1.54366,1.00,1.00
2016.08.26 17:08:37.997,1.54332,1.54364,1.00,1.00
2016.08.26 17:08:38.098,1.5433,1.54364,1.00,1.00
2016.08.26 17:08:38.461,1.54334,1.54366,1.00,1.00
2016.08.26 17:08:38.675,1.54332,1.54367,1.00,1.00
2016.08.26 17:08:38.999,1.54331,1.54363,1.00,1.00
2016.08.26 17:08:40.214,1.54334,1.54367,1.00,1.00
2016.08.26 17:08:40.568,1.54334,1.54367,1.00,1.00
2016.08.26 17:08:46.915,1.54336,1.54368,1.00,1.00
2016.08.26 17:08:50.975,1.54336,1.54368,1.00,1.00
2016.08.26 17:08:59.085,1.54338,1.54372,1.00,1.00
2016.08.26 17:08:59.388,1.54344,1.54372,1.00,1.00
2016.08.26 17:08:59.490,1.54347,1.54379,1.00,1.00
2016.08.26 17:08:59.541,1.54347,1.54379,1.00,1.00
2016.08.26 17:08:59.695,1.54354,1.54379,1.00,1.00
2016.08.26 17:08:59.746,1.54354,1.54386,1.00,1.00
2016.08.26 17:08:59.797,1.54354,1.54386,1.50,1.00
2016.08.26 17:09:02.300,1.54354,1.54385,1.00,1.00
2016.08.26 17:09:03.486,1.5435,1.54385,1.00,1.00
2016.08.26 17:09:03.800,1.54353,1.54385,1.00,1.00
2016.08.26 17:09:04.343,1.54353,1.54386,1.00,1.00
2016.08.26 17:09:06.835,1.54354,1.54386,1.00,1.00
2016.08.26 17:09:06.936,1.54351,1.54387,1.00,1.00
2016.08.26 17:09:17.008,1.54352,1.54385,1.00,1.00
2016.08.26 17:09:17.455,1.54348,1.54384,1.00,1.00
2016.08.26 17:09:17.556,1.54346,1.5438,1.00,1.00
2016.08.26 17:09:18.130,1.54343,1.54376,1.00,1.00
2016.08.26 17:09:18.309,1.54343,1.54376,1.50,1.00
2016.08.26 17:09:19.128,1.54344,1.54376,1.00,1.00
2016.08.26 17:09:19.954,1.54344,1.54377,1.00,1.00
2016.08.26 17:09:21.159,1.54348,1.54382,1.00,1.00
2016.08.26 17:09:21.261,1.54345,1.54379,1.00,1.00
2016.08.26 17:09:21.363,1.54338,1.5437,1.00,1.00
2016.08.26 17:09:21.584,1.54346,1.54378,1.00,1.12
2016.08.26 17:09:21.634,1.54346,1.54378,1.00,1.00
2016.08.26 17:09:21.735,1.54353,1.54378,1.00,1.00
2016.08.26 17:09:25.947,1.54345,1.54378,1.00,1.00
2016.08.26 17:09:26.270,1.54345,1.54382,1.00,1.00
2016.08.26 17:09:26.372,1.54349,1.54381,1.00,1.00
2016.08.26 17:09:26.640,1.54351,1.54383,1.00,1.00
2016.08.26 17:09:26.691,1.54351,1.54383,1.00,1.00
2016.08.26 17:09:29.628,1.5435,1.54385,1.00,1.00
2016.08.26 17:09:30.158,1.54349,1.54384,1.00,1.00
2016.08.26 17:09:30.259,1.54348,1.54382,1.00,1.00
2016.08.26 17:09:32.034,1.54349,1.54383,1.00,1.00
2016.08.26 17:09:34.137,1.54351,1.54383,1.00,1.00
2016.08.26 17:09:34.370,1.54347,1.54384,1.00,1.00
2016.08.26 17:09:34.574,1.5435,1.54384,1.00,1.00
2016.08.26 17:09:34.732,1.54353,1.54387,1.50,1.00
2016.08.26 17:09:35.759,1.54353,1.54387,1.00,1.00
2016.08.26 17:09:39.446,1.54354,1.54383,1.00,1.00
2016.08.26 17:09:40.148,1.54353,1.54383,1.00,1.00
2016.08.26 17:09:40.350,1.54345,1.5438,1.00,1.00
2016.08.26 17:09:40.451,1.5435,1.54382,1.00,1.00
2016.08.26 17:09:40.668,1.54347,1.54383,1.00,1.00
2016.08.26 17:09:44.457,1.54349,1.54384,1.00,1.00
2016.08.26 17:09:45.053,1.54351,1.54386,1.00,1.00
2016.08.26 17:09:48.997,1.54354,1.54386,1.00,1.00
2016.08.26 17:09:49.584,1.54353,1.54385,1.00,1.00
2016.08.26 17:09:50.148,1.54352,1.54384,1.00,1.00
2016.08.26 17:09:50.662,1.54349,1.54384,1.00,1.00
2016.08.26 17:09:51.303,1.54347,1.54379,1.00,1.00
2016.08.26 17:09:51.353,1.54345,1.54379,1.00,1.00
2016.08.26 17:09:51.404,1.54344,1.54376,1.50,1.00
2016.08.26 17:09:51.479,1.54339,1.54371,2.25,1.00
2016.08.26 17:09:51.529,1.54339,1.54371,1.00,1.00
2016.08.26 17:09:51.580,1.54337,1.54369,1.00,1.00
2016.08.26 17:09:51.681,1.54333,1.54369,1.00,1.00
2016.08.26 17:09:51.782,1.54335,1.54368,1.00,1.00
2016.08.26 17:09:52.084,1.54331,1.54368,1.00,1.00
2016.08.26 17:09:52.854,1.54333,1.54368,1.00,1.00
2016.08.26 17:09:52.904,1.54333,1.54367,1.50,1.00
2016.08.26 17:09:53.089,1.54333,1.54365,1.00,1.00
2016.08.26 17:09:53.661,1.54333,1.54365,1.00,1.00
2016.08.26 17:09:53.712,1.54331,1.54365,1.00,1.00
2016.08.26 17:09:53.813,1.54329,1.54364,1.00,1.00
2016.08.26 17:09:54.017,1.54328,1.54362,1.00,1.00
2016.08.26 17:09:55.313,1.54328,1.5436,1.00,1.00
2016.08.26 17:09:58.092,1.54329,1.54362,1.00,1.00
2016.08.26 17:09:58.159,1.54334,1.54362,1.00,1.00
2016.08.26 17:09:59.868,1.54329,1.54362,1.00,1.00
2016.08.26 17:09:59.994,1.54328,1.54364,1.00,1.00
2016.08.26 17:10:00.914,1.54332,1.54367,1.00,1.00
2016.08.26 17:10:01.898,1.54334,1.54367,1.00,1.00
2016.08.26 17:10:02.362,1.54332,1.54367,1.00,1.00
2016.08.26 17:10:03.594,1.5433,1.54365,1.00,1.00
2016.08.26 17:10:09.121,1.5433,1.54363,1.00,1.00
2016.08.26 17:10:17.041,1.54324,1.54357,1.00,1.00
2016.08.26 17:10:17.294,1.54318,1.54351,1.50,1.00
2016.08.26 17:10:17.395,1.54318,1.54351,1.00,1.00
2016.08.26 17:10:17.907,1.5432,1.54355,1.00,1.00
2016.08.26 17:10:19.240,1.54318,1.54351,1.00,1.00
2016.08.26 17:10:19.442,1.54315,1.54351,1.50,1.00
2016.08.26 17:10:22.837,1.54312,1.54345,1.00,1.00
2016.08.26 17:10:24.348,1.54314,1.54346,1.00,1.00
2016.08.26 17:10:24.652,1.54314,1.54348,1.00,1.00
2016.08.26 17:10:25.543,1.54308,1.5434,1.00,1.00
2016.08.26 17:10:25.645,1.54306,1.54338,1.50,1.00
2016.08.26 17:10:25.948,1.54306,1.54338,1.00,1.00
2016.08.26 17:10:28.406,1.54306,1.54338,1.00,1.00
2016.08.26 17:10:28.457,1.54302,1.54336,1.00,1.00
2016.08.26 17:10:28.762,1.54301,1.54333,1.00,1.00
2016.08.26 17:10:29.214,1.54299,1.54331,1.00,1.00
2016.08.26 17:10:29.866,1.54298,1.54331,1.00,1.00
2016.08.26 17:10:30.259,1.54298,1.54333,1.00,1.00
2016.08.26 17:10:30.360,1.543,1.54333,1.00,1.00
2016.08.26 17:10:30.828,1.54302,1.54334,1.00,1.00
2016.08.26 17:10:32.619,1.54299,1.54331,1.50,1.00
2016.08.26 17:10:33.530,1.54299,1.54333,1.50,1.00
2016.08.26 17:10:33.733,1.54308,1.54343,1.00,1.00
2016.08.26 17:10:33.951,1.54308,1.54344,1.00,1.00
2016.08.26 17:10:34.052,1.5431,1.54345,1.00,1.00
2016.08.26 17:10:34.153,1.54314,1.54346,1.00,1.00
2016.08.26 17:10:34.255,1.54314,1.54346,1.00,1.00
2016.08.26 17:10:35.134,1.54315,1.54347,1.00,1.00
2016.08.26 17:10:36.754,1.54309,1.5434,1.00,1.00
2016.08.26 17:10:36.855,1.54306,1.5434,1.00,1.00
2016.08.26 17:10:37.057,1.54304,1.54336,1.00,1.00
2016.08.26 17:10:37.208,1.54302,1.54335,1.00,1.00
2016.08.26 17:10:37.360,1.54306,1.54338,1.00,1.00
2016.08.26 17:10:37.462,1.54303,1.54349,1.00,1.20
2016.08.26 17:10:38.653,1.54303,1.54335,1.00,1.00
2016.08.26 17:10:41.481,1.543,1.54334,1.00,1.00
2016.08.26 17:10:42.379,1.54298,1.5433,1.12,1.00
2016.08.26 17:10:42.480,1.54298,1.5433,1.00,1.00
2016.08.26 17:10:43.355,1.54295,1.54329,1.00,1.00
2016.08.26 17:10:47.142,1.54294,1.54328,1.00,1.00
2016.08.26 17:10:47.665,1.54297,1.5433,1.00,1.00
2016.08.26 17:10:48.016,1.54294,1.54326,1.00,1.00
2016.08.26 17:10:48.067,1.54289,1.54323,2.25,1.00
2016.08.26 17:10:48.168,1.54289,1.54323,1.00,1.00
2016.08.26 17:10:48.506,1.54285,1.54316,1.00,1.00
2016.08.26 17:10:49.653,1.54284,1.54316,1.50,1.00
2016.08.26 17:10:53.116,1.54284,1.54317,1.00,1.00
2016.08.26 17:10:53.203,1.54282,1.54316,1.50,1.00
2016.08.26 17:10:53.254,1.54282,1.54316,1.00,1.00
2016.08.26 17:10:53.613,1.54285,1.54317,1.00,1.00
2016.08.26 17:10:53.887,1.54283,1.54319,1.00,1.00
2016.08.26 17:10:54.315,1.54286,1.54318,1.00,1.00
2016.08.26 17:11:01.983,1.54294,1.54318,1.00,1.00
2016.08.26 17:11:02.333,1.54296,1.5433,1.00,1.75
2016.08.26 17:11:02.383,1.54296,1.5433,1.00,1.75
2016.08.26 17:11:02.520,1.54299,1.54332,1.00,1.00
2016.08.26 17:11:02.570,1.54299,1.54332,1.00,1.00
2016.08.26 17:11:02.672,1.54299,1.54332,1.00,1.00
2016.08.26 17:11:02.773,1.54299,1.54332,1.00,1.00
2016.08.26 17:11:03.114,1.54304,1.54333,1.00,1.00
2016.08.26 17:11:05.989,1.54303,1.54333,1.00,1.00
2016.08.26 17:11:06.508,1.54297,1.54332,1.00,1.00
2016.08.26 17:11:06.723,1.543,1.54336,1.00,1.00
2016.08.26 17:11:06.824,1.543,1.54334,1.00,1.00
2016.08.26 17:11:07.186,1.54306,1.54338,1.00,1.00
2016.08.26 17:11:07.296,1.54304,1.54338,1.00,1.00
2016.08.26 17:11:08.698,1.54305,1.54337,1.00,1.00
2016.08.26 17:11:10.139,1.54302,1.54337,1.00,1.00
2016.08.26 17:11:12.446,1.54298,1.54331,1.50,1.00
2016.08.26 17:11:12.498,1.54298,1.54331,1.00,1.00
2016.08.26 17:11:12.803,1.543,1.54331,1.00,1.00
2016.08.26 17:11:13.242,1.543,1.54334,1.00,1.00
2016.08.26 17:11:14.038,1.54299,1.54332,1.00,1.00
2016.08.26 17:11:19.411,1.54297,1.5433,1.00,1.00
2016.08.26 17:11:21.414,1.54298,1.54332,1.00,1.00
2016.08.26 17:11:26.219,1.543,1.54333,1.00,1.00
2016.08.26 17:11:26.769,1.54299,1.54332,1.00,1.00
2016.08.26 17:11:28.245,1.54298,1.54329,1.00,1.00
2016.08.26 17:11:29.358,1.54298,1.54333,1.00,1.00
2016.08.26 17:11:30.729,1.543,1.54335,1.00,1.00
2016.08.26 17:11:31.143,1.54303,1.54334,1.00,1.00
2016.08.26 17:11:31.352,1.54299,1.54332,1.00,1.00
2016.08.26 17:11:36.864,1.543,1.54331,1.00,1.00
2016.08.26 17:11:39.368,1.54296,1.54329,1.00,1.00
2016.08.26 17:11:39.671,1.54299,1.54332,1.00,1.00
2016.08.26 17:11:40.003,1.54297,1.5433,1.00,1.00
2016.08.26 17:11:42.558,1.543,1.54335,1.00,1.00
2016.08.26 17:11:42.659,1.543,1.54335,1.00,1.00
2016.08.26 17:11:42.760,1.54305,1.54336,1.00,1.12
2016.08.26 17:11:42.811,1.54305,1.54336,1.00,1.00
2016.08.26 17:11:42.862,1.54307,1.5434,1.00,1.00
2016.08.26 17:11:43.417,1.54306,1.54339,1.00,1.00
2016.08.26 17:11:43.468,1.54308,1.54341,1.00,1.00
2016.08.26 17:11:46.235,1.5431,1.54341,1.00,1.00
2016.08.26 17:11:46.577,1.54309,1.54339,1.00,1.00
2016.08.26 17:11:47.176,1.54314,1.54343,1.00,1.00
2016.08.26 17:11:47.678,1.54313,1.54346,1.00,1.00
2016.08.26 17:11:48.228,1.54312,1.54345,1.00,1.00
2016.08.26 17:11:48.278,1.54314,1.54345,1.00,1.00
2016.08.26 17:11:48.631,1.54312,1.54343,1.00,1.00
2016.08.26 17:11:49.483,1.54311,1.54341,1.00,1.00
2016.08.26 17:11:51.780,1.54307,1.54339,1.50,1.00
2016.08.26 17:11:51.889,1.54308,1.5434,1.00,1.00
2016.08.26 17:11:52.205,1.54311,1.54341,1.00,1.00
2016.08.26 17:11:54.592,1.54309,1.54343,1.00,1.00
2016.08.26 17:11:55.063,1.54311,1.54344,1.00,1.00
2016.08.26 17:11:55.366,1.54319,1.54349,1.00,1.00
2016.08.26 17:11:55.712,1.54316,1.54348,1.00,1.00
2016.08.26 17:11:55.987,1.54319,1.54349,1.00,1.00
2016.08.26 17:11:56.290,1.54323,1.54355,1.00,1.00
2016.08.26 17:11:56.391,1.54319,1.54351,1.00,1.00
2016.08.26 17:11:56.920,1.54319,1.54352,1.00,1.00
2016.08.26 17:11:57.288,1.54317,1.54349,1.00,1.00
2016.08.26 17:11:57.389,1.54318,1.54352,1.00,1.00
2016.08.26 17:11:57.490,1.54322,1.54353,1.00,1.00
2016.08.26 17:11:59.511,1.54321,1.54354,1.00,1.00
2016.08.26 17:11:59.815,1.54334,1.54363,1.00,1.00
2016.08.26 17:12:00.363,1.54334,1.54364,1.00,1.00
2016.08.26 17:12:00.464,1.54333,1.54364,1.50,1.00
2016.08.26 17:12:02.000,1.54336,1.54366,1.00,1.00
2016.08.26 17:12:02.101,1.54333,1.54365,1.50,1.00
2016.08.26 17:12:02.202,1.54335,1.54365,1.00,1.00
2016.08.26 17:12:02.506,1.54343,1.54367,1.00,1.00
2016.08.26 17:12:02.626,1.54335,1.54367,1.00,1.00
2016.08.26 17:12:02.991,1.54334,1.54365,1.50,1.00
2016.08.26 17:12:03.092,1.54333,1.54361,1.00,1.00
2016.08.26 17:12:03.193,1.54334,1.54363,1.00,1.00
2016.08.26 17:12:03.457,1.54333,1.54363,1.50,1.00
2016.08.26 17:12:03.702,1.54333,1.54361,1.00,1.00
2016.08.26 17:12:04.006,1.54333,1.54364,1.00,1.00
2016.08.26 17:12:04.639,1.54334,1.54364,1.00,1.00
2016.08.26 17:12:05.410,1.54333,1.54363,1.00,1.00
2016.08.26 17:12:05.461,1.5433,1.54363,1.00,1.00
2016.08.26 17:12:06.011,1.54329,1.54363,1.00,1.00
2016.08.26 17:12:06.764,1.54333,1.54363,1.00,1.00
2016.08.26 17:12:06.814,1.54333,1.54363,1.50,1.00
2016.08.26 17:12:07.297,1.54334,1.54364,1.00,1.00
2016.08.26 17:12:07.553,1.54334,1.54367,1.50,1.00
2016.08.26 17:12:07.604,1.54337,1.54367,1.00,1.00
2016.08.26 17:12:07.654,1.54339,1.54372,1.00,1.00
2016.08.26 17:12:07.824,1.54339,1.54372,1.00,1.00
2016.08.26 17:12:08.127,1.5434,1.5437,1.00,1.00
2016.08.26 17:12:08.740,1.54337,1.54371,1.00,1.00
2016.08.26 17:12:11.016,1.54336,1.54368,1.00,1.00
2016.08.26 17:12:11.817,1.54335,1.54368,1.00,1.00
2016.08.26 17:12:12.126,1.54334,1.54365,1.00,1.00
2016.08.26 17:12:12.210,1.54334,1.54365,1.50,1.00
2016.08.26 17:12:12.362,1.54334,1.54368,2.25,1.00
2016.08.26 17:12:12.480,1.54335,1.54366,1.00,1.00
2016.08.26 17:12:16.556,1.54333,1.54366,1.50,1.00
2016.08.26 17:12:16.680,1.54335,1.54366,1.00,1.00
2016.08.26 17:12:16.781,1.54336,1.54369,1.00,1.00
2016.08.26 17:12:17.332,1.54335,1.54367,1.00,1.00
2016.08.26 17:12:17.910,1.54334,1.54366,1.00,1.00
2016.08.26 17:12:18.011,1.54333,1.54366,1.50,1.00
2016.08.26 17:12:18.811,1.54333,1.54366,1.00,1.00
2016.08.26 17:12:19.168,1.54332,1.54362,1.00,1.00
2016.08.26 17:12:22.541,1.54329,1.54362,1.00,1.00
2016.08.26 17:12:30.153,1.54328,1.54361,1.00,1.00
2016.08.26 17:12:32.354,1.54327,1.54359,1.00,1.00
2016.08.26 17:12:33.097,1.54324,1.54354,1.00,1.00
2016.08.26 17:12:33.250,1.54324,1.54354,1.50,1.00
2016.08.26 17:12:33.302,1.54325,1.54357,1.00,1.00
2016.08.26 17:12:34.559,1.54327,1.54357,1.00,1.00
2016.08.26 17:12:35.263,1.54324,1.54357,1.00,1.00
2016.08.26 17:12:35.578,1.54324,1.54355,1.50,1.00
2016.08.26 17:12:36.440,1.54324,1.54355,1.00,1.00
2016.08.26 17:12:36.966,1.54325,1.54356,1.00,1.00
2016.08.26 17:12:43.203,1.54324,1.54354,1.50,1.00
2016.08.26 17:12:43.254,1.54323,1.54354,1.00,1.00
2016.08.26 17:12:43.406,1.54323,1.5435,1.00,1.00
2016.08.26 17:12:43.507,1.54324,1.54354,1.00,1.00
2016.08.26 17:12:43.708,1.54334,1.54357,1.00,1.00
2016.08.26 17:12:43.771,1.54324,1.54357,1.50,1.00
2016.08.26 17:12:43.873,1.54324,1.54366,1.00,1.95
2016.08.26 17:12:44.208,1.54333,1.54366,1.00,1.95
2016.08.26 17:12:45.075,1.54333,1.54359,1.00,1.00
2016.08.26 17:12:47.378,1.54333,1.54357,1.00,1.00
2016.08.26 17:12:48.272,1.54334,1.54357,1.00,1.00
2016.08.26 17:12:49.374,1.54326,1.54357,1.00,1.00
2016.08.26 17:12:50.784,1.54325,1.54357,1.50,1.00
2016.08.26 17:12:50.835,1.54325,1.54357,1.00,1.00
2016.08.26 17:12:51.026,1.54323,1.54352,1.00,1.00
2016.08.26 17:12:51.549,1.54324,1.54352,1.00,1.00
2016.08.26 17:12:53.851,1.54323,1.54352,1.00,1.00
2016.08.26 17:12:55.420,1.54324,1.54352,1.00,1.00
2016.08.26 17:12:56.310,1.54324,1.5435,1.00,1.00
2016.08.26 17:12:57.206,1.54324,1.54349,1.00,1.00
2016.08.26 17:12:57.635,1.54324,1.54352,1.00,1.00
2016.08.26 17:12:57.999,1.54323,1.5435,1.00,1.00
2016.08.26 17:12:58.101,1.54318,1.5435,1.00,1.00
2016.08.26 17:12:59.143,1.54317,1.5435,1.00,1.00
2016.08.26 17:12:59.244,1.54315,1.54348,1.00,1.00
2016.08.26 17:13:01.412,1.54317,1.54351,1.00,1.00
2016.08.26 17:13:01.504,1.54314,1.54344,2.25,1.00
2016.08.26 17:13:01.606,1.54314,1.54341,1.00,1.00
2016.08.26 17:13:01.656,1.54309,1.54341,1.87,1.00
2016.08.26 17:13:01.707,1.54309,1.54335,1.00,1.00
2016.08.26 17:13:01.758,1.54304,1.54335,2.25,1.00
2016.08.26 17:13:01.808,1.54304,1.54334,1.50,1.00
2016.08.26 17:13:01.859,1.54304,1.54334,1.00,1.00
2016.08.26 17:13:02.023,1.54304,1.54336,1.00,1.00
2016.08.26 17:13:02.125,1.54304,1.54334,1.00,1.00
2016.08.26 17:13:02.226,1.54297,1.5434,1.12,1.00
2016.08.26 17:13:02.282,1.54304,1.5434,1.50,1.00
2016.08.26 17:13:02.383,1.54304,1.5434,1.00,1.00
2016.08.26 17:13:03.226,1.54304,1.54334,1.50,1.00
2016.08.26 17:13:03.564,1.54304,1.54334,1.00,1.00
2016.08.26 17:13:04.643,1.54301,1.54334,1.00,1.00
2016.08.26 17:13:05.217,1.54302,1.54333,1.00,1.00
2016.08.26 17:13:05.532,1.54304,1.54335,1.00,1.00
2016.08.26 17:13:05.583,1.54304,1.54335,1.50,1.00
2016.08.26 17:13:05.634,1.54304,1.54333,1.00,1.00
2016.08.26 17:13:05.941,1.54304,1.54331,1.00,1.00
2016.08.26 17:13:06.513,1.54301,1.54331,1.00,1.00
2016.08.26 17:13:07.343,1.54298,1.54331,1.00,1.00
2016.08.26 17:13:07.527,1.54296,1.54326,1.00,1.00
2016.08.26 17:13:08.311,1.54295,1.54326,1.00,1.00
2016.08.26 17:13:13.255,1.54297,1.54329,1.00,1.00
2016.08.26 17:13:14.119,1.54297,1.54329,1.00,1.00
2016.08.26 17:13:16.739,1.54296,1.54327,1.00,1.00
2016.08.26 17:13:17.041,1.54295,1.54325,1.00,1.00
2016.08.26 17:13:17.567,1.54297,1.54328,1.00,1.00
2016.08.26 17:13:18.120,1.54296,1.54327,1.00,1.00
2016.08.26 17:13:22.275,1.54293,1.54324,1.00,1.00
2016.08.26 17:13:27.337,1.54291,1.54323,1.50,1.00
2016.08.26 17:13:27.684,1.54291,1.54323,1.00,1.00
2016.08.26 17:13:27.738,1.54289,1.54322,1.00,1.00
2016.08.26 17:13:28.040,1.54288,1.5432,1.00,1.00
2016.08.26 17:13:28.345,1.54288,1.54318,1.00,1.00
2016.08.26 17:13:28.497,1.54285,1.54318,1.00,1.00
2016.08.26 17:13:32.445,1.54287,1.54321,1.00,1.00
2016.08.26 17:13:32.840,1.54287,1.54321,1.50,1.00
2016.08.26 17:13:32.890,1.54292,1.54322,1.00,1.00
2016.08.26 17:13:32.975,1.54294,1.54324,1.00,1.00
2016.08.26 17:13:33.158,1.54291,1.54325,1.00,1.00
2016.08.26 17:13:34.648,1.54292,1.54326,1.00,1.00
2016.08.26 17:13:36.766,1.54293,1.54323,1.00,1.00
2016.08.26 17:13:37.051,1.54293,1.54325,1.00,1.00
2016.08.26 17:13:37.166,1.54295,1.54325,1.00,1.00
2016.08.26 17:13:37.752,1.54292,1.54326,1.00,1.00
2016.08.26 17:13:40.682,1.54297,1.54327,1.00,1.00
2016.08.26 17:13:40.884,1.54295,1.54327,1.00,1.00
2016.08.26 17:13:40.957,1.54295,1.54325,1.00,1.00
2016.08.26 17:13:41.261,1.54292,1.54324,1.00,1.00
2016.08.26 17:13:41.783,1.54293,1.54324,1.00,1.00
2016.08.26 17:13:44.269,1.54293,1.54322,1.00,1.00
2016.08.26 17:13:47.276,1.54294,1.54326,1.00,1.00
2016.08.26 17:13:47.378,1.54293,1.54324,1.00,1.00
2016.08.26 17:13:47.898,1.54292,1.54324,1.00,1.00
2016.08.26 17:13:48.479,1.54291,1.54325,1.00,1.00
2016.08.26 17:13:50.190,1.54293,1.54326,1.00,1.00
2016.08.26 17:13:50.722,1.54292,1.54326,1.00,1.00
2016.08.26 17:13:51.088,1.54294,1.54325,1.00,1.00
2016.08.26 17:13:51.586,1.54296,1.54327,1.00,1.00
2016.08.26 17:13:51.773,1.54294,1.54329,1.00,1.00
2016.08.26 17:13:52.592,1.54295,1.54326,1.00,1.00
2016.08.26 17:13:55.692,1.54296,1.54327,1.00,1.00
2016.08.26 17:13:55.793,1.54294,1.54327,1.00,1.00
2016.08.26 17:13:57.983,1.54294,1.54325,1.00,1.00
2016.08.26 17:14:02.490,1.54292,1.54323,1.00,1.00
2016.08.26 17:14:04.694,1.54292,1.54325,1.00,1.00
2016.08.26 17:14:05.168,1.54292,1.54325,1.00,1.00
2016.08.26 17:14:05.330,1.54286,1.54317,1.00,1.00
2016.08.26 17:14:05.431,1.54286,1.54319,1.00,1.00
2016.08.26 17:14:05.532,1.54289,1.5432,1.00,1.00
2016.08.26 17:14:05.997,1.54286,1.54322,1.00,1.00
2016.08.26 17:14:06.332,1.54289,1.5432,1.00,1.00
2016.08.26 17:14:06.934,1.54287,1.54318,1.00,1.00
2016.08.26 17:14:13.008,1.54285,1.54318,1.00,1.00
2016.08.26 17:14:18.833,1.54286,1.54319,1.00,1.00
2016.08.26 17:14:19.023,1.54284,1.54317,1.00,1.00
2016.08.26 17:14:19.074,1.54284,1.54317,1.50,1.00
2016.08.26 17:14:20.275,1.54284,1.54317,2.25,1.00
2016.08.26 17:14:20.976,1.54284,1.54317,1.50,1.00
2016.08.26 17:14:21.077,1.54284,1.54317,1.00,1.00
2016.08.26 17:14:21.261,1.54286,1.54316,1.00,1.00
2016.08.26 17:14:21.312,1.54286,1.54316,1.00,1.00
2016.08.26 17:14:21.363,1.54286,1.54318,1.00,1.00
2016.08.26 17:14:22.317,1.54287,1.54318,1.00,1.00
2016.08.26 17:14:22.630,1.54288,1.5432,1.00,1.00
2016.08.26 17:14:24.929,1.54287,1.5432,1.00,1.00
2016.08.26 17:14:28.338,1.54293,1.54326,1.00,1.00
2016.08.26 17:14:28.389,1.54293,1.54326,1.00,1.00
2016.08.26 17:14:28.440,1.54301,1.54329,1.00,1.00
2016.08.26 17:14:28.491,1.54301,1.54332,1.00,1.37
2016.08.26 17:14:28.589,1.54303,1.54334,1.00,1.00
2016.08.26 17:14:29.340,1.543,1.54332,1.00,1.00
2016.08.26 17:14:32.645,1.54302,1.54332,1.00,1.00
2016.08.26 17:14:33.066,1.543,1.54332,1.00,1.00
2016.08.26 17:14:33.373,1.54302,1.54332,1.00,1.00
2016.08.26 17:14:35.473,1.54304,1.54334,1.00,1.00
2016.08.26 17:14:36.542,1.54305,1.54338,1.00,1.00
2016.08.26 17:14:36.592,1.54314,1.54338,1.00,1.00
2016.08.26 17:14:37.378,1.54322,1.5435,1.00,1.20
2016.08.26 17:14:37.428,1.54322,1.54353,1.00,3.00
2016.08.26 17:14:37.570,1.54324,1.54354,1.00,1.00
2016.08.26 17:14:40.630,1.54324,1.54354,1.50,1.00
2016.08.26 17:14:40.681,1.54324,1.54352,1.00,1.00
2016.08.26 17:14:40.842,1.54322,1.54352,1.50,1.00
2016.08.26 17:14:44.313,1.54322,1.54352,1.00,1.00
2016.08.26 17:14:44.754,1.54314,1.54339,1.75,1.00
2016.08.26 17:14:44.856,1.54308,1.54337,1.20,1.00
2016.08.26 17:14:44.907,1.54305,1.54337,2.25,1.00
2016.08.26 17:14:44.958,1.54305,1.54334,1.37,1.00
2016.08.26 17:14:45.008,1.54305,1.54334,1.00,1.00
2016.08.26 17:14:45.109,1.54303,1.54334,1.00,1.00
2016.08.26 17:14:50.062,1.54301,1.54332,1.87,1.00
2016.08.26 17:14:50.273,1.54297,1.54327,1.00,1.00
2016.08.26 17:14:52.214,1.54297,1.54328,1.00,1.00
2016.08.26 17:14:54.312,1.54307,1.54337,1.00,1.00
2016.08.26 17:14:54.362,1.54307,1.54337,1.50,1.00
2016.08.26 17:14:54.413,1.54311,1.54337,1.00,1.00
2016.08.26 17:14:54.464,1.54311,1.54341,1.50,1.37
2016.08.26 17:14:54.515,1.54311,1.54344,1.00,1.00
2016.08.26 17:14:54.616,1.54314,1.54342,1.00,1.00
2016.08.26 17:14:54.718,1.54315,1.54346,1.00,1.00
2016.08.26 17:14:54.960,1.54315,1.54346,1.50,1.00
2016.08.26 17:14:55.012,1.54317,1.54348,1.00,1.00
2016.08.26 17:14:55.113,1.54316,1.54356,1.00,1.00
2016.08.26 17:14:55.622,1.54315,1.54356,1.00,1.00
2016.08.26 17:14:55.770,1.54316,1.54356,1.00,1.00
2016.08.26 17:14:55.821,1.54318,1.54349,1.00,1.00
2016.08.26 17:14:55.924,1.54316,1.54348,1.50,1.00
2016.08.26 17:14:56.638,1.54316,1.54348,1.00,1.00
2016.08.26 17:14:56.740,1.54313,1.54346,1.00,1.00
2016.08.26 17:14:57.290,1.54314,1.54346,1.00,1.00
2016.08.26 17:14:59.119,1.54313,1.54346,1.50,1.00
2016.08.26 17:14:59.406,1.54317,1.54348,1.00,1.00
2016.08.26 17:14:59.507,1.54318,1.54352,1.00,1.00
2016.08.26 17:14:59.627,1.54324,1.54354,1.00,1.00
2016.08.26 17:14:59.729,1.54325,1.54358,1.00,1.00
2016.08.26 17:14:59.830,1.5433,1.5436,1.00,1.00
2016.08.26 17:14:59.881,1.5433,1.5436,1.50,1.00
2016.08.26 17:14:59.931,1.54343,1.54362,1.00,1.00
2016.08.26 17:15:00.134,1.54344,1.54368,1.00,1.00
2016.08.26 17:15:00.285,1.54344,1.5437,1.00,1.00
2016.08.26 17:15:00.736,1.54338,1.5437,1.50,1.00
2016.08.26 17:15:00.938,1.54344,1.5437,1.00,1.00
2016.08.26 17:15:01.707,1.54344,1.54371,1.00,1.00
2016.08.26 17:15:01.809,1.54344,1.54369,1.00,1.00
2016.08.26 17:15:02.589,1.54343,1.54369,1.00,1.00
2016.08.26 17:15:02.687,1.54343,1.54371,1.00,1.00
2016.08.26 17:15:03.036,1.54343,1.54373,1.50,1.00
2016.08.26 17:15:03.137,1.54343,1.54373,1.00,1.00
2016.08.26 17:15:03.990,1.54344,1.5437,1.00,1.00
2016.08.26 17:15:04.519,1.54344,1.54372,1.00,1.00
2016.08.26 17:15:04.791,1.54344,1.5437,1.00,1.00
2016.08.26 17:15:06.193,1.54344,1.54373,1.00,1.00
2016.08.26 17:15:06.294,1.54343,1.54368,1.00,1.00
2016.08.26 17:15:06.447,1.54344,1.5437,1.00,1.00
2016.08.26 17:15:06.566,1.54337,1.5437,1.00,1.00
2016.08.26 17:15:06.616,1.54339,1.54372,1.00,1.00
2016.08.26 17:15:06.982,1.54343,1.54372,1.00,1.00
2016.08.26 17:15:07.032,1.54339,1.54372,1.00,1.00
2016.08.26 17:15:07.134,1.54336,1.54369,2.25,1.00
2016.08.26 17:15:07.327,1.54336,1.54369,1.50,1.00
2016.08.26 17:15:07.502,1.54339,1.54369,1.00,1.00
2016.08.26 17:15:07.603,1.54333,1.54364,1.87,1.00
2016.08.26 17:15:07.654,1.54333,1.54364,1.00,1.00
2016.08.26 17:15:07.704,1.54331,1.54362,1.00,1.00
2016.08.26 17:15:07.913,1.5433,1.54364,1.00,1.00
2016.08.26 17:15:08.015,1.54329,1.54366,1.00,1.00
2016.08.26 17:15:08.167,1.54334,1.54366,1.00,1.00
2016.08.26 17:15:08.437,1.54335,1.54376,1.00,1.95
2016.08.26 17:15:08.538,1.54335,1.54376,1.00,1.75
2016.08.26 17:15:09.104,1.54336,1.54376,1.00,1.75
2016.08.26 17:15:09.199,1.54336,1.54366,1.00,1.00
2016.08.26 17:15:10.005,1.54335,1.54366,1.00,1.00
2016.08.26 17:15:10.538,1.54344,1.54366,1.00,1.00
2016.08.26 17:15:10.639,1.54338,1.54369,1.00,1.00
2016.08.26 17:15:11.905,1.54336,1.54366,1.50,1.00
2016.08.26 17:15:12.024,1.54336,1.54366,1.00,1.00
2016.08.26 17:15:14.614,1.54338,1.54369,1.00,1.00
2016.08.26 17:15:16.127,1.54339,1.5437,1.00,1.00
2016.08.26 17:15:16.178,1.54343,1.5437,1.00,1.00
2016.08.26 17:15:16.783,1.54344,1.5437,1.00,1.00
2016.08.26 17:15:17.717,1.54344,1.54372,1.00,1.00
2016.08.26 17:15:20.450,1.54343,1.54372,1.00,1.00
2016.08.26 17:15:21.364,1.54343,1.54374,1.00,1.00
2016.08.26 17:15:21.466,1.54347,1.54378,1.00,1.00
2016.08.26 17:15:21.793,1.54354,1.54378,1.00,1.00
2016.08.26 17:15:21.894,1.54344,1.54378,1.00,1.00
2016.08.26 17:15:22.194,1.54344,1.54378,1.50,1.00
2016.08.26 17:15:22.244,1.54348,1.54378,1.00,1.00
2016.08.26 17:15:22.447,1.54344,1.54379,1.00,1.60
2016.08.26 17:15:22.497,1.54338,1.54379,1.12,1.60
2016.08.26 17:15:22.548,1.54333,1.54365,1.87,1.00
2016.08.26 17:15:22.599,1.54333,1.54365,1.50,1.00
2016.08.26 17:15:22.649,1.54336,1.54364,1.00,1.00
2016.08.26 17:15:22.750,1.54336,1.54374,1.00,1.60
2016.08.26 17:15:23.033,1.54334,1.54374,1.00,1.60
2016.08.26 17:15:23.556,1.54333,1.54374,1.00,1.60
2016.08.26 17:15:24.052,1.54333,1.54366,1.50,1.00
2016.08.26 17:15:24.153,1.54333,1.54359,1.00,1.00
2016.08.26 17:15:24.254,1.54334,1.54357,1.00,1.00
2016.08.26 17:15:24.304,1.54332,1.54357,1.00,1.00
2016.08.26 17:15:24.456,1.54324,1.54358,1.50,1.00
2016.08.26 17:15:24.557,1.54326,1.5436,1.00,1.00
2016.08.26 17:15:25.134,1.54325,1.54357,1.00,1.00
2016.08.26 17:15:25.538,1.54328,1.54359,1.50,1.00
2016.08.26 17:15:25.588,1.54333,1.54359,1.00,1.00
2016.08.26 17:15:25.639,1.54333,1.54364,1.00,1.00
2016.08.26 17:15:26.156,1.54334,1.54364,1.00,1.00
2016.08.26 17:15:26.961,1.54333,1.54364,1.00,1.00
2016.08.26 17:15:27.762,1.54333,1.54362,1.00,1.00
2016.08.26 17:15:28.008,1.54334,1.54367,1.00,1.00
2016.08.26 17:15:28.162,1.54334,1.54365,1.00,1.00
2016.08.26 17:15:28.814,1.54334,1.54365,1.50,1.00
2016.08.26 17:15:29.828,1.54335,1.54365,1.00,1.00
2016.08.26 17:15:30.384,1.54336,1.54367,1.00,1.00
2016.08.26 17:15:30.568,1.54338,1.54371,1.00,1.00
2016.08.26 17:15:31.249,1.54335,1.54367,1.00,1.00
2016.08.26 17:15:33.134,1.54334,1.54367,1.50,1.00
2016.08.26 17:15:34.122,1.54334,1.54367,2.25,1.00
2016.08.26 17:15:34.172,1.54336,1.54369,1.00,1.00
2016.08.26 17:15:34.756,1.54334,1.54367,1.50,1.00
2016.08.26 17:15:34.866,1.54334,1.54367,1.00,1.00
2016.08.26 17:15:35.277,1.54334,1.54364,1.00,1.00
2016.08.26 17:15:36.777,1.54334,1.54365,2.25,1.00
2016.08.26 17:15:37.762,1.54337,1.54368,1.00,1.00
2016.08.26 17:15:38.077,1.54336,1.54367,1.50,1.00
2016.08.26 17:15:38.374,1.54336,1.54367,1.00,1.00
2016.08.26 17:15:38.475,1.54334,1.54367,1.50,1.00
2016.08.26 17:15:39.264,1.54335,1.54368,1.00,1.00
2016.08.26 17:15:40.878,1.54334,1.54365,1.50,1.00
2016.08.26 17:15:40.979,1.54334,1.54365,2.25,1.00
2016.08.26 17:15:41.407,1.54334,1.54365,1.50,1.00
2016.08.26 17:15:43.981,1.54334,1.54363,1.00,1.00
2016.08.26 17:15:46.396,1.54334,1.54364,1.00,1.00
2016.08.26 17:15:48.521,1.54334,1.5436,1.00,1.00
2016.08.26 17:15:48.571,1.54331,1.5436,1.00,1.00
2016.08.26 17:15:48.897,1.54329,1.54358,1.00,1.00
2016.08.26 17:15:48.998,1.54329,1.5436,1.50,1.00
2016.08.26 17:15:49.737,1.54334,1.5436,1.00,1.00
2016.08.26 17:15:52.885,1.54329,1.5436,1.50,1.00
2016.08.26 17:15:56.144,1.54333,1.5436,1.00,1.00
2016.08.26 17:15:58.067,1.54334,1.5436,1.00,1.00
2016.08.26 17:15:58.372,1.54334,1.54357,1.00,1.00
2016.08.26 17:15:58.423,1.54334,1.54359,1.00,1.00
2016.08.26 17:15:58.524,1.54333,1.54362,1.00,1.00
2016.08.26 17:15:58.676,1.54331,1.54361,1.00,1.00
2016.08.26 17:15:58.767,1.5433,1.54361,1.50,1.00
2016.08.26 17:15:58.818,1.54327,1.54357,1.00,1.00
2016.08.26 17:15:58.919,1.54328,1.54359,1.00,1.00
2016.08.26 17:15:59.020,1.5433,1.54359,1.00,1.00
2016.08.26 17:16:00.000,1.54329,1.54357,1.00,1.00
2016.08.26 17:16:00.101,1.54329,1.54361,1.00,1.00
2016.08.26 17:16:00.152,1.54334,1.54361,1.00,1.00
2016.08.26 17:16:01.734,1.54334,1.54358,1.00,1.00
2016.08.26 17:16:01.835,1.54334,1.5436,1.00,1.00
2016.08.26 17:16:02.036,1.54334,1.54358,1.00,1.00
2016.08.26 17:16:02.137,1.54334,1.54362,1.00,1.00
2016.08.26 17:16:03.710,1.54334,1.54361,1.00,1.00
2016.08.26 17:16:05.934,1.54334,1.54362,1.00,1.00
2016.08.26 17:16:07.403,1.54334,1.54364,1.00,1.00
2016.08.26 17:16:08.873,1.54333,1.54364,1.00,1.00
2016.08.26 17:16:08.924,1.54333,1.54361,1.00,1.00
2016.08.26 17:16:08.974,1.54331,1.54361,1.00,1.00
2016.08.26 17:16:09.861,1.54333,1.54361,1.00,1.00
2016.08.26 17:16:09.912,1.54333,1.54363,1.00,1.00
2016.08.26 17:16:11.463,1.54329,1.54363,1.50,1.00
2016.08.26 17:16:11.519,1.54329,1.54361,1.50,1.00
2016.08.26 17:16:11.620,1.54329,1.54361,1.00,1.00
2016.08.26 17:16:11.720,1.54326,1.54359,1.00,1.00
2016.08.26 17:16:12.460,1.54325,1.54358,1.50,1.00
2016.08.26 17:16:12.512,1.54326,1.54359,1.00,1.00
2016.08.26 17:16:13.041,1.54327,1.54358,1.00,1.00
2016.08.26 17:16:13.243,1.54323,1.54355,1.50,1.00
2016.08.26 17:16:13.346,1.54323,1.54355,2.25,1.00
2016.08.26 17:16:13.447,1.54326,1.54357,1.00,1.00
2016.08.26 17:16:16.022,1.54328,1.54358,1.00,1.00
2016.08.26 17:16:18.923,1.54328,1.5436,1.00,1.00
2016.08.26 17:16:18.974,1.54333,1.5436,1.00,1.00
2016.08.26 17:16:19.025,1.54333,1.54362,1.00,1.00
2016.08.26 17:16:20.983,1.54329,1.54362,1.00,1.00
2016.08.26 17:16:21.562,1.5433,1.54359,1.00,1.00
2016.08.26 17:16:21.637,1.5433,1.54362,1.00,1.00
2016.08.26 17:16:21.739,1.54329,1.54361,1.50,1.00
2016.08.26 17:16:21.941,1.54329,1.54358,1.00,1.00
2016.08.26 17:16:22.323,1.54334,1.54358,1.00,1.00
2016.08.26 17:16:22.489,1.54329,1.54358,1.00,1.00
2016.08.26 17:16:22.690,1.54333,1.54358,1.00,1.00
2016.08.26 17:16:23.451,1.54334,1.54366,1.00,1.00
2016.08.26 17:16:23.616,1.54334,1.54364,1.00,1.00
2016.08.26 17:16:23.943,1.54336,1.54364,1.00,1.00
2016.08.26 17:16:23.994,1.54333,1.54364,2.25,1.00
2016.08.26 17:16:24.137,1.54335,1.54366,1.00,1.00
2016.08.26 17:16:26.850,1.54336,1.54368,1.00,1.00
2016.08.26 17:16:28.944,1.54338,1.54369,1.00,1.00
2016.08.26 17:16:29.258,1.54339,1.54372,1.00,1.00
2016.08.26 17:16:29.688,1.54335,1.54368,1.50,1.00
2016.08.26 17:16:30.255,1.54336,1.54368,1.00,1.00
2016.08.26 17:16:31.849,1.54337,1.54368,1.00,1.00
2016.08.26 17:16:31.950,1.54336,1.54362,1.00,1.00
2016.08.26 17:16:32.019,1.54333,1.54362,1.50,1.00
2016.08.26 17:16:32.121,1.54333,1.54362,1.00,1.00
2016.08.26 17:16:32.391,1.54333,1.54362,1.50,1.00
2016.08.26 17:16:32.508,1.54333,1.54362,1.00,1.00
2016.08.26 17:16:32.785,1.54335,1.54367,1.00,1.00
2016.08.26 17:16:32.886,1.54338,1.5437,1.00,1.00
2016.08.26 17:16:38.497,1.5434,1.5437,1.00,1.00
2016.08.26 17:16:40.295,1.54341,1.54372,1.00,1.00
2016.08.26 17:16:40.705,1.54339,1.54372,1.50,1.00
2016.08.26 17:16:41.708,1.5434,1.54372,1.00,1.00
2016.08.26 17:16:41.820,1.54339,1.54372,1.50,1.00
2016.08.26 17:16:42.477,1.54328,1.54359,1.00,1.00
2016.08.26 17:16:42.587,1.54327,1.54359,1.00,1.00
2016.08.26 17:16:42.688,1.54336,1.54369,1.00,1.35
2016.08.26 17:16:42.739,1.54336,1.54373,1.00,2.17
2016.08.26 17:16:42.789,1.54343,1.54374,1.00,1.05
2016.08.26 17:16:42.840,1.54343,1.54378,1.00,1.82
2016.08.26 17:16:42.891,1.54344,1.54385,1.00,1.20
2016.08.26 17:16:42.992,1.54344,1.54377,1.00,1.00
2016.08.26 17:16:43.236,1.54344,1.54386,1.50,1.20
2016.08.26 17:16:43.289,1.54353,1.54388,1.00,1.00
2016.08.26 17:16:43.390,1.54354,1.54388,1.00,1.00
2016.08.26 17:16:43.440,1.54354,1.54388,1.00,1.37
2016.08.26 17:16:43.491,1.5435,1.5439,1.00,1.75
2016.08.26 17:16:43.592,1.54352,1.54395,1.00,1.75
2016.08.26 17:16:43.693,1.54358,1.54396,1.00,1.75
2016.08.26 17:16:43.795,1.54364,1.54396,1.00,1.75
2016.08.26 17:16:43.946,1.54364,1.54396,1.00,1.37
2016.08.26 17:16:44.130,1.54364,1.54409,1.00,1.20
2016.08.26 17:16:44.181,1.54364,1.54409,1.50,1.20
2016.08.26 17:16:44.651,1.54364,1.54409,1.00,1.20
2016.08.26 17:16:44.701,1.54364,1.54397,1.00,1.00
2016.08.26 17:16:46.120,1.54363,1.54394,1.50,1.00
2016.08.26 17:16:46.170,1.54363,1.54394,1.00,1.00
2016.08.26 17:16:46.221,1.5436,1.54394,1.00,1.00
2016.08.26 17:16:46.272,1.5436,1.54394,1.00,1.12
2016.08.26 17:16:46.322,1.54356,1.54392,1.00,1.00
2016.08.26 17:16:46.458,1.54354,1.54389,1.00,1.00
2016.08.26 17:16:46.509,1.5435,1.54387,1.00,1.00
2016.08.26 17:16:47.883,1.5435,1.54386,1.00,1.00
2016.08.26 17:16:49.310,1.54347,1.54386,1.00,1.00
2016.08.26 17:16:49.831,1.54349,1.54386,1.00,1.00
2016.08.26 17:16:50.493,1.54351,1.54381,1.00,1.00
2016.08.26 17:16:51.729,1.54348,1.54377,1.00,1.00
2016.08.26 17:16:51.799,1.54344,1.54377,1.50,1.00
2016.08.26 17:16:52.002,1.54343,1.54373,1.00,1.00
2016.08.26 17:16:52.616,1.54344,1.54372,1.00,1.00
2016.08.26 17:16:53.137,1.54344,1.54367,1.00,1.00
2016.08.26 17:16:53.188,1.54336,1.54367,1.00,1.00
2016.08.26 17:16:53.238,1.54334,1.54364,1.50,1.00
2016.08.26 17:16:53.340,1.54336,1.54374,1.00,1.00
2016.08.26 17:16:53.543,1.54338,1.54376,1.00,1.00
2016.08.26 17:16:53.851,1.54343,1.54374,1.00,1.00
2016.08.26 17:16:54.015,1.54343,1.54376,1.00,1.00
2016.08.26 17:16:54.423,1.54343,1.54374,1.00,1.00
2016.08.26 17:16:54.524,1.54341,1.54373,1.00,1.00
2016.08.26 17:16:54.732,1.54341,1.54373,1.50,1.00
2016.08.26 17:16:55.168,1.54343,1.54373,1.00,1.00
2016.08.26 17:16:55.218,1.54343,1.54374,1.50,1.00
2016.08.26 17:16:55.269,1.54343,1.54374,1.00,1.00
2016.08.26 17:16:55.370,1.54353,1.54374,1.00,1.00
2016.08.26 17:16:57.926,1.54354,1.54374,1.00,1.00
2016.08.26 17:16:58.456,1.54354,1.54376,1.00,1.00
2016.08.26 17:16:59.039,1.54364,1.54378,1.00,1.00
2016.08.26 17:16:59.356,1.54353,1.54378,1.00,1.00
2016.08.26 17:17:01.748,1.54354,1.54378,1.00,1.00
2016.08.26 17:17:02.276,1.54353,1.54378,1.00,1.00
2016.08.26 17:17:02.327,1.54353,1.54376,1.00,1.00
2016.08.26 17:17:02.378,1.54345,1.54376,1.00,1.00
2016.08.26 17:17:02.574,1.54348,1.54379,1.00,1.00
2016.08.26 17:17:02.624,1.54344,1.54379,2.25,1.00
2016.08.26 17:17:02.914,1.54344,1.54379,1.50,1.00
2016.08.26 17:17:02.964,1.54344,1.54376,1.00,1.00
2016.08.26 17:17:03.318,1.54345,1.54378,1.00,1.00
2016.08.26 17:17:03.440,1.54348,1.5438,1.00,1.00
2016.08.26 17:17:03.771,1.54347,1.54378,1.00,1.00
2016.08.26 17:17:05.221,1.54344,1.54377,1.00,1.00
2016.08.26 17:17:05.825,1.54344,1.54376,1.00,1.00
2016.08.26 17:17:06.360,1.54344,1.54375,1.00,1.00
2016.08.26 17:17:07.425,1.54344,1.54373,1.00,1.00
2016.08.26 17:17:08.841,1.54342,1.54373,1.00,1.00
2016.08.26 17:17:09.742,1.54344,1.54373,1.00,1.00
2016.08.26 17:17:10.743,1.54342,1.54373,1.00,1.00
2016.08.26 17:17:15.951,1.54344,1.54373,1.00,1.00
2016.08.26 17:17:16.076,1.54345,1.54376,1.00,1.00
2016.08.26 17:17:16.135,1.54348,1.54376,1.00,1.00
2016.08.26 17:17:16.186,1.54354,1.54383,1.00,1.12
2016.08.26 17:17:16.338,1.54354,1.54385,1.50,1.00
2016.08.26 17:17:16.388,1.54354,1.54385,1.00,1.00
2016.08.26 17:17:19.947,1.54353,1.5438,1.00,1.00
2016.08.26 17:17:19.998,1.54349,1.5438,1.00,1.00
2016.08.26 17:17:20.048,1.54352,1.54382,1.00,1.00
2016.08.26 17:17:20.362,1.54354,1.54382,1.00,1.00
2016.08.26 17:17:20.963,1.54354,1.54385,1.00,1.00
2016.08.26 17:17:22.297,1.54353,1.54383,1.50,1.00
2016.08.26 17:17:22.468,1.54353,1.54383,1.00,1.00
2016.08.26 17:17:22.569,1.54352,1.54396,2.10,1.37
2016.08.26 17:17:22.619,1.54352,1.54396,2.10,1.00
2016.08.26 17:17:22.670,1.54364,1.54394,1.00,1.00
2016.08.26 17:17:23.220,1.54364,1.54395,1.00,1.00
2016.08.26 17:17:23.271,1.54363,1.54395,1.50,1.00
2016.08.26 17:17:23.758,1.54363,1.54394,1.00,1.00
2016.08.26 17:17:24.410,1.54364,1.54394,1.00,1.00
2016.08.26 17:17:25.412,1.54364,1.54393,1.00,1.00
2016.08.26 17:17:25.463,1.54364,1.54391,1.00,1.00
2016.08.26 17:17:25.989,1.54364,1.54393,1.00,1.00
2016.08.26 17:17:26.090,1.54363,1.54393,1.50,1.00
2016.08.26 17:17:26.292,1.54364,1.54393,1.00,1.00
2016.08.26 17:17:29.879,1.54358,1.5439,1.00,1.00
2016.08.26 17:17:29.980,1.54364,1.54388,1.00,1.00
2016.08.26 17:17:30.290,1.54357,1.54389,1.00,1.00
2016.08.26 17:17:30.480,1.54356,1.54386,1.00,1.00
2016.08.26 17:17:30.833,1.54363,1.54386,1.00,1.00
2016.08.26 17:17:31.196,1.54356,1.54386,1.00,1.00
2016.08.26 17:17:31.782,1.54375,1.54397,1.00,1.00
2016.08.26 17:17:31.880,1.54375,1.54407,1.00,2.25
2016.08.26 17:17:31.982,1.54375,1.54407,1.00,1.50
2016.08.26 17:17:32.448,1.54375,1.54407,1.00,1.00
2016.08.26 17:17:32.498,1.54378,1.5441,1.00,1.00
2016.08.26 17:17:33.563,1.54378,1.5441,1.00,1.00
2016.08.26 17:17:35.051,1.54384,1.5441,1.00,1.00
2016.08.26 17:17:35.552,1.54384,1.54411,1.00,1.00
2016.08.26 17:17:37.074,1.54381,1.54411,1.00,1.00
2016.08.26 17:17:37.126,1.54375,1.54407,1.00,1.00
2016.08.26 17:17:41.615,1.54379,1.54411,1.00,1.00
2016.08.26 17:17:43.982,1.54383,1.54411,1.00,1.00
2016.08.26 17:17:44.033,1.54383,1.54413,1.50,1.12
2016.08.26 17:17:44.083,1.54384,1.54413,1.00,1.00
2016.08.26 17:17:44.134,1.54384,1.54416,1.50,1.00
2016.08.26 17:17:44.185,1.54384,1.54416,1.50,1.00
2016.08.26 17:17:44.235,1.54391,1.54423,1.00,1.50
2016.08.26 17:17:44.286,1.54391,1.54423,1.00,1.50
2016.08.26 17:17:44.424,1.54393,1.54423,1.00,1.00
2016.08.26 17:17:44.576,1.54391,1.54423,1.00,1.00
2016.08.26 17:17:44.627,1.5439,1.54434,1.00,2.10
2016.08.26 17:17:44.677,1.54393,1.54434,1.00,2.10
2016.08.26 17:17:44.829,1.54393,1.54434,1.60,1.50
2016.08.26 17:17:45.603,1.54397,1.54427,1.00,1.00
2016.08.26 17:17:47.388,1.54403,1.54427,1.00,1.00
2016.08.26 17:17:47.438,1.54403,1.5443,1.00,1.00
2016.08.26 17:17:47.640,1.54404,1.54433,1.00,1.37
2016.08.26 17:17:47.759,1.54404,1.5443,1.00,1.00
2016.08.26 17:17:48.855,1.54403,1.5443,1.00,1.00
2016.08.26 17:17:49.958,1.54403,1.54429,1.00,1.00
2016.08.26 17:17:50.059,1.54403,1.54427,1.00,1.00
2016.08.26 17:17:50.248,1.54396,1.54427,1.00,1.00
2016.08.26 17:17:50.299,1.54396,1.54427,1.00,1.00
2016.08.26 17:17:50.350,1.54394,1.54426,1.60,1.00
2016.08.26 17:17:50.451,1.54394,1.54426,1.00,1.00
2016.08.26 17:17:50.552,1.54394,1.54426,1.50,1.00
2016.08.26 17:17:51.075,1.54394,1.54426,1.00,1.00
2016.08.26 17:17:51.126,1.54396,1.54428,1.00,1.00
2016.08.26 17:17:51.229,1.54401,1.54431,1.00,1.00
2016.08.26 17:17:51.552,1.54404,1.54436,1.00,1.00
2016.08.26 17:17:51.627,1.54404,1.54435,1.00,1.00
2016.08.26 17:17:51.729,1.54408,1.54438,1.00,1.00
2016.08.26 17:17:51.931,1.54412,1.54442,1.00,1.00
2016.08.26 17:17:51.982,1.54412,1.54442,1.00,1.12
2016.08.26 17:17:52.033,1.54412,1.54442,1.00,1.12
2016.08.26 17:17:52.083,1.54412,1.54442,1.00,1.00
2016.08.26 17:17:52.293,1.54393,1.54431,1.60,1.00
2016.08.26 17:17:52.344,1.54394,1.54428,1.00,1.00
2016.08.26 17:17:52.445,1.54389,1.54426,1.00,1.00
2016.08.26 17:17:52.496,1.54387,1.54426,1.37,1.00
2016.08.26 17:17:52.547,1.54387,1.54426,1.00,1.00
2016.08.26 17:17:53.234,1.5439,1.54427,1.00,1.00
2016.08.26 17:17:54.557,1.54392,1.54425,1.00,1.00
2016.08.26 17:17:58.521,1.54394,1.54425,1.00,1.00
2016.08.26 17:17:59.006,1.54394,1.54425,1.00,1.00
2016.08.26 17:17:59.270,1.54394,1.54424,1.50,1.00
2016.08.26 17:17:59.371,1.54394,1.54424,1.00,1.00
2016.08.26 17:18:01.407,1.54394,1.54424,1.50,1.00
2016.08.26 17:18:02.965,1.54395,1.54426,1.00,1.00
2016.08.26 17:18:03.308,1.54404,1.54434,1.00,1.12
2016.08.26 17:18:03.359,1.54404,1.54436,1.00,1.00
2016.08.26 17:18:03.510,1.54409,1.54439,1.00,1.00
2016.08.26 17:18:03.561,1.54409,1.54439,1.00,1.00
2016.08.26 17:18:03.611,1.54411,1.54441,1.00,1.00
2016.08.26 17:18:03.662,1.54414,1.54441,1.00,1.00
2016.08.26 17:18:04.187,1.54414,1.5444,1.00,1.00
2016.08.26 17:18:04.389,1.54414,1.54442,1.00,1.00
2016.08.26 17:18:04.674,1.5441,1.54442,1.00,1.00
2016.08.26 17:18:05.240,1.54411,1.54443,1.00,1.00
2016.08.26 17:18:05.341,1.54411,1.54443,1.00,1.00
2016.08.26 17:18:05.642,1.54413,1.54443,1.00,1.00
2016.08.26 17:18:05.692,1.54414,1.54446,1.00,1.37
2016.08.26 17:18:05.743,1.54414,1.54446,1.50,1.00
2016.08.26 17:18:05.794,1.54414,1.54437,1.00,1.00
2016.08.26 17:18:05.988,1.54404,1.54434,1.00,1.00
2016.08.26 17:18:06.089,1.54398,1.54435,1.00,1.00
2016.08.26 17:18:06.140,1.54398,1.54435,1.00,1.00
2016.08.26 17:18:06.190,1.544,1.54432,1.00,1.00
2016.08.26 17:18:06.680,1.54402,1.54434,1.00,1.00
2016.08.26 17:18:07.328,1.54402,1.54434,1.00,1.00
2016.08.26 17:18:07.429,1.54404,1.54436,1.00,1.00
2016.08.26 17:18:07.531,1.54407,1.54437,1.00,1.00
2016.08.26 17:18:07.582,1.54405,1.54437,1.00,1.00
2016.08.26 17:18:07.698,1.54402,1.54432,1.00,1.00
2016.08.26 17:18:07.799,1.54402,1.54434,1.00,1.00
2016.08.26 17:18:08.235,1.54404,1.54435,1.00,1.00
2016.08.26 17:18:08.632,1.54411,1.54441,1.00,1.00
2016.08.26 17:18:08.889,1.54413,1.54441,1.00,1.00
2016.08.26 17:18:08.996,1.54413,1.54444,1.00,1.00
2016.08.26 17:18:09.581,1.54414,1.54444,1.00,1.00
2016.08.26 17:18:10.690,1.54414,1.54441,1.00,1.00
2016.08.26 17:18:10.791,1.54413,1.54443,1.50,1.00
2016.08.26 17:18:10.842,1.54413,1.54443,1.00,1.00
2016.08.26 17:18:10.893,1.54408,1.54439,1.00,1.00
2016.08.26 17:18:11.052,1.54408,1.54439,1.00,1.00
2016.08.26 17:18:11.103,1.54405,1.54435,1.00,1.00
2016.08.26 17:18:11.154,1.54405,1.54435,1.00,1.00
2016.08.26 17:18:11.204,1.54398,1.54435,1.00,1.00
2016.08.26 17:18:11.277,1.54398,1.54435,1.00,1.00
2016.08.26 17:18:12.234,1.54401,1.54431,1.00,1.00
2016.08.26 17:18:12.890,1.544,1.5443,1.00,1.00
2016.08.26 17:18:15.194,1.54388,1.54418,1.75,1.00
2016.08.26 17:18:15.245,1.54388,1.54418,1.75,1.00
2016.08.26 17:18:15.296,1.54384,1.54411,1.75,1.00
2016.08.26 17:18:15.346,1.54384,1.54411,1.37,1.00
2016.08.26 17:18:15.397,1.54384,1.54418,1.00,1.00
2016.08.26 17:18:15.447,1.54383,1.54418,1.00,1.00
2016.08.26 17:18:15.498,1.54383,1.54426,1.00,1.95
2016.08.26 17:18:15.768,1.54374,1.54426,1.60,1.95
2016.08.26 17:18:15.926,1.54374,1.54426,1.00,1.95
2016.08.26 17:18:16.373,1.54374,1.54427,1.20,1.75
2016.08.26 17:18:16.574,1.54374,1.54427,1.95,1.00
2016.08.26 17:18:16.697,1.54383,1.5442,1.00,1.00
2016.08.26 17:18:16.873,1.54383,1.5442,1.00,1.00
2016.08.26 17:18:17.224,1.54387,1.54417,1.00,1.00
2016.08.26 17:18:17.396,1.5438,1.54419,1.37,1.00
2016.08.26 17:18:17.447,1.5438,1.54419,1.00,1.00
2016.08.26 17:18:17.498,1.54376,1.54415,1.00,1.00
2016.08.26 17:18:17.683,1.54376,1.54415,1.00,1.50
2016.08.26 17:18:17.735,1.54368,1.54407,1.57,1.00
2016.08.26 17:18:17.786,1.54368,1.54407,1.00,1.00
2016.08.26 17:18:17.837,1.54364,1.54403,1.00,1.00
2016.08.26 17:18:17.888,1.54364,1.54403,1.50,1.00
2016.08.26 17:18:19.136,1.54365,1.54404,1.00,1.00
2016.08.26 17:18:19.252,1.54365,1.54404,1.00,1.00
2016.08.26 17:18:19.554,1.54364,1.54401,1.00,1.00
2016.08.26 17:18:20.632,1.54368,1.54405,1.00,1.00
2016.08.26 17:18:20.701,1.54364,1.54403,1.00,1.00
2016.08.26 17:18:21.835,1.54366,1.54398,1.00,1.00
2016.08.26 17:18:21.886,1.54366,1.54398,1.00,1.00
2016.08.26 17:18:21.937,1.54363,1.54391,1.00,1.00
2016.08.26 17:18:21.987,1.54363,1.54391,1.00,1.00
2016.08.26 17:18:22.038,1.54363,1.54389,1.00,1.00
2016.08.26 17:18:22.190,1.54354,1.5439,1.00,1.00
2016.08.26 17:18:22.397,1.54364,1.54405,1.00,1.75
2016.08.26 17:18:22.448,1.54364,1.54405,1.00,1.50
2016.08.26 17:18:22.960,1.54364,1.54406,1.00,1.50
2016.08.26 17:18:23.111,1.54363,1.54406,1.60,1.50
2016.08.26 17:18:23.162,1.54363,1.54406,1.00,1.50
2016.08.26 17:18:23.564,1.54365,1.54402,1.00,1.00
2016.08.26 17:18:26.308,1.54365,1.54404,1.00,1.00
2016.08.26 17:18:26.510,1.54364,1.54401,1.00,1.00
2016.08.26 17:18:26.561,1.54364,1.54401,1.00,1.00
2016.08.26 17:18:26.612,1.54366,1.54403,1.00,1.00
2016.08.26 17:18:26.713,1.54368,1.54405,1.00,1.12
2016.08.26 17:18:26.763,1.54374,1.54405,1.00,1.12
2016.08.26 17:18:27.144,1.54374,1.54409,1.00,1.00
2016.08.26 17:18:27.245,1.54374,1.54412,1.00,1.50
2016.08.26 17:18:27.296,1.54374,1.54412,1.00,1.00
2016.08.26 17:18:27.347,1.54373,1.54412,1.50,1.00
2016.08.26 17:18:27.652,1.54377,1.54414,1.00,1.00
2016.08.26 17:18:28.155,1.54376,1.54417,1.00,1.00
2016.08.26 17:18:28.855,1.54377,1.54414,1.00,1.00
2016.08.26 17:18:29.456,1.54377,1.54416,1.00,1.00
2016.08.26 17:18:29.514,1.54373,1.54411,1.00,1.00
2016.08.26 17:18:29.658,1.5437,1.54408,1.00,1.00
2016.08.26 17:18:29.712,1.54369,1.54408,1.00,1.00
2016.08.26 17:18:29.776,1.54373,1.54406,1.00,1.00
2016.08.26 17:18:30.238,1.54366,1.54403,1.00,1.00
2016.08.26 17:18:31.525,1.54374,1.54403,1.00,1.00
2016.08.26 17:18:31.817,1.54374,1.54401,1.00,1.00
2016.08.26 17:18:32.418,1.54374,1.54403,1.00,1.00
2016.08.26 17:18:33.079,1.54374,1.54403,1.00,1.00
2016.08.26 17:18:33.231,1.54374,1.54404,1.50,1.00
2016.08.26 17:18:35.128,1.54374,1.54404,1.00,1.00
2016.08.26 17:18:35.179,1.54374,1.54404,1.00,1.00
2016.08.26 17:18:36.824,1.54371,1.54404,1.00,1.00
2016.08.26 17:18:36.882,1.54371,1.54404,1.00,1.00
2016.08.26 17:18:36.933,1.54374,1.54401,1.00,1.00
2016.08.26 17:18:37.060,1.54365,1.54399,1.00,1.00
2016.08.26 17:18:37.131,1.54365,1.54399,1.00,1.00
2016.08.26 17:18:37.525,1.54368,1.544,1.00,1.00
2016.08.26 17:18:38.626,1.54372,1.54403,1.00,1.00
2016.08.26 17:18:38.677,1.54373,1.54403,1.00,1.00
2016.08.26 17:18:38.806,1.54373,1.54403,1.00,1.00
2016.08.26 17:18:38.856,1.5438,1.5441,1.00,1.00
2016.08.26 17:18:38.907,1.5438,1.5441,1.00,1.00
2016.08.26 17:18:40.057,1.54383,1.54413,1.00,1.00
2016.08.26 17:18:40.598,1.54382,1.54412,1.00,1.00
2016.08.26 17:18:40.750,1.54378,1.5441,1.00,1.00
2016.08.26 17:18:41.063,1.54373,1.54402,1.00,1.00
2016.08.26 17:18:41.214,1.54373,1.54402,1.00,1.00
2016.08.26 17:18:41.265,1.54373,1.544,1.00,1.00
2016.08.26 17:18:41.467,1.54364,1.54398,1.50,1.00
2016.08.26 17:18:41.571,1.54364,1.54399,1.00,1.00
2016.08.26 17:18:44.473,1.54365,1.54397,1.00,1.00
2016.08.26 17:18:44.524,1.54365,1.54397,1.00,1.00
2016.08.26 17:18:44.641,1.54365,1.54397,1.00,1.00
2016.08.26 17:18:44.742,1.54365,1.54397,1.00,1.00
2016.08.26 17:18:45.050,1.54363,1.54397,1.00,1.00
2016.08.26 17:18:45.152,1.54363,1.54395,1.50,1.00
2016.08.26 17:18:45.537,1.54363,1.54393,1.00,1.00
2016.08.26 17:18:45.964,1.54363,1.54391,1.00,1.00
2016.08.26 17:18:46.465,1.54364,1.54391,1.00,1.00
2016.08.26 17:18:47.741,1.54364,1.54392,1.00,1.00
2016.08.26 17:18:50.765,1.5436,1.54392,1.00,1.00
2016.08.26 17:18:51.408,1.54361,1.54393,1.00,1.00
2016.08.26 17:18:51.780,1.54364,1.54393,1.00,1.00
2016.08.26 17:18:52.091,1.54364,1.54391,1.00,1.00
2016.08.26 17:18:52.747,1.54364,1.54389,1.00,1.00
2016.08.26 17:18:56.552,1.54364,1.5439,1.00,1.00
2016.08.26 17:18:56.703,1.54357,1.54387,1.00,1.00
2016.08.26 17:18:56.754,1.54357,1.54389,1.00,1.00
2016.08.26 17:18:56.855,1.54353,1.54383,1.00,1.00
2016.08.26 17:18:57.178,1.54348,1.54378,1.00,1.00
2016.08.26 17:18:57.279,1.54341,1.54387,1.72,1.00
2016.08.26 17:18:57.329,1.54341,1.54387,1.12,1.00
2016.08.26 17:18:57.380,1.54344,1.54387,1.00,1.00
2016.08.26 17:18:57.767,1.54353,1.54387,1.00,1.00
2016.08.26 17:18:58.154,1.54353,1.54383,1.50,1.00
2016.08.26 17:18:58.858,1.54354,1.54383,1.00,1.00
2016.08.26 17:18:59.102,1.54355,1.54386,1.00,1.00
2016.08.26 17:19:00.161,1.54356,1.54389,1.00,1.00
2016.08.26 17:19:01.359,1.54359,1.54392,1.00,1.00
2016.08.26 17:19:01.460,1.54358,1.5439,1.00,1.00
2016.08.26 17:19:02.089,1.54359,1.54391,1.00,1.00
2016.08.26 17:19:03.909,1.54363,1.54391,1.00,1.00
2016.08.26 17:19:06.085,1.54363,1.54393,1.50,1.00
2016.08.26 17:19:06.186,1.54364,1.54393,1.00,1.00
2016.08.26 17:19:06.467,1.54363,1.54393,1.50,1.00
2016.08.26 17:19:07.067,1.54364,1.54394,1.00,1.00
2016.08.26 17:19:08.793,1.54364,1.54394,1.00,1.00
2016.08.26 17:19:09.675,1.54362,1.54397,1.00,1.00
2016.08.26 17:19:09.776,1.54364,1.544,1.00,1.50
2016.08.26 17:19:09.877,1.54354,1.54392,1.00,1.00
2016.08.26 17:19:10.000,1.54353,1.54392,1.00,1.37
2016.08.26 17:19:10.051,1.54353,1.54392,1.00,1.75
2016.08.26 17:19:10.152,1.54344,1.54392,1.00,1.75
2016.08.26 17:19:10.278,1.54344,1.54392,1.00,1.75
2016.08.26 17:19:10.781,1.54344,1.54392,1.50,1.75
2016.08.26 17:19:10.997,1.54355,1.54385,1.00,1.00
2016.08.26 17:19:12.023,1.54357,1.54387,1.00,1.00
2016.08.26 17:19:13.187,1.54354,1.54383,1.00,1.00
2016.08.26 17:19:13.336,1.54353,1.54383,1.00,1.00
2016.08.26 17:19:13.960,1.54353,1.54383,1.00,1.00
2016.08.26 17:19:14.011,1.5435,1.54382,1.00,1.00
2016.08.26 17:19:15.193,1.54353,1.54382,1.00,1.00
2016.08.26 17:19:15.297,1.54354,1.54384,1.00,1.00
2016.08.26 17:19:15.399,1.54354,1.54384,1.00,1.00
2016.08.26 17:19:17.044,1.54353,1.54383,1.00,1.00
2016.08.26 17:19:17.903,1.54356,1.54386,1.00,1.00
2016.08.26 17:19:20.824,1.54354,1.54386,1.00,1.00
2016.08.26 17:19:22.473,1.54354,1.54386,1.00,1.00
2016.08.26 17:19:25.392,1.54354,1.54386,1.50,1.00
2016.08.26 17:19:28.238,1.54354,1.54386,1.00,1.00
2016.08.26 17:19:30.428,1.54354,1.54384,1.50,1.00
2016.08.26 17:19:30.633,1.54354,1.54382,1.00,1.00
2016.08.26 17:19:30.735,1.54353,1.5438,1.00,1.00
2016.08.26 17:19:30.836,1.54348,1.5438,1.00,1.00
2016.08.26 17:19:31.023,1.5435,1.54382,1.00,1.00
2016.08.26 17:19:31.126,1.54354,1.5438,1.00,1.00
2016.08.26 17:19:31.227,1.54354,1.54384,1.50,1.00
2016.08.26 17:19:31.542,1.54354,1.54384,1.00,1.00
2016.08.26 17:19:31.864,1.54353,1.54382,1.00,1.00
2016.08.26 17:19:31.915,1.54354,1.54386,1.00,1.12
2016.08.26 17:19:32.035,1.54356,1.54386,1.00,1.12
2016.08.26 17:19:32.179,1.54356,1.54386,1.00,1.00
2016.08.26 17:19:32.956,1.54356,1.54388,1.00,1.00
2016.08.26 17:19:34.850,1.54353,1.54389,1.00,1.00
2016.08.26 17:19:34.951,1.54356,1.54386,1.00,1.00
2016.08.26 17:19:36.309,1.54354,1.54384,1.00,1.00
2016.08.26 17:19:37.426,1.54356,1.54386,1.00,1.00
2016.08.26 17:19:38.048,1.54353,1.54387,1.00,1.00
2016.08.26 17:19:38.454,1.54358,1.5439,1.00,1.00
2016.08.26 17:19:38.661,1.54358,1.54387,1.00,1.00
2016.08.26 17:19:38.864,1.54357,1.54389,1.00,1.00
2016.08.26 17:19:41.263,1.54355,1.54385,1.00,1.00
2016.08.26 17:19:44.965,1.54355,1.54387,1.00,1.00
2016.08.26 17:19:45.076,1.54345,1.54376,1.00,1.00
2016.08.26 17:19:45.228,1.54339,1.54372,1.00,1.00
2016.08.26 17:19:45.329,1.54341,1.54371,1.00,1.00
2016.08.26 17:19:45.531,1.54344,1.54376,1.00,1.00
2016.08.26 17:19:45.632,1.54344,1.54376,1.00,1.00
2016.08.26 17:19:46.176,1.54343,1.54375,1.00,1.00
2016.08.26 17:19:49.885,1.54345,1.54377,1.00,1.00
2016.08.26 17:19:50.275,1.54346,1.54379,1.00,1.12
2016.08.26 17:19:50.326,1.54346,1.54379,1.00,1.00
2016.08.26 17:19:50.377,1.54355,1.54387,1.00,1.75
2016.08.26 17:19:50.479,1.54357,1.5439,1.00,1.75
2016.08.26 17:19:50.530,1.54357,1.5439,1.00,1.37
2016.08.26 17:19:50.581,1.5436,1.5439,1.00,1.00
2016.08.26 17:19:52.030,1.54364,1.5439,1.00,1.00
2016.08.26 17:19:52.478,1.54359,1.54389,1.00,1.00
2016.08.26 17:19:55.215,1.54357,1.54389,1.00,1.00
2016.08.26 17:19:56.348,1.54357,1.54389,1.00,1.00
2016.08.26 17:19:57.701,1.54354,1.54384,1.00,1.00
2016.08.26 17:19:58.170,1.54353,1.54383,1.50,1.00
2016.08.26 17:19:58.338,1.54354,1.54383,1.00,1.00
2016.08.26 17:20:00.084,1.54353,1.54383,1.50,1.00
2016.08.26 17:20:00.286,1.54353,1.54382,1.00,1.00
2016.08.26 17:20:00.841,1.54354,1.54382,1.00,1.00
2016.08.26 17:20:01.508,1.54354,1.54384,1.50,1.00
2016.08.26 17:20:04.795,1.54354,1.54381,1.00,1.00
2016.08.26 17:20:04.896,1.54354,1.54379,1.00,1.00
2016.08.26 17:20:05.049,1.54347,1.54379,1.00,1.00
2016.08.26 17:20:05.393,1.54354,1.54381,1.00,1.00
2016.08.26 17:20:05.596,1.54354,1.54384,1.00,1.00
2016.08.26 17:20:05.647,1.54354,1.54384,1.50,1.00
2016.08.26 17:20:06.195,1.54354,1.54382,1.00,1.00
2016.08.26 17:20:06.553,1.54353,1.54383,1.50,1.00
2016.08.26 17:20:06.603,1.54353,1.54384,1.00,1.00
2016.08.26 17:20:06.705,1.54362,1.54392,1.00,1.12
2016.08.26 17:20:06.755,1.54364,1.54392,1.00,1.12
2016.08.26 17:20:06.806,1.54364,1.544,1.00,1.75
2016.08.26 17:20:07.062,1.54373,1.544,1.00,1.75
2016.08.26 17:20:07.163,1.54374,1.544,1.00,1.37
2016.08.26 17:20:07.213,1.54374,1.544,1.00,1.00
2016.08.26 17:20:07.752,1.54373,1.544,1.00,1.00
2016.08.26 17:20:08.352,1.54374,1.544,1.00,1.00
2016.08.26 17:20:09.195,1.54374,1.54399,1.00,1.00
2016.08.26 17:20:10.118,1.54373,1.54399,1.00,1.00
2016.08.26 17:20:10.219,1.54373,1.54401,1.00,1.00
2016.08.26 17:20:10.479,1.54379,1.54409,1.00,1.00
2016.08.26 17:20:10.580,1.54377,1.54408,1.00,1.00
2016.08.26 17:20:10.631,1.54383,1.54408,1.00,1.00
2016.08.26 17:20:10.732,1.54377,1.54408,1.00,1.00
2016.08.26 17:20:10.783,1.54379,1.54411,1.00,1.00
2016.08.26 17:20:12.006,1.54381,1.54411,1.00,1.00
2016.08.26 17:20:12.683,1.54382,1.54412,1.00,1.00
2016.08.26 17:20:15.824,1.5438,1.5441,1.00,1.00
2016.08.26 17:20:19.040,1.54375,1.54406,1.00,1.00
2016.08.26 17:20:19.343,1.54374,1.54403,1.00,1.00
2016.08.26 17:20:19.444,1.54376,1.54406,1.00,1.00
2016.08.26 17:20:20.010,1.54374,1.54404,1.00,1.00
2016.08.26 17:20:20.161,1.54366,1.54398,1.00,1.00
2016.08.26 17:20:20.212,1.54366,1.54398,1.00,1.00
2016.08.26 17:20:20.313,1.54364,1.54392,1.00,1.00
2016.08.26 17:20:22.442,1.54364,1.54393,1.00,1.00
2016.08.26 17:20:23.496,1.54364,1.54393,1.00,1.00
2016.08.26 17:20:23.547,1.54358,1.54388,1.00,1.00
2016.08.26 17:20:23.649,1.54355,1.54387,1.00,1.00
2016.08.26 17:20:23.750,1.54354,1.54384,1.00,1.00
2016.08.26 17:20:24.166,1.54354,1.54384,1.00,1.00
2016.08.26 17:20:24.518,1.54355,1.54387,1.00,1.00
2016.08.26 17:20:26.004,1.54359,1.54389,1.00,1.00
2016.08.26 17:20:26.206,1.54365,1.54397,1.00,1.37
2016.08.26 17:20:26.257,1.54374,1.54397,1.00,1.00
2016.08.26 17:20:26.400,1.54374,1.54401,1.00,1.37
2016.08.26 17:20:26.456,1.54374,1.54403,1.00,1.75
2016.08.26 17:20:26.528,1.54374,1.54404,1.00,1.00
2016.08.26 17:20:27.058,1.54373,1.54404,1.00,1.00
2016.08.26 17:20:27.420,1.54373,1.54402,1.00,1.00
2016.08.26 17:20:27.723,1.54379,1.54409,1.00,1.00
2016.08.26 17:20:28.113,1.54376,1.54408,1.00,1.00
2016.08.26 17:20:28.444,1.54375,1.54405,1.00,1.00
2016.08.26 17:20:28.507,1.54376,1.54407,1.00,1.00
2016.08.26 17:20:28.608,1.54374,1.54406,1.50,1.00
2016.08.26 17:20:29.008,1.54375,1.54407,1.00,1.00
2016.08.26 17:20:30.721,1.54377,1.54409,1.00,1.00
2016.08.26 17:20:33.627,1.54377,1.54408,1.00,1.00
2016.08.26 17:20:37.139,1.54374,1.54402,1.00,1.00
2016.08.26 17:20:37.240,1.54373,1.544,1.00,1.00
2016.08.26 17:20:37.395,1.54377,1.54407,1.00,1.50
2016.08.26 17:20:37.446,1.54378,1.54408,1.00,1.37
2016.08.26 17:20:37.496,1.54378,1.54408,1.00,1.00
2016.08.26 17:20:37.649,1.54379,1.54411,1.00,1.00
2016.08.26 17:20:38.144,1.54376,1.54408,1.00,1.00
2016.08.26 17:20:38.755,1.54374,1.54404,1.00,1.00
2016.08.26 17:20:39.055,1.54374,1.54404,1.00,1.00
2016.08.26 17:20:41.626,1.54376,1.54408,1.00,1.00
2016.08.26 17:20:42.251,1.54377,1.54407,1.00,1.00
2016.08.26 17:20:42.352,1.54374,1.54408,1.00,1.00
2016.08.26 17:20:42.506,1.54371,1.54403,1.00,1.00
2016.08.26 17:20:42.809,1.54374,1.54401,1.00,1.00
2016.08.26 17:20:42.860,1.54369,1.54401,1.00,1.00
2016.08.26 17:20:43.168,1.54369,1.54399,1.00,1.00
2016.08.26 17:20:44.463,1.54366,1.54398,1.00,1.00
2016.08.26 17:20:48.780,1.5436,1.54392,1.00,1.00
2016.08.26 17:20:49.122,1.54357,1.54387,1.00,1.00
2016.08.26 17:20:49.173,1.54357,1.54389,1.00,1.00
2016.08.26 17:20:49.274,1.54355,1.54387,1.00,1.00
2016.08.26 17:20:49.375,1.54358,1.54388,1.00,1.00
2016.08.26 17:20:49.842,1.5436,1.5439,1.00,1.00
2016.08.26 17:20:50.942,1.54358,1.54388,1.00,1.00
2016.08.26 17:20:51.199,1.54358,1.5439,1.00,1.00
2016.08.26 17:20:51.544,1.54361,1.54393,1.00,1.00
2016.08.26 17:20:52.448,1.5436,1.54392,1.00,1.00
2016.08.26 17:20:52.993,1.54359,1.54391,1.00,1.00
2016.08.26 17:20:53.494,1.54359,1.54389,1.00,1.00
2016.08.26 17:20:53.547,1.54357,1.54389,1.00,1.00
2016.08.26 17:20:57.152,1.54356,1.54386,1.00,1.00
2016.08.26 17:20:57.303,1.54355,1.54385,1.00,1.00
2016.08.26 17:20:57.611,1.54363,1.54385,1.00,1.00
2016.08.26 17:20:57.662,1.54365,1.54395,1.00,1.00
2016.08.26 17:20:57.763,1.54374,1.54397,1.00,1.00
2016.08.26 17:20:57.961,1.54374,1.54406,1.00,1.00
2016.08.26 17:20:58.292,1.54375,1.54407,1.00,1.00
2016.08.26 17:20:59.481,1.54373,1.54403,1.00,1.00
2016.08.26 17:20:59.582,1.5437,1.54402,1.00,1.00
2016.08.26 17:20:59.988,1.5437,1.54402,1.00,1.00
2016.08.26 17:21:00.462,1.54371,1.54403,1.00,1.00
2016.08.26 17:21:00.964,1.5437,1.54402,1.00,1.00
2016.08.26 17:21:01.875,1.5437,1.54402,1.00,1.00
2016.08.26 17:21:02.788,1.5437,1.544,1.00,1.00
2016.08.26 17:21:03.272,1.5437,1.544,1.00,1.00
2016.08.26 17:21:03.365,1.54367,1.54399,1.00,1.00
2016.08.26 17:21:03.988,1.54373,1.54399,1.00,1.00
2016.08.26 17:21:04.776,1.54373,1.54397,1.00,1.00
2016.08.26 17:21:04.827,1.54367,1.54397,1.00,1.00
2016.08.26 17:21:04.928,1.54369,1.54401,1.00,1.00
2016.08.26 17:21:05.569,1.54368,1.54398,1.00,1.00
2016.08.26 17:21:06.971,1.54366,1.54398,1.00,1.00
2016.08.26 17:21:09.924,1.54364,1.54389,1.00,1.00
2016.08.26 17:21:10.227,1.54364,1.54387,1.00,1.00
2016.08.26 17:21:10.277,1.54364,1.54389,1.00,1.00
2016.08.26 17:21:10.488,1.54364,1.54387,1.00,1.00
2016.08.26 17:21:10.539,1.54357,1.54387,1.00,1.00
2016.08.26 17:21:10.920,1.54361,1.54391,1.00,1.00
2016.08.26 17:21:11.022,1.5436,1.5439,1.00,1.00
2016.08.26 17:21:11.598,1.54364,1.5439,1.00,1.00
2016.08.26 17:21:12.125,1.54364,1.54389,1.00,1.00
2016.08.26 17:21:13.027,1.54364,1.54391,1.00,1.00
2016.08.26 17:21:13.129,1.54358,1.5439,1.00,1.00
2016.08.26 17:21:13.230,1.54356,1.54385,1.00,1.00
2016.08.26 17:21:13.331,1.54358,1.54388,1.00,1.00
2016.08.26 17:21:13.796,1.54356,1.54387,1.00,1.00
2016.08.26 17:21:13.897,1.54358,1.54389,1.00,1.00
2016.08.26 17:21:13.998,1.54362,1.54392,1.00,1.00
2016.08.26 17:21:14.437,1.54361,1.54391,1.00,1.00
2016.08.26 17:21:14.511,1.54358,1.5439,1.00,1.00
2016.08.26 17:21:15.035,1.54364,1.54395,1.00,1.00
2016.08.26 17:21:15.137,1.54363,1.54395,1.00,1.00
2016.08.26 17:21:15.339,1.54362,1.54395,1.00,1.00
2016.08.26 17:21:15.995,1.54361,1.54393,1.00,1.00
2016.08.26 17:21:16.807,1.54365,1.54396,1.00,1.00
2016.08.26 17:21:17.560,1.54365,1.54395,1.00,1.00
2016.08.26 17:21:20.508,1.54365,1.54395,1.00,1.00
2016.08.26 17:21:20.620,1.5436,1.54392,1.00,1.00
2016.08.26 17:21:20.721,1.54356,1.54386,1.75,1.00
2016.08.26 17:21:20.822,1.54356,1.54386,1.37,1.00
2016.08.26 17:21:20.923,1.54356,1.54386,1.00,1.00
2016.08.26 17:21:21.523,1.54358,1.54388,1.00,1.00
2016.08.26 17:21:21.626,1.54358,1.54388,1.00,1.00
2016.08.26 17:21:21.727,1.54364,1.54394,1.00,1.00
2016.08.26 17:21:21.930,1.54364,1.54394,1.50,1.00
2016.08.26 17:21:22.951,1.54364,1.54394,1.00,1.00
2016.08.26 17:21:23.224,1.54364,1.54394,1.00,1.00
2016.08.26 17:21:23.275,1.54366,1.54399,1.00,1.00
2016.08.26 17:21:23.427,1.54373,1.54402,1.00,1.00
2016.08.26 17:21:23.931,1.54374,1.54401,1.00,1.00
2016.08.26 17:21:24.530,1.54369,1.54401,1.00,1.00
2016.08.26 17:21:25.058,1.54366,1.54398,1.00,1.00
2016.08.26 17:21:26.847,1.54364,1.54395,1.00,1.00
2016.08.26 17:21:27.164,1.54359,1.54389,1.00,1.00
2016.08.26 17:21:27.734,1.5436,1.5439,1.00,1.00
2016.08.26 17:21:31.764,1.54364,1.5439,1.00,1.00
2016.08.26 17:21:32.868,1.54364,1.54394,1.50,1.00
2016.08.26 17:21:32.969,1.54364,1.54395,1.00,1.00
2016.08.26 17:21:33.070,1.54363,1.54397,1.00,1.00
2016.08.26 17:21:33.171,1.54367,1.54397,1.00,1.00
2016.08.26 17:21:33.438,1.54368,1.54398,1.00,1.00
2016.08.26 17:21:33.580,1.5437,1.54402,1.00,1.00
2016.08.26 17:21:33.682,1.54374,1.54404,1.00,1.00
2016.08.26 17:21:33.834,1.54374,1.54404,1.50,1.00
2016.08.26 17:21:34.253,1.5437,1.54402,1.00,1.00
2016.08.26 17:21:35.584,1.54372,1.54404,1.00,1.00
2016.08.26 17:21:35.634,1.54373,1.54404,1.00,1.00
2016.08.26 17:21:36.178,1.54374,1.54404,1.00,1.00
2016.08.26 17:21:39.098,1.54369,1.54399,1.00,1.00
2016.08.26 17:21:39.149,1.54369,1.54399,1.00,1.00
2016.08.26 17:21:39.199,1.54365,1.54395,1.00,1.00
2016.08.26 17:21:40.595,1.54371,1.54401,1.00,1.00
2016.08.26 17:21:40.696,1.54366,1.544,1.00,1.00
2016.08.26 17:21:40.898,1.54363,1.54399,1.50,1.00
2016.08.26 17:21:40.948,1.54364,1.54399,1.00,1.00
2016.08.26 17:21:41.237,1.54363,1.54399,1.50,1.00
2016.08.26 17:21:47.822,1.54363,1.54399,2.10,1.00
2016.08.26 17:21:47.872,1.54363,1.54399,1.60,1.00
2016.08.26 17:21:47.983,1.54373,1.54403,1.00,1.00
2016.08.26 17:21:48.132,1.54373,1.54403,1.35,1.00
2016.08.26 17:21:48.210,1.54373,1.54404,2.10,1.00
2016.08.26 17:21:48.261,1.54374,1.54404,1.00,1.00
2016.08.26 17:21:50.669,1.54374,1.54405,1.00,1.00
2016.08.26 17:21:52.412,1.54374,1.54401,1.00,1.00
2016.08.26 17:21:52.463,1.54369,1.54401,1.00,1.00
2016.08.26 17:21:52.514,1.54372,1.54402,1.00,1.00
2016.08.26 17:21:52.564,1.54372,1.54402,1.00,1.00
2016.08.26 17:21:52.716,1.54366,1.54397,1.00,1.00
2016.08.26 17:21:53.258,1.54372,1.54405,1.00,1.50
2016.08.26 17:21:53.308,1.54375,1.54405,1.00,1.50
2016.08.26 17:21:53.359,1.54384,1.54405,1.00,1.12
2016.08.26 17:21:53.409,1.54384,1.5441,1.00,1.00
2016.08.26 17:21:54.165,1.54383,1.54409,1.00,1.00
2016.08.26 17:21:55.017,1.54383,1.5441,1.00,1.00
2016.08.26 17:21:55.634,1.54384,1.5441,1.00,1.00
2016.08.26 17:21:56.413,1.54383,1.54411,1.00,1.00
2016.08.26 17:21:56.912,1.5439,1.5442,1.00,1.00
2016.08.26 17:21:57.013,1.54393,1.54423,1.00,1.00
2016.08.26 17:21:57.164,1.54393,1.54423,1.50,1.00
2016.08.26 17:21:57.468,1.54393,1.54423,1.00,1.00
2016.08.26 17:21:57.703,1.54383,1.54416,1.00,1.00
2016.08.26 17:21:57.805,1.54383,1.5441,1.00,1.00
2016.08.26 17:21:58.490,1.54383,1.54407,1.00,1.00
2016.08.26 17:21:59.858,1.54377,1.54407,1.00,1.00
2016.08.26 17:22:00.622,1.54377,1.54407,1.00,1.00
2016.08.26 17:22:00.723,1.54375,1.54405,1.00,1.00
2016.08.26 17:22:01.074,1.54375,1.54405,1.00,1.00
2016.08.26 17:22:03.230,1.54375,1.54405,1.00,1.00
2016.08.26 17:22:03.382,1.54375,1.54405,1.00,1.00
2016.08.26 17:22:03.933,1.54373,1.54403,1.00,1.00
2016.08.26 17:22:04.236,1.5437,1.544,1.00,1.00
2016.08.26 17:22:04.722,1.54372,1.54403,1.00,1.00
2016.08.26 17:22:05.746,1.54374,1.54404,1.00,1.00
2016.08.26 17:22:05.898,1.54375,1.54405,1.00,1.00
2016.08.26 17:22:06.166,1.54375,1.54405,1.00,1.00
2016.08.26 17:22:06.412,1.54373,1.54403,1.00,1.00
2016.08.26 17:22:06.631,1.54375,1.54405,1.00,1.00
2016.08.26 17:22:06.733,1.54379,1.54411,1.00,1.00
2016.08.26 17:22:06.836,1.54382,1.54412,1.00,1.00
2016.08.26 17:22:06.888,1.54384,1.54412,1.00,1.00
2016.08.26 17:22:06.939,1.54384,1.54414,1.00,1.00
2016.08.26 17:22:07.259,1.54384,1.54408,1.00,1.00
2016.08.26 17:22:07.310,1.54376,1.54408,1.00,1.00
2016.08.26 17:22:07.410,1.54384,1.54408,1.00,1.00
2016.08.26 17:22:09.310,1.54384,1.54411,1.00,1.00
2016.08.26 17:22:09.557,1.5439,1.54421,1.00,1.50
2016.08.26 17:22:09.659,1.5439,1.5442,1.00,1.12
2016.08.26 17:22:09.710,1.5439,1.5442,1.00,1.00
2016.08.26 17:22:11.124,1.54384,1.54408,1.00,1.00
2016.08.26 17:22:11.225,1.54383,1.54403,1.00,1.00
2016.08.26 17:22:11.275,1.54373,1.54403,1.50,1.00
2016.08.26 17:22:11.326,1.54373,1.54399,1.00,1.00
2016.08.26 17:22:11.377,1.54369,1.54399,1.12,1.00
2016.08.26 17:22:11.517,1.54369,1.54399,1.00,1.00
2016.08.26 17:22:11.861,1.54367,1.54397,1.00,1.00
2016.08.26 17:22:13.214,1.5437,1.544,1.00,1.00
2016.08.26 17:22:15.580,1.54374,1.544,1.00,1.00
2016.08.26 17:22:16.500,1.5437,1.544,1.00,1.00
2016.08.26 17:22:16.732,1.5437,1.544,1.00,1.00
2016.08.26 17:22:18.522,1.54367,1.54399,1.00,1.00
2016.08.26 17:22:22.841,1.54368,1.544,1.00,1.00
2016.08.26 17:22:23.574,1.54367,1.54399,1.00,1.00
2016.08.26 17:22:25.558,1.5437,1.544,1.00,1.00
2016.08.26 17:22:26.620,1.5437,1.544,1.00,1.00
2016.08.26 17:22:27.353,1.5437,1.544,1.00,1.00
2016.08.26 17:22:27.944,1.54374,1.54406,1.00,1.00
2016.08.26 17:22:27.994,1.54384,1.54406,1.00,1.00
2016.08.26 17:22:28.146,1.54384,1.54411,1.00,1.12
2016.08.26 17:22:28.197,1.54383,1.54411,1.00,1.00
2016.08.26 17:22:28.248,1.54387,1.54417,1.00,1.00
2016.08.26 17:22:28.349,1.54387,1.5442,1.00,1.00
2016.08.26 17:22:28.548,1.5439,1.54423,1.00,1.00
2016.08.26 17:22:28.751,1.5439,1.54421,1.00,1.00
2016.08.26 17:22:28.958,1.54386,1.54418,1.00,1.00
2016.08.26 17:22:29.961,1.54386,1.54418,1.00,1.00
2016.08.26 17:22:30.432,1.54386,1.54418,1.00,1.00
2016.08.26 17:22:30.913,1.54385,1.54415,1.00,1.00
2016.08.26 17:22:32.178,1.54386,1.54416,1.00,1.00
2016.08.26 17:22:32.369,1.54386,1.54416,1.00,1.00
2016.08.26 17:22:32.572,1.54386,1.54416,1.00,1.00
2016.08.26 17:22:35.780,1.54385,1.54415,1.00,1.00
2016.08.26 17:22:39.290,1.54384,1.54414,1.00,1.00
2016.08.26 17:22:40.594,1.54384,1.54416,1.50,1.00
2016.08.26 17:22:40.645,1.54384,1.54416,1.00,1.00
2016.08.26 17:22:40.816,1.54383,1.54415,1.50,1.00
2016.08.26 17:22:40.867,1.54383,1.54415,1.00,1.00
2016.08.26 17:22:41.120,1.54383,1.54415,1.50,1.00
2016.08.26 17:22:42.670,1.54385,1.54415,1.00,1.00
2016.08.26 17:22:42.884,1.54383,1.54415,1.00,1.00
2016.08.26 17:22:42.985,1.54384,1.5441,1.00,1.00
2016.08.26 17:22:43.035,1.54379,1.5441,1.50,1.00
2016.08.26 17:22:43.086,1.54372,1.54402,1.37,1.00
2016.08.26 17:22:43.136,1.54372,1.54402,1.00,1.00
2016.08.26 17:22:43.187,1.54369,1.54401,1.50,1.00
2016.08.26 17:22:43.389,1.54369,1.54401,1.12,1.00
2016.08.26 17:22:43.439,1.54369,1.54401,1.00,1.00
2016.08.26 17:22:44.888,1.5437,1.54401,1.00,1.00
2016.08.26 17:22:46.038,1.5437,1.54402,1.00,1.00
2016.08.26 17:22:46.565,1.54369,1.54401,1.00,1.00
2016.08.26 17:22:47.460,1.54369,1.54401,1.00,1.00
2016.08.26 17:22:48.070,1.54366,1.54398,1.00,1.00
2016.08.26 17:22:50.078,1.54366,1.54396,1.00,1.00
2016.08.26 17:22:52.465,1.54366,1.54396,1.00,1.00
2016.08.26 17:22:53.514,1.54362,1.54394,1.00,1.00
2016.08.26 17:22:53.716,1.5436,1.5439,1.00,1.00
2016.08.26 17:22:54.290,1.54361,1.54391,1.00,1.00
2016.08.26 17:22:57.575,1.54364,1.54391,1.00,1.00
2016.08.26 17:22:57.625,1.54364,1.54396,1.50,1.00
2016.08.26 17:22:58.017,1.54366,1.54398,1.00,1.00
2016.08.26 17:23:01.351,1.54367,1.54399,1.00,1.00
2016.08.26 17:23:01.605,1.54377,1.54408,1.00,1.75
2016.08.26 17:23:01.656,1.54377,1.54408,1.00,1.00
2016.08.26 17:23:01.958,1.5438,1.5441,1.00,1.00
2016.08.26 17:23:02.060,1.54384,1.5441,1.00,1.00
2016.08.26 17:23:02.355,1.5438,1.5441,1.00,1.00
2016.08.26 17:23:02.456,1.54384,1.54413,1.00,1.00
2016.08.26 17:23:02.528,1.54384,1.54414,1.50,1.00
2016.08.26 17:23:02.627,1.54386,1.54417,1.00,1.00
2016.08.26 17:23:03.446,1.54385,1.54417,1.00,1.00
2016.08.26 17:23:03.497,1.54384,1.54414,1.00,1.00
2016.08.26 17:23:03.548,1.54384,1.54414,1.00,1.00
2016.08.26 17:23:03.598,1.54381,1.54413,1.00,1.00
2016.08.26 17:23:03.750,1.54384,1.54413,1.00,1.00
2016.08.26 17:23:04.456,1.5438,1.5441,1.00,1.00
2016.08.26 17:23:08.710,1.54382,1.54414,1.00,1.00
2016.08.26 17:23:08.912,1.5438,1.5441,1.00,1.00
2016.08.26 17:23:09.013,1.5438,1.54412,1.00,1.00
2016.08.26 17:23:09.063,1.54384,1.54412,1.00,1.00
2016.08.26 17:23:09.164,1.54384,1.54414,1.00,1.00
2016.08.26 17:23:09.436,1.54384,1.54426,1.00,1.75
2016.08.26 17:23:09.537,1.54383,1.54426,1.00,1.95
2016.08.26 17:23:09.621,1.54377,1.54426,1.00,3.00
2016.08.26 17:23:09.672,1.54384,1.54426,1.00,2.25
2016.08.26 17:23:09.723,1.54384,1.54426,1.00,1.75
2016.08.26 17:23:09.774,1.54377,1.54426,1.00,2.25
2016.08.26 17:23:09.898,1.54377,1.54426,1.00,2.25
2016.08.26 17:23:09.951,1.54377,1.54426,1.00,1.75
2016.08.26 17:23:10.163,1.54377,1.54426,1.50,1.50
2016.08.26 17:23:10.214,1.54377,1.54426,1.50,1.50
2016.08.26 17:23:10.499,1.54377,1.54426,1.50,2.25
2016.08.26 17:23:10.753,1.54383,1.54415,1.00,1.00
2016.08.26 17:23:10.952,1.54383,1.54415,1.50,1.00
2016.08.26 17:23:11.003,1.54383,1.54415,1.50,1.00
2016.08.26 17:23:11.133,1.54389,1.54422,1.00,1.00
2016.08.26 17:23:11.456,1.54387,1.5442,1.00,1.00
2016.08.26 17:23:11.691,1.54385,1.54418,1.00,1.00
2016.08.26 17:23:12.211,1.54388,1.54419,1.00,1.00
2016.08.26 17:23:17.266,1.5439,1.54422,1.00,1.00
2016.08.26 17:23:17.367,1.54395,1.54427,1.00,1.00
2016.08.26 17:23:17.920,1.54394,1.54428,1.00,1.00
2016.08.26 17:23:19.633,1.54391,1.54422,1.00,1.00
2016.08.26 17:23:20.371,1.54389,1.5442,1.00,1.00
2016.08.26 17:23:20.918,1.54389,1.54419,1.00,1.00
2016.08.26 17:23:22.567,1.54391,1.54421,1.00,1.00
2016.08.26 17:23:23.332,1.54389,1.54419,1.00,1.00
2016.08.26 17:23:23.572,1.54389,1.54421,1.00,1.00
2016.08.26 17:23:24.737,1.54391,1.54421,1.00,1.00
2016.08.26 17:23:27.072,1.54391,1.54423,1.00,1.00
2016.08.26 17:23:31.495,1.54396,1.54428,1.00,1.00
2016.08.26 17:23:32.282,1.54393,1.54426,1.00,1.00
2016.08.26 17:23:35.571,1.54396,1.54428,1.00,1.00
2016.08.26 17:23:35.874,1.544,1.54432,1.00,1.00
2016.08.26 17:23:35.925,1.54403,1.54432,1.00,1.00
2016.08.26 17:23:38.488,1.54404,1.54432,1.00,1.00
2016.08.26 17:23:39.025,1.54404,1.54433,1.00,1.00
2016.08.26 17:23:39.204,1.54404,1.54434,1.50,1.00
2016.08.26 17:23:39.490,1.54404,1.54434,1.00,1.00
2016.08.26 17:23:39.601,1.54407,1.54437,1.00,1.00
2016.08.26 17:23:40.303,1.54407,1.54439,1.00,1.00
2016.08.26 17:23:41.203,1.54404,1.54435,1.00,1.00
2016.08.26 17:23:44.190,1.54403,1.54435,1.50,1.00
2016.08.26 17:23:44.306,1.54404,1.54431,1.00,1.00
2016.08.26 17:23:44.408,1.54399,1.54429,1.00,1.00
2016.08.26 17:23:44.509,1.54397,1.54431,1.00,1.00
2016.08.26 17:23:44.610,1.54397,1.54429,1.00,1.00
2016.08.26 17:23:44.915,1.54395,1.54427,1.00,1.00
2016.08.26 17:23:45.112,1.54395,1.54427,1.00,1.00
2016.08.26 17:23:45.314,1.54399,1.54429,1.00,1.00
2016.08.26 17:23:46.188,1.54397,1.54429,1.00,1.00
2016.08.26 17:23:48.700,1.54399,1.54429,1.00,1.00
2016.08.26 17:23:58.345,1.54397,1.54427,1.00,1.00
2016.08.26 17:23:58.408,1.54397,1.54427,1.00,1.00
2016.08.26 17:23:59.261,1.54398,1.54429,1.00,1.00
2016.08.26 17:23:59.363,1.54396,1.54427,1.00,1.00
2016.08.26 17:23:59.560,1.54398,1.54426,1.00,1.00
2016.08.26 17:24:00.263,1.54399,1.54426,1.00,1.00
2016.08.26 17:24:00.574,1.54401,1.54426,1.00,1.00
2016.08.26 17:24:00.624,1.54401,1.54431,1.00,1.00
2016.08.26 17:24:00.774,1.54402,1.54432,1.00,1.00
2016.08.26 17:24:01.452,1.54402,1.54426,1.00,1.00
2016.08.26 17:24:01.757,1.544,1.54426,1.00,1.00
2016.08.26 17:24:06.601,1.544,1.54426,1.00,1.00
2016.08.26 17:24:07.083,1.54398,1.54426,1.00,1.00
2016.08.26 17:24:07.719,1.54398,1.54427,1.00,1.00
2016.08.26 17:24:08.244,1.54398,1.54426,1.00,1.00
2016.08.26 17:24:08.345,1.54398,1.54428,1.00,1.00
2016.08.26 17:24:09.796,1.54399,1.54431,1.00,1.00
2016.08.26 17:24:09.864,1.54397,1.54429,1.00,1.00
2016.08.26 17:24:10.023,1.54397,1.54429,1.00,1.00
2016.08.26 17:24:10.074,1.54393,1.54427,1.00,1.00
2016.08.26 17:24:10.377,1.5439,1.54422,1.00,1.00
2016.08.26 17:24:10.427,1.5439,1.54422,1.00,1.00
2016.08.26 17:24:12.106,1.54385,1.54417,1.00,1.00
2016.08.26 17:24:12.429,1.54385,1.54417,1.00,1.50
2016.08.26 17:24:12.479,1.54384,1.54414,1.00,1.00
2016.08.26 17:24:12.902,1.54381,1.54411,1.00,1.00
2016.08.26 17:24:15.064,1.54383,1.54413,1.00,1.00
2016.08.26 17:24:15.178,1.54379,1.5441,1.00,1.00
2016.08.26 17:24:15.380,1.54383,1.54413,1.00,1.00
2016.08.26 17:24:15.696,1.54384,1.54415,1.00,1.00
2016.08.26 17:24:16.210,1.54379,1.54414,1.00,1.00
2016.08.26 17:24:16.412,1.5438,1.54411,1.00,1.00
2016.08.26 17:24:16.720,1.54379,1.54409,1.00,1.00
2016.08.26 17:24:19.798,1.54381,1.54412,1.00,1.00
2016.08.26 17:24:20.220,1.54378,1.54411,1.00,1.00
2016.08.26 17:24:20.525,1.54376,1.54407,1.00,1.00
2016.08.26 17:24:23.230,1.54377,1.54409,1.00,1.00
2016.08.26 17:24:23.281,1.54377,1.54409,1.00,1.00
2016.08.26 17:24:23.331,1.54377,1.54407,1.00,1.00
2016.08.26 17:24:23.382,1.54377,1.54407,1.00,1.00
2016.08.26 17:24:26.240,1.54377,1.54407,1.00,1.00
2016.08.26 17:24:26.291,1.54367,1.544,1.75,1.00
2016.08.26 17:24:26.392,1.54367,1.544,1.00,1.00
2016.08.26 17:24:28.392,1.54369,1.54399,1.00,1.00
2016.08.26 17:24:28.645,1.54369,1.54399,1.00,1.00
2016.08.26 17:24:29.817,1.54371,1.54402,1.00,1.00
2016.08.26 17:24:30.121,1.54374,1.54405,1.00,1.00
2016.08.26 17:24:30.172,1.54374,1.54405,1.00,1.00
2016.08.26 17:24:33.650,1.54371,1.54403,1.00,1.00
2016.08.26 17:24:33.751,1.54376,1.54408,1.00,1.00
2016.08.26 17:24:35.323,1.54376,1.54408,1.00,1.00
2016.08.26 17:24:39.421,1.54377,1.54409,1.00,1.00
2016.08.26 17:24:39.610,1.54377,1.54409,1.00,1.00
2016.08.26 17:24:40.147,1.54376,1.54408,1.00,1.00
2016.08.26 17:24:43.020,1.54375,1.54405,1.00,1.00
2016.08.26 17:24:43.070,1.54375,1.54405,1.00,1.00
2016.08.26 17:24:43.121,1.54372,1.54402,1.00,1.00
2016.08.26 17:24:43.222,1.54369,1.54401,1.00,1.00
2016.08.26 17:24:43.758,1.5437,1.54402,1.00,1.00
2016.08.26 17:24:45.333,1.54371,1.54402,1.00,1.00
2016.08.26 17:24:45.663,1.54373,1.54403,1.00,1.00
2016.08.26 17:24:45.764,1.54374,1.54404,1.00,1.00
2016.08.26 17:24:46.587,1.54377,1.54407,1.00,1.00
2016.08.26 17:24:47.371,1.54379,1.54411,1.00,1.00
2016.08.26 17:24:47.422,1.54379,1.54411,1.00,1.00
2016.08.26 17:24:47.730,1.54382,1.54412,1.00,1.00
2016.08.26 17:24:50.656,1.54378,1.54408,1.00,1.00
2016.08.26 17:24:50.707,1.54378,1.54408,1.00,1.00
2016.08.26 17:24:50.757,1.54376,1.54406,1.00,1.00
2016.08.26 17:24:50.923,1.54372,1.54404,1.00,1.00
2016.08.26 17:24:50.973,1.5437,1.544,1.00,1.00
2016.08.26 17:24:51.277,1.54367,1.54399,1.00,1.00
2016.08.26 17:24:51.378,1.54371,1.54405,1.00,1.00
2016.08.26 17:24:51.480,1.5438,1.5441,1.00,1.00
2016.08.26 17:24:51.590,1.54381,1.54411,1.00,1.00
2016.08.26 17:24:51.641,1.54384,1.54414,1.00,1.50
2016.08.26 17:24:51.788,1.54384,1.54414,1.00,1.00
2016.08.26 17:24:51.838,1.5438,1.54423,1.00,1.75
2016.08.26 17:24:52.192,1.54377,1.54423,1.00,1.75
2016.08.26 17:24:52.243,1.54377,1.54421,1.00,1.75
2016.08.26 17:24:52.495,1.54377,1.54416,1.00,1.00
2016.08.26 17:24:53.048,1.54378,1.54407,1.00,1.00
2016.08.26 17:24:53.685,1.54376,1.54408,1.00,1.00
2016.08.26 17:24:53.896,1.54376,1.54408,1.00,1.00
2016.08.26 17:24:54.319,1.54376,1.54408,1.00,1.00
2016.08.26 17:24:57.093,1.54376,1.54408,1.00,1.00
2016.08.26 17:24:59.295,1.54376,1.54408,1.00,1.00
2016.08.26 17:25:00.304,1.54376,1.54408,1.00,1.00
2016.08.26 17:25:00.355,1.5437,1.54402,1.00,1.00
2016.08.26 17:25:00.456,1.54369,1.54399,1.00,1.00
2016.08.26 17:25:04.769,1.54369,1.54401,1.00,1.00
2016.08.26 17:25:05.990,1.54376,1.54406,1.00,1.00
2016.08.26 17:25:06.091,1.54375,1.54405,1.00,1.00
2016.08.26 17:25:06.773,1.54376,1.54408,1.00,1.00
2016.08.26 17:25:06.874,1.54374,1.54404,1.00,1.00
2016.08.26 17:25:06.925,1.54374,1.54404,1.00,1.00
2016.08.26 17:25:06.976,1.5437,1.54402,1.00,1.00
2016.08.26 17:25:07.578,1.54374,1.54406,1.00,1.00
2016.08.26 17:25:07.629,1.54374,1.54406,1.00,1.00
2016.08.26 17:25:07.680,1.54375,1.54408,1.00,1.00
2016.08.26 17:25:07.900,1.54378,1.54408,1.00,1.00
2016.08.26 17:25:08.202,1.54375,1.54405,1.00,1.00
2016.08.26 17:25:08.404,1.54376,1.54408,1.00,1.00
2016.08.26 17:25:08.909,1.54377,1.54407,1.00,1.00
2016.08.26 17:25:09.073,1.54374,1.54404,1.00,1.00
2016.08.26 17:25:09.591,1.54375,1.54405,1.00,1.00
2016.08.26 17:25:10.410,1.54376,1.54406,1.00,1.00
2016.08.26 17:25:10.612,1.54379,1.54409,1.00,1.00
2016.08.26 17:25:10.663,1.54379,1.54409,1.00,1.00
2016.08.26 17:25:10.764,1.54382,1.54414,1.00,1.00
2016.08.26 17:25:14.014,1.54387,1.54417,1.00,1.00
2016.08.26 17:25:17.075,1.54383,1.54413,1.00,1.00
2016.08.26 17:25:17.177,1.54381,1.54413,1.00,1.00
2016.08.26 17:25:17.379,1.54384,1.54416,1.00,1.00
2016.08.26 17:25:17.430,1.54384,1.54416,1.00,1.00
2016.08.26 17:25:17.480,1.54384,1.54414,1.00,1.00
2016.08.26 17:25:17.905,1.54385,1.54415,1.00,1.00
2016.08.26 17:25:18.322,1.54383,1.54413,1.00,1.00
2016.08.26 17:25:18.524,1.54384,1.54414,1.00,1.00
2016.08.26 17:25:20.312,1.54381,1.54411,1.00,1.00
2016.08.26 17:25:20.413,1.54384,1.54415,1.00,1.00
2016.08.26 17:25:20.564,1.54384,1.54415,1.00,1.00
2016.08.26 17:25:20.615,1.54387,1.54417,1.00,1.00
2016.08.26 17:25:22.418,1.5439,1.5442,1.00,1.00
2016.08.26 17:25:23.937,1.5439,1.5442,1.00,1.00
2016.08.26 17:25:24.623,1.54391,1.54423,1.00,1.00
2016.08.26 17:25:26.377,1.54391,1.54423,1.00,1.00
2016.08.26 17:25:26.428,1.5439,1.5442,1.00,1.00
2016.08.26 17:25:26.506,1.5439,1.5442,1.00,1.00
2016.08.26 17:25:32.295,1.54391,1.54421,1.00,1.00
2016.08.26 17:25:33.634,1.54384,1.54414,1.50,1.00
2016.08.26 17:25:33.685,1.54384,1.54414,1.37,1.00
2016.08.26 17:25:33.735,1.54383,1.54412,1.00,1.00
2016.08.26 17:25:33.786,1.5438,1.54412,1.00,1.00
2016.08.26 17:25:37.803,1.54377,1.54409,1.00,1.00
2016.08.26 17:25:38.589,1.54377,1.54409,1.00,1.00
2016.08.26 17:25:40.607,1.54377,1.54407,1.00,1.00
2016.08.26 17:25:41.025,1.54377,1.54406,1.00,1.00
2016.08.26 17:25:41.108,1.54369,1.54396,1.00,1.00
2016.08.26 17:25:41.274,1.5436,1.54392,1.37,1.00
2016.08.26 17:25:41.324,1.5436,1.54392,1.00,1.00
2016.08.26 17:25:42.224,1.54362,1.54394,1.00,1.00
2016.08.26 17:25:42.427,1.54362,1.54386,1.00,1.00
2016.08.26 17:25:43.127,1.54371,1.54386,1.00,1.00
2016.08.26 17:25:43.178,1.54371,1.54403,1.00,1.50
2016.08.26 17:25:43.228,1.54375,1.54405,1.00,1.75
2016.08.26 17:25:43.279,1.54375,1.54405,1.00,1.37
2016.08.26 17:25:44.129,1.54374,1.54404,1.00,1.00
2016.08.26 17:25:44.654,1.54369,1.54399,1.50,1.00
2016.08.26 17:25:44.705,1.54369,1.54399,1.00,1.00
2016.08.26 17:25:44.755,1.54366,1.54397,1.00,1.00
2016.08.26 17:25:44.909,1.54366,1.54397,1.00,1.00
2016.08.26 17:25:45.125,1.54363,1.54395,1.00,1.00
2016.08.26 17:25:48.345,1.54366,1.54398,1.00,1.00
2016.08.26 17:25:48.547,1.54364,1.54396,1.00,1.00
2016.08.26 17:25:48.850,1.54367,1.54399,1.00,1.00
2016.08.26 17:25:49.523,1.54368,1.544,1.00,1.00
2016.08.26 17:25:52.526,1.54364,1.54394,1.00,1.00
2016.08.26 17:25:52.627,1.5436,1.5439,1.12,1.00
2016.08.26 17:25:52.814,1.54356,1.54388,1.87,1.00
2016.08.26 17:25:52.865,1.54358,1.54388,1.00,1.00
2016.08.26 17:25:53.391,1.54357,1.54389,1.00,1.00
2016.08.26 17:25:53.914,1.54358,1.5439,1.00,1.00
2016.08.26 17:25:57.420,1.54358,1.5439,1.00,1.00
2016.08.26 17:25:58.596,1.54358,1.5439,1.00,1.00
2016.08.26 17:25:58.903,1.54358,1.5439,1.00,1.00
2016.08.26 17:26:01.963,1.54357,1.54388,1.00,1.00
2016.08.26 17:26:02.441,1.54359,1.54392,1.00,1.00
2016.08.26 17:26:03.215,1.54359,1.54392,1.00,1.00
2016.08.26 17:26:03.467,1.54367,1.54396,1.00,1.00
2016.08.26 17:26:03.575,1.54365,1.54395,1.00,1.00
2016.08.26 17:26:05.353,1.54365,1.54395,1.00,1.00
2016.08.26 17:26:06.194,1.54362,1.54394,1.00,1.00
2016.08.26 17:26:11.687,1.54363,1.54395,1.00,1.00
2016.08.26 17:26:15.950,1.54363,1.54395,1.00,1.00
2016.08.26 17:26:18.273,1.54366,1.54396,1.00,1.50
2016.08.26 17:26:18.375,1.54369,1.54399,1.00,1.00
2016.08.26 17:26:18.476,1.54367,1.54398,1.00,1.00
2016.08.26 17:26:18.698,1.54369,1.54399,1.00,1.00
2016.08.26 17:26:22.920,1.54367,1.54397,1.00,1.00
2016.08.26 17:26:23.021,1.54368,1.544,1.00,1.00
2016.08.26 17:26:23.122,1.54366,1.54399,1.00,1.00
2016.08.26 17:26:23.223,1.54369,1.54399,1.00,1.00
2016.08.26 17:26:23.324,1.54362,1.54392,1.00,1.00
2016.08.26 17:26:23.627,1.54365,1.54395,1.00,1.00
2016.08.26 17:26:23.678,1.54365,1.54395,1.00,1.00
2016.08.26 17:26:24.991,1.54359,1.54389,1.00,1.00
2016.08.26 17:26:25.830,1.54359,1.54391,1.00,1.00
2016.08.26 17:26:26.433,1.54359,1.5439,1.00,1.00
2016.08.26 17:26:26.914,1.54359,1.54392,1.00,1.00
2016.08.26 17:26:27.141,1.54359,1.54389,1.00,1.00
2016.08.26 17:26:27.293,1.5436,1.54394,1.00,1.00
2016.08.26 17:26:27.893,1.54358,1.54391,1.00,1.00
2016.08.26 17:26:31.699,1.5436,1.5439,1.00,1.00
2016.08.26 17:26:31.800,1.54357,1.54388,1.00,1.00
2016.08.26 17:26:33.125,1.54357,1.54387,1.00,1.00
2016.08.26 17:26:34.219,1.54355,1.54385,1.00,1.00
2016.08.26 17:26:39.623,1.54359,1.54389,1.00,1.00
2016.08.26 17:26:39.724,1.5436,1.54392,1.00,1.00
2016.08.26 17:26:42.728,1.54366,1.54397,1.00,1.00
2016.08.26 17:26:42.834,1.54367,1.544,1.00,1.50
2016.08.26 17:26:42.936,1.54372,1.54402,1.00,1.75
2016.08.26 17:26:42.986,1.54372,1.54402,1.00,1.37
2016.08.26 17:26:43.037,1.54371,1.54401,1.00,1.00
2016.08.26 17:26:43.239,1.54369,1.544,1.00,1.00
2016.08.26 17:26:43.440,1.54371,1.54401,1.00,1.00
2016.08.26 17:26:43.541,1.54364,1.54408,1.50,1.00
2016.08.26 17:26:44.366,1.54364,1.54406,1.00,1.00
2016.08.26 17:26:44.950,1.5437,1.54402,1.00,1.00
2016.08.26 17:26:50.351,1.54369,1.544,1.00,1.00
2016.08.26 17:26:50.853,1.54369,1.54401,1.00,1.00
2016.08.26 17:26:54.662,1.5437,1.54402,1.00,1.00
2016.08.26 17:26:55.414,1.5437,1.54401,1.00,1.00
2016.08.26 17:26:56.971,1.5437,1.54401,1.00,1.00
2016.08.26 17:27:00.131,1.54368,1.544,1.00,1.00
2016.08.26 17:27:00.188,1.54366,1.54398,1.00,1.00
2016.08.26 17:27:00.495,1.54368,1.54398,1.00,1.00
2016.08.26 17:27:00.693,1.54369,1.54401,1.00,1.00
2016.08.26 17:27:04.047,1.54372,1.54402,1.00,1.00
2016.08.26 17:27:05.471,1.54377,1.54406,1.00,1.00
2016.08.26 17:27:05.573,1.54381,1.54411,1.00,1.75
2016.08.26 17:27:05.674,1.54384,1.54414,1.00,1.37
2016.08.26 17:27:05.725,1.54384,1.54414,1.00,1.00
2016.08.26 17:27:06.785,1.54382,1.54412,1.00,1.00
2016.08.26 17:27:07.088,1.54381,1.54414,1.00,1.00
2016.08.26 17:27:08.592,1.54384,1.54415,1.00,1.00
2016.08.26 17:27:08.748,1.54384,1.54415,1.00,1.00
2016.08.26 17:27:08.799,1.54386,1.54418,1.00,1.00
2016.08.26 17:27:09.158,1.54386,1.54416,1.00,1.00
2016.08.26 17:27:09.612,1.54388,1.54418,1.00,1.00
2016.08.26 17:27:10.081,1.54384,1.54417,1.00,1.00
2016.08.26 17:27:10.182,1.54384,1.54414,1.00,1.00
2016.08.26 17:27:10.283,1.54382,1.54413,1.00,1.00
2016.08.26 17:27:10.586,1.54379,1.54412,1.00,1.00
2016.08.26 17:27:11.996,1.54379,1.5441,1.00,1.00
2016.08.26 17:27:12.098,1.54378,1.54408,1.00,1.00
2016.08.26 17:27:12.260,1.54378,1.5441,1.00,1.00
2016.08.26 17:27:17.168,1.54378,1.5441,1.00,1.00
2016.08.26 17:27:17.283,1.54375,1.54407,1.00,1.00
2016.08.26 17:27:17.384,1.54375,1.54407,1.00,1.00
2016.08.26 17:27:17.435,1.54375,1.54407,1.00,1.12
2016.08.26 17:27:17.486,1.54375,1.54407,1.00,1.12
2016.08.26 17:27:17.587,1.54377,1.54408,1.00,1.37
2016.08.26 17:27:17.637,1.54377,1.54408,1.00,1.00
2016.08.26 17:27:18.870,1.54383,1.54416,1.00,1.75
2016.08.26 17:27:18.971,1.54383,1.54417,1.00,1.75
2016.08.26 17:27:19.022,1.54383,1.54417,1.00,1.37
2016.08.26 17:27:19.073,1.54383,1.54417,1.00,1.00
2016.08.26 17:27:19.462,1.54383,1.54416,1.00,1.00
2016.08.26 17:27:21.299,1.54385,1.54416,1.00,1.00
2016.08.26 17:27:21.401,1.54385,1.54417,1.00,1.00
2016.08.26 17:27:22.166,1.54385,1.54417,1.00,1.00
2016.08.26 17:27:22.217,1.54383,1.54416,1.00,1.00
2016.08.26 17:27:22.319,1.54385,1.5442,1.00,1.00
2016.08.26 17:27:22.412,1.54385,1.5442,1.00,1.00
2016.08.26 17:27:23.407,1.54389,1.5442,1.00,1.00
2016.08.26 17:27:23.909,1.54389,1.54423,1.00,1.00
2016.08.26 17:27:24.010,1.54389,1.54423,1.00,1.00
2016.08.26 17:27:24.112,1.54396,1.5443,1.00,1.37
2016.08.26 17:27:24.213,1.54396,1.5443,1.00,1.37
2016.08.26 17:27:24.264,1.54396,1.5443,1.00,1.00
2016.08.26 17:27:28.683,1.54393,1.54427,1.00,1.00
2016.08.26 17:27:29.083,1.54392,1.54424,1.00,1.00
2016.08.26 17:27:29.133,1.54389,1.54421,1.00,1.00
2016.08.26 17:27:29.184,1.54385,1.54419,1.00,1.00
2016.08.26 17:27:29.488,1.54387,1.54419,1.00,1.00
2016.08.26 17:27:29.685,1.5439,1.54424,1.00,1.50
2016.08.26 17:27:29.787,1.54391,1.54425,1.00,1.75
2016.08.26 17:27:30.014,1.54388,1.5442,1.00,1.00
2016.08.26 17:27:30.606,1.54389,1.54422,1.00,1.00
2016.08.26 17:27:31.407,1.54382,1.54413,1.00,1.00
2016.08.26 17:27:31.609,1.54376,1.54408,1.12,1.00
2016.08.26 17:27:31.711,1.54377,1.54409,1.00,1.00
2016.08.26 17:27:32.000,1.54375,1.54409,1.00,1.00
2016.08.26 17:27:32.606,1.54373,1.54405,1.00,1.00
2016.08.26 17:27:32.982,1.54375,1.54407,1.00,1.00
2016.08.26 17:27:33.441,1.54374,1.54405,1.00,1.00
2016.08.26 17:27:35.194,1.54373,1.54405,1.00,1.00
2016.08.26 17:27:35.244,1.54373,1.54405,1.00,1.00
2016.08.26 17:27:35.295,1.54372,1.54404,1.00,1.00
2016.08.26 17:27:35.608,1.54365,1.54399,1.00,1.00
2016.08.26 17:27:35.710,1.54365,1.54398,1.00,1.00
2016.08.26 17:27:36.114,1.5437,1.54402,1.00,1.00
2016.08.26 17:27:37.197,1.54373,1.54405,1.00,1.12
2016.08.26 17:27:37.248,1.54373,1.54405,1.00,1.12
2016.08.26 17:27:37.298,1.54373,1.54405,1.00,1.00
2016.08.26 17:27:37.349,1.54373,1.54405,1.00,1.00
2016.08.26 17:27:41.616,1.54373,1.54405,1.00,1.00
2016.08.26 17:27:41.825,1.54373,1.54405,1.00,1.00
2016.08.26 17:27:44.212,1.54377,1.54409,1.00,1.00
2016.08.26 17:27:44.408,1.54376,1.54408,1.00,1.00
2016.08.26 17:27:44.814,1.54376,1.54408,1.00,1.00
2016.08.26 17:27:45.343,1.54372,1.54404,1.00,1.00
2016.08.26 17:27:45.516,1.54372,1.54404,1.00,1.00
2016.08.26 17:27:46.113,1.54371,1.54403,1.00,1.00
2016.08.26 17:27:47.111,1.5437,1.54402,1.00,1.00
2016.08.26 17:27:47.711,1.54369,1.54401,1.00,1.00
2016.08.26 17:27:48.130,1.54371,1.54405,1.00,1.00
2016.08.26 17:27:48.552,1.54374,1.54405,1.00,1.00
2016.08.26 17:27:49.275,1.54375,1.54407,1.00,1.00
2016.08.26 17:27:51.236,1.54378,1.5441,1.00,1.75
2016.08.26 17:27:51.287,1.54378,1.5441,1.00,1.37
2016.08.26 17:27:51.338,1.54375,1.5441,1.00,1.00
2016.08.26 17:27:51.540,1.54365,1.54398,2.25,1.00
2016.08.26 17:27:51.641,1.54365,1.54397,1.12,1.00
2016.08.26 17:27:51.692,1.54365,1.54397,1.00,1.00
2016.08.26 17:27:51.850,1.54362,1.54397,1.00,1.00
2016.08.26 17:27:52.061,1.54358,1.54397,1.37,1.00
2016.08.26 17:27:53.933,1.54358,1.54396,1.37,1.00
2016.08.26 17:27:54.034,1.54358,1.54396,1.87,1.00
2016.08.26 17:27:54.628,1.54365,1.54396,1.00,1.00
2016.08.26 17:27:55.834,1.54365,1.54396,1.00,1.00
2016.08.26 17:27:56.740,1.54365,1.54396,1.00,1.00
2016.08.26 17:27:56.930,1.54363,1.54395,1.00,1.00
2016.08.26 17:27:57.082,1.54363,1.54395,1.00,1.00
2016.08.26 17:27:58.635,1.54363,1.54396,1.00,1.00
2016.08.26 17:27:59.949,1.54365,1.54396,1.00,1.00
2016.08.26 17:28:00.051,1.54364,1.54396,1.00,1.00
2016.08.26 17:28:00.560,1.54366,1.54398,1.00,1.00
2016.08.26 17:28:01.256,1.54364,1.54396,1.00,1.50
2016.08.26 17:28:01.357,1.54364,1.54396,1.00,1.00
2016.08.26 17:28:01.670,1.54368,1.54401,1.00,1.37
2016.08.26 17:28:06.351,1.54368,1.54403,1.00,1.75
2016.08.26 17:28:08.088,1.54372,1.54405,1.00,1.00
2016.08.26 17:28:10.198,1.54379,1.54411,1.00,1.00
2016.08.26 17:28:10.299,1.54384,1.54417,1.00,1.00
2016.08.26 17:28:10.400,1.54384,1.54417,1.00,1.00
2016.08.26 17:28:10.501,1.54379,1.54415,1.00,1.00
2016.08.26 17:28:10.868,1.54382,1.54417,1.00,1.00
2016.08.26 17:28:16.772,1.54384,1.54416,1.00,1.00
2016.08.26 17:28:18.568,1.54381,1.54413,1.00,1.00
2016.08.26 17:28:21.100,1.5438,1.54412,1.00,1.00
2016.08.26 17:28:21.302,1.54378,1.54413,1.00,1.00
2016.08.26 17:28:21.403,1.54378,1.5441,1.00,1.00
2016.08.26 17:28:21.819,1.54378,1.5441,1.00,1.00
2016.08.26 17:28:22.022,1.5438,1.54412,1.00,1.00
2016.08.26 17:28:22.224,1.54378,1.54411,1.00,1.00
2016.08.26 17:28:22.325,1.5438,1.54413,1.00,1.00
2016.08.26 17:28:23.518,1.54376,1.54411,1.00,1.00
2016.08.26 17:28:30.918,1.54373,1.54404,1.00,1.00
2016.08.26 17:28:31.328,1.54376,1.54408,1.00,1.00
2016.08.26 17:28:31.430,1.54374,1.54408,1.00,1.00
2016.08.26 17:28:31.582,1.54377,1.54409,1.00,1.00
2016.08.26 17:28:32.022,1.54375,1.54407,1.00,1.00
2016.08.26 17:28:37.131,1.54373,1.54405,1.00,1.00
2016.08.26 17:28:37.434,1.54373,1.54405,1.00,1.00
2016.08.26 17:28:37.536,1.54373,1.54405,1.00,1.00
2016.08.26 17:28:41.947,1.54371,1.54403,1.00,1.00
2016.08.26 17:28:52.686,1.54371,1.54403,1.00,1.00
2016.08.26 17:28:59.925,1.54372,1.54406,1.00,1.00
2016.08.26 17:28:59.976,1.54372,1.54408,1.00,1.00
2016.08.26 17:29:00.027,1.54372,1.54407,1.00,1.00
2016.08.26 17:29:00.128,1.54369,1.54408,1.00,1.00
2016.08.26 17:29:00.281,1.54376,1.54408,1.00,1.00
2016.08.26 17:29:02.644,1.54374,1.54406,1.00,1.00
2016.08.26 17:29:02.782,1.54371,1.54405,1.00,1.00
2016.08.26 17:29:02.834,1.54371,1.54405,1.00,1.00
2016.08.26 17:29:04.332,1.5437,1.54402,1.00,1.00
2016.08.26 17:29:04.780,1.54373,1.54405,1.00,1.00
2016.08.26 17:29:04.932,1.54372,1.54405,1.00,1.00
2016.08.26 17:29:05.333,1.54366,1.54397,1.00,1.00
2016.08.26 17:29:06.536,1.54366,1.54398,1.00,1.00
2016.08.26 17:29:06.886,1.54368,1.544,1.00,1.00
2016.08.26 17:29:10.451,1.54372,1.54406,1.00,1.00
2016.08.26 17:29:10.501,1.54372,1.54406,1.00,1.00
2016.08.26 17:29:10.552,1.54376,1.54408,1.00,1.12
2016.08.26 17:29:10.603,1.54376,1.54408,1.00,1.00
2016.08.26 17:29:10.792,1.54385,1.54417,1.00,1.00
2016.08.26 17:29:12.151,1.54384,1.54418,1.00,1.00
2016.08.26 17:29:12.467,1.54386,1.5442,1.00,1.00
2016.08.26 17:29:12.583,1.54388,1.54422,1.00,1.12
2016.08.26 17:29:12.960,1.5439,1.54422,1.00,1.12
2016.08.26 17:29:13.217,1.5439,1.54422,1.00,1.12
2016.08.26 17:29:14.748,1.5439,1.54422,1.00,1.00
2016.08.26 17:29:19.756,1.54388,1.54422,1.00,1.00
2016.08.26 17:29:20.258,1.54388,1.54422,1.00,1.00
2016.08.26 17:29:20.570,1.54386,1.54418,1.00,1.00
2016.08.26 17:29:23.469,1.54391,1.54423,1.00,1.00
2016.08.26 17:29:25.567,1.5439,1.54421,1.00,1.00
2016.08.26 17:29:25.668,1.54383,1.54415,1.00,1.00
2016.08.26 17:29:25.769,1.54377,1.54408,1.00,1.00
2016.08.26 17:29:25.921,1.54377,1.54407,1.00,1.00
2016.08.26 17:29:25.972,1.54374,1.54406,1.00,1.00
2016.08.26 17:29:26.147,1.54374,1.54406,1.00,1.00
2016.08.26 17:29:26.198,1.5437,1.54405,1.00,1.00
2016.08.26 17:29:29.776,1.5437,1.54405,1.00,1.00
2016.08.26 17:29:30.793,1.54375,1.54406,1.00,1.00
2016.08.26 17:29:30.944,1.54375,1.54406,1.50,1.00
2016.08.26 17:29:30.995,1.54387,1.54419,1.00,1.00
2016.08.26 17:29:31.248,1.54387,1.54419,1.00,1.00
2016.08.26 17:29:31.399,1.54388,1.54422,1.00,1.00
2016.08.26 17:29:31.601,1.54392,1.54424,1.00,1.00
2016.08.26 17:29:32.046,1.54392,1.5442,1.00,1.00
2016.08.26 17:29:32.097,1.54377,1.54408,1.00,1.00
2016.08.26 17:29:32.249,1.54377,1.54408,1.00,1.00
2016.08.26 17:29:32.680,1.54376,1.54408,1.00,1.00
2016.08.26 17:29:32.781,1.54376,1.5441,1.00,1.00
2016.08.26 17:29:34.482,1.54376,1.54406,1.00,1.00
2016.08.26 17:29:34.882,1.54376,1.5441,1.00,1.00
2016.08.26 17:29:35.288,1.54375,1.54406,1.00,1.00
2016.08.26 17:29:35.684,1.54375,1.54407,1.00,1.50
2016.08.26 17:29:35.786,1.54373,1.54407,1.00,1.50
2016.08.26 17:29:35.887,1.54373,1.54404,1.00,1.00
2016.08.26 17:29:36.112,1.54373,1.54404,1.00,1.00
2016.08.26 17:29:36.586,1.54372,1.54404,1.00,1.00
2016.08.26 17:29:40.328,1.54371,1.54403,1.00,1.00
2016.08.26 17:29:41.517,1.54374,1.54405,1.00,1.00
2016.08.26 17:29:44.398,1.54375,1.54407,1.00,1.50
2016.08.26 17:29:44.699,1.54376,1.54407,1.00,1.00
2016.08.26 17:29:44.749,1.54376,1.5441,1.00,1.00
2016.08.26 17:29:45.008,1.54374,1.54409,1.00,1.00
2016.08.26 17:29:45.109,1.54374,1.54409,1.00,1.00
2016.08.26 17:29:46.101,1.54372,1.54406,1.00,1.00
2016.08.26 17:29:46.151,1.54372,1.54406,1.00,1.50
2016.08.26 17:29:46.551,1.54372,1.54406,1.00,1.00
2016.08.26 17:29:46.804,1.54371,1.54403,1.00,1.00
2016.08.26 17:29:49.407,1.54371,1.54405,1.00,1.00
2016.08.26 17:29:49.676,1.54371,1.54405,1.00,1.00
2016.08.26 17:29:50.019,1.54372,1.54406,1.00,1.00
2016.08.26 17:29:50.347,1.5437,1.54404,1.00,1.00
2016.08.26 17:29:50.515,1.5437,1.54402,1.00,1.00
2016.08.26 17:29:50.616,1.54367,1.54401,1.00,1.00
2016.08.26 17:29:50.717,1.54361,1.54392,1.35,1.00
2016.08.26 17:29:50.770,1.5436,1.54392,1.00,1.00
2016.08.26 17:29:50.858,1.54363,1.54394,1.00,1.00
2016.08.26 17:29:51.135,1.54359,1.54393,1.00,1.00
2016.08.26 17:29:52.330,1.54363,1.54397,1.00,1.00
2016.08.26 17:29:52.431,1.54365,1.54396,1.00,1.00
2016.08.26 17:29:52.482,1.54365,1.544,1.00,1.12
2016.08.26 17:29:52.587,1.54365,1.544,1.00,1.00
2016.08.26 17:29:52.890,1.54369,1.54401,1.00,1.00
2016.08.26 17:29:53.362,1.54372,1.54405,1.00,1.50
2016.08.26 17:29:53.463,1.54372,1.54405,1.00,1.00
2016.08.26 17:29:53.514,1.54371,1.54403,1.00,1.00
2016.08.26 17:29:55.292,1.54371,1.54403,1.00,1.00
2016.08.26 17:29:55.343,1.54361,1.54394,1.00,1.00
2016.08.26 17:29:55.427,1.54354,1.54388,1.57,1.00
2016.08.26 17:29:55.479,1.54354,1.54388,1.00,1.00
2016.08.26 17:29:55.581,1.54356,1.54386,1.00,1.00
2016.08.26 17:29:57.495,1.54356,1.54388,1.00,1.00
2016.08.26 17:29:57.546,1.54365,1.54397,1.00,1.00
2016.08.26 17:29:57.647,1.54367,1.54399,1.00,1.50
2016.08.26 17:29:57.698,1.54367,1.54399,1.00,1.12
2016.08.26 17:29:57.748,1.54367,1.54399,1.00,1.00
2016.08.26 17:29:58.321,1.5437,1.54401,1.00,1.00
2016.08.26 17:30:03.657,1.54364,1.54398,1.00,1.00
2016.08.26 17:30:03.759,1.54361,1.54395,1.00,1.00
2016.08.26 17:30:03.809,1.54361,1.54395,1.00,1.00
2016.08.26 17:30:03.961,1.54358,1.54392,1.37,1.00
2016.08.26 17:30:04.012,1.54358,1.54392,1.00,1.00
2016.08.26 17:30:04.062,1.54358,1.54392,1.00,1.50
2016.08.26 17:30:04.537,1.54358,1.54392,1.00,1.00
2016.08.26 17:30:04.638,1.54363,1.54392,1.00,1.00
2016.08.26 17:30:04.689,1.54363,1.54395,1.00,1.00
2016.08.26 17:30:04.739,1.54361,1.54395,1.00,1.00
2016.08.26 17:30:05.379,1.54359,1.54393,1.00,1.00
2016.08.26 17:30:05.690,1.54362,1.54394,1.00,1.00
2016.08.26 17:30:07.150,1.54365,1.54396,1.00,1.00
2016.08.26 17:30:08.869,1.54371,1.54402,1.00,1.00
2016.08.26 17:30:09.121,1.54376,1.54408,1.00,1.00
2016.08.26 17:30:09.347,1.54378,1.5441,1.00,1.00
2016.08.26 17:30:09.557,1.5438,1.54411,1.00,1.12
2016.08.26 17:30:09.959,1.54377,1.54409,1.00,1.00
2016.08.26 17:30:11.386,1.54375,1.54408,1.00,1.00
2016.08.26 17:30:12.009,1.54375,1.54407,1.00,1.00
2016.08.26 17:30:12.060,1.54372,1.54403,1.00,1.00
2016.08.26 17:30:12.542,1.54364,1.54397,1.00,1.00
2016.08.26 17:30:12.858,1.54364,1.54392,1.00,1.00
2016.08.26 17:30:13.663,1.5436,1.54392,1.00,1.00
2016.08.26 17:30:14.945,1.54358,1.54392,1.00,1.00
2016.08.26 17:30:16.666,1.54358,1.54392,1.00,1.00
2016.08.26 17:30:19.477,1.5436,1.54392,1.00,1.00
2016.08.26 17:30:21.591,1.54363,1.54394,1.00,1.00
2016.08.26 17:30:21.642,1.54363,1.54394,1.00,1.00
2016.08.26 17:30:21.692,1.54363,1.54396,1.00,1.50
2016.08.26 17:30:21.743,1.54363,1.54396,1.00,1.00
2016.08.26 17:30:21.794,1.54367,1.54399,1.00,1.00
2016.08.26 17:30:23.393,1.5437,1.54402,1.00,1.00
2016.08.26 17:30:23.541,1.54371,1.54403,1.00,1.12
2016.08.26 17:30:23.643,1.54371,1.54403,1.00,1.00
2016.08.26 17:30:23.946,1.54373,1.54404,1.00,1.00
2016.08.26 17:30:27.772,1.54364,1.54395,1.00,1.00
2016.08.26 17:30:27.907,1.54363,1.54395,1.00,1.00
2016.08.26 17:30:28.262,1.54366,1.54398,1.00,1.00
2016.08.26 17:30:34.401,1.54369,1.544,1.00,1.00
2016.08.26 17:30:34.619,1.54371,1.54403,1.00,1.00
2016.08.26 17:30:38.398,1.54374,1.54406,1.00,1.00
2016.08.26 17:30:38.726,1.54377,1.54409,1.00,1.00
2016.08.26 17:30:42.034,1.54374,1.54407,1.00,1.00
2016.08.26 17:30:42.137,1.54377,1.54409,1.00,1.00
2016.08.26 17:30:43.026,1.54379,1.54412,1.00,1.00
2016.08.26 17:30:48.520,1.54386,1.54417,1.00,1.00
2016.08.26 17:30:50.444,1.54385,1.54418,1.00,1.00
2016.08.26 17:30:50.722,1.54379,1.54413,1.00,1.00
2016.08.26 17:30:51.224,1.5438,1.54414,1.00,1.00
2016.08.26 17:30:51.708,1.54382,1.54414,1.00,1.00
2016.08.26 17:30:53.511,1.54385,1.54416,1.00,1.00
2016.08.26 17:30:54.046,1.54388,1.5442,1.00,1.00
2016.08.26 17:30:54.228,1.54391,1.54424,1.00,1.37
2016.08.26 17:30:54.279,1.54391,1.54424,1.00,1.00
2016.08.26 17:30:54.634,1.54394,1.54426,1.00,1.00
2016.08.26 17:30:54.905,1.54394,1.54426,1.00,1.00
2016.08.26 17:30:54.956,1.54398,1.5443,1.00,1.00
2016.08.26 17:30:55.125,1.54394,1.54426,1.00,1.00
2016.08.26 17:30:55.227,1.54395,1.54427,1.00,1.00
2016.08.26 17:30:57.959,1.54385,1.54418,1.00,1.00
2016.08.26 17:30:58.060,1.54383,1.54415,1.00,1.00
2016.08.26 17:30:58.161,1.54381,1.54413,1.00,1.00
2016.08.26 17:30:58.212,1.54381,1.54413,1.00,1.00
2016.08.26 17:31:00.613,1.54381,1.54413,1.00,1.00
2016.08.26 17:31:00.664,1.54384,1.54415,1.00,1.00
2016.08.26 17:31:00.969,1.54382,1.54416,1.00,1.00
2016.08.26 17:31:04.669,1.54382,1.54416,1.00,1.50
2016.08.26 17:31:04.933,1.54382,1.54416,1.00,1.00
2016.08.26 17:31:07.131,1.54388,1.54417,1.00,1.00
2016.08.26 17:31:07.192,1.54388,1.5442,1.00,1.12
2016.08.26 17:31:07.244,1.54394,1.54426,1.00,1.75
2016.08.26 17:31:07.294,1.54394,1.54426,1.00,1.00
2016.08.26 17:31:07.609,1.54398,1.54429,1.00,1.00
2016.08.26 17:31:18.415,1.54398,1.54429,1.00,1.60
2016.08.26 17:31:18.466,1.54383,1.54413,1.50,1.00
2016.08.26 17:31:18.540,1.54381,1.54413,1.00,1.00
2016.08.26 17:31:18.591,1.54379,1.54411,1.00,1.00
2016.08.26 17:31:18.905,1.54376,1.54407,1.00,1.00
2016.08.26 17:31:21.748,1.54374,1.54406,1.00,1.00
2016.08.26 17:31:31.975,1.54373,1.54404,1.00,1.00
2016.08.26 17:31:32.703,1.54373,1.54407,1.00,1.00
2016.08.26 17:31:32.904,1.54362,1.54393,1.75,1.00
2016.08.26 17:31:33.005,1.54359,1.54388,1.75,1.00
2016.08.26 17:31:33.056,1.54354,1.54388,1.20,1.60
2016.08.26 17:31:33.107,1.54352,1.54386,1.45,1.60
2016.08.26 17:31:33.157,1.54352,1.54386,1.00,1.60
2016.08.26 17:31:33.208,1.54352,1.54386,1.00,2.10
2016.08.26 17:31:33.464,1.54352,1.54386,1.00,1.60
2016.08.26 17:31:33.940,1.54352,1.54386,1.00,1.00
2016.08.26 17:31:33.991,1.54354,1.54386,1.00,1.50
2016.08.26 17:31:34.092,1.54347,1.5438,1.12,1.00
2016.08.26 17:31:34.143,1.54347,1.5438,1.00,1.00
2016.08.26 17:31:34.194,1.54342,1.54374,1.00,1.00
2016.08.26 17:31:34.509,1.5434,1.54374,1.00,1.00
2016.08.26 17:31:34.816,1.54339,1.54373,1.00,1.00
2016.08.26 17:31:34.917,1.54339,1.54373,1.00,1.00
2016.08.26 17:31:35.211,1.54336,1.54371,1.00,1.00
2016.08.26 17:31:35.313,1.54336,1.54368,1.00,1.00
2016.08.26 17:31:37.821,1.54338,1.54369,1.00,1.00
2016.08.26 17:31:44.839,1.54337,1.54368,1.00,1.00
2016.08.26 17:31:49.747,1.54334,1.54368,1.00,1.00
2016.08.26 17:32:03.567,1.54338,1.5437,1.00,1.00
2016.08.26 17:32:04.223,1.54341,1.54373,1.00,1.12
2016.08.26 17:32:05.848,1.5434,1.54372,1.00,1.00
2016.08.26 17:32:06.850,1.54336,1.54368,1.00,1.00
2016.08.26 17:32:08.960,1.54338,1.5437,1.00,1.00
2016.08.26 17:32:10.454,1.54333,1.54367,1.00,1.00
2016.08.26 17:32:10.555,1.54336,1.54369,1.00,1.00
2016.08.26 17:32:11.568,1.54335,1.54367,1.00,1.00
2016.08.26 17:32:14.644,1.54332,1.54363,1.00,1.00
2016.08.26 17:32:17.184,1.54331,1.54365,1.00,1.00
2016.08.26 17:32:17.285,1.54333,1.54365,1.00,1.00
2016.08.26 17:32:22.476,1.54332,1.54364,1.00,1.00
2016.08.26 17:32:23.177,1.5433,1.54364,1.00,1.00
2016.08.26 17:32:23.278,1.54337,1.5437,1.00,1.00
2016.08.26 17:32:23.379,1.54345,1.54376,1.00,1.75
2016.08.26 17:32:23.430,1.54345,1.54377,1.00,1.50
2016.08.26 17:32:23.481,1.54345,1.54377,1.00,1.00
2016.08.26 17:32:23.750,1.54345,1.54377,1.00,1.60
2016.08.26 17:32:23.851,1.54345,1.54376,1.00,1.60
2016.08.26 17:32:24.339,1.54345,1.54377,1.00,2.10
2016.08.26 17:32:26.467,1.54344,1.54376,1.00,1.60
2016.08.26 17:32:27.655,1.54344,1.54376,1.00,2.10
2016.08.26 17:32:27.932,1.54344,1.54376,1.00,1.60
2016.08.26 17:32:29.307,1.54342,1.54376,1.00,1.60
2016.08.26 17:32:29.358,1.54342,1.54376,1.00,2.10
2016.08.26 17:32:29.409,1.54345,1.54376,1.00,1.60
2016.08.26 17:32:34.782,1.54342,1.54374,1.00,1.00
2016.08.26 17:32:35.614,1.54344,1.54376,1.00,1.60
2016.08.26 17:32:35.799,1.54342,1.54374,1.00,1.00
2016.08.26 17:32:35.900,1.54341,1.54375,1.00,1.35
2016.08.26 17:32:36.102,1.54341,1.54375,1.00,1.35
2016.08.26 17:32:36.220,1.54343,1.54376,1.00,1.60
2016.08.26 17:32:36.422,1.54342,1.54374,1.00,1.00
2016.08.26 17:32:36.915,1.54343,1.54376,1.00,1.00
2016.08.26 17:32:37.576,1.54343,1.54376,1.00,1.00
2016.08.26 17:32:38.213,1.54346,1.54378,1.00,1.00
2016.08.26 17:32:42.886,1.54346,1.54378,1.00,1.00
2016.08.26 17:32:42.936,1.54348,1.54381,1.00,1.00
2016.08.26 17:32:43.100,1.54346,1.5438,1.00,1.00
2016.08.26 17:32:43.438,1.54346,1.5438,1.00,1.00
2016.08.26 17:32:47.406,1.54345,1.54379,1.00,1.00
2016.08.26 17:32:49.104,1.54345,1.54379,1.00,1.00
2016.08.26 17:32:49.205,1.54345,1.54379,1.00,1.00
2016.08.26 17:32:50.927,1.54344,1.54375,1.00,1.00
2016.08.26 17:32:51.398,1.54344,1.54376,1.00,1.50
2016.08.26 17:32:51.449,1.54342,1.54374,1.00,1.00
2016.08.26 17:32:51.960,1.54343,1.54376,1.00,1.50
2016.08.26 17:32:52.118,1.54344,1.54376,1.00,1.00
2016.08.26 17:32:55.558,1.54341,1.54375,1.00,1.00
2016.08.26 17:32:55.659,1.54339,1.54373,1.00,1.00
2016.08.26 17:32:55.760,1.54341,1.54375,1.00,1.00
2016.08.26 17:32:55.921,1.54341,1.54375,1.00,1.00
2016.08.26 17:32:55.972,1.54345,1.54376,1.00,1.00
2016.08.26 17:32:56.377,1.54346,1.5438,1.00,1.00
2016.08.26 17:32:56.428,1.54351,1.54382,1.00,1.00
2016.08.26 17:32:56.530,1.54351,1.54382,1.00,1.00
2016.08.26 17:32:57.428,1.54351,1.54383,1.00,1.00
2016.08.26 17:32:57.655,1.54345,1.54377,1.00,1.00
2016.08.26 17:32:57.756,1.54341,1.54375,1.00,1.00
2016.08.26 17:32:58.189,1.54341,1.54375,1.00,1.00
2016.08.26 17:32:58.239,1.54345,1.54376,1.00,1.00
2016.08.26 17:32:58.290,1.54345,1.54378,1.00,1.00
2016.08.26 17:32:58.341,1.54348,1.5438,1.00,1.50
2016.08.26 17:32:58.392,1.54348,1.5438,1.00,1.00
2016.08.26 17:32:59.543,1.54351,1.54385,1.00,1.00
2016.08.26 17:33:00.270,1.54349,1.54382,1.00,1.00
2016.08.26 17:33:01.919,1.54349,1.54382,1.00,1.00
2016.08.26 17:33:01.969,1.54353,1.54387,1.00,1.00
2016.08.26 17:33:02.020,1.54353,1.54387,1.00,1.00
2016.08.26 17:33:02.273,1.54357,1.54389,1.00,1.00
2016.08.26 17:33:05.359,1.54352,1.54384,1.00,1.00
2016.08.26 17:33:05.460,1.5435,1.54384,1.00,1.00
2016.08.26 17:33:06.953,1.54351,1.54385,1.00,1.00
2016.08.26 17:33:07.332,1.54351,1.54385,1.00,1.00
2016.08.26 17:33:10.693,1.54352,1.54386,1.00,1.00
2016.08.26 17:33:10.807,1.54355,1.54388,1.00,1.00
2016.08.26 17:33:10.858,1.54355,1.54388,1.00,1.00
2016.08.26 17:33:11.176,1.54354,1.54388,1.00,1.00
2016.08.26 17:33:11.463,1.54357,1.54389,1.00,1.00
2016.08.26 17:33:13.159,1.54357,1.54389,1.00,1.00
2016.08.26 17:33:18.543,1.54357,1.54389,1.00,1.00
2016.08.26 17:33:20.578,1.54359,1.5439,1.00,1.00
2016.08.26 17:33:21.488,1.54361,1.54395,1.00,1.00
2016.08.26 17:33:21.539,1.54361,1.54395,1.00,1.00
2016.08.26 17:33:21.590,1.5436,1.54392,1.00,1.00
2016.08.26 17:33:22.295,1.54358,1.5439,1.00,1.00
2016.08.26 17:33:38.123,1.54367,1.54399,1.00,1.12
2016.08.26 17:33:38.173,1.54367,1.54399,1.00,1.00
2016.08.26 17:33:38.224,1.54372,1.54401,1.00,1.50
2016.08.26 17:33:38.275,1.54372,1.54406,1.00,1.37
2016.08.26 17:33:38.325,1.54375,1.54409,1.00,1.00
2016.08.26 17:33:38.376,1.54375,1.54409,1.00,1.00
2016.08.26 17:33:38.427,1.54378,1.54411,1.00,1.50
2016.08.26 17:33:38.477,1.54378,1.54411,1.00,1.12
2016.08.26 17:33:38.528,1.54378,1.54411,1.00,1.00
2016.08.26 17:33:39.072,1.54379,1.54413,1.00,1.00
2016.08.26 17:33:53.977,1.54376,1.54409,1.00,1.00
2016.08.26 17:33:54.179,1.54377,1.54411,1.00,1.00
2016.08.26 17:33:54.351,1.54377,1.54406,1.00,1.00
2016.08.26 17:33:54.503,1.54379,1.54406,1.00,1.00
2016.08.26 17:33:54.706,1.54376,1.54406,1.00,1.00
2016.08.26 17:33:55.233,1.54376,1.54407,1.00,1.00
2016.08.26 17:33:55.436,1.54377,1.54409,1.00,1.00
2016.08.26 17:33:55.487,1.54387,1.54415,1.00,1.00
2016.08.26 17:33:55.538,1.54387,1.54415,1.00,1.00
2016.08.26 17:33:55.588,1.54394,1.54426,1.00,1.42
2016.08.26 17:33:55.639,1.54394,1.54428,1.00,1.97
2016.08.26 17:33:55.690,1.54394,1.54428,1.00,1.60
2016.08.26 17:33:55.954,1.54394,1.54427,1.00,1.60
2016.08.26 17:33:56.110,1.54394,1.54427,1.00,1.00
2016.08.26 17:33:56.661,1.54394,1.54426,1.00,1.00
2016.08.26 17:33:56.773,1.54394,1.54428,1.00,1.00
2016.08.26 17:33:58.501,1.54394,1.54425,1.00,1.00
2016.08.26 17:33:59.401,1.54394,1.54426,1.00,1.00
2016.08.26 17:34:02.063,1.54394,1.54426,1.00,1.50
2016.08.26 17:34:02.114,1.54389,1.54421,1.00,1.00
2016.08.26 17:34:02.165,1.54389,1.54421,1.00,1.00
2016.08.26 17:34:04.307,1.54387,1.54421,1.00,1.00
2016.08.26 17:34:04.609,1.54386,1.54418,1.00,1.00
2016.08.26 17:34:05.020,1.54387,1.54421,1.00,1.00
2016.08.26 17:34:05.317,1.54386,1.54418,1.00,1.00
2016.08.26 17:34:05.628,1.54388,1.5442,1.00,1.00
2016.08.26 17:34:07.117,1.54387,1.54419,1.00,1.00
2016.08.26 17:34:09.282,1.54389,1.54421,1.00,1.00
2016.08.26 17:34:12.196,1.54387,1.54418,1.00,1.00
2016.08.26 17:34:12.499,1.54384,1.54418,1.00,1.00
2016.08.26 17:34:12.898,1.54382,1.54416,1.00,1.50
2016.08.26 17:34:13.093,1.54382,1.54416,1.00,1.00
2016.08.26 17:34:13.288,1.54382,1.54416,1.00,1.50
2016.08.26 17:34:13.494,1.54382,1.54416,1.00,1.00
2016.08.26 17:34:13.660,1.54382,1.54416,1.00,1.50
2016.08.26 17:34:14.879,1.54382,1.54416,1.00,1.50
2016.08.26 17:34:15.038,1.54386,1.54416,1.00,1.00
2016.08.26 17:34:15.190,1.54386,1.54418,1.00,1.00
2016.08.26 17:34:15.241,1.54386,1.54418,1.00,1.00
2016.08.26 17:34:15.292,1.54387,1.54421,1.00,1.00
2016.08.26 17:34:18.305,1.5439,1.54424,1.00,1.00
2016.08.26 17:34:18.486,1.5439,1.54421,1.00,1.00
2016.08.26 17:34:18.538,1.54378,1.5441,1.00,1.00
2016.08.26 17:34:18.639,1.54375,1.54407,1.00,1.00
2016.08.26 17:34:18.690,1.54375,1.54406,1.00,1.00
2016.08.26 17:34:26.637,1.54374,1.54406,1.00,1.50
2016.08.26 17:34:27.774,1.54374,1.54406,1.00,1.50
2016.08.26 17:34:29.194,1.54374,1.54406,1.00,1.00
2016.08.26 17:34:29.282,1.54374,1.54406,1.00,1.00
2016.08.26 17:34:29.485,1.54374,1.54406,1.00,1.00
2016.08.26 17:34:29.587,1.54374,1.54406,1.00,1.00
2016.08.26 17:34:30.056,1.54387,1.54417,1.00,1.37
2016.08.26 17:34:30.107,1.54387,1.54419,1.00,1.37
2016.08.26 17:34:30.158,1.54391,1.54423,1.00,1.00
2016.08.26 17:34:30.209,1.54391,1.54423,1.00,1.00
2016.08.26 17:34:30.259,1.54393,1.54425,1.00,1.00
2016.08.26 17:34:30.415,1.54392,1.54424,1.00,1.00
2016.08.26 17:34:32.423,1.54389,1.54422,1.00,1.00
2016.08.26 17:34:32.525,1.54392,1.54424,1.00,1.00
2016.08.26 17:34:32.655,1.5439,1.54422,1.00,1.00
2016.08.26 17:34:33.193,1.54389,1.54422,1.00,1.00
2016.08.26 17:34:33.644,1.54386,1.5442,1.00,1.00
2016.08.26 17:34:33.947,1.54389,1.54421,1.00,1.00
2016.08.26 17:34:33.997,1.54389,1.54421,1.00,1.00
2016.08.26 17:34:34.127,1.54399,1.54433,1.00,2.25
2016.08.26 17:34:34.178,1.54399,1.54433,1.00,1.00
2016.08.26 17:34:34.330,1.54395,1.54427,1.00,1.00
2016.08.26 17:34:34.431,1.54392,1.54424,1.00,1.00
2016.08.26 17:34:34.785,1.54392,1.54424,1.00,1.00
2016.08.26 17:34:34.835,1.5439,1.54421,1.00,1.00
2016.08.26 17:34:35.304,1.5439,1.54421,1.00,1.00
2016.08.26 17:34:35.563,1.54387,1.54419,1.00,1.00
2016.08.26 17:34:39.458,1.5439,1.54422,1.00,1.00
2016.08.26 17:34:39.509,1.5439,1.54422,1.00,1.00
2016.08.26 17:34:39.559,1.54392,1.54424,1.00,1.00
2016.08.26 17:34:39.623,1.54392,1.54424,1.00,1.00
2016.08.26 17:34:39.776,1.54397,1.54429,1.00,1.00
2016.08.26 17:34:39.826,1.54397,1.54429,1.00,1.00
2016.08.26 17:34:42.145,1.54397,1.54428,1.00,1.00
2016.08.26 17:34:42.210,1.54397,1.54428,1.00,1.00
2016.08.26 17:34:42.261,1.54396,1.54426,1.00,1.00
2016.08.26 17:34:42.362,1.54396,1.54428,1.00,1.00
2016.08.26 17:34:50.274,1.54397,1.54431,1.00,1.00
2016.08.26 17:34:52.858,1.54403,1.54435,1.00,1.00
2016.08.26 17:34:53.010,1.54403,1.54435,1.00,1.00
2016.08.26 17:34:53.061,1.54392,1.54421,1.75,1.00
2016.08.26 17:34:53.112,1.54389,1.54421,1.00,1.00
2016.08.26 17:34:53.558,1.54386,1.54417,1.00,1.00
2016.08.26 17:34:53.760,1.54387,1.54419,1.00,1.00
2016.08.26 17:34:53.970,1.54388,1.54422,1.00,1.00
2016.08.26 17:34:54.071,1.54391,1.54425,1.00,1.00
2016.08.26 17:34:54.273,1.54394,1.54428,1.00,1.00
2016.08.26 17:34:54.324,1.54394,1.54428,1.00,1.00
2016.08.26 17:34:54.375,1.54394,1.54427,1.00,1.00
2016.08.26 17:34:55.129,1.54394,1.54426,1.00,1.00
2016.08.26 17:34:56.347,1.54388,1.54422,1.00,1.00
2016.08.26 17:34:56.448,1.54385,1.54417,1.12,1.00
2016.08.26 17:34:56.600,1.54385,1.54417,1.00,1.00
2016.08.26 17:35:00.352,1.54384,1.54416,1.00,1.00
2016.08.26 17:35:02.998,1.54386,1.54418,1.00,1.00
2016.08.26 17:35:03.670,1.54388,1.54422,1.00,1.00
2016.08.26 17:35:03.771,1.54388,1.5442,1.00,1.00
2016.08.26 17:35:05.087,1.5439,1.54422,1.00,1.00
2016.08.26 17:35:10.196,1.54389,1.54421,1.00,1.00
2016.08.26 17:35:10.686,1.54387,1.54419,1.00,1.00
2016.08.26 17:35:11.769,1.54386,1.54418,1.00,1.00
2016.08.26 17:35:11.870,1.54394,1.54426,1.00,1.75
2016.08.26 17:35:11.921,1.54394,1.54426,1.00,1.00
2016.08.26 17:35:12.278,1.54397,1.54429,1.00,1.00
2016.08.26 17:35:12.767,1.54397,1.54429,1.00,1.00
2016.08.26 17:35:13.316,1.54398,1.5443,1.00,1.00
2016.08.26 17:35:16.062,1.54398,1.5443,1.00,1.00
2016.08.26 17:35:17.445,1.54398,1.5443,1.00,1.00
2016.08.26 17:35:20.093,1.544,1.54432,1.00,1.00
2016.08.26 17:35:22.091,1.54397,1.54432,1.00,1.00
2016.08.26 17:35:22.192,1.544,1.54436,1.00,1.00
2016.08.26 17:35:22.438,1.54403,1.54437,1.00,1.00
2016.08.26 17:35:22.691,1.54403,1.54436,1.00,1.00
2016.08.26 17:35:23.001,1.54402,1.54434,1.00,1.00
2016.08.26 17:35:23.904,1.54403,1.54438,1.00,1.12
2016.08.26 17:35:24.005,1.54404,1.54436,1.00,1.00
2016.08.26 17:35:25.026,1.54404,1.54436,1.00,1.00
2016.08.26 17:35:25.208,1.54404,1.54436,1.00,1.00
2016.08.26 17:35:25.775,1.54404,1.54436,1.00,1.00
2016.08.26 17:35:27.915,1.54403,1.54435,1.00,1.00
2016.08.26 17:35:29.778,1.54404,1.54438,1.00,1.00
2016.08.26 17:35:29.920,1.54404,1.54438,1.00,1.00
2016.08.26 17:35:33.732,1.54403,1.54437,1.00,1.00
2016.08.26 17:35:35.119,1.54404,1.54438,1.00,1.00
2016.08.26 17:35:38.253,1.54404,1.54435,1.00,1.00
2016.08.26 17:35:38.452,1.54402,1.54434,1.00,1.00
2016.08.26 17:35:38.568,1.54402,1.54436,1.00,1.00
2016.08.26 17:35:40.331,1.54401,1.54433,1.00,1.00
2016.08.26 17:35:40.837,1.544,1.54433,1.00,1.00
2016.08.26 17:35:40.962,1.54398,1.54432,1.00,1.00
2016.08.26 17:35:41.526,1.54398,1.54432,1.50,1.00
2016.08.26 17:35:41.933,1.54398,1.54432,1.00,1.00
2016.08.26 17:35:41.983,1.54402,1.54434,1.00,1.00
2016.08.26 17:35:42.478,1.54405,1.54437,1.00,1.00
2016.08.26 17:35:43.275,1.54402,1.54436,1.00,1.00
2016.08.26 17:35:44.977,1.54404,1.54438,1.00,1.00
2016.08.26 17:35:45.281,1.54407,1.5444,1.00,1.00
2016.08.26 17:35:45.629,1.54405,1.54438,1.00,1.00
2016.08.26 17:35:45.679,1.54405,1.54438,1.00,1.00
2016.08.26 17:35:45.781,1.54405,1.54438,1.00,1.00
2016.08.26 17:35:47.062,1.54406,1.54441,1.00,1.00
2016.08.26 17:35:47.164,1.544,1.54434,1.00,1.00
2016.08.26 17:35:47.265,1.54397,1.54429,1.75,1.00
2016.08.26 17:35:47.416,1.54395,1.54427,1.00,1.00
2016.08.26 17:35:47.467,1.54392,1.54425,1.00,1.00
2016.08.26 17:35:47.622,1.54394,1.54428,1.00,1.00
2016.08.26 17:35:47.673,1.54392,1.54427,1.00,1.00
2016.08.26 17:35:56.854,1.54392,1.54426,1.00,1.00
2016.08.26 17:35:56.905,1.54396,1.54426,1.00,1.00
2016.08.26 17:35:56.955,1.54396,1.54428,1.00,1.00
2016.08.26 17:35:57.006,1.54395,1.54427,1.00,1.00
2016.08.26 17:35:57.056,1.54395,1.54427,1.00,1.00
2016.08.26 17:35:57.107,1.54393,1.54426,1.00,1.00
2016.08.26 17:35:57.158,1.54393,1.54426,1.00,1.50
2016.08.26 17:35:57.209,1.54391,1.54423,1.00,1.00
2016.08.26 17:35:57.260,1.54391,1.54425,1.00,1.00
2016.08.26 17:35:57.827,1.54391,1.54425,1.00,1.00
2016.08.26 17:35:58.454,1.54391,1.54425,1.00,1.00
2016.08.26 17:35:58.505,1.5439,1.54422,1.00,1.00
2016.08.26 17:36:00.562,1.5439,1.54422,1.50,1.00
2016.08.26 17:36:00.613,1.54393,1.54425,1.00,1.00
2016.08.26 17:36:00.714,1.54395,1.54426,1.00,1.00
2016.08.26 17:36:00.862,1.54395,1.54427,1.00,1.00
2016.08.26 17:36:01.765,1.54395,1.54427,1.00,1.50
2016.08.26 17:36:01.815,1.54395,1.54427,1.00,1.00
2016.08.26 17:36:02.732,1.54395,1.54428,1.00,1.00
2016.08.26 17:36:04.310,1.54394,1.54429,1.00,1.00
2016.08.26 17:36:04.635,1.54396,1.54428,1.00,1.00
2016.08.26 17:36:06.830,1.54395,1.54427,1.00,1.00
2016.08.26 17:36:08.591,1.54391,1.54423,1.00,1.00
2016.08.26 17:36:08.692,1.54392,1.54426,1.00,1.00
2016.08.26 17:36:08.894,1.54394,1.54427,1.00,1.00
2016.08.26 17:36:09.097,1.54396,1.5443,1.00,1.00
2016.08.26 17:36:09.532,1.54395,1.54428,1.00,1.00
2016.08.26 17:36:10.189,1.54396,1.54431,1.00,1.00
2016.08.26 17:36:10.593,1.54397,1.54429,1.00,1.00
2016.08.26 17:36:15.612,1.54404,1.54435,1.00,1.00
2016.08.26 17:36:15.714,1.54408,1.5444,1.00,1.50
2016.08.26 17:36:15.815,1.54408,1.5444,1.00,1.50
2016.08.26 17:36:15.865,1.54408,1.5444,1.00,1.00
2016.08.26 17:36:16.596,1.54403,1.54435,1.00,1.00
2016.08.26 17:36:16.697,1.54403,1.54435,1.50,1.00
2016.08.26 17:36:17.396,1.54405,1.54439,1.00,1.00
2016.08.26 17:36:18.505,1.54408,1.5444,1.00,1.00
2016.08.26 17:36:23.435,1.54407,1.54439,1.00,1.00
2016.08.26 17:36:23.536,1.54407,1.54441,1.00,1.00
2016.08.26 17:36:23.940,1.54406,1.54438,1.00,1.00
2016.08.26 17:36:25.167,1.54406,1.54436,1.00,1.00
2016.08.26 17:36:25.517,1.54404,1.54436,1.00,1.00
2016.08.26 17:36:25.890,1.54404,1.54437,1.00,1.50
2016.08.26 17:36:25.941,1.54403,1.54435,1.00,1.00
2016.08.26 17:36:26.193,1.54403,1.54435,1.00,1.00
2016.08.26 17:36:26.294,1.54403,1.54426,1.00,1.00
2016.08.26 17:36:26.742,1.54404,1.54426,1.00,1.00
2016.08.26 17:36:26.835,1.54403,1.54426,1.00,1.00
2016.08.26 17:36:28.753,1.544,1.54426,1.00,1.00
2016.08.26 17:36:29.544,1.544,1.54427,1.00,1.00
2016.08.26 17:36:29.654,1.54403,1.54427,1.00,1.00
2016.08.26 17:36:30.255,1.54403,1.54427,1.00,1.00
2016.08.26 17:36:30.511,1.54403,1.54435,1.00,1.00
2016.08.26 17:36:30.758,1.54401,1.54435,1.00,1.00
2016.08.26 17:36:31.213,1.54401,1.54426,1.00,1.00
2016.08.26 17:36:31.524,1.544,1.54427,1.00,1.00
2016.08.26 17:36:31.861,1.54404,1.54426,1.00,1.00
2016.08.26 17:36:34.225,1.54404,1.54427,1.00,1.00
2016.08.26 17:36:34.874,1.54404,1.54426,1.00,1.00
2016.08.26 17:36:34.976,1.54404,1.54436,1.00,1.50
2016.08.26 17:36:35.026,1.54404,1.54436,1.00,1.50
2016.08.26 17:36:36.317,1.54404,1.54436,1.00,1.50
2016.08.26 17:36:36.418,1.54404,1.54436,1.00,1.50
2016.08.26 17:36:36.861,1.54404,1.54436,1.00,1.50
2016.08.26 17:36:37.145,1.54405,1.54436,1.00,1.00
2016.08.26 17:36:37.449,1.54404,1.54426,1.00,1.00
2016.08.26 17:36:37.777,1.54404,1.54436,1.00,1.00
2016.08.26 17:36:38.830,1.54401,1.54433,1.00,1.00
2016.08.26 17:36:40.080,1.54403,1.54435,1.00,1.00
2016.08.26 17:36:40.131,1.54403,1.54435,1.00,1.00
2016.08.26 17:36:40.631,1.54403,1.54435,1.00,1.00
2016.08.26 17:36:40.798,1.54402,1.54426,1.00,1.00
2016.08.26 17:36:41.082,1.54402,1.54434,1.00,1.00
2016.08.26 17:36:41.332,1.54402,1.54426,1.00,1.00
2016.08.26 17:36:41.383,1.54399,1.54426,1.00,1.00
2016.08.26 17:36:41.565,1.54396,1.54426,1.00,1.00
2016.08.26 17:36:41.616,1.54396,1.5443,1.00,1.00
2016.08.26 17:36:41.801,1.54396,1.54426,1.00,1.00
2016.08.26 17:36:43.154,1.54396,1.54426,1.00,1.00
2016.08.26 17:36:43.656,1.54396,1.54427,1.00,1.00
2016.08.26 17:36:45.352,1.54394,1.54426,1.00,1.00
2016.08.26 17:36:45.478,1.54395,1.54426,1.00,1.00
2016.08.26 17:36:45.579,1.54394,1.54426,1.00,1.00
2016.08.26 17:36:45.630,1.54394,1.54426,1.00,1.00
2016.08.26 17:36:46.234,1.54393,1.54427,1.00,1.00
2016.08.26 17:36:49.146,1.54392,1.54424,1.00,1.00
2016.08.26 17:36:50.943,1.54392,1.54424,1.00,1.00
2016.08.26 17:36:52.454,1.5439,1.54424,1.00,1.00
2016.08.26 17:36:53.649,1.5439,1.54424,1.00,1.00
2016.08.26 17:36:53.884,1.54388,1.54421,1.00,1.00
2016.08.26 17:36:53.985,1.54387,1.54421,1.00,1.00
2016.08.26 17:36:54.159,1.54387,1.54421,1.00,1.00
2016.08.26 17:36:54.260,1.5439,1.54424,1.00,1.00
2016.08.26 17:36:55.451,1.5439,1.54424,1.00,1.00
2016.08.26 17:36:55.704,1.54388,1.54422,1.00,1.00
2016.08.26 17:36:55.754,1.54388,1.54422,1.00,1.00
2016.08.26 17:36:56.263,1.54387,1.54419,1.00,1.00
2016.08.26 17:36:56.364,1.54387,1.54419,1.00,1.00
2016.08.26 17:36:56.774,1.54385,1.54419,1.00,1.00
2016.08.26 17:36:58.198,1.54386,1.5442,1.00,1.00
2016.08.26 17:37:03.209,1.54388,1.54422,1.00,1.00
2016.08.26 17:37:03.582,1.54391,1.54423,1.00,1.00
2016.08.26 17:37:04.112,1.54392,1.54426,1.00,1.00
2016.08.26 17:37:04.611,1.54394,1.54427,1.00,1.00
2016.08.26 17:37:04.661,1.54394,1.54426,1.00,1.00
2016.08.26 17:37:04.813,1.54393,1.54425,1.00,1.00
2016.08.26 17:37:05.286,1.54395,1.54426,1.00,1.00
2016.08.26 17:37:06.216,1.54393,1.54427,1.00,1.00
2016.08.26 17:37:06.615,1.54393,1.54426,1.00,1.00
2016.08.26 17:37:06.936,1.54393,1.54427,1.00,1.50
2016.08.26 17:37:07.117,1.54393,1.54427,1.00,1.00
2016.08.26 17:37:07.349,1.54393,1.54426,1.00,1.00
2016.08.26 17:37:10.020,1.54393,1.54427,1.00,1.50
2016.08.26 17:37:12.706,1.54395,1.54427,1.00,1.50
2016.08.26 17:37:12.807,1.54394,1.54426,1.00,1.00
2016.08.26 17:37:13.539,1.54391,1.54423,1.00,1.00
2016.08.26 17:37:15.337,1.54381,1.54413,1.37,1.00
2016.08.26 17:37:15.439,1.54377,1.54409,2.25,1.00
2016.08.26 17:37:15.594,1.54377,1.54409,1.00,1.00
2016.08.26 17:37:15.645,1.54374,1.54406,1.00,1.00
2016.08.26 17:37:15.746,1.54374,1.54408,1.00,1.00
2016.08.26 17:37:15.963,1.54374,1.54407,1.00,1.00
2016.08.26 17:37:16.233,1.54374,1.54408,1.00,1.00
2016.08.26 17:37:16.570,1.54374,1.54406,1.00,1.00
2016.08.26 17:37:17.473,1.54374,1.54408,1.00,1.00
2016.08.26 17:37:18.918,1.54377,1.54411,1.00,1.00
2016.08.26 17:37:19.770,1.54376,1.5441,1.00,1.00
2016.08.26 17:37:21.053,1.54375,1.54407,1.00,1.00
2016.08.26 17:37:23.337,1.54375,1.54406,1.00,1.00
2016.08.26 17:37:27.342,1.54375,1.54407,1.00,1.00
2016.08.26 17:37:31.263,1.54376,1.5441,1.00,1.00
2016.08.26 17:37:31.477,1.54379,1.54411,1.00,1.00
2016.08.26 17:37:31.694,1.54375,1.54409,1.00,1.00
2016.08.26 17:37:31.745,1.54375,1.54409,1.00,1.00
2016.08.26 17:37:31.795,1.54369,1.54406,1.12,1.00
2016.08.26 17:37:31.898,1.54372,1.54403,1.00,1.00
2016.08.26 17:37:31.948,1.5437,1.54403,1.00,1.00
2016.08.26 17:37:32.050,1.54372,1.54404,1.00,1.00
2016.08.26 17:37:32.151,1.54372,1.54396,1.00,1.00
2016.08.26 17:37:32.252,1.54372,1.54404,1.00,1.00
2016.08.26 17:37:35.769,1.54372,1.54403,1.00,1.00
2016.08.26 17:37:36.979,1.5437,1.54403,1.00,1.00
2016.08.26 17:37:37.577,1.5437,1.54402,1.00,1.00
2016.08.26 17:37:38.328,1.54369,1.54401,1.00,1.00
2016.08.26 17:37:39.983,1.54366,1.54399,1.00,1.00
2016.08.26 17:37:40.266,1.54365,1.54397,1.50,1.00
2016.08.26 17:37:42.489,1.54365,1.54397,1.00,1.00
2016.08.26 17:37:43.223,1.54365,1.54397,1.00,1.50
2016.08.26 17:37:44.944,1.54363,1.54397,1.50,1.50
2016.08.26 17:37:45.045,1.54363,1.54396,1.50,1.00
2016.08.26 17:37:53.119,1.54363,1.54396,2.10,1.00
2016.08.26 17:37:53.266,1.54368,1.54397,1.00,1.00
2016.08.26 17:37:53.367,1.54368,1.54398,1.60,1.00
2016.08.26 17:37:53.418,1.54372,1.54404,1.00,1.00
2016.08.26 17:37:53.469,1.54375,1.54404,1.00,1.00
2016.08.26 17:37:53.519,1.54377,1.54406,1.00,1.00
2016.08.26 17:37:53.570,1.54377,1.54411,1.00,1.00
2016.08.26 17:37:53.621,1.54376,1.54409,1.50,1.00
2016.08.26 17:37:55.486,1.54377,1.54412,1.00,1.00
2016.08.26 17:37:55.821,1.54382,1.54412,1.00,1.00
2016.08.26 17:37:56.490,1.54383,1.54416,1.00,1.00
2016.08.26 17:37:56.541,1.54383,1.54416,1.00,1.50
2016.08.26 17:37:56.730,1.54376,1.54405,1.00,1.00
2016.08.26 17:37:56.783,1.54373,1.54405,1.50,1.00
2016.08.26 17:37:56.853,1.54373,1.54405,1.00,1.00
2016.08.26 17:37:56.904,1.54372,1.54403,1.00,1.00
2016.08.26 17:37:57.565,1.54373,1.54403,1.00,1.00
2016.08.26 17:37:57.620,1.54373,1.54403,1.60,1.00
2016.08.26 17:37:57.670,1.54377,1.54403,1.00,1.00
2016.08.26 17:37:57.721,1.54379,1.54411,1.00,1.00
2016.08.26 17:37:57.772,1.54379,1.54411,1.50,1.00
2016.08.26 17:37:57.901,1.54382,1.54413,1.00,1.00
2016.08.26 17:38:01.231,1.54379,1.54408,1.00,1.00
2016.08.26 17:38:01.389,1.54374,1.54408,1.87,1.00
2016.08.26 17:38:01.494,1.54375,1.54408,1.00,1.00
2016.08.26 17:38:01.797,1.54375,1.54404,1.00,1.00
2016.08.26 17:38:02.596,1.54374,1.54404,1.00,1.00
2016.08.26 17:38:03.928,1.54375,1.54406,1.00,1.50
2016.08.26 17:38:03.979,1.54375,1.54406,1.00,1.00
2016.08.26 17:38:04.131,1.54377,1.54409,1.00,1.00
2016.08.26 17:38:04.181,1.54377,1.54409,1.50,1.00
2016.08.26 17:38:04.548,1.54377,1.54411,1.50,1.00
2016.08.26 17:38:05.404,1.54377,1.54409,1.50,1.00
2016.08.26 17:38:07.090,1.54373,1.54407,1.00,1.50
2016.08.26 17:38:07.141,1.54373,1.54404,1.00,1.00
2016.08.26 17:38:07.444,1.5437,1.54402,1.50,1.00
2016.08.26 17:38:09.553,1.5437,1.54404,1.50,1.00
2016.08.26 17:38:09.812,1.54372,1.54404,1.00,1.00
2016.08.26 17:38:11.190,1.54373,1.54404,1.00,1.00
2016.08.26 17:38:15.339,1.54374,1.54404,1.00,1.00
2016.08.26 17:38:16.545,1.54373,1.54404,1.00,1.00
2016.08.26 17:38:18.048,1.54373,1.5441,2.10,1.00
2016.08.26 17:38:18.251,1.54381,1.54414,1.00,1.12
2016.08.26 17:38:18.301,1.54381,1.54414,1.00,1.00
2016.08.26 17:38:22.436,1.5438,1.54414,1.00,1.00
2016.08.26 17:38:24.298,1.54382,1.54414,1.00,1.00
2016.08.26 17:38:42.471,1.54382,1.54414,1.50,1.00
2016.08.26 17:38:42.563,1.54386,1.54416,1.50,1.00
2016.08.26 17:38:42.614,1.54386,1.54416,1.00,1.00
2016.08.26 17:38:42.917,1.54386,1.54415,1.00,1.00
2016.08.26 17:38:43.467,1.54385,1.54415,1.00,1.00
2016.08.26 17:38:45.587,1.54385,1.54417,1.50,1.00
2016.08.26 17:38:45.688,1.54387,1.54419,1.00,1.00
2016.08.26 17:38:46.036,1.54389,1.54419,1.00,1.00
2016.08.26 17:38:46.590,1.54389,1.54415,1.00,1.00
2016.08.26 17:38:46.704,1.54385,1.54415,1.00,1.00
2016.08.26 17:38:46.809,1.54385,1.54413,1.00,1.00
2016.08.26 17:38:48.082,1.54385,1.54414,1.00,1.00
2016.08.26 17:38:50.531,1.54382,1.54414,1.50,1.00
2016.08.26 17:38:53.283,1.54382,1.54413,1.00,1.00
2016.08.26 17:38:53.449,1.5437,1.54404,2.10,1.00
2016.08.26 17:38:53.500,1.5437,1.54396,1.60,1.00
2016.08.26 17:38:53.551,1.54369,1.54396,3.60,1.00
2016.08.26 17:38:53.702,1.54369,1.544,3.60,1.00
2016.08.26 17:38:53.805,1.54369,1.54398,2.85,1.00
2016.08.26 17:38:53.855,1.54369,1.54398,1.00,1.00
2016.08.26 17:38:54.320,1.54375,1.54406,1.00,1.37
2016.08.26 17:38:54.370,1.54375,1.54406,1.00,1.00
2016.08.26 17:38:54.449,1.54373,1.54406,1.00,1.50
2016.08.26 17:38:54.499,1.54372,1.54404,1.00,1.00
2016.08.26 17:38:55.353,1.54374,1.54404,1.00,1.00
2016.08.26 17:38:55.404,1.54374,1.54406,1.50,1.00
2016.08.26 17:38:55.622,1.54374,1.54408,1.50,1.00
2016.08.26 17:38:55.723,1.54375,1.54409,1.00,1.00
2016.08.26 17:38:55.825,1.54375,1.54406,1.00,1.00
2016.08.26 17:38:57.311,1.54373,1.54405,1.00,1.00
2016.08.26 17:38:57.615,1.54375,1.54406,1.50,1.00
2016.08.26 17:38:57.666,1.54375,1.54408,1.50,1.00
2016.08.26 17:39:00.160,1.54376,1.54408,1.00,1.00
2016.08.26 17:39:00.210,1.54386,1.54412,1.00,1.00
2016.08.26 17:39:00.261,1.54391,1.54425,1.00,1.75
2016.08.26 17:39:00.312,1.54391,1.54421,1.00,1.75
2016.08.26 17:39:00.362,1.5439,1.54421,1.50,1.00
2016.08.26 17:39:00.522,1.54389,1.54427,1.00,1.00
2016.08.26 17:39:01.042,1.54391,1.54427,1.00,1.00
2016.08.26 17:39:02.328,1.54391,1.54426,1.00,1.00
2016.08.26 17:39:02.530,1.54392,1.54424,1.00,1.00
2016.08.26 17:39:04.735,1.54395,1.54427,1.00,1.00
2016.08.26 17:39:04.836,1.54395,1.54428,1.00,1.00
2016.08.26 17:39:05.039,1.54393,1.54426,1.00,1.00
2016.08.26 17:39:05.169,1.54393,1.54426,1.00,1.00
2016.08.26 17:39:05.535,1.54393,1.54423,1.00,1.00
2016.08.26 17:39:05.638,1.54393,1.54427,1.00,1.00
2016.08.26 17:39:05.739,1.54396,1.54428,1.50,1.00
2016.08.26 17:39:05.840,1.54397,1.54431,1.00,1.50
2016.08.26 17:39:05.891,1.54397,1.54431,1.00,1.00
2016.08.26 17:39:05.942,1.54399,1.54431,1.00,1.00
2016.08.26 17:39:06.144,1.54404,1.54437,1.00,1.00
2016.08.26 17:39:07.019,1.54404,1.54433,1.00,1.00
2016.08.26 17:39:07.070,1.544,1.54433,1.00,1.00
2016.08.26 17:39:07.121,1.54401,1.54435,1.00,1.00
2016.08.26 17:39:07.171,1.54403,1.54435,1.00,1.00
2016.08.26 17:39:07.515,1.54406,1.54437,1.00,1.00
2016.08.26 17:39:09.249,1.54403,1.54434,1.00,1.00
2016.08.26 17:39:10.404,1.54403,1.54435,1.50,1.00
2016.08.26 17:39:11.104,1.54406,1.54439,1.00,1.00
2016.08.26 17:39:11.205,1.54407,1.54439,1.50,1.00
2016.08.26 17:39:14.209,1.54408,1.5444,1.00,1.00
2016.08.26 17:39:14.872,1.54407,1.54439,1.00,1.00
2016.08.26 17:39:18.514,1.54407,1.54446,1.00,1.00
2016.08.26 17:39:18.565,1.54407,1.54447,1.00,1.50
2016.08.26 17:39:18.643,1.54407,1.54447,1.00,1.00
2016.08.26 17:39:18.694,1.54414,1.54447,1.00,1.00
2016.08.26 17:39:18.745,1.54414,1.54445,1.00,1.00
2016.08.26 17:39:24.868,1.54413,1.54445,1.00,1.00
2016.08.26 17:39:25.416,1.54412,1.54445,1.00,1.00
2016.08.26 17:39:25.618,1.5441,1.54442,1.00,1.00
2016.08.26 17:39:27.526,1.5441,1.54443,1.00,1.00
2016.08.26 17:39:27.628,1.5441,1.54443,1.50,1.00
2016.08.26 17:39:27.729,1.54411,1.54443,1.00,1.00
2016.08.26 17:39:28.004,1.54411,1.54445,1.00,1.00
2016.08.26 17:39:28.996,1.54413,1.54445,1.00,1.00
2016.08.26 17:39:29.098,1.54413,1.54445,1.00,1.00
2016.08.26 17:39:29.354,1.54413,1.54445,1.00,1.00
2016.08.26 17:39:30.457,1.54413,1.54442,1.00,1.00
2016.08.26 17:39:30.599,1.5441,1.54442,1.50,1.00
2016.08.26 17:39:31.626,1.5441,1.54442,1.00,1.00
2016.08.26 17:39:31.692,1.54409,1.54441,1.50,1.00
2016.08.26 17:39:33.313,1.5441,1.54441,1.00,1.00
2016.08.26 17:39:34.110,1.54409,1.54441,1.00,1.00
2016.08.26 17:39:35.636,1.54407,1.54441,1.00,1.00
2016.08.26 17:39:39.013,1.54408,1.54441,1.00,1.00
2016.08.26 17:39:39.822,1.54407,1.54441,1.50,1.00
2016.08.26 17:39:39.872,1.54412,1.54444,1.00,1.00
2016.08.26 17:39:40.084,1.54408,1.54442,1.50,1.00
2016.08.26 17:39:40.348,1.54408,1.54436,1.00,1.00
2016.08.26 17:39:40.449,1.54406,1.5444,1.00,1.00
2016.08.26 17:39:40.652,1.54401,1.54433,1.50,1.00
2016.08.26 17:39:40.753,1.54399,1.54431,1.00,1.00
2016.08.26 17:39:40.997,1.54398,1.54429,1.00,1.00
2016.08.26 17:39:41.631,1.54397,1.54429,1.00,1.00
2016.08.26 17:39:43.070,1.54414,1.54436,1.00,1.00
2016.08.26 17:39:43.170,1.54417,1.54436,1.00,1.00
2016.08.26 17:39:43.360,1.54417,1.54452,1.00,1.60
2016.08.26 17:39:44.257,1.54417,1.54452,1.00,1.00
2016.08.26 17:39:48.254,1.54418,1.54451,1.00,1.00
2016.08.26 17:39:48.854,1.5442,1.54451,1.00,1.00
2016.08.26 17:39:50.672,1.54417,1.54451,1.00,1.00
2016.08.26 17:39:51.958,1.5442,1.5445,1.00,1.00
2016.08.26 17:39:52.777,1.54421,1.54452,1.00,1.00
2016.08.26 17:39:54.862,1.54419,1.54449,1.50,1.00
2016.08.26 17:39:54.963,1.54419,1.54449,1.00,1.00
2016.08.26 17:39:55.081,1.54417,1.54449,1.00,1.00
2016.08.26 17:39:55.733,1.54416,1.54448,1.00,1.00
2016.08.26 17:39:59.172,1.54419,1.54449,1.00,1.00
2016.08.26 17:39:59.741,1.54419,1.5445,1.00,1.00
2016.08.26 17:40:00.368,1.54418,1.54448,1.00,1.00
2016.08.26 17:40:00.594,1.54419,1.5445,1.00,1.00
2016.08.26 17:40:01.994,1.5442,1.5445,1.00,1.00
2016.08.26 17:40:02.815,1.54417,1.54447,1.00,1.00
2016.08.26 17:40:02.916,1.54413,1.54446,1.50,1.00
2016.08.26 17:40:03.017,1.54413,1.54442,1.00,1.00
2016.08.26 17:40:03.068,1.54412,1.54442,1.00,1.00
2016.08.26 17:40:03.118,1.54404,1.54434,1.00,1.00
2016.08.26 17:40:03.220,1.544,1.54433,1.87,1.00
2016.08.26 17:40:03.304,1.544,1.54433,1.00,1.00
2016.08.26 17:40:04.518,1.544,1.5443,1.00,1.00
2016.08.26 17:40:04.672,1.544,1.54432,1.00,1.00
2016.08.26 17:40:05.673,1.54399,1.54429,1.00,1.00
2016.08.26 17:40:09.278,1.54399,1.54431,1.00,1.00
2016.08.26 17:40:15.125,1.54397,1.54418,1.00,1.00
2016.08.26 17:40:15.175,1.54388,1.54418,1.50,1.00
2016.08.26 17:40:15.226,1.54388,1.54408,1.00,1.00
2016.08.26 17:40:15.276,1.54373,1.54408,2.70,1.00
2016.08.26 17:40:15.327,1.54364,1.54395,1.00,1.00
2016.08.26 17:40:15.378,1.54363,1.54395,1.20,1.00
2016.08.26 17:40:15.516,1.54362,1.54392,1.00,1.00
2016.08.26 17:40:21.135,1.54358,1.5439,1.00,1.00
2016.08.26 17:40:21.293,1.54361,1.54393,1.00,1.00
2016.08.26 17:40:23.032,1.54363,1.54393,1.00,1.00
2016.08.26 17:40:23.566,1.54362,1.54392,1.00,1.00
2016.08.26 17:40:23.888,1.54359,1.54389,1.00,1.00
2016.08.26 17:40:23.939,1.54361,1.54393,1.00,1.00
2016.08.26 17:40:25.621,1.54365,1.54397,1.00,1.00
2016.08.26 17:40:25.834,1.54365,1.54397,1.35,1.50
2016.08.26 17:40:25.935,1.54365,1.54397,1.35,1.00
2016.08.26 17:40:26.036,1.54365,1.54397,1.35,1.50
2016.08.26 17:40:26.137,1.54365,1.54397,1.35,1.00
2016.08.26 17:40:26.826,1.54365,1.54397,1.35,1.50
2016.08.26 17:40:26.927,1.54365,1.54397,1.00,1.50
2016.08.26 17:40:27.028,1.54364,1.54394,1.50,1.00
2016.08.26 17:40:27.241,1.54364,1.54394,1.00,1.00
2016.08.26 17:40:28.515,1.54364,1.54394,1.35,1.00
2016.08.26 17:40:29.434,1.54365,1.54397,1.00,1.50
2016.08.26 17:40:29.845,1.54367,1.54397,1.00,1.00
2016.08.26 17:40:29.946,1.54369,1.54399,1.00,1.00
2016.08.26 17:40:31.111,1.5437,1.544,1.00,1.00
2016.08.26 17:40:31.517,1.54371,1.54403,1.50,1.00
2016.08.26 17:40:31.618,1.54372,1.54404,1.00,1.00
2016.08.26 17:40:31.736,1.54371,1.54404,1.50,1.00
2016.08.26 17:40:31.846,1.54375,1.54404,1.00,1.00
2016.08.26 17:40:32.411,1.54375,1.54405,1.50,1.00
2016.08.26 17:40:32.461,1.54375,1.54405,1.50,1.00
2016.08.26 17:40:32.512,1.54378,1.54406,1.00,1.00
2016.08.26 17:40:32.563,1.54378,1.54408,1.00,1.00
2016.08.26 17:40:32.613,1.54377,1.54407,1.00,1.00
2016.08.26 17:40:32.846,1.54376,1.54407,1.50,1.00
2016.08.26 17:40:33.805,1.54377,1.54407,1.00,1.00
2016.08.26 17:40:34.629,1.54376,1.54407,1.50,1.00
2016.08.26 17:40:35.716,1.54378,1.54409,1.00,1.00
2016.08.26 17:40:37.062,1.54377,1.54406,1.00,1.00
2016.08.26 17:40:37.230,1.54375,1.54408,1.35,1.00
2016.08.26 17:40:37.331,1.54378,1.54411,1.00,1.50
2016.08.26 17:40:37.382,1.54378,1.54411,1.00,1.00
2016.08.26 17:40:37.432,1.54379,1.54416,1.50,1.50
2016.08.26 17:40:37.483,1.54379,1.54417,1.50,1.75
2016.08.26 17:40:37.534,1.54388,1.5442,1.00,1.00
2016.08.26 17:40:37.584,1.54388,1.54421,1.00,1.00
2016.08.26 17:40:37.905,1.54385,1.54415,1.00,1.00
2016.08.26 17:40:38.712,1.54384,1.54415,1.00,1.00
2016.08.26 17:40:39.122,1.54385,1.54418,1.00,1.00
2016.08.26 17:40:39.464,1.54387,1.54417,1.00,1.00
2016.08.26 17:40:40.231,1.54391,1.54423,1.00,1.00
2016.08.26 17:40:40.332,1.54393,1.54424,1.00,1.00
2016.08.26 17:40:40.534,1.54394,1.54426,1.00,1.00
2016.08.26 17:40:41.057,1.54393,1.54424,1.00,1.00
2016.08.26 17:40:41.259,1.54383,1.54415,1.50,1.00
2016.08.26 17:40:42.129,1.54383,1.54414,1.00,1.00
2016.08.26 17:40:42.433,1.54381,1.5441,1.00,1.00
2016.08.26 17:40:42.534,1.54382,1.54413,1.00,1.00
2016.08.26 17:40:44.428,1.54384,1.54413,1.00,1.00
2016.08.26 17:40:44.478,1.54388,1.54418,1.00,1.00
2016.08.26 17:40:44.630,1.54388,1.54416,1.00,1.00
2016.08.26 17:40:44.705,1.54384,1.54416,1.00,1.50
2016.08.26 17:40:44.863,1.54383,1.54416,1.00,1.00
2016.08.26 17:40:45.464,1.54383,1.54416,1.00,1.00
2016.08.26 17:40:46.887,1.54381,1.54408,1.00,1.00
2016.08.26 17:40:46.937,1.54376,1.54406,1.00,1.00
2016.08.26 17:40:47.039,1.54372,1.54402,1.00,1.00
2016.08.26 17:40:47.379,1.5438,1.5441,1.00,1.00
2016.08.26 17:40:47.481,1.54381,1.54414,1.00,1.50
2016.08.26 17:40:47.532,1.54381,1.54414,1.00,1.37
2016.08.26 17:40:47.582,1.54381,1.54413,1.00,1.00
2016.08.26 17:40:48.345,1.54382,1.54413,1.00,1.00
2016.08.26 17:40:48.427,1.54382,1.54415,1.50,1.00
2016.08.26 17:40:49.778,1.54382,1.54415,1.00,1.00
2016.08.26 17:40:50.745,1.5438,1.54413,1.00,1.00
2016.08.26 17:40:54.864,1.54384,1.54414,1.00,1.00
2016.08.26 17:40:54.965,1.54386,1.54417,1.00,1.00
2016.08.26 17:40:58.760,1.54384,1.54415,1.00,1.00
2016.08.26 17:40:58.863,1.54381,1.54411,1.50,1.00
2016.08.26 17:40:58.964,1.54383,1.54415,1.50,1.00
2016.08.26 17:40:59.066,1.54386,1.54418,1.00,1.00
2016.08.26 17:40:59.167,1.54386,1.54418,1.50,1.00
2016.08.26 17:40:59.540,1.54388,1.54421,1.00,1.00
2016.08.26 17:41:03.002,1.54388,1.54421,1.50,1.00
2016.08.26 17:41:03.279,1.54393,1.54423,1.00,1.00
2016.08.26 17:41:04.276,1.54396,1.54427,1.00,1.00
2016.08.26 17:41:04.975,1.54395,1.54425,1.00,1.00
2016.08.26 17:41:05.078,1.54392,1.54424,1.00,1.00
2016.08.26 17:41:05.179,1.54395,1.54425,1.00,1.00
2016.08.26 17:41:05.793,1.54394,1.54424,1.00,1.00
2016.08.26 17:41:06.005,1.5439,1.54422,1.00,1.00
2016.08.26 17:41:06.106,1.54395,1.54425,1.00,1.00
2016.08.26 17:41:06.208,1.54395,1.54425,1.00,1.00
2016.08.26 17:41:06.410,1.54392,1.54425,1.00,1.00
2016.08.26 17:41:06.511,1.54394,1.54425,1.00,1.00
2016.08.26 17:41:07.985,1.54394,1.54424,1.00,1.00
2016.08.26 17:41:08.409,1.54395,1.54426,1.00,1.00
2016.08.26 17:41:08.511,1.5439,1.54422,1.00,1.00
2016.08.26 17:41:13.084,1.54388,1.54419,1.00,1.00
2016.08.26 17:41:13.295,1.54386,1.5442,1.00,1.00
2016.08.26 17:41:13.396,1.54386,1.54419,1.50,1.00
2016.08.26 17:41:13.497,1.5439,1.54421,1.00,1.00
2016.08.26 17:41:14.186,1.54388,1.54419,1.00,1.00
2016.08.26 17:41:14.387,1.54389,1.54422,1.00,1.00
2016.08.26 17:41:14.488,1.54392,1.54422,1.00,1.00
2016.08.26 17:41:15.524,1.54386,1.54393,1.00,1.00
2016.08.26 17:41:15.626,1.54384,1.54395,1.00,1.12
2016.08.26 17:41:15.727,1.54383,1.54396,1.00,1.50
2016.08.26 17:41:15.828,1.54368,1.54396,1.00,2.10
2016.08.26 17:41:15.879,1.54348,1.54396,1.12,2.85
2016.08.26 17:41:15.930,1.54348,1.54396,1.12,2.85
2016.08.26 17:41:15.998,1.54348,1.54392,1.12,1.60
2016.08.26 17:41:16.048,1.54348,1.54392,1.12,1.00
2016.08.26 17:41:16.099,1.54348,1.54397,1.12,2.25
2016.08.26 17:41:16.184,1.54349,1.54397,1.00,2.25
2016.08.26 17:41:16.285,1.54349,1.54396,1.00,1.50
2016.08.26 17:41:16.451,1.54353,1.54397,1.00,1.75
2016.08.26 17:41:17.704,1.54356,1.54393,1.00,1.00
2016.08.26 17:41:19.788,1.5436,1.5439,1.00,1.00
2016.08.26 17:41:21.012,1.54357,1.5439,1.00,1.00
2016.08.26 17:41:21.499,1.54357,1.54387,1.00,1.00
2016.08.26 17:41:21.802,1.54355,1.54385,1.00,1.00
2016.08.26 17:41:22.695,1.5436,1.5439,1.00,1.00
2016.08.26 17:41:22.827,1.54365,1.54397,1.00,2.25
2016.08.26 17:41:22.879,1.54365,1.54397,1.00,1.37
2016.08.26 17:41:22.930,1.5437,1.544,1.00,1.00
2016.08.26 17:41:23.031,1.54372,1.54403,1.00,1.00
2016.08.26 17:41:23.697,1.5437,1.54403,1.00,1.00
2016.08.26 17:41:23.798,1.54367,1.54397,1.00,1.00
2016.08.26 17:41:24.436,1.54365,1.54399,1.00,1.00
2016.08.26 17:41:24.638,1.54365,1.54395,1.00,1.00
2016.08.26 17:41:24.787,1.54365,1.54395,1.00,1.00
2016.08.26 17:41:25.242,1.54361,1.54393,1.00,1.00
2016.08.26 17:41:25.605,1.54363,1.54393,1.00,1.00
2016.08.26 17:41:28.320,1.54359,1.54389,1.00,1.00
2016.08.26 17:41:29.654,1.54358,1.54388,1.00,1.00
2016.08.26 17:41:29.846,1.54354,1.54386,1.00,1.00
2016.08.26 17:41:30.254,1.54352,1.54384,1.00,1.00
2016.08.26 17:41:32.920,1.54355,1.54387,1.00,1.00
2016.08.26 17:41:33.583,1.54354,1.54388,1.00,1.00
2016.08.26 17:41:33.684,1.54346,1.5438,1.50,1.00
2016.08.26 17:41:33.734,1.54348,1.54382,1.00,1.00
2016.08.26 17:41:34.078,1.54346,1.54376,1.00,1.00
2016.08.26 17:41:35.852,1.54348,1.54376,1.00,1.00
2016.08.26 17:41:36.370,1.54346,1.54377,1.00,1.50
2016.08.26 17:41:36.911,1.54345,1.54377,1.00,1.50
2016.08.26 17:41:38.538,1.54347,1.54377,1.00,1.50
2016.08.26 17:41:38.589,1.54347,1.54377,1.00,1.00
2016.08.26 17:41:39.858,1.54347,1.54378,1.00,1.00
2016.08.26 17:41:40.865,1.54348,1.54382,1.00,1.00
2016.08.26 17:41:40.966,1.54354,1.54387,1.00,1.00
2016.08.26 17:41:42.038,1.54353,1.54385,1.00,1.00
2016.08.26 17:41:42.190,1.5435,1.54383,1.12,1.00
2016.08.26 17:41:42.241,1.54351,1.54384,1.00,1.00
2016.08.26 17:41:42.671,1.54359,1.54389,1.00,1.00
2016.08.26 17:41:44.769,1.54357,1.54389,1.00,1.00
2016.08.26 17:41:45.912,1.54356,1.54389,1.00,1.00
2016.08.26 17:41:46.430,1.54356,1.54388,1.00,1.00
2016.08.26 17:41:46.946,1.54355,1.54387,1.00,1.00
2016.08.26 17:41:47.977,1.54356,1.54388,1.00,1.00
2016.08.26 17:41:48.078,1.54358,1.5439,1.00,1.00
2016.08.26 17:41:48.180,1.54356,1.5439,1.00,1.00
2016.08.26 17:41:48.281,1.5436,1.54391,1.00,1.00
2016.08.26 17:41:48.382,1.5436,1.54391,1.00,1.00
2016.08.26 17:41:50.784,1.54356,1.54388,1.00,1.00
2016.08.26 17:41:51.110,1.54358,1.5439,1.00,1.00
2016.08.26 17:41:54.370,1.5436,1.5439,1.00,1.00
2016.08.26 17:41:54.421,1.5436,1.5439,1.00,1.00
2016.08.26 17:41:54.743,1.54347,1.54389,1.50,2.10
2016.08.26 17:41:54.814,1.54346,1.54379,1.00,1.00
2016.08.26 17:41:55.141,1.54345,1.54375,1.00,1.00
2016.08.26 17:41:55.773,1.54343,1.54373,1.00,1.00
2016.08.26 17:42:04.486,1.54344,1.54374,1.00,1.00
2016.08.26 17:42:05.369,1.54344,1.54374,1.00,1.60
2016.08.26 17:42:05.419,1.54332,1.54357,1.37,1.00
2016.08.26 17:42:05.470,1.54326,1.54357,1.87,1.00
2016.08.26 17:42:05.521,1.54326,1.54353,1.00,1.00
2016.08.26 17:42:05.571,1.54322,1.54353,1.00,1.00
2016.08.26 17:42:05.723,1.54319,1.54353,1.12,1.00
2016.08.26 17:42:05.824,1.54319,1.54353,1.00,1.00
2016.08.26 17:42:05.925,1.54319,1.54351,1.00,1.00
2016.08.26 17:42:06.314,1.54321,1.54353,1.00,1.00
2016.08.26 17:42:06.420,1.54322,1.54355,1.00,1.00
2016.08.26 17:42:07.141,1.54323,1.54355,1.00,1.00
2016.08.26 17:42:07.369,1.54328,1.54358,1.00,1.00
2016.08.26 17:42:07.420,1.54324,1.54358,1.00,1.00
2016.08.26 17:42:07.622,1.54323,1.54356,1.00,1.00
2016.08.26 17:42:08.601,1.54328,1.5436,1.00,1.12
2016.08.26 17:42:08.652,1.54328,1.5436,1.00,1.12
2016.08.26 17:42:09.916,1.54325,1.54349,1.00,1.00
2016.08.26 17:42:09.967,1.54319,1.54349,1.00,1.00
2016.08.26 17:42:10.017,1.54315,1.54331,1.00,1.00
2016.08.26 17:42:10.068,1.54305,1.54331,1.20,1.00
2016.08.26 17:42:10.118,1.54305,1.54333,1.20,1.00
2016.08.26 17:42:10.169,1.54297,1.54333,2.62,1.00
2016.08.26 17:42:10.220,1.54296,1.54326,2.25,1.00
2016.08.26 17:42:10.271,1.54292,1.54325,1.00,1.00
2016.08.26 17:42:10.321,1.54284,1.54325,1.37,1.37
2016.08.26 17:42:10.372,1.54284,1.54325,1.00,1.37
2016.08.26 17:42:10.708,1.54284,1.54327,1.00,1.75
2016.08.26 17:42:10.809,1.54284,1.54326,1.00,1.50
2016.08.26 17:42:11.735,1.54285,1.54324,1.00,1.12
2016.08.26 17:42:12.802,1.5429,1.5432,1.00,1.00
2016.08.26 17:42:13.203,1.54287,1.54319,1.00,1.00
2016.08.26 17:42:15.574,1.54287,1.54319,1.50,1.00
2016.08.26 17:42:15.625,1.5429,1.54322,1.00,1.00
2016.08.26 17:42:16.358,1.5429,1.5432,1.00,1.00
2016.08.26 17:42:18.361,1.54287,1.54319,1.50,1.00
2016.08.26 17:42:18.412,1.54287,1.54319,1.00,1.00
2016.08.26 17:42:27.674,1.54289,1.54319,1.00,1.00
2016.08.26 17:42:31.723,1.54289,1.54319,1.35,1.00
2016.08.26 17:42:31.824,1.54291,1.54319,1.00,1.00
2016.08.26 17:42:31.912,1.54291,1.54323,1.00,1.00
2016.08.26 17:42:31.962,1.54294,1.54325,1.00,1.00
2016.08.26 17:42:35.032,1.54293,1.54325,1.00,1.00
2016.08.26 17:42:35.234,1.5429,1.54323,1.50,1.00
2016.08.26 17:42:35.335,1.5429,1.54323,1.00,1.00
2016.08.26 17:42:35.693,1.54288,1.54318,1.00,1.00
2016.08.26 17:42:36.260,1.54289,1.54319,1.00,1.00
2016.08.26 17:42:40.389,1.54292,1.54322,1.00,1.00
2016.08.26 17:42:41.446,1.5429,1.54322,1.00,1.00
2016.08.26 17:42:42.015,1.5429,1.54322,1.60,1.00
2016.08.26 17:42:42.143,1.54303,1.54322,1.00,1.00
2016.08.26 17:42:42.244,1.54308,1.5434,1.00,1.00
2016.08.26 17:42:42.598,1.54311,1.54343,1.00,1.00
2016.08.26 17:42:48.723,1.54315,1.54346,1.00,1.00
2016.08.26 17:42:49.148,1.54315,1.54347,1.00,1.00
2016.08.26 17:42:49.499,1.54318,1.54348,1.00,1.00
2016.08.26 17:42:50.963,1.5432,1.5435,1.00,1.00
2016.08.26 17:42:52.400,1.5432,1.54353,1.00,1.12
2016.08.26 17:42:55.202,1.54323,1.54354,1.00,1.00
2016.08.26 17:42:58.260,1.54323,1.54354,1.00,1.00
2016.08.26 17:42:58.311,1.54319,1.54349,1.00,1.00
2016.08.26 17:42:58.361,1.54319,1.54349,1.00,1.00
2016.08.26 17:42:58.614,1.54317,1.54347,1.00,1.00
2016.08.26 17:42:59.988,1.54313,1.54345,1.00,1.00
2016.08.26 17:43:00.276,1.54313,1.54345,1.00,1.00
2016.08.26 17:43:01.210,1.5431,1.54342,1.00,1.00
2016.08.26 17:43:01.387,1.54312,1.54342,1.00,1.00
2016.08.26 17:43:02.261,1.54312,1.54342,1.00,1.00
2016.08.26 17:43:02.413,1.54306,1.54337,1.00,1.00
2016.08.26 17:43:03.592,1.54306,1.54339,1.00,1.00
2016.08.26 17:43:03.915,1.54306,1.54336,1.00,1.00
2016.08.26 17:43:10.201,1.54306,1.54339,1.00,1.00
2016.08.26 17:43:10.302,1.54311,1.54341,1.00,1.00
2016.08.26 17:43:10.707,1.54313,1.54345,1.00,1.00
2016.08.26 17:43:12.811,1.54316,1.54347,1.00,1.00
2016.08.26 17:43:13.336,1.54315,1.54348,1.00,1.00
2016.08.26 17:43:15.588,1.54315,1.54348,1.00,1.00
2016.08.26 17:43:15.765,1.54312,1.54343,1.00,1.00
2016.08.26 17:43:16.048,1.5431,1.54341,1.00,1.00
2016.08.26 17:43:16.416,1.54309,1.54341,1.00,1.00
2016.08.26 17:43:16.930,1.54306,1.5434,1.00,1.00
2016.08.26 17:43:17.141,1.54306,1.5434,1.00,1.00
2016.08.26 17:43:18.720,1.54306,1.54339,1.00,1.00
2016.08.26 17:43:25.938,1.54306,1.54337,1.00,1.00
2016.08.26 17:43:26.663,1.54317,1.54349,1.00,1.75
2016.08.26 17:43:26.714,1.54317,1.54349,1.00,1.75
2016.08.26 17:43:26.765,1.54321,1.54352,1.00,1.00
2016.08.26 17:43:35.283,1.54323,1.54354,1.00,1.00
2016.08.26 17:43:43.985,1.54321,1.54353,1.00,1.00
2016.08.26 17:43:51.074,1.54322,1.54354,1.00,1.00
2016.08.26 17:43:51.747,1.54322,1.54354,1.00,1.00
2016.08.26 17:43:51.797,1.54322,1.54362,1.00,1.75
2016.08.26 17:43:51.848,1.54322,1.54362,1.00,1.75
2016.08.26 17:43:51.899,1.5433,1.54363,1.00,1.00
2016.08.26 17:43:52.000,1.54325,1.54357,1.00,1.00
2016.08.26 17:43:52.076,1.54325,1.54357,1.00,1.00
2016.08.26 17:43:52.128,1.54314,1.54359,3.75,1.00
2016.08.26 17:43:52.179,1.54314,1.54359,1.37,1.37
2016.08.26 17:43:52.229,1.54313,1.54353,1.50,1.00
2016.08.26 17:43:52.394,1.54313,1.54353,1.00,1.00
2016.08.26 17:43:53.085,1.54315,1.54347,1.00,1.00
2016.08.26 17:43:53.423,1.54317,1.54348,1.00,1.00
2016.08.26 17:43:56.003,1.5431,1.54342,1.00,1.00
2016.08.26 17:43:56.104,1.54313,1.54348,1.00,1.00
2016.08.26 17:43:56.156,1.54313,1.54348,1.00,1.00
2016.08.26 17:43:56.206,1.54315,1.54347,1.00,1.00
2016.08.26 17:44:03.743,1.54315,1.54345,1.00,1.00
2016.08.26 17:44:04.513,1.54315,1.54347,1.00,1.00
2016.08.26 17:44:06.121,1.54315,1.54349,1.00,1.00
2016.08.26 17:44:10.754,1.54315,1.54345,1.00,1.00
2016.08.26 17:44:11.381,1.54318,1.5435,1.00,1.00
2016.08.26 17:44:11.482,1.54322,1.54355,1.00,1.75
2016.08.26 17:44:11.533,1.54322,1.54355,1.00,1.00
2016.08.26 17:44:11.583,1.54326,1.54357,1.00,1.00
2016.08.26 17:44:12.049,1.54323,1.54355,1.00,1.00
2016.08.26 17:44:13.449,1.54329,1.54359,1.00,1.00
2016.08.26 17:44:13.551,1.5433,1.54362,1.00,1.00
2016.08.26 17:44:13.652,1.54331,1.54364,1.00,1.00
2016.08.26 17:44:13.880,1.54329,1.54362,1.00,1.00
2016.08.26 17:44:13.981,1.5433,1.54363,1.00,1.00
2016.08.26 17:44:14.496,1.54329,1.54363,1.00,1.00
2016.08.26 17:44:16.963,1.5433,1.54366,1.00,1.00
2016.08.26 17:44:18.516,1.5433,1.54366,1.00,1.00
2016.08.26 17:44:19.214,1.5433,1.54366,1.00,1.00
2016.08.26 17:44:19.570,1.54333,1.54363,1.00,1.00
2016.08.26 17:44:19.776,1.54331,1.54363,1.00,1.00
2016.08.26 17:44:21.165,1.54329,1.54363,1.00,1.00
2016.08.26 17:44:22.602,1.54334,1.54365,1.00,1.00
2016.08.26 17:44:22.868,1.54334,1.54365,1.50,1.00
2016.08.26 17:44:24.388,1.54334,1.54365,1.00,1.00
2016.08.26 17:44:24.554,1.54333,1.54365,1.00,1.00
2016.08.26 17:44:24.975,1.54328,1.54358,1.00,1.00
2016.08.26 17:44:25.077,1.54328,1.54358,1.00,1.00
2016.08.26 17:44:25.127,1.54332,1.54364,1.00,1.00
2016.08.26 17:44:25.178,1.54332,1.54364,1.00,1.00
2016.08.26 17:44:25.481,1.54332,1.54362,1.00,1.00
2016.08.26 17:44:26.033,1.5433,1.5436,1.00,1.00
2016.08.26 17:44:26.235,1.54327,1.54358,1.00,1.00
2016.08.26 17:44:27.037,1.54329,1.54361,1.00,1.00
2016.08.26 17:44:27.117,1.54329,1.54361,1.00,1.00
2016.08.26 17:44:30.104,1.5433,1.54363,1.00,1.00
2016.08.26 17:44:30.537,1.54332,1.54363,1.00,1.00
2016.08.26 17:44:32.631,1.54332,1.54365,1.00,1.00
2016.08.26 17:44:33.902,1.54331,1.54365,1.00,1.00
2016.08.26 17:44:34.463,1.54332,1.54366,1.00,1.00
2016.08.26 17:44:36.105,1.54333,1.54363,1.00,1.00
2016.08.26 17:44:36.706,1.54331,1.54365,1.00,1.00
2016.08.26 17:44:36.939,1.54331,1.54363,1.00,1.00
2016.08.26 17:44:38.135,1.54331,1.54365,1.00,1.00
2016.08.26 17:44:39.141,1.54332,1.54364,1.00,1.00
2016.08.26 17:44:42.323,1.54333,1.54363,1.00,1.00
2016.08.26 17:44:42.420,1.54331,1.54364,1.00,1.00
2016.08.26 17:44:42.734,1.54332,1.54366,1.00,1.00
2016.08.26 17:44:43.939,1.5434,1.54373,1.00,1.37
2016.08.26 17:44:43.989,1.5434,1.54373,1.00,1.00
2016.08.26 17:44:44.162,1.54338,1.54371,1.00,1.00
2016.08.26 17:44:44.918,1.54338,1.54368,1.00,1.00
2016.08.26 17:44:46.261,1.54338,1.5437,1.00,1.00
2016.08.26 17:44:46.920,1.54337,1.54371,1.00,1.00
2016.08.26 17:44:47.000,1.54336,1.54369,1.00,1.00
2016.08.26 17:44:47.330,1.5434,1.54371,1.00,1.00
2016.08.26 17:44:48.150,1.54337,1.54368,1.00,1.00
2016.08.26 17:44:52.627,1.54339,1.54372,1.00,1.00
2016.08.26 17:44:53.363,1.54338,1.54368,1.00,1.00
2016.08.26 17:44:56.431,1.54336,1.54368,1.00,1.00
2016.08.26 17:44:57.246,1.54333,1.54365,1.00,1.00
2016.08.26 17:44:57.347,1.5433,1.54363,1.00,1.00
2016.08.26 17:44:58.181,1.54327,1.54359,1.00,1.00
2016.08.26 17:45:03.051,1.54335,1.54368,1.00,1.00
2016.08.26 17:45:03.102,1.54335,1.54368,1.00,1.00
2016.08.26 17:45:03.970,1.5434,1.54373,1.00,1.00
2016.08.26 17:45:06.007,1.5434,1.54373,1.00,1.00
2016.08.26 17:45:06.310,1.54343,1.54375,1.00,1.00
2016.08.26 17:45:06.948,1.54345,1.54379,1.00,1.00
2016.08.26 17:45:08.095,1.54343,1.54379,1.00,1.00
2016.08.26 17:45:08.145,1.54343,1.54379,1.12,1.00
2016.08.26 17:45:08.196,1.54352,1.54384,1.00,1.00
2016.08.26 17:45:09.382,1.54348,1.5438,1.00,1.00
2016.08.26 17:45:09.432,1.54348,1.5438,1.00,1.00
2016.08.26 17:45:09.483,1.54345,1.54377,1.00,1.00
2016.08.26 17:45:09.584,1.54347,1.54378,1.00,1.00
2016.08.26 17:45:09.685,1.54345,1.54375,1.00,1.00
2016.08.26 17:45:09.893,1.54346,1.54379,1.00,1.00
2016.08.26 17:45:10.899,1.54347,1.54377,1.00,1.00
2016.08.26 17:45:13.364,1.54351,1.54381,1.00,1.00
2016.08.26 17:45:13.465,1.54353,1.54383,1.00,1.00
2016.08.26 17:45:22.008,1.54347,1.54379,1.00,1.00
2016.08.26 17:45:22.109,1.54347,1.54379,1.00,1.00
2016.08.26 17:45:22.498,1.54345,1.54377,1.00,1.00
2016.08.26 17:45:23.466,1.54345,1.54375,1.00,1.00
2016.08.26 17:45:23.567,1.54349,1.54379,1.00,1.00
2016.08.26 17:45:24.513,1.54347,1.54385,1.00,1.75
2016.08.26 17:45:24.614,1.54348,1.54381,1.00,1.00
2016.08.26 17:45:24.716,1.54348,1.54381,1.00,1.00
2016.08.26 17:45:24.768,1.54352,1.54383,1.00,1.12
2016.08.26 17:45:25.008,1.54353,1.54385,1.00,1.75
2016.08.26 17:45:25.063,1.54353,1.54385,1.00,1.00
2016.08.26 17:45:25.165,1.54354,1.54385,1.00,1.00
2016.08.26 17:45:30.876,1.54354,1.54384,1.50,1.00
2016.08.26 17:45:31.210,1.54354,1.54384,1.50,1.00
2016.08.26 17:45:33.044,1.54354,1.54384,1.00,1.00
2016.08.26 17:45:33.834,1.54353,1.54383,1.00,1.00
2016.08.26 17:45:33.914,1.54353,1.54383,1.00,1.00
2016.08.26 17:45:34.197,1.5435,1.5438,1.00,1.00
2016.08.26 17:45:34.349,1.54347,1.54378,1.00,1.00
2016.08.26 17:45:35.283,1.54346,1.54377,1.00,1.00
2016.08.26 17:45:38.091,1.54348,1.54381,1.00,1.00
2016.08.26 17:45:39.411,1.5435,1.54381,1.00,1.00
2016.08.26 17:45:40.290,1.54348,1.54378,1.00,1.00
2016.08.26 17:45:42.472,1.54348,1.54378,1.00,1.00
2016.08.26 17:45:43.514,1.54354,1.54384,1.00,1.00
2016.08.26 17:45:43.566,1.54354,1.54384,1.00,1.00
2016.08.26 17:45:43.943,1.54357,1.54392,1.00,1.50
2016.08.26 17:45:43.993,1.54357,1.54392,1.00,1.00
2016.08.26 17:45:44.044,1.5436,1.54393,1.00,1.00
2016.08.26 17:45:44.796,1.54364,1.54393,1.00,1.00
2016.08.26 17:45:44.847,1.54364,1.54393,1.00,1.00
2016.08.26 17:45:45.385,1.54364,1.54394,1.00,1.00
2016.08.26 17:45:46.299,1.54365,1.54398,1.00,1.00
2016.08.26 17:45:46.502,1.54368,1.544,1.00,1.00
2016.08.26 17:45:46.704,1.54368,1.54398,1.00,1.00
2016.08.26 17:45:47.410,1.54368,1.54398,1.35,1.00
2016.08.26 17:45:47.461,1.54368,1.54398,1.35,1.00
2016.08.26 17:45:47.513,1.54374,1.54404,1.60,1.00
2016.08.26 17:45:47.564,1.54374,1.54404,1.60,1.00
2016.08.26 17:45:47.615,1.54376,1.54406,1.00,1.00
2016.08.26 17:45:47.716,1.5438,1.54411,1.00,1.00
2016.08.26 17:45:47.868,1.54384,1.54411,1.00,1.00
2016.08.26 17:45:47.918,1.54384,1.54414,1.50,1.00
2016.08.26 17:45:48.019,1.54384,1.54416,1.50,1.00
2016.08.26 17:45:48.162,1.54387,1.54417,1.00,1.00
2016.08.26 17:45:48.454,1.54386,1.54419,1.00,1.00
2016.08.26 17:45:49.912,1.5439,1.5442,1.00,1.00
2016.08.26 17:45:50.013,1.54387,1.5442,1.00,1.00
2016.08.26 17:45:50.169,1.54387,1.5442,1.00,1.00
2016.08.26 17:45:50.563,1.54386,1.54418,1.00,1.00
2016.08.26 17:45:51.212,1.54385,1.54417,1.00,1.00
2016.08.26 17:45:51.364,1.54384,1.54415,1.50,1.00
2016.08.26 17:45:51.514,1.54387,1.54419,1.00,1.00
2016.08.26 17:45:51.825,1.54384,1.54413,1.00,1.00
2016.08.26 17:45:52.558,1.54383,1.54413,1.00,1.00
2016.08.26 17:45:56.012,1.54383,1.54413,1.00,1.00
2016.08.26 17:45:59.347,1.54382,1.54412,1.00,1.00
2016.08.26 17:45:59.537,1.54384,1.54414,1.00,1.00
2016.08.26 17:45:59.967,1.54384,1.54414,1.00,1.00
2016.08.26 17:46:03.776,1.54383,1.54416,1.50,1.00
2016.08.26 17:46:03.992,1.54387,1.54417,1.00,1.00
2016.08.26 17:46:05.078,1.54392,1.54422,1.00,1.00
2016.08.26 17:46:05.394,1.54394,1.54424,1.00,1.00
2016.08.26 17:46:05.495,1.54394,1.54424,1.00,1.00
2016.08.26 17:46:07.570,1.5439,1.54422,1.12,1.00
2016.08.26 17:46:07.621,1.5439,1.54422,1.12,1.00
2016.08.26 17:46:07.868,1.54382,1.54411,1.60,1.00
2016.08.26 17:46:07.919,1.54379,1.54411,2.10,1.00
2016.08.26 17:46:07.969,1.54379,1.54407,1.35,1.00
2016.08.26 17:46:08.020,1.54377,1.54407,3.22,1.00
2016.08.26 17:46:08.071,1.54377,1.54407,2.85,1.00
2016.08.26 17:46:08.121,1.54377,1.54406,2.85,1.00
2016.08.26 17:46:08.172,1.54377,1.54406,1.00,1.00
2016.08.26 17:46:08.223,1.54377,1.54407,1.00,1.00
2016.08.26 17:46:12.167,1.54374,1.54407,1.00,1.00
2016.08.26 17:46:12.217,1.54374,1.54406,1.00,1.00
2016.08.26 17:46:12.611,1.54377,1.54408,1.00,1.00
2016.08.26 17:46:12.763,1.54377,1.54411,1.00,1.00
2016.08.26 17:46:12.868,1.54377,1.54408,1.00,1.00
2016.08.26 17:46:17.538,1.54382,1.54408,1.35,1.00
2016.08.26 17:46:17.589,1.54388,1.5442,1.00,1.00
2016.08.26 17:46:17.710,1.54392,1.54422,1.00,3.00
2016.08.26 17:46:17.888,1.54392,1.54422,1.00,2.25
2016.08.26 17:46:17.989,1.5439,1.5442,1.00,1.00
2016.08.26 17:46:18.197,1.54388,1.54422,1.00,1.50
2016.08.26 17:46:18.339,1.54388,1.54422,1.37,1.50
2016.08.26 17:46:18.389,1.5439,1.54422,1.00,1.50
2016.08.26 17:46:19.308,1.5439,1.54434,1.00,1.00
2016.08.26 17:46:20.000,1.54396,1.54427,1.00,1.00
2016.08.26 17:46:21.089,1.54393,1.54425,1.00,1.00
2016.08.26 17:46:21.191,1.54397,1.54427,1.00,1.00
2016.08.26 17:46:22.191,1.54397,1.5443,1.00,1.00
2016.08.26 17:46:22.292,1.54397,1.54429,1.00,1.00
2016.08.26 17:46:26.048,1.54397,1.54429,1.00,1.00
2016.08.26 17:46:26.306,1.54395,1.54427,1.00,1.00
2016.08.26 17:46:31.906,1.54401,1.54433,1.00,1.00
2016.08.26 17:46:32.007,1.54402,1.54435,1.00,1.00
2016.08.26 17:46:32.238,1.544,1.54433,1.00,1.00
2016.08.26 17:46:32.339,1.544,1.54435,1.00,1.00
2016.08.26 17:46:32.910,1.544,1.54432,1.00,1.00
2016.08.26 17:46:33.027,1.54401,1.54435,1.00,1.00
2016.08.26 17:46:33.178,1.5441,1.54435,1.60,1.00
2016.08.26 17:46:33.229,1.54419,1.54448,1.00,1.00
2016.08.26 17:46:33.280,1.54419,1.54448,1.00,1.00
2016.08.26 17:46:33.384,1.54419,1.54448,1.75,1.00
2016.08.26 17:46:33.438,1.54429,1.54461,1.00,1.00
2016.08.26 17:46:33.540,1.54425,1.54466,1.00,1.00
2016.08.26 17:46:33.692,1.54422,1.54466,2.10,1.00
2016.08.26 17:46:33.742,1.54422,1.54466,2.10,1.50
2016.08.26 17:46:33.966,1.54423,1.54466,1.12,1.50
2016.08.26 17:46:34.068,1.54422,1.54466,1.67,1.50
2016.08.26 17:46:34.237,1.54422,1.54466,1.67,1.00
2016.08.26 17:46:34.338,1.54422,1.54466,1.67,1.50
2016.08.26 17:46:34.439,1.54422,1.54466,1.67,1.00
2016.08.26 17:46:35.719,1.54427,1.54458,1.00,1.00
2016.08.26 17:46:36.018,1.54424,1.54457,1.00,1.00
2016.08.26 17:46:36.237,1.54426,1.54458,1.00,1.00
2016.08.26 17:46:37.121,1.54424,1.54456,1.00,1.00
2016.08.26 17:46:37.791,1.54424,1.54455,1.00,1.00
2016.08.26 17:46:38.160,1.54423,1.54453,1.12,1.00
2016.08.26 17:46:38.343,1.54423,1.54455,1.12,1.00
2016.08.26 17:46:40.035,1.54435,1.54466,1.00,1.00
2016.08.26 17:46:40.138,1.54432,1.54462,1.00,1.00
2016.08.26 17:46:40.239,1.54425,1.54468,1.75,1.00
2016.08.26 17:46:40.290,1.54425,1.54468,1.50,1.00
2016.08.26 17:46:40.391,1.54425,1.54468,1.00,1.00
2016.08.26 17:46:40.442,1.54425,1.54466,1.00,1.00
2016.08.26 17:46:40.674,1.54425,1.54468,1.00,1.00
2016.08.26 17:46:41.533,1.54429,1.5446,1.00,1.00
2016.08.26 17:46:45.174,1.54433,1.54463,1.00,1.00
2016.08.26 17:46:45.225,1.54433,1.54463,1.00,1.00
2016.08.26 17:46:45.275,1.54433,1.54466,1.00,1.00
2016.08.26 17:46:45.377,1.54437,1.54467,1.00,1.00
2016.08.26 17:46:46.564,1.54435,1.54465,1.00,1.00
2016.08.26 17:46:46.665,1.54436,1.54468,1.00,1.00
2016.08.26 17:46:47.516,1.54436,1.54468,1.00,1.00
2016.08.26 17:46:47.567,1.54439,1.54469,1.00,1.00
2016.08.26 17:46:48.118,1.5444,1.5447,1.00,1.00
2016.08.26 17:46:48.269,1.54439,1.54473,1.00,1.00
2016.08.26 17:46:49.286,1.5444,1.54472,1.00,1.00
2016.08.26 17:46:53.694,1.54442,1.54472,1.00,1.00
2016.08.26 17:46:55.978,1.54447,1.54477,1.00,1.00
2016.08.26 17:46:56.080,1.54448,1.5448,1.00,1.60
2016.08.26 17:46:56.181,1.54448,1.54478,1.00,1.00
2016.08.26 17:46:56.803,1.54445,1.54476,1.00,1.00
2016.08.26 17:46:57.007,1.54444,1.54478,1.00,1.00
2016.08.26 17:46:57.108,1.54448,1.5448,1.00,1.00
2016.08.26 17:47:06.206,1.54446,1.54478,1.00,1.00
2016.08.26 17:47:06.333,1.54449,1.54479,1.00,1.00
2016.08.26 17:47:08.393,1.54444,1.54476,1.00,1.00
2016.08.26 17:47:08.596,1.54437,1.54468,1.87,1.00
2016.08.26 17:47:08.749,1.54434,1.54465,1.35,1.00
2016.08.26 17:47:08.801,1.54434,1.54465,1.00,1.00
2016.08.26 17:47:09.142,1.54432,1.54463,1.00,1.00
2016.08.26 17:47:10.144,1.54432,1.54462,1.00,1.00
2016.08.26 17:47:13.805,1.5443,1.54462,1.00,1.00
2016.08.26 17:47:14.849,1.54433,1.54467,1.00,1.00
2016.08.26 17:47:18.114,1.54433,1.54463,1.00,1.00
2016.08.26 17:47:18.215,1.54431,1.54462,1.00,1.00
2016.08.26 17:47:18.315,1.54433,1.54463,1.00,1.00
2016.08.26 17:47:19.126,1.54431,1.54461,1.00,1.00
2016.08.26 17:47:20.885,1.54431,1.54461,1.00,1.00
2016.08.26 17:47:20.935,1.54436,1.54468,1.00,1.00
2016.08.26 17:47:21.520,1.54439,1.54469,1.00,1.00
2016.08.26 17:47:22.164,1.54436,1.54466,1.00,1.00
2016.08.26 17:47:22.214,1.54436,1.54466,1.00,1.00
2016.08.26 17:47:22.963,1.54445,1.54476,1.00,1.50
2016.08.26 17:47:23.154,1.54448,1.5448,1.00,1.00
2016.08.26 17:47:23.768,1.54447,1.54477,1.00,1.00
2016.08.26 17:47:24.542,1.54443,1.54475,1.00,1.00
2016.08.26 17:47:24.717,1.54441,1.54473,1.00,1.00
2016.08.26 17:47:25.776,1.54444,1.54474,1.00,1.00
2016.08.26 17:47:26.079,1.54446,1.54478,1.00,1.00
2016.08.26 17:47:27.377,1.54444,1.54471,1.00,1.00
2016.08.26 17:47:27.478,1.54447,1.54477,1.00,1.00
2016.08.26 17:47:28.065,1.54444,1.54478,1.00,1.00
2016.08.26 17:47:28.482,1.54443,1.54476,1.00,1.00
2016.08.26 17:47:28.533,1.54443,1.54476,1.00,1.00
2016.08.26 17:47:28.909,1.54444,1.54474,1.00,1.00
2016.08.26 17:47:33.462,1.54444,1.54474,1.00,1.00
2016.08.26 17:47:33.693,1.54444,1.54474,1.50,1.00
2016.08.26 17:47:36.850,1.54444,1.54474,1.00,1.00
2016.08.26 17:47:38.753,1.54444,1.54474,1.50,1.00
2016.08.26 17:47:38.803,1.54444,1.54474,1.00,1.00
2016.08.26 17:47:39.059,1.54442,1.54474,1.00,1.00
2016.08.26 17:47:39.114,1.54435,1.54467,1.50,1.00
2016.08.26 17:47:39.184,1.54437,1.54469,1.00,1.00
2016.08.26 17:47:39.285,1.54435,1.54465,1.00,1.00
2016.08.26 17:47:40.365,1.54435,1.54465,1.00,1.00
2016.08.26 17:47:41.069,1.54432,1.54464,1.00,1.00
2016.08.26 17:47:41.170,1.54432,1.54464,1.00,1.00
2016.08.26 17:47:41.507,1.54435,1.54465,1.00,1.00
2016.08.26 17:47:41.771,1.54443,1.54475,1.00,1.00
2016.08.26 17:47:42.016,1.54448,1.54478,1.00,1.60
2016.08.26 17:47:42.167,1.54442,1.54472,1.00,1.00
2016.08.26 17:47:44.072,1.54439,1.54471,1.00,1.00
2016.08.26 17:47:44.874,1.54441,1.54475,1.00,1.00
2016.08.26 17:47:44.975,1.54441,1.54475,1.00,1.00
2016.08.26 17:47:45.282,1.5444,1.54472,1.00,1.00
2016.08.26 17:47:46.113,1.54441,1.54474,1.00,1.00
2016.08.26 17:47:46.950,1.54441,1.54474,1.00,1.00
2016.08.26 17:47:47.000,1.54437,1.54467,1.50,1.00
2016.08.26 17:47:47.051,1.54437,1.54467,1.50,1.00
2016.08.26 17:47:47.101,1.54437,1.54467,1.00,1.00
2016.08.26 17:47:48.190,1.54435,1.54465,1.00,1.00
2016.08.26 17:47:48.591,1.54431,1.54463,1.00,1.00
2016.08.26 17:47:49.077,1.5443,1.54462,1.00,1.00
2016.08.26 17:47:49.787,1.54435,1.54467,1.00,1.00
2016.08.26 17:47:49.838,1.54435,1.54467,1.00,1.00
2016.08.26 17:47:49.888,1.54439,1.54469,1.00,1.00
2016.08.26 17:47:49.939,1.54439,1.54469,1.00,1.00
2016.08.26 17:47:49.989,1.54443,1.54475,1.00,1.12
2016.08.26 17:47:50.040,1.54443,1.54475,1.00,1.12
2016.08.26 17:47:50.091,1.54442,1.54474,1.00,1.00
2016.08.26 17:47:51.581,1.54443,1.54475,1.00,1.00
2016.08.26 17:47:52.082,1.54443,1.54473,1.00,1.00
2016.08.26 17:47:54.725,1.54441,1.54472,1.00,1.00
2016.08.26 17:47:55.074,1.54443,1.54472,1.00,1.00
2016.08.26 17:47:55.124,1.54444,1.54474,1.00,1.00
2016.08.26 17:47:56.075,1.54444,1.54474,1.50,1.00
2016.08.26 17:47:56.449,1.54444,1.54474,1.00,1.00
2016.08.26 17:47:57.227,1.54438,1.54472,1.00,1.00
2016.08.26 17:47:57.277,1.54438,1.54472,1.00,1.00
2016.08.26 17:47:57.328,1.54437,1.54468,1.00,1.00
2016.08.26 17:47:57.429,1.54438,1.5447,1.00,1.00
2016.08.26 17:47:57.686,1.54436,1.54468,1.00,1.35
2016.08.26 17:47:57.791,1.54434,1.54474,1.12,1.60
2016.08.26 17:47:57.842,1.54434,1.54474,1.12,1.00
2016.08.26 17:47:57.892,1.54428,1.54474,1.75,1.00
2016.08.26 17:47:58.093,1.54433,1.54474,1.50,1.00
2016.08.26 17:47:58.295,1.5443,1.54474,2.25,1.00
2016.08.26 17:47:58.396,1.54434,1.54474,1.12,1.00
2016.08.26 17:47:58.693,1.54439,1.54471,1.00,1.00
2016.08.26 17:48:00.379,1.54439,1.54471,1.00,1.00
2016.08.26 17:48:01.632,1.54438,1.54468,1.00,1.00
2016.08.26 17:48:01.933,1.54435,1.54469,1.00,1.00
2016.08.26 17:48:02.299,1.54439,1.54471,1.00,1.00
2016.08.26 17:48:02.400,1.54448,1.54477,1.00,1.00
2016.08.26 17:48:02.450,1.54448,1.54479,1.00,1.00
2016.08.26 17:48:02.643,1.54449,1.54482,1.00,1.00
2016.08.26 17:48:02.694,1.54452,1.54483,1.00,1.00
2016.08.26 17:48:03.036,1.54454,1.54484,1.00,1.00
2016.08.26 17:48:04.091,1.54454,1.54484,1.00,1.00
2016.08.26 17:48:04.142,1.5446,1.54491,1.00,1.00
2016.08.26 17:48:04.192,1.5446,1.54491,1.00,1.00
2016.08.26 17:48:04.243,1.54463,1.54493,1.00,1.00
2016.08.26 17:48:05.183,1.54463,1.54493,1.00,1.00
2016.08.26 17:48:05.233,1.54467,1.54497,1.00,1.00
2016.08.26 17:48:05.543,1.54468,1.545,1.00,1.00
2016.08.26 17:48:06.045,1.54467,1.545,1.00,1.00
2016.08.26 17:48:06.608,1.54466,1.54499,1.00,1.00
2016.08.26 17:48:07.810,1.54468,1.54501,1.00,1.00
2016.08.26 17:48:08.150,1.54471,1.54502,1.00,1.00
2016.08.26 17:48:08.201,1.54474,1.54502,1.00,1.00
2016.08.26 17:48:08.911,1.54474,1.54503,1.00,1.00
2016.08.26 17:48:09.955,1.54474,1.54504,1.00,1.00
2016.08.26 17:48:11.013,1.54473,1.54504,1.00,1.00
2016.08.26 17:48:11.450,1.54472,1.54502,1.00,1.00
2016.08.26 17:48:11.753,1.54465,1.54497,1.00,1.00
2016.08.26 17:48:11.854,1.5446,1.5449,1.00,1.00
2016.08.26 17:48:11.904,1.5446,1.5449,1.00,1.00
2016.08.26 17:48:12.563,1.54459,1.54489,1.00,1.00
2016.08.26 17:48:12.664,1.54457,1.54489,1.00,1.00
2016.08.26 17:48:12.948,1.54455,1.54488,1.12,1.00
2016.08.26 17:48:17.845,1.54454,1.54484,1.00,1.00
2016.08.26 17:48:17.946,1.54452,1.54482,1.00,1.00
2016.08.26 17:48:18.126,1.54453,1.54485,1.00,1.00
2016.08.26 17:48:21.633,1.54452,1.54484,1.00,1.00
2016.08.26 17:48:25.362,1.54451,1.54482,1.00,1.00
2016.08.26 17:48:25.663,1.54453,1.54483,1.00,1.00
2016.08.26 17:48:26.789,1.54461,1.54493,1.00,1.00
2016.08.26 17:48:26.840,1.54461,1.54493,1.00,1.00
2016.08.26 17:48:26.890,1.5447,1.54496,1.00,1.00
2016.08.26 17:48:26.941,1.5447,1.545,1.00,1.00
2016.08.26 17:48:27.243,1.54473,1.54503,1.00,1.00
2016.08.26 17:48:29.451,1.54474,1.54506,1.00,1.00
2016.08.26 17:48:29.966,1.54479,1.54509,1.00,1.00
2016.08.26 17:48:30.798,1.54477,1.54508,1.00,1.00
2016.08.26 17:48:31.255,1.54476,1.5451,1.00,1.00
2016.08.26 17:48:32.895,1.54475,1.54509,1.00,1.00
2016.08.26 17:48:33.288,1.54477,1.54508,1.00,1.00
2016.08.26 17:48:33.872,1.54476,1.5451,1.00,1.00
2016.08.26 17:48:35.898,1.54478,1.54509,1.00,1.00
2016.08.26 17:48:36.666,1.54478,1.54511,1.00,1.00
2016.08.26 17:48:37.575,1.54477,1.54508,1.00,1.00
2016.08.26 17:48:38.154,1.54476,1.54507,1.00,1.00
2016.08.26 17:48:43.381,1.54475,1.54508,1.00,1.00
2016.08.26 17:48:44.680,1.54478,1.54509,1.00,1.00
2016.08.26 17:48:45.423,1.54476,1.54506,1.00,1.00
2016.08.26 17:48:45.474,1.54476,1.54506,1.00,1.50
2016.08.26 17:48:45.525,1.54473,1.54503,1.00,1.00
2016.08.26 17:48:48.131,1.54471,1.54503,1.00,1.00
2016.08.26 17:48:49.437,1.54473,1.54506,1.00,1.00
2016.08.26 17:48:49.538,1.54475,1.54508,1.00,1.00
2016.08.26 17:48:49.841,1.54478,1.54511,1.00,1.00
2016.08.26 17:48:50.364,1.54478,1.54508,1.00,1.00
2016.08.26 17:48:50.669,1.5448,1.5451,1.00,1.00
2016.08.26 17:48:50.719,1.54476,1.5451,1.00,1.00
2016.08.26 17:48:51.092,1.54475,1.54506,1.00,1.00
2016.08.26 17:48:57.647,1.54475,1.54505,1.00,1.00
2016.08.26 17:48:58.606,1.54476,1.54507,1.00,1.00
2016.08.26 17:49:00.413,1.54478,1.5451,1.00,1.00
2016.08.26 17:49:04.123,1.54479,1.54511,1.00,1.00
2016.08.26 17:49:04.856,1.54477,1.54509,1.00,1.00
2016.08.26 17:49:05.642,1.54476,1.54508,1.00,1.00
2016.08.26 17:49:06.647,1.54474,1.54505,1.00,1.00
2016.08.26 17:49:06.848,1.54472,1.54505,1.00,1.00
2016.08.26 17:49:07.727,1.54472,1.54503,1.00,1.00
2016.08.26 17:49:08.524,1.54472,1.54504,1.00,1.00
2016.08.26 17:49:10.733,1.54473,1.54503,1.00,1.00
2016.08.26 17:49:10.935,1.54473,1.54506,1.00,1.00
2016.08.26 17:49:12.057,1.54474,1.54504,1.00,1.00
2016.08.26 17:49:12.167,1.54471,1.54503,1.00,1.00
2016.08.26 17:49:12.269,1.54469,1.54499,1.00,1.00
2016.08.26 17:49:12.816,1.54468,1.54498,1.00,1.00
2016.08.26 17:49:13.189,1.54468,1.545,1.00,1.00
2016.08.26 17:49:20.270,1.54469,1.54503,1.00,1.00
2016.08.26 17:49:21.748,1.54468,1.545,1.00,1.00
2016.08.26 17:49:22.097,1.54467,1.54498,1.00,1.00
2016.08.26 17:49:22.250,1.54465,1.54497,1.00,1.00
2016.08.26 17:49:23.952,1.54469,1.54499,1.00,1.00
2016.08.26 17:49:25.585,1.5447,1.54501,1.00,1.00
2016.08.26 17:49:34.498,1.54471,1.54503,1.00,1.00
2016.08.26 17:49:34.700,1.54473,1.54503,1.00,1.00
2016.08.26 17:49:36.199,1.54468,1.545,1.00,1.00
2016.08.26 17:49:38.489,1.54469,1.54499,1.00,1.00
2016.08.26 17:49:40.193,1.54467,1.54497,1.00,1.00
2016.08.26 17:49:46.989,1.54465,1.54495,1.00,1.00
2016.08.26 17:49:47.723,1.54462,1.54494,1.00,1.00
2016.08.26 17:49:48.243,1.54461,1.54494,1.00,1.00
2016.08.26 17:49:48.392,1.54465,1.54498,1.00,1.00
2016.08.26 17:49:48.696,1.54464,1.54494,1.00,1.00
2016.08.26 17:49:49.613,1.54466,1.54497,1.00,1.00
2016.08.26 17:49:51.102,1.54465,1.54495,1.00,1.00
2016.08.26 17:49:52.798,1.54466,1.54497,1.00,1.00
2016.08.26 17:49:54.018,1.54464,1.54497,1.00,1.00
2016.08.26 17:49:54.698,1.54465,1.54498,1.00,1.00
2016.08.26 17:49:55.012,1.54465,1.54498,1.00,1.00
2016.08.26 17:49:55.374,1.54465,1.54498,1.00,1.00
2016.08.26 17:49:55.475,1.54465,1.54498,1.00,1.00
2016.08.26 17:49:55.526,1.54464,1.54496,1.50,1.00
2016.08.26 17:49:55.691,1.54464,1.54496,1.00,1.00
2016.08.26 17:49:55.816,1.54463,1.54493,1.00,1.00
2016.08.26 17:49:56.603,1.54462,1.54492,1.00,1.00
2016.08.26 17:49:57.038,1.54462,1.54494,1.00,1.00
2016.08.26 17:49:57.139,1.54464,1.54496,1.00,1.00
2016.08.26 17:49:57.865,1.54464,1.54494,1.00,1.00
2016.08.26 17:50:02.121,1.54462,1.54494,1.00,1.00
2016.08.26 17:50:02.953,1.54464,1.54495,1.00,1.00
2016.08.26 17:50:03.556,1.54464,1.54497,1.00,1.00
2016.08.26 17:50:06.112,1.54464,1.54497,1.00,1.00
2016.08.26 17:50:06.473,1.54462,1.54492,1.00,1.00
2016.08.26 17:50:07.216,1.5446,1.5449,1.00,1.00
2016.08.26 17:50:07.465,1.54459,1.54493,1.00,1.00
2016.08.26 17:50:07.515,1.54459,1.54493,1.00,1.00
2016.08.26 17:50:09.017,1.5446,1.54491,1.00,1.00
2016.08.26 17:50:09.720,1.54458,1.54488,1.00,1.00
2016.08.26 17:50:10.222,1.54457,1.54489,1.00,1.00
2016.08.26 17:50:10.722,1.54459,1.54489,1.00,1.00
2016.08.26 17:50:11.321,1.54458,1.54488,1.00,1.00
2016.08.26 17:50:14.277,1.54459,1.5449,1.00,1.00
2016.08.26 17:50:14.429,1.54455,1.54489,1.00,1.00
2016.08.26 17:50:21.841,1.54457,1.54489,1.00,1.00
2016.08.26 17:50:22.342,1.54455,1.54486,1.00,1.00
2016.08.26 17:50:23.284,1.54448,1.54482,1.00,1.00
2016.08.26 17:50:23.835,1.54448,1.54481,1.00,1.00
2016.08.26 17:50:24.648,1.54451,1.54482,1.00,1.00
2016.08.26 17:50:25.150,1.54448,1.54482,1.00,1.00
2016.08.26 17:50:25.618,1.54448,1.54482,1.60,1.00
2016.08.26 17:50:25.668,1.5445,1.54486,1.60,1.00
2016.08.26 17:50:25.784,1.54462,1.54497,1.00,1.12
2016.08.26 17:50:25.835,1.54462,1.54497,1.60,1.12
2016.08.26 17:50:25.885,1.54469,1.54498,1.00,1.50
2016.08.26 17:50:25.989,1.54464,1.54498,1.00,1.50
2016.08.26 17:50:26.090,1.54462,1.54498,1.60,2.25
2016.08.26 17:50:26.595,1.54462,1.54498,1.60,1.50
2016.08.26 17:50:26.782,1.54466,1.54496,1.00,1.00
2016.08.26 17:50:28.057,1.54463,1.54498,1.35,1.50
2016.08.26 17:50:28.302,1.54463,1.54498,1.35,1.00
2016.08.26 17:50:28.918,1.54463,1.54498,1.00,1.00
2016.08.26 17:50:29.070,1.54464,1.54494,1.00,1.00
2016.08.26 17:50:29.171,1.54466,1.54497,1.00,1.00
2016.08.26 17:50:30.090,1.54465,1.54496,1.00,1.00
2016.08.26 17:50:31.290,1.54462,1.54495,1.00,1.00
2016.08.26 17:50:31.392,1.54465,1.54495,1.00,1.00
2016.08.26 17:50:32.564,1.54466,1.54496,1.00,1.00
2016.08.26 17:50:32.665,1.54469,1.545,1.00,1.00
2016.08.26 17:50:32.767,1.54467,1.54499,1.00,1.00
2016.08.26 17:50:32.968,1.54464,1.54497,1.00,1.00
2016.08.26 17:50:33.071,1.54463,1.54493,1.00,1.00
2016.08.26 17:50:33.481,1.54461,1.54492,1.00,1.00
2016.08.26 17:50:35.920,1.54458,1.54491,1.00,1.00
2016.08.26 17:50:36.294,1.54457,1.54488,1.12,1.00
2016.08.26 17:50:36.427,1.54454,1.54485,1.00,1.00
2016.08.26 17:50:43.990,1.54451,1.54483,1.00,1.00
2016.08.26 17:50:44.091,1.54449,1.54482,1.00,1.00
2016.08.26 17:50:44.336,1.54449,1.5448,1.00,1.00
2016.08.26 17:50:44.983,1.54446,1.54478,1.00,1.00
2016.08.26 17:50:46.604,1.54444,1.54475,1.00,1.00
2016.08.26 17:50:48.111,1.5444,1.54469,1.00,1.00
2016.08.26 17:50:48.212,1.54438,1.54469,1.37,1.00
2016.08.26 17:50:48.263,1.54438,1.54469,1.00,1.00
2016.08.26 17:50:48.435,1.54441,1.54475,1.00,1.00
2016.08.26 17:50:48.739,1.54444,1.54476,1.00,1.00
2016.08.26 17:50:51.895,1.54446,1.54478,1.00,1.00
2016.08.26 17:50:52.617,1.54446,1.54482,1.00,1.00
2016.08.26 17:50:53.717,1.54444,1.54479,1.00,1.00
2016.08.26 17:50:53.768,1.54444,1.54479,1.00,1.00
2016.08.26 17:50:54.218,1.54444,1.54477,1.00,1.00
2016.08.26 17:50:55.624,1.54446,1.54478,1.00,1.00
2016.08.26 17:50:55.924,1.54444,1.54479,1.00,1.00
2016.08.26 17:50:56.027,1.54447,1.54478,1.00,1.00
2016.08.26 17:50:57.027,1.54442,1.54475,1.00,1.00
2016.08.26 17:50:57.432,1.54438,1.5447,1.00,1.00
2016.08.26 17:51:00.038,1.54436,1.54467,1.00,1.00
2016.08.26 17:51:00.368,1.54438,1.54468,1.00,1.00
2016.08.26 17:51:01.419,1.54444,1.5448,1.00,1.00
2016.08.26 17:51:01.520,1.54452,1.54482,1.00,1.12
2016.08.26 17:51:01.570,1.54452,1.54482,1.00,1.00
2016.08.26 17:51:01.621,1.54451,1.54484,1.00,1.00
2016.08.26 17:51:01.722,1.54447,1.54483,1.75,1.00
2016.08.26 17:51:01.773,1.54447,1.54483,1.00,1.00
2016.08.26 17:51:02.529,1.54447,1.54482,1.00,1.00
2016.08.26 17:51:05.209,1.54452,1.54484,1.00,1.00
2016.08.26 17:51:05.424,1.5445,1.54483,1.00,1.00
2016.08.26 17:51:05.727,1.54448,1.54482,1.00,1.00
2016.08.26 17:51:07.018,1.54446,1.54481,1.00,1.00
2016.08.26 17:51:08.820,1.54449,1.5448,1.00,1.00
2016.08.26 17:51:09.059,1.5445,1.54482,1.00,1.00
2016.08.26 17:51:09.610,1.5445,1.54481,1.00,1.00
2016.08.26 17:51:09.961,1.54446,1.54481,1.00,1.00
2016.08.26 17:51:11.274,1.54445,1.54479,1.12,1.00
2016.08.26 17:51:11.425,1.54445,1.54479,1.00,1.00
2016.08.26 17:51:11.476,1.54445,1.54479,1.00,1.00
2016.08.26 17:51:15.376,1.54449,1.54481,1.00,1.00
2016.08.26 17:51:15.578,1.54451,1.54483,1.00,1.00
2016.08.26 17:51:15.927,1.54453,1.54485,1.00,1.00
2016.08.26 17:51:17.563,1.54461,1.54492,1.00,1.00
2016.08.26 17:51:17.613,1.54461,1.54492,1.00,1.00
2016.08.26 17:51:17.664,1.54463,1.54496,1.00,1.12
2016.08.26 17:51:17.714,1.54463,1.54496,1.00,1.00
2016.08.26 17:51:18.023,1.54466,1.54499,1.00,1.00
2016.08.26 17:51:19.147,1.54466,1.54497,1.00,1.00
2016.08.26 17:51:20.118,1.54467,1.54497,1.00,1.00
2016.08.26 17:51:20.168,1.54475,1.5451,1.00,1.20
2016.08.26 17:51:20.219,1.54484,1.54511,1.00,1.75
2016.08.26 17:51:20.344,1.54486,1.54511,1.37,1.37
2016.08.26 17:51:20.396,1.54486,1.54519,1.97,1.00
2016.08.26 17:51:20.446,1.54486,1.54521,1.97,1.00
2016.08.26 17:51:20.649,1.54486,1.54519,1.97,1.00
2016.08.26 17:51:20.851,1.54486,1.54519,1.60,1.00
2016.08.26 17:51:21.939,1.54489,1.54519,1.35,1.00
2016.08.26 17:51:21.990,1.54496,1.54528,1.00,1.37
2016.08.26 17:51:22.041,1.54496,1.54528,1.00,1.00
2016.08.26 17:51:23.957,1.54494,1.54527,1.00,1.00
2016.08.26 17:51:24.059,1.54491,1.54522,1.00,1.00
2016.08.26 17:51:24.160,1.54489,1.5452,1.35,1.00
2016.08.26 17:51:24.262,1.54489,1.5452,1.35,1.00
2016.08.26 17:51:24.363,1.54489,1.5452,1.00,1.00
2016.08.26 17:51:24.631,1.54489,1.54519,1.00,1.00
2016.08.26 17:51:24.682,1.54492,1.54523,1.00,1.00
2016.08.26 17:51:25.527,1.54492,1.54523,1.00,1.00
2016.08.26 17:51:25.629,1.54492,1.54523,1.00,1.37
2016.08.26 17:51:25.680,1.5448,1.5451,1.00,1.00
2016.08.26 17:51:26.063,1.5448,1.5451,1.35,1.00
2016.08.26 17:51:26.251,1.5448,1.5451,1.00,1.00
2016.08.26 17:51:27.048,1.54483,1.54514,1.00,1.00
2016.08.26 17:51:27.765,1.54487,1.54518,1.00,1.00
2016.08.26 17:51:27.866,1.5449,1.5452,1.00,1.00
2016.08.26 17:51:27.967,1.54486,1.5452,1.00,1.00
2016.08.26 17:51:28.169,1.54487,1.54519,1.00,1.00
2016.08.26 17:51:28.381,1.54488,1.54522,1.00,1.00
2016.08.26 17:51:28.451,1.54488,1.5452,1.00,1.00
2016.08.26 17:51:28.981,1.54486,1.54517,1.00,1.00
2016.08.26 17:51:29.401,1.54488,1.54518,1.00,1.00
2016.08.26 17:51:29.502,1.54489,1.5452,1.00,1.00
2016.08.26 17:51:29.553,1.54487,1.54518,1.00,1.00
2016.08.26 17:51:29.654,1.54492,1.54525,1.00,1.00
2016.08.26 17:51:29.705,1.54492,1.54525,1.00,1.00
2016.08.26 17:51:30.047,1.54489,1.5452,1.00,1.00
2016.08.26 17:51:30.840,1.54498,1.5452,1.60,1.00
2016.08.26 17:51:31.060,1.54518,1.54539,1.00,1.37
2016.08.26 17:51:31.110,1.54518,1.54539,1.00,1.00
2016.08.26 17:51:31.262,1.54512,1.54534,1.00,1.00
2016.08.26 17:51:31.363,1.5451,1.54542,1.00,1.50
2016.08.26 17:51:31.464,1.5451,1.54542,1.00,1.87
2016.08.26 17:51:31.515,1.5451,1.54542,1.00,2.25
2016.08.26 17:51:31.728,1.54493,1.54542,1.72,2.25
2016.08.26 17:51:31.862,1.54494,1.54542,1.60,2.25
2016.08.26 17:51:31.963,1.54508,1.54542,1.00,2.25
2016.08.26 17:51:32.064,1.54505,1.54542,1.00,1.50
2016.08.26 17:51:32.166,1.54506,1.54542,1.00,2.25
2016.08.26 17:51:32.246,1.54506,1.54542,1.00,1.50
2016.08.26 17:51:32.297,1.54506,1.54537,1.00,1.00
2016.08.26 17:51:32.431,1.54506,1.54526,1.00,1.00
2016.08.26 17:51:32.596,1.54506,1.54531,1.00,1.00
2016.08.26 17:51:32.646,1.54503,1.54531,1.00,1.00
2016.08.26 17:51:32.697,1.54507,1.54542,1.00,1.20
2016.08.26 17:51:32.747,1.54514,1.54543,1.00,1.75
2016.08.26 17:51:32.798,1.54514,1.54551,1.00,2.17
2016.08.26 17:51:32.849,1.54528,1.54551,1.00,1.35
2016.08.26 17:51:32.950,1.54528,1.54551,1.00,1.00
2016.08.26 17:51:33.203,1.54525,1.54549,1.00,1.00
2016.08.26 17:51:33.253,1.54522,1.54549,1.00,1.00
2016.08.26 17:51:33.304,1.54522,1.54546,1.00,1.00
2016.08.26 17:51:33.730,1.54524,1.54546,1.00,1.00
2016.08.26 17:51:33.780,1.54524,1.54556,1.00,1.12
2016.08.26 17:51:33.831,1.54537,1.5456,1.00,3.00
2016.08.26 17:51:33.882,1.54537,1.54564,1.00,1.75
2016.08.26 17:51:34.023,1.54547,1.54571,1.00,1.00
2016.08.26 17:51:34.081,1.54547,1.54577,1.00,1.37
2016.08.26 17:51:34.132,1.54545,1.54577,1.00,1.00
2016.08.26 17:51:34.455,1.54545,1.54567,1.00,1.00
2016.08.26 17:51:34.556,1.54541,1.54567,1.00,1.00
2016.08.26 17:51:35.084,1.54541,1.54566,1.00,1.00
2016.08.26 17:51:35.611,1.54541,1.54562,1.00,1.00
2016.08.26 17:51:35.703,1.54544,1.54566,1.00,1.50
2016.08.26 17:51:35.754,1.54539,1.54566,1.00,1.00
2016.08.26 17:51:35.805,1.54539,1.54561,1.00,1.00
2016.08.26 17:51:35.906,1.54536,1.54564,1.00,1.00
2016.08.26 17:51:36.109,1.54536,1.54554,1.00,1.00
2016.08.26 17:51:36.160,1.54533,1.54554,1.00,1.00
2016.08.26 17:51:36.261,1.54527,1.54554,1.00,1.00
2016.08.26 17:51:36.411,1.54531,1.54561,1.00,1.00
2016.08.26 17:51:36.563,1.5453,1.54561,1.00,1.00
2016.08.26 17:51:36.664,1.5453,1.54557,1.00,1.00
2016.08.26 17:51:36.866,1.54524,1.54557,1.00,1.00
2016.08.26 17:51:37.021,1.54522,1.54556,1.00,1.00
2016.08.26 17:51:37.123,1.54522,1.54546,1.00,1.00
2016.08.26 17:51:37.224,1.54528,1.54556,1.00,1.00
2016.08.26 17:51:37.325,1.54522,1.54556,1.00,1.00
2016.08.26 17:51:37.376,1.54522,1.54556,1.00,1.60
2016.08.26 17:51:37.427,1.54522,1.54546,1.00,1.00
2016.08.26 17:51:37.528,1.54517,1.54556,1.00,1.00
2016.08.26 17:51:37.762,1.54515,1.54547,1.00,1.00
2016.08.26 17:51:37.863,1.54519,1.54556,1.00,1.00
2016.08.26 17:51:37.914,1.54519,1.54557,1.00,1.87
2016.08.26 17:51:38.004,1.54519,1.54554,1.00,1.00
2016.08.26 17:51:38.070,1.54519,1.54557,1.00,2.62
2016.08.26 17:51:38.171,1.54519,1.54557,1.00,1.87
2016.08.26 17:51:38.272,1.54519,1.54551,1.00,1.42
2016.08.26 17:51:38.323,1.54519,1.5455,1.00,1.60
2016.08.26 17:51:38.424,1.54517,1.5455,1.00,1.60
2016.08.26 17:51:38.574,1.54513,1.54551,1.00,1.20
2016.08.26 17:51:38.624,1.5452,1.54572,1.67,1.20
2016.08.26 17:51:38.675,1.5452,1.54571,1.67,1.37
2016.08.26 17:51:38.777,1.5452,1.54576,2.55,1.75
2016.08.26 17:51:38.828,1.5452,1.54572,1.20,1.35
2016.08.26 17:51:38.878,1.54519,1.54572,1.75,1.35
2016.08.26 17:51:38.979,1.54518,1.54572,1.75,1.35
2016.08.26 17:51:39.030,1.54518,1.54567,1.75,1.00
2016.08.26 17:51:39.080,1.54516,1.54567,1.20,1.00
2016.08.26 17:51:39.282,1.54513,1.54567,2.25,1.37
2016.08.26 17:51:39.333,1.54513,1.54567,2.25,1.75
2016.08.26 17:51:39.799,1.54513,1.54556,1.75,1.00
2016.08.26 17:51:39.900,1.54517,1.54556,1.00,1.00
2016.08.26 17:51:40.070,1.54517,1.54556,1.37,1.00
2016.08.26 17:51:40.121,1.54521,1.54556,1.00,1.00
2016.08.26 17:51:40.272,1.54515,1.54556,1.37,1.00
2016.08.26 17:51:40.323,1.54515,1.54556,1.00,1.00
2016.08.26 17:51:40.373,1.54528,1.54567,1.00,1.95
2016.08.26 17:51:40.475,1.54533,1.54569,1.00,2.62
2016.08.26 17:51:40.525,1.54533,1.54576,1.00,1.95
2016.08.26 17:51:40.576,1.54533,1.54576,1.37,1.57
2016.08.26 17:51:40.626,1.54533,1.54576,1.75,1.00
2016.08.26 17:51:41.155,1.54532,1.54576,1.75,1.00
2016.08.26 17:51:41.858,1.54533,1.54579,1.75,1.00
2016.08.26 17:51:42.271,1.54533,1.54579,1.95,1.00
2016.08.26 17:51:42.322,1.54541,1.54585,1.00,1.75
2016.08.26 17:51:42.372,1.54541,1.54576,1.00,1.00
2016.08.26 17:51:42.423,1.54539,1.54576,1.00,1.00
2016.08.26 17:51:42.474,1.54541,1.54577,1.00,1.00
2016.08.26 17:51:42.640,1.54538,1.54577,1.00,1.00
2016.08.26 17:51:42.741,1.54538,1.5458,1.00,1.00
2016.08.26 17:51:42.893,1.54538,1.54575,1.00,1.00
2016.08.26 17:51:42.944,1.54538,1.54575,1.00,1.00
2016.08.26 17:51:43.064,1.54532,1.54575,1.75,1.00
2016.08.26 17:51:43.115,1.54532,1.54575,1.37,1.12
2016.08.26 17:51:43.165,1.5453,1.54575,1.00,1.12
2016.08.26 17:51:43.656,1.5453,1.54575,1.00,1.12
2016.08.26 17:51:45.068,1.5453,1.54575,1.00,1.12
2016.08.26 17:51:45.118,1.54534,1.54579,1.00,1.75
2016.08.26 17:51:45.170,1.54537,1.54579,1.00,1.75
2016.08.26 17:51:45.221,1.54537,1.54579,1.00,1.00
2016.08.26 17:51:45.322,1.54537,1.54576,1.00,1.00
2016.08.26 17:51:45.510,1.54537,1.54582,1.50,1.12
2016.08.26 17:51:45.561,1.54538,1.54582,1.00,1.12
2016.08.26 17:51:45.612,1.54538,1.54579,1.00,1.00
2016.08.26 17:51:45.695,1.54541,1.54585,1.00,1.75
2016.08.26 17:51:45.748,1.54542,1.54585,1.00,1.75
2016.08.26 17:51:45.800,1.54543,1.54586,1.00,1.87
2016.08.26 17:51:45.851,1.54545,1.54586,1.00,1.50
2016.08.26 17:51:45.952,1.54543,1.54586,1.00,1.50
2016.08.26 17:51:46.154,1.54543,1.54586,1.00,1.00
2016.08.26 17:51:46.264,1.54547,1.54586,1.00,1.00
2016.08.26 17:51:46.573,1.54545,1.54586,1.00,1.00
2016.08.26 17:51:46.674,1.54545,1.54586,1.00,1.00
2016.08.26 17:51:46.725,1.54549,1.54591,1.00,1.75
2016.08.26 17:51:46.776,1.54552,1.54591,1.00,1.75
2016.08.26 17:51:46.826,1.54552,1.54593,1.00,1.37
2016.08.26 17:51:46.877,1.54555,1.54593,1.00,1.00
2016.08.26 17:51:47.376,1.54557,1.54593,1.00,1.00
2016.08.26 17:51:47.578,1.54555,1.54593,1.00,1.00
2016.08.26 17:51:48.201,1.54555,1.54595,1.00,1.00
2016.08.26 17:51:48.353,1.54559,1.54595,1.00,1.00
2016.08.26 17:51:48.404,1.54559,1.54595,1.00,1.00
2016.08.26 17:51:48.579,1.54555,1.54595,1.00,1.00
2016.08.26 17:51:48.680,1.54557,1.54595,1.00,1.00
2016.08.26 17:51:48.785,1.54557,1.54595,1.00,1.00
2016.08.26 17:51:48.998,1.54565,1.54603,1.00,1.75
2016.08.26 17:51:49.054,1.54582,1.54615,1.00,1.00
2016.08.26 17:51:49.105,1.54582,1.54626,1.00,2.02
2016.08.26 17:51:49.155,1.54578,1.54626,1.00,1.65
2016.08.26 17:51:49.206,1.54578,1.54626,1.00,1.20
2016.08.26 17:51:49.256,1.54574,1.54626,1.75,1.00
2016.08.26 17:51:49.358,1.54576,1.54626,1.50,1.00
2016.08.26 17:51:49.409,1.54576,1.54626,1.95,1.00
2016.08.26 17:51:49.459,1.54583,1.54617,1.00,1.00
2016.08.26 17:51:49.694,1.54583,1.54626,1.00,1.00
2016.08.26 17:51:49.795,1.54583,1.54628,1.00,1.00
2016.08.26 17:51:49.845,1.54583,1.54626,1.00,1.00
2016.08.26 17:51:49.896,1.54583,1.54626,1.00,1.00
2016.08.26 17:51:49.946,1.54572,1.54626,2.25,1.75
2016.08.26 17:51:50.009,1.54572,1.54626,1.75,1.75
2016.08.26 17:51:50.060,1.54571,1.54626,2.10,1.75
2016.08.26 17:51:50.111,1.54572,1.54626,1.75,1.75
2016.08.26 17:51:50.162,1.54572,1.54616,1.75,1.00
2016.08.26 17:51:50.213,1.54572,1.54616,1.37,1.00
2016.08.26 17:51:50.263,1.54574,1.54616,1.00,1.00
2016.08.26 17:51:50.478,1.54574,1.54625,1.50,1.20
2016.08.26 17:51:50.529,1.54579,1.54622,1.00,1.75
2016.08.26 17:51:51.641,1.54577,1.54617,1.00,1.00
2016.08.26 17:51:51.692,1.5457,1.54617,1.37,1.60
2016.08.26 17:51:51.743,1.54568,1.54615,1.37,1.42
2016.08.26 17:51:51.794,1.54574,1.54615,1.00,1.42
2016.08.26 17:51:51.844,1.54574,1.5461,1.00,1.20
2016.08.26 17:51:51.895,1.54574,1.54618,1.00,2.62
2016.08.26 17:51:51.946,1.54574,1.54618,1.00,2.25
2016.08.26 17:51:52.091,1.54573,1.54623,1.50,1.75
2016.08.26 17:51:52.203,1.54594,1.54623,1.00,1.75
2016.08.26 17:51:52.254,1.54593,1.54626,1.00,1.37
2016.08.26 17:51:52.355,1.54598,1.54639,1.00,2.70
2016.08.26 17:51:52.406,1.54598,1.54639,1.00,2.25
2016.08.26 17:51:52.456,1.54593,1.54638,1.50,2.25
2016.08.26 17:51:52.558,1.54594,1.54646,1.00,1.72
2016.08.26 17:51:52.704,1.54594,1.54646,1.37,1.72
2016.08.26 17:51:52.757,1.54602,1.54647,1.00,1.60
2016.08.26 17:51:52.861,1.54604,1.54656,1.00,1.75
2016.08.26 17:51:52.963,1.54604,1.54656,1.50,1.37
2016.08.26 17:51:53.031,1.54604,1.54656,1.50,1.00
2016.08.26 17:51:53.081,1.54604,1.54646,1.00,1.00
2016.08.26 17:51:53.183,1.54604,1.54656,1.50,1.00
2016.08.26 17:51:53.386,1.54601,1.54647,1.50,1.00
2016.08.26 17:51:53.589,1.54601,1.54647,1.37,1.00
2016.08.26 17:51:53.694,1.54601,1.54646,1.00,1.00
2016.08.26 17:51:54.060,1.54603,1.54646,1.00,1.00
2016.08.26 17:51:54.211,1.54603,1.54644,1.00,1.00
2016.08.26 17:51:54.414,1.54604,1.54646,1.00,1.00
2016.08.26 17:51:54.465,1.54606,1.54649,1.00,1.00
2016.08.26 17:51:54.566,1.54635,1.54652,1.00,1.00
2016.08.26 17:51:54.617,1.54635,1.54663,1.00,1.00
2016.08.26 17:51:54.668,1.54628,1.54661,1.00,1.50
2016.08.26 17:51:54.891,1.54633,1.5468,1.50,1.00
2016.08.26 17:51:54.942,1.54635,1.54682,1.00,1.00
2016.08.26 17:51:55.043,1.54633,1.54687,1.00,1.50
2016.08.26 17:51:55.094,1.54633,1.54687,1.00,1.00
2016.08.26 17:51:55.145,1.54633,1.54687,1.00,1.50
2016.08.26 17:51:55.195,1.54628,1.54676,1.37,1.00
2016.08.26 17:51:55.246,1.54628,1.54676,1.00,1.00
2016.08.26 17:51:55.297,1.54625,1.54666,1.20,1.00
2016.08.26 17:51:55.348,1.54622,1.54666,1.00,1.00
2016.08.26 17:51:55.399,1.54618,1.54667,1.00,1.00
2016.08.26 17:51:55.571,1.54613,1.54667,1.37,1.00
2016.08.26 17:51:55.621,1.54615,1.54672,1.00,2.85
2016.08.26 17:51:55.690,1.54614,1.54666,1.00,1.00
2016.08.26 17:51:55.842,1.54615,1.54661,1.00,1.00
2016.08.26 17:51:55.893,1.54608,1.54647,1.00,1.00
2016.08.26 17:51:55.994,1.54604,1.54647,1.37,1.00
2016.08.26 17:51:56.045,1.54599,1.54647,2.10,1.00
2016.08.26 17:51:56.095,1.54601,1.54657,1.35,1.00
2016.08.26 17:51:56.197,1.54598,1.54661,1.97,1.00
2016.08.26 17:51:56.247,1.54604,1.54661,1.00,1.50
2016.08.26 17:51:56.399,1.54608,1.54656,1.00,1.00
2016.08.26 17:51:56.501,1.54614,1.54666,1.00,1.12
2016.08.26 17:51:56.551,1.54614,1.54666,1.00,1.00
2016.08.26 17:51:56.653,1.54614,1.54665,1.00,1.50
2016.08.26 17:51:56.704,1.54602,1.54665,1.37,1.87
2016.08.26 17:51:56.754,1.546,1.54659,1.00,1.60
2016.08.26 17:51:56.805,1.54602,1.54656,1.60,1.00
2016.08.26 17:51:56.856,1.54607,1.54656,1.37,1.00
2016.08.26 17:51:56.957,1.54611,1.54656,1.00,1.00
2016.08.26 17:51:57.008,1.54611,1.54656,1.00,1.00
2016.08.26 17:51:57.544,1.54612,1.54656,1.00,1.00
2016.08.26 17:51:57.594,1.54612,1.54666,1.00,1.35
2016.08.26 17:51:57.746,1.54612,1.54665,1.00,1.00
2016.08.26 17:51:57.797,1.54612,1.54657,1.00,1.00
2016.08.26 17:51:57.848,1.54611,1.54652,1.00,1.60
2016.08.26 17:51:57.898,1.54602,1.54647,1.37,1.00
2016.08.26 17:51:57.949,1.54597,1.54647,1.75,1.50
2016.08.26 17:51:58.000,1.54603,1.54647,1.00,1.00
2016.08.26 17:51:58.051,1.54603,1.54647,1.00,1.00
2016.08.26 17:51:58.214,1.54594,1.54647,1.00,1.37
2016.08.26 17:51:58.268,1.54593,1.54638,1.00,1.00
2016.08.26 17:51:58.369,1.54583,1.54637,2.70,1.00
2016.08.26 17:51:58.421,1.54583,1.54637,2.25,1.00
2016.08.26 17:51:58.471,1.54594,1.54635,1.00,1.00
2016.08.26 17:51:58.745,1.54594,1.54635,1.00,1.00
2016.08.26 17:51:58.993,1.54584,1.54635,1.12,1.00
2016.08.26 17:51:59.171,1.54584,1.54635,1.12,1.00
2016.08.26 17:51:59.222,1.54584,1.54635,1.12,1.00
2016.08.26 17:51:59.272,1.54583,1.54635,1.50,1.00
2016.08.26 17:51:59.373,1.54582,1.54627,1.75,1.00
2016.08.26 17:51:59.676,1.5458,1.54616,1.75,1.00
2016.08.26 17:51:59.828,1.54582,1.54616,1.75,1.00
2016.08.26 17:52:00.275,1.54582,1.54616,1.37,1.00
2016.08.26 17:52:00.326,1.54574,1.54616,1.37,1.00
2016.08.26 17:52:00.376,1.54574,1.54616,1.00,1.00
2016.08.26 17:52:00.427,1.54578,1.54616,1.00,1.00
2016.08.26 17:52:00.477,1.54578,1.54624,1.00,1.00
2016.08.26 17:52:00.730,1.54581,1.54626,1.00,1.00
2016.08.26 17:52:01.273,1.54581,1.54627,1.00,1.00
2016.08.26 17:52:01.587,1.54583,1.54626,1.00,1.00
2016.08.26 17:52:01.923,1.54583,1.54626,1.00,1.50
2016.08.26 17:52:02.277,1.54584,1.54626,1.00,1.00
2016.08.26 17:52:02.379,1.54583,1.54626,1.00,1.50
2016.08.26 17:52:02.781,1.54579,1.54624,1.00,1.00
2016.08.26 17:52:02.832,1.54579,1.54624,1.00,1.60
2016.08.26 17:52:02.933,1.54577,1.54621,1.00,1.00
2016.08.26 17:52:03.271,1.54577,1.54616,1.00,1.00
2016.08.26 17:52:03.322,1.54577,1.54616,1.00,1.00
2016.08.26 17:52:03.595,1.54578,1.54621,1.00,1.00
2016.08.26 17:52:04.039,1.54578,1.54621,1.00,1.00
2016.08.26 17:52:04.141,1.54579,1.54626,1.00,1.75
2016.08.26 17:52:04.242,1.54582,1.54626,1.00,2.25
2016.08.26 17:52:04.378,1.54582,1.54626,1.00,1.87
2016.08.26 17:52:04.429,1.54582,1.54626,1.00,1.50
2016.08.26 17:52:04.479,1.54582,1.54626,1.00,1.00
2016.08.26 17:52:05.553,1.5458,1.54626,1.00,1.50
2016.08.26 17:52:05.745,1.5459,1.54626,1.00,1.00
2016.08.26 17:52:05.810,1.5459,1.54634,1.00,1.37
2016.08.26 17:52:05.861,1.54579,1.54622,1.20,1.00
2016.08.26 17:52:05.911,1.5458,1.54622,1.75,1.00
2016.08.26 17:52:05.999,1.54574,1.5462,1.95,1.00
2016.08.26 17:52:06.079,1.54576,1.5462,1.00,1.00
2016.08.26 17:52:06.282,1.54576,1.54617,1.00,1.00
2016.08.26 17:52:06.561,1.54571,1.54617,1.37,1.00
2016.08.26 17:52:06.746,1.54574,1.54617,1.00,1.00
2016.08.26 17:52:06.847,1.54574,1.54622,1.50,1.75
2016.08.26 17:52:07.040,1.54574,1.54621,1.00,1.50
2016.08.26 17:52:07.241,1.54574,1.54619,1.00,1.12
2016.08.26 17:52:08.151,1.54574,1.54617,1.00,1.00
2016.08.26 17:52:08.253,1.54574,1.54617,1.00,1.00
2016.08.26 17:52:08.354,1.54568,1.54616,2.10,1.00
2016.08.26 17:52:08.404,1.54568,1.54616,1.35,1.50
2016.08.26 17:52:08.671,1.54568,1.54617,1.35,2.25
2016.08.26 17:52:08.845,1.54569,1.54614,1.00,1.00
2016.08.26 17:52:08.952,1.54568,1.54612,1.35,1.00
2016.08.26 17:52:09.123,1.54574,1.54612,1.00,1.00
2016.08.26 17:52:09.174,1.54585,1.54621,1.00,1.20
2016.08.26 17:52:09.325,1.54595,1.54633,1.00,1.35
2016.08.26 17:52:09.471,1.54595,1.54639,1.00,1.72
2016.08.26 17:52:09.573,1.54597,1.5464,1.00,1.35
2016.08.26 17:52:09.624,1.54597,1.54637,1.00,1.60
2016.08.26 17:52:09.895,1.54597,1.54637,1.00,2.85
2016.08.26 17:52:09.945,1.54597,1.54637,1.00,1.00
2016.08.26 17:52:09.996,1.54595,1.54637,1.00,1.00
2016.08.26 17:52:10.047,1.54591,1.54637,1.50,1.50
2016.08.26 17:52:10.403,1.54596,1.54637,1.00,1.00
2016.08.26 17:52:10.759,1.54604,1.54645,1.00,1.75
2016.08.26 17:52:10.809,1.54604,1.54645,1.00,1.00
2016.08.26 17:52:10.860,1.54616,1.5465,1.00,1.57
2016.08.26 17:52:10.911,1.54616,1.54656,1.00,1.00
2016.08.26 17:52:10.977,1.54615,1.54657,1.00,1.00
2016.08.26 17:52:11.028,1.54615,1.54658,1.00,1.00
2016.08.26 17:52:11.961,1.54615,1.54658,1.00,1.00
2016.08.26 17:52:12.075,1.54634,1.54665,1.60,1.75
2016.08.26 17:52:12.202,1.54639,1.54665,1.00,1.37
2016.08.26 17:52:12.253,1.54648,1.54685,1.00,1.20
2016.08.26 17:52:12.303,1.54648,1.54692,1.00,2.25
2016.08.26 17:52:12.354,1.54648,1.54692,1.00,1.75
2016.08.26 17:52:12.405,1.54648,1.54692,1.00,1.37
2016.08.26 17:52:12.456,1.54646,1.5469,1.12,1.00
2016.08.26 17:52:12.557,1.54646,1.54687,1.12,1.00
2016.08.26 17:52:12.776,1.54646,1.5469,1.12,1.00
2016.08.26 17:52:12.877,1.54646,1.5469,1.12,1.00
2016.08.26 17:52:12.978,1.54646,1.5469,1.12,1.00
2016.08.26 17:52:13.193,1.54646,1.5469,1.12,1.00
2016.08.26 17:52:13.244,1.54646,1.5469,1.12,1.00
2016.08.26 17:52:13.768,1.54657,1.54698,1.00,1.75
2016.08.26 17:52:13.819,1.54657,1.54701,1.00,1.00
2016.08.26 17:52:13.870,1.54654,1.54699,1.00,1.00
2016.08.26 17:52:13.971,1.54654,1.54694,1.00,1.00
2016.08.26 17:52:14.072,1.54651,1.54694,1.00,1.00
2016.08.26 17:52:14.318,1.54651,1.54694,1.00,1.60
2016.08.26 17:52:14.369,1.54641,1.54684,2.25,1.00
2016.08.26 17:52:14.420,1.54641,1.54684,1.00,1.00
2016.08.26 17:52:14.521,1.54641,1.54684,2.25,1.00
2016.08.26 17:52:15.711,1.54641,1.54684,1.00,1.00
2016.08.26 17:52:15.866,1.54645,1.54686,1.00,1.00
2016.08.26 17:52:16.018,1.54645,1.54686,1.00,1.50
2016.08.26 17:52:16.069,1.54643,1.54686,1.00,1.50
2016.08.26 17:52:16.170,1.54643,1.54686,1.00,2.25
2016.08.26 17:52:16.221,1.54641,1.54686,1.37,2.25
2016.08.26 17:52:16.271,1.54643,1.54686,1.00,1.50
2016.08.26 17:52:16.322,1.54643,1.54686,1.00,1.50
2016.08.26 17:52:16.494,1.54642,1.54686,1.12,2.25
2016.08.26 17:52:16.595,1.54644,1.54686,1.00,1.50
2016.08.26 17:52:16.760,1.54641,1.54686,3.37,1.50
2016.08.26 17:52:16.880,1.54641,1.54686,2.62,1.50
2016.08.26 17:52:16.960,1.54643,1.54686,1.00,1.50
2016.08.26 17:52:17.167,1.54641,1.54685,1.87,1.00
2016.08.26 17:52:17.217,1.54637,1.54685,2.25,1.00
2016.08.26 17:52:17.477,1.54638,1.54682,1.75,1.00
2016.08.26 17:52:17.663,1.54638,1.54682,1.00,1.00
2016.08.26 17:52:17.716,1.54639,1.54679,1.00,1.00
2016.08.26 17:52:17.766,1.54634,1.54666,1.50,1.00
2016.08.26 17:52:17.868,1.54626,1.54666,1.20,1.00
2016.08.26 17:52:17.918,1.54619,1.54666,1.20,1.00
2016.08.26 17:52:17.969,1.54618,1.54666,2.25,1.50
2016.08.26 17:52:18.039,1.54618,1.54666,2.25,1.00
2016.08.26 17:52:18.090,1.54621,1.54665,1.00,1.00
2016.08.26 17:52:18.270,1.54619,1.54664,1.12,1.00
2016.08.26 17:52:18.321,1.54618,1.54664,1.12,1.00
2016.08.26 17:52:18.372,1.54618,1.54664,1.00,1.00
2016.08.26 17:52:18.525,1.54617,1.54661,1.00,1.00
2016.08.26 17:52:18.628,1.54617,1.54661,1.50,1.00
2016.08.26 17:52:18.729,1.54617,1.54661,1.12,1.00
2016.08.26 17:52:18.780,1.54618,1.54663,1.00,1.00
2016.08.26 17:52:19.191,1.54618,1.54663,1.50,1.00
2016.08.26 17:52:19.508,1.54619,1.54663,1.00,1.00
2016.08.26 17:52:19.584,1.54623,1.5466,1.00,1.00
2016.08.26 17:52:19.686,1.54619,1.54663,1.00,1.00
2016.08.26 17:52:19.787,1.54619,1.5466,1.00,1.00
2016.08.26 17:52:19.837,1.54616,1.5466,1.00,1.00
2016.08.26 17:52:19.888,1.54614,1.54659,1.50,1.00
2016.08.26 17:52:19.939,1.54614,1.54659,1.00,1.00
2016.08.26 17:52:19.989,1.54604,1.54647,2.47,1.00
2016.08.26 17:52:20.040,1.54604,1.54647,1.72,1.00
2016.08.26 17:52:20.091,1.54602,1.54644,1.35,1.00
2016.08.26 17:52:20.141,1.546,1.54644,1.60,1.00
2016.08.26 17:52:20.192,1.54602,1.54646,1.00,1.50
2016.08.26 17:52:20.394,1.54599,1.54642,1.75,1.00
2016.08.26 17:52:20.445,1.54599,1.54642,1.00,1.00
2016.08.26 17:52:20.498,1.54604,1.54646,1.00,1.00
2016.08.26 17:52:20.549,1.54604,1.54647,1.60,1.50
2016.08.26 17:52:20.599,1.54601,1.54657,1.60,1.75
2016.08.26 17:52:20.698,1.54622,1.54666,1.00,1.75
2016.08.26 17:52:20.749,1.54622,1.54666,1.50,1.00
2016.08.26 17:52:20.851,1.54622,1.54677,1.50,1.50
2016.08.26 17:52:20.902,1.54622,1.54677,1.95,1.50
2016.08.26 17:52:20.952,1.54622,1.54676,1.95,1.00
2016.08.26 17:52:21.033,1.54622,1.54676,1.75,1.00
2016.08.26 17:52:21.135,1.54622,1.54672,1.00,1.00
2016.08.26 17:52:21.692,1.54626,1.54671,1.00,1.00
2016.08.26 17:52:22.032,1.54626,1.54671,1.00,1.00
2016.08.26 17:52:22.184,1.54623,1.5467,1.00,1.00
2016.08.26 17:52:22.285,1.54628,1.54672,1.00,1.50
2016.08.26 17:52:23.042,1.54628,1.54666,1.00,1.00
2016.08.26 17:52:23.143,1.54626,1.54671,1.00,1.00
2016.08.26 17:52:23.244,1.54626,1.54671,1.00,1.00
2016.08.26 17:52:23.967,1.54626,1.54671,1.60,1.00
2016.08.26 17:52:24.018,1.54634,1.54672,1.00,1.00
2016.08.26 17:52:24.069,1.54634,1.54674,1.50,1.00
2016.08.26 17:52:24.119,1.54639,1.54681,1.00,1.00
2016.08.26 17:52:24.810,1.54639,1.54681,1.35,1.00
2016.08.26 17:52:25.144,1.5464,1.54682,1.50,1.00
2016.08.26 17:52:25.245,1.54639,1.54681,1.35,1.00
2016.08.26 17:52:25.346,1.54639,1.54681,1.35,1.00
2016.08.26 17:52:25.782,1.5464,1.5468,1.00,1.00
2016.08.26 17:52:26.083,1.54639,1.54676,1.35,1.00
2016.08.26 17:52:26.133,1.54639,1.54676,1.60,1.00
2016.08.26 17:52:26.184,1.54647,1.54686,1.00,1.50
2016.08.26 17:52:26.234,1.54647,1.54686,1.37,1.12
2016.08.26 17:52:26.285,1.54653,1.54696,1.00,1.80
2016.08.26 17:52:26.445,1.54653,1.54696,1.00,1.50
2016.08.26 17:52:27.086,1.54655,1.54693,1.00,1.00
2016.08.26 17:52:27.219,1.54657,1.54694,1.00,1.00
2016.08.26 17:52:29.892,1.54655,1.54693,1.00,1.00
2016.08.26 17:52:29.943,1.54655,1.54693,1.00,1.00
2016.08.26 17:52:30.256,1.54655,1.54693,1.00,1.00
2016.08.26 17:52:30.639,1.54655,1.54693,1.00,1.00
2016.08.26 17:52:31.223,1.54655,1.54693,1.00,1.00
2016.08.26 17:52:31.539,1.54651,1.54693,1.00,1.12
2016.08.26 17:52:31.590,1.54651,1.54693,1.00,1.50
2016.08.26 17:52:31.641,1.54653,1.54692,1.00,1.00
2016.08.26 17:52:31.691,1.54653,1.54692,1.50,1.00
2016.08.26 17:52:31.742,1.54654,1.54692,1.00,1.00
2016.08.26 17:52:31.854,1.54654,1.54692,1.50,1.00
2016.08.26 17:52:31.954,1.54654,1.54692,1.00,1.00
2016.08.26 17:52:32.266,1.54654,1.54689,1.00,1.00
2016.08.26 17:52:32.317,1.54666,1.54703,1.00,1.75
2016.08.26 17:52:32.368,1.54666,1.54704,1.00,1.00
2016.08.26 17:52:32.469,1.54667,1.54706,1.00,1.00
2016.08.26 17:52:34.010,1.54664,1.54703,1.35,1.00
2016.08.26 17:52:34.061,1.54664,1.54703,1.00,1.00
2016.08.26 17:52:34.112,1.54659,1.54695,1.75,1.00
2016.08.26 17:52:34.162,1.54659,1.54695,1.37,1.00
2016.08.26 17:52:34.213,1.54655,1.54691,1.00,1.00
2016.08.26 17:52:34.523,1.54652,1.54688,1.00,1.00
2016.08.26 17:52:34.826,1.54656,1.54693,1.00,1.00
2016.08.26 17:52:35.128,1.54658,1.54695,1.00,1.00
2016.08.26 17:52:35.279,1.54659,1.54697,1.00,1.50
2016.08.26 17:52:35.477,1.54659,1.54696,1.00,1.00
2016.08.26 17:52:36.127,1.5466,1.54696,1.00,1.00
2016.08.26 17:52:36.240,1.54659,1.54696,1.00,1.50
2016.08.26 17:52:37.129,1.54659,1.54696,1.00,1.00
2016.08.26 17:52:37.231,1.54661,1.54696,1.00,1.00
2016.08.26 17:52:37.282,1.54661,1.547,1.00,1.00
2016.08.26 17:52:37.332,1.54658,1.54699,1.60,1.00
2016.08.26 17:52:37.434,1.54658,1.54699,1.60,1.00
2016.08.26 17:52:37.536,1.54658,1.54699,1.00,1.00
2016.08.26 17:52:39.216,1.5466,1.54699,1.00,1.00
2016.08.26 17:52:39.751,1.54657,1.54696,1.00,1.00
2016.08.26 17:52:39.852,1.54658,1.54699,1.00,1.00
2016.08.26 17:52:39.902,1.54658,1.54696,1.00,1.00
2016.08.26 17:52:39.953,1.54656,1.54696,1.00,1.00
2016.08.26 17:52:40.066,1.54661,1.54696,1.00,1.00
2016.08.26 17:52:40.117,1.54659,1.54696,1.00,1.00
2016.08.26 17:52:40.369,1.54659,1.54699,1.00,1.00
2016.08.26 17:52:40.420,1.54661,1.54703,1.00,1.00
2016.08.26 17:52:40.470,1.54661,1.54703,1.00,1.00
2016.08.26 17:52:40.841,1.54661,1.54703,1.00,1.00
2016.08.26 17:52:41.050,1.54671,1.54712,1.00,1.00
2016.08.26 17:52:41.572,1.54672,1.54713,1.00,1.00
2016.08.26 17:52:42.439,1.54672,1.54713,1.00,1.00
2016.08.26 17:52:42.544,1.54672,1.54713,1.00,1.00
2016.08.26 17:52:42.646,1.54678,1.54716,1.00,1.00
2016.08.26 17:52:42.747,1.54688,1.54716,1.00,1.00
2016.08.26 17:52:42.798,1.54688,1.54727,1.00,1.00
2016.08.26 17:52:42.948,1.54683,1.54724,1.00,1.00
2016.08.26 17:52:43.067,1.5468,1.54722,1.37,1.00
2016.08.26 17:52:43.118,1.5468,1.54722,1.00,1.00
2016.08.26 17:52:43.374,1.5468,1.54716,1.00,1.00
2016.08.26 17:52:44.009,1.5468,1.54722,1.37,1.00
2016.08.26 17:52:44.060,1.54688,1.54726,1.60,1.00
2016.08.26 17:52:44.162,1.5469,1.54726,1.00,1.00
2016.08.26 17:52:44.263,1.54692,1.54732,1.00,1.00
2016.08.26 17:52:44.467,1.54692,1.54732,1.00,1.00
2016.08.26 17:52:44.568,1.54692,1.54732,1.00,1.00
2016.08.26 17:52:44.753,1.54692,1.54732,1.00,1.00
2016.08.26 17:52:44.804,1.54692,1.54726,1.00,1.00
2016.08.26 17:52:44.855,1.54689,1.54726,1.35,1.00
2016.08.26 17:52:44.956,1.54689,1.54726,1.35,1.00
2016.08.26 17:52:45.006,1.54689,1.54727,1.35,1.00
2016.08.26 17:52:45.161,1.54687,1.54727,1.60,1.00
2016.08.26 17:52:45.262,1.54687,1.54727,1.00,1.00
2016.08.26 17:52:45.789,1.54687,1.54726,1.00,1.00
2016.08.26 17:52:46.296,1.54687,1.54727,1.00,1.50
2016.08.26 17:52:46.450,1.54674,1.54713,1.35,1.00
2016.08.26 17:52:46.500,1.54673,1.54713,2.70,1.00
2016.08.26 17:52:46.551,1.54671,1.54708,1.20,1.00
2016.08.26 17:52:46.602,1.54667,1.54708,1.82,1.00
2016.08.26 17:52:46.653,1.54674,1.54715,1.00,1.75
2016.08.26 17:52:46.703,1.54674,1.54715,1.50,1.75
2016.08.26 17:52:46.754,1.54678,1.54719,1.00,1.75
2016.08.26 17:52:46.805,1.54678,1.54719,1.00,1.37
2016.08.26 17:52:46.917,1.54678,1.54719,1.00,1.00
2016.08.26 17:52:46.967,1.54681,1.54722,1.60,1.12
2016.08.26 17:52:47.068,1.54681,1.54722,1.60,1.12
2016.08.26 17:52:47.119,1.54681,1.54722,1.00,1.12
2016.08.26 17:52:47.170,1.54679,1.5472,1.00,1.00
2016.08.26 17:52:47.220,1.54679,1.54716,1.00,1.00
2016.08.26 17:52:47.271,1.54679,1.54716,1.00,1.00
2016.08.26 17:52:47.523,1.54679,1.5472,1.00,1.00
2016.08.26 17:52:47.624,1.54679,1.54716,1.00,1.00
2016.08.26 17:52:47.675,1.54679,1.54716,1.37,1.00
2016.08.26 17:52:47.726,1.54679,1.5472,1.50,1.00
2016.08.26 17:52:47.777,1.54675,1.54715,1.37,1.00
2016.08.26 17:52:47.828,1.54675,1.54715,1.00,1.00
2016.08.26 17:52:47.991,1.54677,1.54715,1.00,1.00
2016.08.26 17:52:48.042,1.5467,1.5471,1.00,1.00
2016.08.26 17:52:48.197,1.54669,1.5471,1.72,1.12
2016.08.26 17:52:48.248,1.54664,1.54704,1.60,1.00
2016.08.26 17:52:48.299,1.54664,1.54697,1.60,1.00
2016.08.26 17:52:48.450,1.5466,1.54697,1.60,1.00
2016.08.26 17:52:48.501,1.54658,1.54697,2.47,1.00
2016.08.26 17:52:48.551,1.54659,1.54697,1.60,1.50
2016.08.26 17:52:48.729,1.54659,1.54696,1.60,1.00
2016.08.26 17:52:48.883,1.54659,1.54697,1.60,1.50
2016.08.26 17:52:49.161,1.5466,1.54697,1.60,1.00
2016.08.26 17:52:49.292,1.5466,1.54701,1.60,1.00
2016.08.26 17:52:49.514,1.5466,1.54701,1.00,1.00
2016.08.26 17:52:50.080,1.54664,1.54703,1.00,1.37
2016.08.26 17:52:50.484,1.54666,1.54705,1.00,1.75
2016.08.26 17:52:50.868,1.54666,1.54705,1.00,1.75
2016.08.26 17:52:50.919,1.54666,1.54705,1.00,1.37
2016.08.26 17:52:50.969,1.54666,1.54705,1.00,1.00
2016.08.26 17:52:51.225,1.54666,1.54705,1.00,1.00
2016.08.26 17:52:51.427,1.54666,1.54705,1.60,1.00
2016.08.26 17:52:51.478,1.54673,1.5471,1.60,1.00
2016.08.26 17:52:51.581,1.54681,1.54716,1.00,1.75
2016.08.26 17:52:51.694,1.54681,1.5472,1.00,1.75
2016.08.26 17:52:51.878,1.54678,1.54716,1.00,1.50
2016.08.26 17:52:51.928,1.54678,1.54716,1.00,2.25
2016.08.26 17:52:52.181,1.54675,1.54714,1.00,1.00
2016.08.26 17:52:52.484,1.54672,1.54715,1.00,1.12
2016.08.26 17:52:52.779,1.54675,1.54715,1.00,1.12
2016.08.26 17:52:52.894,1.54675,1.54715,1.00,1.12
2016.08.26 17:52:52.945,1.54673,1.54711,1.00,1.00
2016.08.26 17:52:53.047,1.54669,1.54708,1.00,1.00
2016.08.26 17:52:53.377,1.54669,1.54708,1.00,1.00
2016.08.26 17:52:53.478,1.5468,1.54716,1.00,1.50
2016.08.26 17:52:53.689,1.54678,1.54716,1.00,1.37
2016.08.26 17:52:53.739,1.54678,1.54716,1.00,1.00
2016.08.26 17:52:53.885,1.54676,1.54715,1.00,1.00
2016.08.26 17:52:54.579,1.5468,1.54716,1.00,1.00
2016.08.26 17:52:54.814,1.5468,1.54719,1.00,1.00
2016.08.26 17:52:55.101,1.5468,1.54716,1.00,1.00
2016.08.26 17:52:55.151,1.5468,1.54716,1.00,1.60
2016.08.26 17:52:55.202,1.54668,1.54695,1.75,1.00
2016.08.26 17:52:55.252,1.54666,1.54695,1.20,1.00
2016.08.26 17:52:55.303,1.54657,1.5468,2.70,1.00
2016.08.26 17:52:55.410,1.54635,1.5468,1.37,1.00
2016.08.26 17:52:55.460,1.54634,1.5468,2.10,1.00
2016.08.26 17:52:55.511,1.54634,1.5468,1.35,1.00
2016.08.26 17:52:55.569,1.54633,1.54679,1.72,1.00
2016.08.26 17:52:55.689,1.54633,1.54679,2.47,1.00
2016.08.26 17:52:55.751,1.54634,1.54679,1.35,1.00
2016.08.26 17:52:55.802,1.54634,1.54679,1.35,1.00
2016.08.26 17:52:55.853,1.54634,1.54679,2.10,1.00
2016.08.26 17:52:55.954,1.54638,1.54679,2.10,1.00
2016.08.26 17:52:56.005,1.54644,1.54683,1.97,1.12
2016.08.26 17:52:56.093,1.54648,1.54696,1.35,1.45
2016.08.26 17:52:56.194,1.54648,1.54696,1.35,1.00
2016.08.26 17:52:57.074,1.5465,1.54696,1.47,1.00
2016.08.26 17:52:57.124,1.5465,1.54696,1.47,1.50
2016.08.26 17:52:57.175,1.5465,1.54696,1.20,1.50
2016.08.26 17:52:57.384,1.54652,1.54691,1.75,1.00
2016.08.26 17:52:57.485,1.54651,1.54696,1.75,1.00
2016.08.26 17:52:57.708,1.54652,1.54691,1.75,1.00
2016.08.26 17:52:58.083,1.54648,1.54689,2.10,1.00
2016.08.26 17:52:58.276,1.54649,1.54686,1.00,1.00
2016.08.26 17:53:00.329,1.54654,1.54694,1.00,1.00
2016.08.26 17:53:00.821,1.54654,1.54686,1.00,1.00
2016.08.26 17:53:00.923,1.5465,1.54691,1.00,1.00
2016.08.26 17:53:01.247,1.54649,1.54688,1.00,1.00
2016.08.26 17:53:01.595,1.54649,1.54688,1.50,1.00
2016.08.26 17:53:01.696,1.54651,1.54692,1.00,1.00
2016.08.26 17:53:01.797,1.54655,1.54693,1.00,1.00
2016.08.26 17:53:03.314,1.5465,1.54691,1.00,1.00
2016.08.26 17:53:03.415,1.5465,1.54691,1.00,1.50
2016.08.26 17:53:03.638,1.54649,1.54686,1.00,1.00
2016.08.26 17:53:03.689,1.5465,1.5469,1.00,1.00
2016.08.26 17:53:03.740,1.54655,1.54692,1.00,1.12
2016.08.26 17:53:03.791,1.54655,1.54694,1.00,1.75
2016.08.26 17:53:03.841,1.54655,1.54696,1.00,1.37
2016.08.26 17:53:03.892,1.54655,1.54696,1.00,1.00
2016.08.26 17:53:04.387,1.54655,1.54696,1.00,1.50
2016.08.26 17:53:04.437,1.54658,1.54696,1.00,2.25
2016.08.26 17:53:04.540,1.54656,1.54696,1.00,1.50
2016.08.26 17:53:04.820,1.54656,1.54696,1.00,1.00
2016.08.26 17:53:05.593,1.54656,1.54694,1.00,1.00
2016.08.26 17:53:05.939,1.54659,1.54697,1.00,1.00
2016.08.26 17:53:06.141,1.54659,1.54699,1.00,1.50
2016.08.26 17:53:06.417,1.54657,1.54697,1.00,1.00
2016.08.26 17:53:06.518,1.54653,1.54695,1.00,1.00
2016.08.26 17:53:06.619,1.54651,1.54691,1.12,1.00
2016.08.26 17:53:06.826,1.54651,1.54691,1.00,1.37
2016.08.26 17:53:06.927,1.54647,1.54689,1.00,1.00
2016.08.26 17:53:07.130,1.54647,1.54686,1.00,1.00
2016.08.26 17:53:07.676,1.54646,1.54685,1.00,1.00
2016.08.26 17:53:08.398,1.54646,1.54685,1.00,1.00
2016.08.26 17:53:11.136,1.54646,1.54685,1.00,1.00
2016.08.26 17:53:11.251,1.54642,1.54681,2.25,1.00
2016.08.26 17:53:11.828,1.54642,1.54681,1.12,1.00
2016.08.26 17:53:11.879,1.5464,1.54678,1.37,1.00
2016.08.26 17:53:11.929,1.5464,1.54678,1.00,1.00
2016.08.26 17:53:11.980,1.54643,1.54684,1.00,1.50
2016.08.26 17:53:12.132,1.54643,1.54684,1.00,1.12
2016.08.26 17:53:12.330,1.54643,1.54684,1.00,1.00
2016.08.26 17:53:13.645,1.54642,1.54681,1.00,1.00
2016.08.26 17:53:13.749,1.54641,1.5468,1.00,1.12
2016.08.26 17:53:13.850,1.54641,1.5468,1.00,1.12
2016.08.26 17:53:13.986,1.54638,1.5468,1.00,1.12
2016.08.26 17:53:14.087,1.54639,1.54678,1.00,1.00
2016.08.26 17:53:14.389,1.54634,1.54669,1.00,1.00
2016.08.26 17:53:14.699,1.54634,1.54665,1.00,1.00
2016.08.26 17:53:15.511,1.54632,1.54665,1.00,1.00
2016.08.26 17:53:16.458,1.54632,1.54667,1.00,1.50
2016.08.26 17:53:16.950,1.54632,1.54666,1.50,1.00
2016.08.26 17:53:17.157,1.54632,1.5467,1.00,1.00
2016.08.26 17:53:17.258,1.54634,1.54667,1.00,1.50
2016.08.26 17:53:17.359,1.54633,1.54667,1.00,1.00
2016.08.26 17:53:17.460,1.54636,1.54669,1.00,1.00
2016.08.26 17:53:17.562,1.54636,1.54666,1.00,1.00
2016.08.26 17:53:17.765,1.54636,1.54671,1.00,1.00
2016.08.26 17:53:17.866,1.54637,1.54674,1.00,1.00
2016.08.26 17:53:18.240,1.54637,1.54674,1.00,1.00
2016.08.26 17:53:18.290,1.54637,1.54667,1.00,1.00
2016.08.26 17:53:18.391,1.54637,1.54667,1.00,1.50
2016.08.26 17:53:18.579,1.54634,1.54669,1.00,1.00
2016.08.26 17:53:18.630,1.54628,1.54669,1.00,1.00
2016.08.26 17:53:18.680,1.54624,1.54661,1.75,1.00
2016.08.26 17:53:18.731,1.54621,1.54661,1.75,1.20
2016.08.26 17:53:18.782,1.54618,1.54655,1.37,1.12
2016.08.26 17:53:18.832,1.54618,1.54655,1.00,1.12
2016.08.26 17:53:18.883,1.54618,1.54657,1.00,1.75
2016.08.26 17:53:18.934,1.54617,1.54657,2.25,1.75
2016.08.26 17:53:18.985,1.54617,1.5466,2.25,1.75
2016.08.26 17:53:19.035,1.54624,1.5466,1.00,1.75
2016.08.26 17:53:19.086,1.54628,1.54665,1.00,1.20
2016.08.26 17:53:19.136,1.54628,1.54666,1.50,1.75
2016.08.26 17:53:19.187,1.54628,1.54666,1.50,1.37
2016.08.26 17:53:19.325,1.54634,1.54674,1.00,1.95
2016.08.26 17:53:19.376,1.54637,1.54677,1.00,1.37
2016.08.26 17:53:19.427,1.54637,1.54677,1.00,1.00
2016.08.26 17:53:19.786,1.54639,1.54679,1.00,1.00
2016.08.26 17:53:20.164,1.54639,1.54679,1.00,1.00
2016.08.26 17:53:20.265,1.54639,1.54679,1.00,1.00
2016.08.26 17:53:20.316,1.54647,1.54687,1.00,1.75
2016.08.26 17:53:20.366,1.54647,1.54686,1.00,1.37
2016.08.26 17:53:20.417,1.5465,1.54686,1.00,1.00
2016.08.26 17:53:20.468,1.5465,1.5469,1.00,1.00
2016.08.26 17:53:20.519,1.54651,1.54693,1.00,1.50
2016.08.26 17:53:22.926,1.5465,1.54691,1.00,1.00
2016.08.26 17:53:23.331,1.54653,1.54691,1.00,1.00
2016.08.26 17:53:23.381,1.54653,1.54691,1.00,1.00
2016.08.26 17:53:25.091,1.54654,1.54688,1.00,1.00
2016.08.26 17:53:27.344,1.54659,1.54691,1.00,1.00
2016.08.26 17:53:27.495,1.54659,1.54691,1.00,1.00
2016.08.26 17:53:27.963,1.54659,1.54691,1.00,1.00
2016.08.26 17:53:28.216,1.54653,1.54686,1.00,1.00
2016.08.26 17:53:28.267,1.54653,1.54686,1.00,1.00
2016.08.26 17:53:28.318,1.54655,1.54687,1.00,1.00
2016.08.26 17:53:28.419,1.54659,1.5469,1.00,1.00
2016.08.26 17:53:28.469,1.54659,1.5469,1.00,1.00
2016.08.26 17:53:29.045,1.54658,1.54689,1.00,1.00
2016.08.26 17:53:29.905,1.54661,1.54692,1.00,1.00
2016.08.26 17:53:30.923,1.54669,1.54696,1.00,1.00
2016.08.26 17:53:30.974,1.54669,1.54703,1.00,1.75
2016.08.26 17:53:31.025,1.54675,1.54708,1.00,1.75
2016.08.26 17:53:31.075,1.54675,1.54708,1.00,1.75
2016.08.26 17:53:31.180,1.54671,1.5471,1.00,1.00
2016.08.26 17:53:31.231,1.54669,1.54708,1.37,1.00
2016.08.26 17:53:31.388,1.54669,1.54708,1.75,1.00
2016.08.26 17:53:32.616,1.54673,1.54704,1.00,1.00
2016.08.26 17:53:32.717,1.54673,1.54706,1.00,1.00
2016.08.26 17:53:33.617,1.54673,1.54706,1.00,1.00
2016.08.26 17:53:33.667,1.54667,1.54702,1.75,1.00
2016.08.26 17:53:33.719,1.54667,1.54702,1.37,1.00
2016.08.26 17:53:33.769,1.5467,1.54701,1.00,1.00
2016.08.26 17:53:33.870,1.54666,1.54698,1.00,1.00
2016.08.26 17:53:34.086,1.54664,1.54696,1.00,1.00
2016.08.26 17:53:34.314,1.54664,1.54696,1.00,1.00
2016.08.26 17:53:34.724,1.54666,1.54697,1.00,1.00
2016.08.26 17:53:34.925,1.54663,1.54695,1.00,1.00
2016.08.26 17:53:36.471,1.54647,1.54678,1.75,1.00
2016.08.26 17:53:36.522,1.54647,1.54678,1.37,1.00
2016.08.26 17:53:36.573,1.54643,1.54677,1.00,1.00
2016.08.26 17:53:37.077,1.54644,1.54678,1.00,1.00
2016.08.26 17:53:37.387,1.54643,1.54675,1.00,1.00
2016.08.26 17:53:37.875,1.5464,1.54673,1.00,1.00
2016.08.26 17:53:39.039,1.54639,1.54671,1.00,1.00
2016.08.26 17:53:39.175,1.54639,1.54674,1.00,1.00
2016.08.26 17:53:39.226,1.54639,1.54674,1.00,1.00
2016.08.26 17:53:39.397,1.5464,1.54671,1.00,1.00
2016.08.26 17:53:39.450,1.54638,1.54671,1.00,1.00
2016.08.26 17:53:39.732,1.54637,1.54666,1.00,1.00
2016.08.26 17:53:39.782,1.54634,1.54666,1.00,1.50
2016.08.26 17:53:39.985,1.5463,1.54664,1.12,1.00
2016.08.26 17:53:40.336,1.54636,1.54666,1.00,1.00
2016.08.26 17:53:40.488,1.54639,1.5467,1.00,1.00
2016.08.26 17:53:40.945,1.54635,1.54666,1.00,1.00
2016.08.26 17:53:40.996,1.54635,1.54666,1.00,1.00
2016.08.26 17:53:41.152,1.54635,1.54666,1.00,1.50
2016.08.26 17:53:41.222,1.54633,1.54666,1.00,1.00
2016.08.26 17:53:41.629,1.54633,1.54668,1.00,1.00
2016.08.26 17:53:42.952,1.54638,1.5467,1.00,1.00
2016.08.26 17:53:43.073,1.54638,1.54671,1.00,1.12
2016.08.26 17:53:43.174,1.54635,1.54668,1.00,1.00
2016.08.26 17:53:43.504,1.5463,1.54663,1.00,1.00
2016.08.26 17:53:43.820,1.54629,1.54661,1.00,1.00
2016.08.26 17:53:43.999,1.54617,1.54656,2.25,1.00
2016.08.26 17:53:44.050,1.54624,1.54656,1.00,1.00
2016.08.26 17:53:44.151,1.54614,1.54644,1.37,1.12
2016.08.26 17:53:44.202,1.54613,1.54644,1.00,1.00
2016.08.26 17:53:44.253,1.54613,1.54646,1.00,1.72
2016.08.26 17:53:44.303,1.54613,1.54646,1.00,1.35
2016.08.26 17:53:44.415,1.54599,1.54645,1.20,1.00
2016.08.26 17:53:44.466,1.54604,1.54645,1.45,1.60
2016.08.26 17:53:44.517,1.54604,1.54644,1.00,1.60
2016.08.26 17:53:44.592,1.54604,1.54648,1.00,1.05
2016.08.26 17:53:44.643,1.54597,1.54646,1.75,1.60
2016.08.26 17:53:44.694,1.54597,1.54646,1.75,2.10
2016.08.26 17:53:44.744,1.54597,1.54646,1.75,1.60
2016.08.26 17:53:44.852,1.54604,1.54646,1.00,1.60
2016.08.26 17:53:45.274,1.54603,1.54645,1.00,1.00
2016.08.26 17:53:45.607,1.54604,1.5464,1.00,1.00
2016.08.26 17:53:45.697,1.54604,1.5464,1.00,1.00
2016.08.26 17:53:45.748,1.54604,1.5464,1.00,1.00
2016.08.26 17:53:45.799,1.5461,1.54646,1.00,1.00
2016.08.26 17:53:46.165,1.54604,1.54651,1.00,1.50
2016.08.26 17:53:46.220,1.54604,1.54651,1.00,1.50
2016.08.26 17:53:46.271,1.54599,1.54645,3.00,1.00
2016.08.26 17:53:46.321,1.54599,1.54645,1.50,1.00
2016.08.26 17:53:46.372,1.54595,1.54646,1.75,1.00
2016.08.26 17:53:46.422,1.54596,1.54646,1.20,1.00
2016.08.26 17:53:46.523,1.54595,1.54646,1.75,1.00
2016.08.26 17:53:46.574,1.54595,1.54647,1.75,1.00
2016.08.26 17:53:46.682,1.54608,1.54646,1.00,1.00
2016.08.26 17:53:46.733,1.54608,1.54646,1.00,1.00
2016.08.26 17:53:47.311,1.54608,1.54646,1.00,1.00
2016.08.26 17:53:47.508,1.54598,1.54646,1.10,1.12
2016.08.26 17:53:47.559,1.54595,1.54646,1.75,1.12
2016.08.26 17:53:47.661,1.54595,1.54647,1.75,1.37
2016.08.26 17:53:47.762,1.54603,1.5465,1.00,1.75
2016.08.26 17:53:48.043,1.54595,1.54646,1.75,1.12
2016.08.26 17:53:48.964,1.54604,1.54646,1.00,1.12
2016.08.26 17:53:49.065,1.54592,1.54639,1.75,1.00
2016.08.26 17:53:49.117,1.54594,1.54639,1.20,1.00
2016.08.26 17:53:49.167,1.54594,1.54638,1.20,1.60
2016.08.26 17:53:49.218,1.54593,1.54638,1.75,1.00
2016.08.26 17:53:49.324,1.54593,1.54638,1.37,1.12
2016.08.26 17:53:49.375,1.54587,1.54641,1.50,1.75
2016.08.26 17:53:49.426,1.54587,1.54643,1.50,1.20
2016.08.26 17:53:49.477,1.54594,1.54643,1.00,1.20
2016.08.26 17:53:49.528,1.54594,1.54646,1.20,2.25
2016.08.26 17:53:49.612,1.54594,1.54646,1.95,1.50
2016.08.26 17:53:49.853,1.54595,1.54645,1.20,1.00
2016.08.26 17:53:49.980,1.54603,1.54645,1.00,1.00
2016.08.26 17:53:50.031,1.54603,1.54652,1.00,1.35
2016.08.26 17:53:50.081,1.54598,1.54647,1.75,1.00
2016.08.26 17:53:50.183,1.54598,1.54653,1.75,1.75
2016.08.26 17:53:50.233,1.546,1.54656,1.10,1.75
2016.08.26 17:53:50.284,1.54606,1.54655,1.00,1.00
2016.08.26 17:53:50.589,1.54606,1.54646,1.00,1.00
2016.08.26 17:53:50.789,1.54606,1.54654,1.00,1.00
2016.08.26 17:53:51.323,1.54606,1.54655,1.00,1.00
2016.08.26 17:53:51.630,1.54611,1.54655,1.00,1.50
2016.08.26 17:53:51.681,1.54613,1.54655,1.00,1.00
2016.08.26 17:53:51.883,1.54612,1.54655,1.00,1.00
2016.08.26 17:53:52.401,1.54608,1.54654,1.00,1.00
2016.08.26 17:53:52.932,1.54608,1.54654,1.00,1.00
2016.08.26 17:53:53.033,1.54608,1.54654,1.00,1.00
2016.08.26 17:53:53.277,1.54613,1.5465,1.00,1.00
2016.08.26 17:53:54.109,1.54615,1.54649,1.00,1.00
2016.08.26 17:53:54.782,1.54615,1.54647,1.00,1.00
2016.08.26 17:53:54.980,1.54613,1.54647,1.00,1.00
2016.08.26 17:53:56.107,1.54616,1.54647,1.00,1.00
2016.08.26 17:53:56.285,1.54609,1.54646,1.00,1.00
2016.08.26 17:53:56.335,1.54609,1.54646,1.00,1.00
2016.08.26 17:53:56.638,1.54613,1.54646,1.00,1.00
2016.08.26 17:53:56.821,1.54609,1.54646,1.00,1.00
2016.08.26 17:53:57.188,1.54606,1.54651,1.00,1.00
2016.08.26 17:53:57.271,1.54606,1.54655,1.00,1.00
2016.08.26 17:53:57.502,1.54615,1.54651,1.00,1.00
2016.08.26 17:53:57.603,1.54611,1.54648,1.00,1.00
2016.08.26 17:53:57.878,1.54611,1.54646,1.00,1.00
2016.08.26 17:53:57.928,1.54609,1.54644,1.00,1.00
2016.08.26 17:53:58.029,1.5461,1.54645,1.00,1.00
2016.08.26 17:53:58.232,1.54608,1.54642,1.00,1.00
2016.08.26 17:53:59.679,1.54608,1.54642,1.00,1.60
2016.08.26 17:53:59.729,1.54601,1.54635,1.00,1.00
2016.08.26 17:53:59.780,1.54601,1.54635,1.00,1.00
2016.08.26 17:53:59.936,1.54598,1.54632,1.00,1.00
2016.08.26 17:54:00.802,1.54598,1.54635,1.00,1.00
2016.08.26 17:54:00.853,1.54598,1.54635,1.00,1.00
2016.08.26 17:54:00.903,1.54601,1.54638,1.00,1.00
2016.08.26 17:54:01.812,1.54599,1.54635,1.00,1.00
2016.08.26 17:54:02.353,1.54599,1.54635,1.00,1.00
2016.08.26 17:54:02.404,1.5459,1.54621,1.00,1.00
2016.08.26 17:54:02.454,1.5459,1.54621,1.00,1.00
2016.08.26 17:54:02.555,1.54587,1.54621,1.37,1.00
2016.08.26 17:54:02.606,1.54586,1.54621,1.00,1.00
2016.08.26 17:54:02.743,1.54586,1.54621,1.00,1.00
2016.08.26 17:54:03.005,1.54588,1.54623,1.00,1.00
2016.08.26 17:54:03.466,1.54588,1.54623,1.00,1.00
2016.08.26 17:54:03.517,1.54594,1.54628,1.00,1.00
2016.08.26 17:54:03.568,1.54594,1.54628,1.00,1.00
2016.08.26 17:54:03.876,1.54598,1.54632,1.00,1.00
2016.08.26 17:54:04.538,1.54598,1.54632,1.00,1.00
2016.08.26 17:54:04.773,1.54598,1.54632,1.00,1.00
2016.08.26 17:54:05.246,1.54594,1.54623,1.00,1.00
2016.08.26 17:54:05.297,1.54581,1.54623,1.37,1.00
2016.08.26 17:54:05.348,1.54583,1.54625,1.00,1.37
2016.08.26 17:54:05.449,1.5458,1.54623,1.00,1.50
2016.08.26 17:54:05.551,1.54577,1.54618,1.00,1.00
2016.08.26 17:54:05.652,1.54575,1.54616,1.00,1.00
2016.08.26 17:54:05.754,1.54575,1.54616,1.00,1.12
2016.08.26 17:54:05.856,1.54575,1.54616,1.00,1.50
2016.08.26 17:54:06.186,1.54575,1.54616,1.00,1.50
2016.08.26 17:54:06.257,1.54575,1.54616,1.00,1.50
2016.08.26 17:54:06.308,1.54579,1.54622,1.00,1.75
2016.08.26 17:54:06.359,1.54579,1.54622,1.00,1.50
2016.08.26 17:54:06.410,1.54577,1.54619,1.00,1.00
2016.08.26 17:54:06.460,1.54577,1.54619,1.00,1.00
2016.08.26 17:54:06.511,1.54574,1.54616,1.00,1.50
2016.08.26 17:54:06.561,1.54574,1.54616,1.00,1.50
2016.08.26 17:54:06.715,1.54574,1.54616,1.00,1.00
2016.08.26 17:54:07.439,1.54575,1.54615,1.00,1.00
2016.08.26 17:54:08.427,1.54578,1.54622,1.00,1.50
2016.08.26 17:54:08.478,1.54583,1.54622,1.00,1.50
2016.08.26 17:54:08.528,1.54585,1.54621,1.00,1.00
2016.08.26 17:54:08.792,1.54585,1.54621,1.00,1.00
2016.08.26 17:54:08.893,1.54585,1.54621,1.00,1.00
2016.08.26 17:54:08.944,1.54589,1.54627,1.00,1.00
2016.08.26 17:54:08.995,1.54589,1.5463,1.00,1.75
2016.08.26 17:54:09.046,1.54587,1.5463,1.00,1.75
2016.08.26 17:54:09.223,1.5459,1.54626,1.00,1.00
2016.08.26 17:54:09.341,1.54587,1.54628,1.00,1.12
2016.08.26 17:54:09.442,1.5459,1.54624,1.00,1.00
2016.08.26 17:54:10.035,1.54588,1.54619,1.00,1.00
2016.08.26 17:54:10.136,1.54584,1.54621,1.00,1.00
2016.08.26 17:54:10.237,1.54587,1.54619,1.00,1.00
2016.08.26 17:54:10.338,1.54583,1.54619,1.00,1.00
2016.08.26 17:54:10.439,1.5458,1.54622,1.12,1.00
2016.08.26 17:54:10.651,1.54579,1.54628,1.50,1.12
2016.08.26 17:54:10.710,1.54579,1.54626,1.50,1.00
2016.08.26 17:54:11.012,1.54579,1.54627,1.50,1.00
2016.08.26 17:54:11.063,1.54581,1.54627,1.00,1.00
2016.08.26 17:54:11.574,1.54584,1.54627,1.00,1.00
2016.08.26 17:54:12.535,1.54587,1.54622,1.00,1.00
2016.08.26 17:54:12.838,1.54586,1.54619,1.00,1.00
2016.08.26 17:54:13.035,1.54587,1.54621,1.00,1.00
2016.08.26 17:54:15.221,1.54589,1.5462,1.00,1.00
2016.08.26 17:54:16.625,1.5459,1.54623,1.00,1.00
2016.08.26 17:54:16.726,1.54591,1.54625,1.00,1.00
2016.08.26 17:54:16.827,1.5459,1.54622,1.00,1.00
2016.08.26 17:54:17.668,1.54596,1.54629,1.00,1.50
2016.08.26 17:54:17.719,1.54596,1.54629,1.00,1.37
2016.08.26 17:54:17.769,1.54596,1.54629,1.00,1.00
2016.08.26 17:54:18.356,1.54594,1.54626,1.00,1.00
2016.08.26 17:54:18.535,1.54596,1.54631,1.00,1.00
2016.08.26 17:54:18.686,1.54596,1.54631,1.00,1.00
2016.08.26 17:54:20.070,1.546,1.54632,1.00,1.00
2016.08.26 17:54:21.638,1.54604,1.54635,1.00,1.00
2016.08.26 17:54:23.071,1.54603,1.54634,1.00,1.00
2016.08.26 17:54:23.172,1.54604,1.54635,1.00,1.00
2016.08.26 17:54:23.521,1.54604,1.54635,1.00,1.00
2016.08.26 17:54:23.572,1.54602,1.54635,1.00,1.00
2016.08.26 17:54:23.622,1.54602,1.54635,1.00,1.00
2016.08.26 17:54:23.673,1.54606,1.54638,1.00,1.00
2016.08.26 17:54:23.723,1.54606,1.54638,1.00,1.00
2016.08.26 17:54:23.774,1.54608,1.54641,1.00,1.12
2016.08.26 17:54:23.875,1.54606,1.54639,1.00,1.00
2016.08.26 17:54:24.027,1.54607,1.5464,1.00,1.00
2016.08.26 17:54:24.476,1.54603,1.54638,1.00,1.00
2016.08.26 17:54:27.482,1.54606,1.54638,1.00,1.00
2016.08.26 17:54:29.086,1.54606,1.54638,1.00,1.00
2016.08.26 17:54:29.389,1.546,1.54632,1.00,1.00
2016.08.26 17:54:29.706,1.54602,1.54635,1.00,1.00
2016.08.26 17:54:29.807,1.54601,1.54633,1.00,1.00
2016.08.26 17:54:30.191,1.54598,1.54632,1.00,1.00
2016.08.26 17:54:30.530,1.54597,1.5463,1.00,1.00
2016.08.26 17:54:31.193,1.54596,1.54629,1.00,1.00
2016.08.26 17:54:36.807,1.54599,1.54632,1.00,1.00
2016.08.26 17:54:37.409,1.54599,1.54634,1.00,1.00
2016.08.26 17:54:39.044,1.54599,1.54634,1.00,1.00
2016.08.26 17:54:39.427,1.54603,1.54636,1.00,1.00
2016.08.26 17:54:39.528,1.54603,1.54636,1.00,1.00
2016.08.26 17:54:45.405,1.54606,1.54637,1.00,1.00
2016.08.26 17:54:47.141,1.54612,1.54643,1.00,1.00
2016.08.26 17:54:47.192,1.54618,1.54652,1.00,2.25
2016.08.26 17:54:47.242,1.54618,1.54652,1.00,1.37
2016.08.26 17:54:47.293,1.54621,1.54653,1.00,1.00
2016.08.26 17:54:47.623,1.5462,1.54651,1.00,1.00
2016.08.26 17:54:49.904,1.54615,1.54647,1.00,1.00
2016.08.26 17:54:50.230,1.54609,1.54643,1.00,1.00
2016.08.26 17:54:50.340,1.54606,1.5464,1.00,1.00
2016.08.26 17:54:50.441,1.54603,1.54637,1.50,1.00
2016.08.26 17:54:50.491,1.54603,1.54637,1.12,1.00
2016.08.26 17:54:50.542,1.54603,1.54637,1.00,1.00
2016.08.26 17:54:52.206,1.54607,1.54638,1.00,1.00
2016.08.26 17:54:52.307,1.54603,1.54636,1.00,1.00
2016.08.26 17:54:52.607,1.54607,1.54639,1.00,1.00
2016.08.26 17:54:52.709,1.54606,1.54637,1.00,1.00
2016.08.26 17:54:52.810,1.5461,1.54643,1.00,1.00
2016.08.26 17:54:52.861,1.5461,1.54643,1.00,1.00
2016.08.26 17:54:53.391,1.5461,1.54642,1.00,1.00
2016.08.26 17:54:53.910,1.54609,1.54641,1.00,1.00
2016.08.26 17:54:56.288,1.54609,1.54641,1.00,1.00
2016.08.26 17:54:57.723,1.54604,1.54636,1.00,1.00
2016.08.26 17:54:57.824,1.54601,1.54636,1.00,1.00
2016.08.26 17:54:58.116,1.54604,1.54637,1.00,1.00
2016.08.26 17:54:58.659,1.54618,1.54651,1.00,1.47
2016.08.26 17:54:58.713,1.5462,1.54654,1.00,1.37
2016.08.26 17:54:58.763,1.5462,1.54654,1.00,1.00
2016.08.26 17:54:58.886,1.5462,1.54654,1.00,1.00
2016.08.26 17:55:00.150,1.5462,1.54654,1.00,1.00
2016.08.26 17:55:01.034,1.54626,1.54659,1.00,1.00
2016.08.26 17:55:02.921,1.54627,1.54659,1.00,1.00
2016.08.26 17:55:03.452,1.54631,1.54662,1.00,1.50
2016.08.26 17:55:03.502,1.54631,1.54662,1.00,1.12
2016.08.26 17:55:03.553,1.54633,1.54666,1.00,1.00
2016.08.26 17:55:03.818,1.54633,1.54666,1.00,1.50
2016.08.26 17:55:04.474,1.54629,1.5466,1.00,1.00
2016.08.26 17:55:04.525,1.54626,1.54659,1.12,1.00
2016.08.26 17:55:04.576,1.54626,1.54659,1.00,1.00
2016.08.26 17:55:04.627,1.54626,1.54659,1.00,1.00
2016.08.26 17:55:07.265,1.54624,1.54655,1.00,1.00
2016.08.26 17:55:07.316,1.54625,1.54655,1.00,1.00
2016.08.26 17:55:07.366,1.54637,1.54666,1.00,1.00
2016.08.26 17:55:07.417,1.54637,1.54667,1.00,1.12
2016.08.26 17:55:07.467,1.54641,1.54671,1.00,1.75
2016.08.26 17:55:07.518,1.54641,1.54671,1.00,1.37
2016.08.26 17:55:07.693,1.54641,1.54671,1.00,1.00
2016.08.26 17:55:07.996,1.54644,1.54674,1.00,1.00
2016.08.26 17:55:08.863,1.5464,1.54672,1.00,1.00
2016.08.26 17:55:08.965,1.54638,1.54671,1.00,1.00
2016.08.26 17:55:09.118,1.54638,1.54671,1.00,1.00
2016.08.26 17:55:09.169,1.54642,1.54672,1.00,1.00
2016.08.26 17:55:09.581,1.54642,1.54674,1.00,1.00
2016.08.26 17:55:10.103,1.54641,1.54673,1.00,1.00
2016.08.26 17:55:11.056,1.54644,1.54674,1.00,1.00
2016.08.26 17:55:12.037,1.54642,1.54672,1.00,1.00
2016.08.26 17:55:12.193,1.54639,1.54671,1.00,1.00
2016.08.26 17:55:12.243,1.54645,1.54675,1.00,1.00
2016.08.26 17:55:15.274,1.54645,1.54675,1.00,1.00
2016.08.26 17:55:15.387,1.54645,1.54675,1.00,1.00
2016.08.26 17:55:18.152,1.54643,1.54675,1.00,1.00
2016.08.26 17:55:18.254,1.54642,1.54673,1.00,1.00
2016.08.26 17:55:18.456,1.5464,1.54675,1.00,1.00
2016.08.26 17:55:18.646,1.54639,1.54672,1.00,1.00
2016.08.26 17:55:19.202,1.5464,1.54672,1.00,1.00
2016.08.26 17:55:19.971,1.54642,1.54672,1.00,1.00
2016.08.26 17:55:20.547,1.54639,1.54671,1.00,1.00
2016.08.26 17:55:21.829,1.54636,1.54666,1.00,1.00
2016.08.26 17:55:22.052,1.54632,1.54662,1.00,1.00
2016.08.26 17:55:22.154,1.54631,1.54661,1.00,1.00
2016.08.26 17:55:22.457,1.54631,1.54664,1.00,1.00
2016.08.26 17:55:22.558,1.54636,1.54666,1.00,1.00
2016.08.26 17:55:23.077,1.54636,1.54669,1.00,1.00
2016.08.26 17:55:23.178,1.54637,1.54666,1.00,1.00
2016.08.26 17:55:23.279,1.54636,1.54668,1.00,1.00
2016.08.26 17:55:23.887,1.5464,1.54669,1.00,1.00
2016.08.26 17:55:25.010,1.5464,1.54672,1.00,1.00
2016.08.26 17:55:25.515,1.5464,1.54671,1.00,1.00
2016.08.26 17:55:26.800,1.54638,1.54667,1.00,1.00
2016.08.26 17:55:27.477,1.54634,1.54665,1.00,1.00
2016.08.26 17:55:27.666,1.54636,1.54666,1.00,1.00
2016.08.26 17:55:27.767,1.54634,1.54665,1.00,1.00
2016.08.26 17:55:29.271,1.54648,1.54676,1.00,1.12
2016.08.26 17:55:29.321,1.54648,1.54679,1.00,1.75
2016.08.26 17:55:29.372,1.54654,1.5468,1.00,1.75
2016.08.26 17:55:29.473,1.54654,1.54685,1.00,1.37
2016.08.26 17:55:29.524,1.54654,1.54685,1.00,1.00
2016.08.26 17:55:30.411,1.54658,1.54691,1.00,1.00
2016.08.26 17:55:31.800,1.54658,1.54692,1.00,1.00
2016.08.26 17:55:32.052,1.54659,1.54695,1.00,1.00
2016.08.26 17:55:32.102,1.5466,1.54693,1.00,1.00
2016.08.26 17:55:32.405,1.54659,1.5469,1.00,1.00
2016.08.26 17:55:33.976,1.54659,1.5469,1.00,1.00
2016.08.26 17:55:34.082,1.54661,1.54691,1.00,1.00
2016.08.26 17:55:34.915,1.54669,1.54703,1.00,1.37
2016.08.26 17:55:34.966,1.54669,1.54703,1.00,1.00
2016.08.26 17:55:35.067,1.54669,1.54701,1.00,1.00
2016.08.26 17:55:35.423,1.5467,1.54702,1.00,1.00
2016.08.26 17:55:35.727,1.54672,1.54705,1.00,1.00
2016.08.26 17:55:35.827,1.54673,1.54707,1.00,2.25
2016.08.26 17:55:36.034,1.54674,1.54706,1.00,1.00
2016.08.26 17:55:36.890,1.5467,1.54706,1.00,1.00
2016.08.26 17:55:37.509,1.54673,1.54707,1.00,2.25
2016.08.26 17:55:37.610,1.54672,1.54705,1.00,1.00
2016.08.26 17:55:37.711,1.54673,1.54707,1.00,1.50
2016.08.26 17:55:37.889,1.54673,1.54707,1.00,1.12
2016.08.26 17:55:37.940,1.54671,1.54705,1.00,1.00
2016.08.26 17:55:38.506,1.5467,1.54704,1.00,1.00
2016.08.26 17:55:39.295,1.5467,1.54704,1.00,1.00
2016.08.26 17:55:39.346,1.54669,1.547,1.00,1.00
2016.08.26 17:55:42.907,1.54686,1.54706,1.00,1.00
2016.08.26 17:55:42.958,1.54686,1.54717,1.00,1.00
2016.08.26 17:55:43.009,1.54687,1.54717,1.00,1.00
2016.08.26 17:55:43.161,1.54687,1.54719,1.00,1.00
2016.08.26 17:55:43.212,1.54681,1.54715,1.00,1.00
2016.08.26 17:55:43.262,1.54683,1.54715,1.00,1.00
2016.08.26 17:55:43.428,1.54682,1.54712,1.00,1.00
2016.08.26 17:55:43.670,1.54683,1.54712,1.00,1.00
2016.08.26 17:55:43.721,1.54697,1.54726,1.00,1.20
2016.08.26 17:55:43.822,1.547,1.54732,1.00,1.75
2016.08.26 17:55:43.923,1.547,1.54732,1.00,1.37
2016.08.26 17:55:43.973,1.547,1.54732,1.00,1.00
2016.08.26 17:55:44.024,1.547,1.54732,1.00,1.00
2016.08.26 17:55:44.125,1.547,1.54733,1.00,1.00
2016.08.26 17:55:45.048,1.54691,1.54723,1.50,1.00
2016.08.26 17:55:45.099,1.54691,1.54723,1.50,1.00
2016.08.26 17:55:45.150,1.54683,1.54723,1.75,1.00
2016.08.26 17:55:45.200,1.54683,1.54723,1.37,1.00
2016.08.26 17:55:45.392,1.54683,1.5472,1.00,1.00
2016.08.26 17:55:45.810,1.54684,1.54722,1.00,1.00
2016.08.26 17:55:45.917,1.54683,1.54722,1.50,1.00
2016.08.26 17:55:46.034,1.54684,1.54722,1.00,1.00
2016.08.26 17:55:46.135,1.54691,1.5473,1.00,1.00
2016.08.26 17:55:46.288,1.54691,1.54732,1.00,1.00
2016.08.26 17:55:46.339,1.54692,1.54732,1.00,1.00
2016.08.26 17:55:46.441,1.54686,1.54726,1.50,1.00
2016.08.26 17:55:46.492,1.54685,1.54726,1.37,1.00
2016.08.26 17:55:46.593,1.54685,1.54726,1.00,1.00
2016.08.26 17:55:46.644,1.54683,1.54722,1.00,1.00
2016.08.26 17:55:46.745,1.54683,1.54733,1.00,1.50
2016.08.26 17:55:47.221,1.54683,1.54733,1.00,1.50
2016.08.26 17:55:48.032,1.54686,1.54725,1.00,1.00
2016.08.26 17:55:48.335,1.54684,1.54723,1.00,1.00
2016.08.26 17:55:48.638,1.5468,1.5472,1.00,1.00
2016.08.26 17:55:48.846,1.54674,1.54709,1.37,1.00
2016.08.26 17:55:48.899,1.54668,1.54709,1.72,1.00
2016.08.26 17:55:48.950,1.54668,1.54709,1.12,1.00
2016.08.26 17:55:49.001,1.54668,1.54709,1.00,1.00
2016.08.26 17:55:49.929,1.54664,1.54705,1.50,1.00
2016.08.26 17:55:50.356,1.54664,1.54705,1.00,1.00
2016.08.26 17:55:50.963,1.54664,1.54705,1.00,1.00
2016.08.26 17:55:51.014,1.5467,1.54711,1.00,1.00
2016.08.26 17:55:51.064,1.54679,1.54716,1.00,1.37
2016.08.26 17:55:51.115,1.54679,1.54718,1.00,1.37
2016.08.26 17:55:51.216,1.54679,1.54718,1.00,1.00
2016.08.26 17:55:51.266,1.54677,1.54718,1.00,1.00
2016.08.26 17:55:51.317,1.54677,1.54718,1.00,1.00
2016.08.26 17:55:51.431,1.54677,1.54718,1.00,1.00
2016.08.26 17:55:52.527,1.54676,1.54716,1.00,1.00
2016.08.26 17:55:54.250,1.54679,1.54712,1.00,1.00
2016.08.26 17:55:55.050,1.5468,1.54719,1.00,1.00
2016.08.26 17:55:55.163,1.5468,1.54722,1.00,1.00
2016.08.26 17:55:55.264,1.5468,1.54722,1.00,1.00
2016.08.26 17:55:55.447,1.54684,1.54725,1.00,1.00
2016.08.26 17:55:55.497,1.54684,1.54725,1.50,1.00
2016.08.26 17:55:55.548,1.54684,1.54723,1.00,1.00
2016.08.26 17:55:56.097,1.54684,1.54724,1.00,1.00
2016.08.26 17:55:56.308,1.54687,1.54729,1.00,1.00
2016.08.26 17:55:56.744,1.54693,1.54724,1.00,1.00
2016.08.26 17:55:58.155,1.54691,1.54723,1.00,1.00
2016.08.26 17:55:58.256,1.54688,1.54723,1.00,1.00
2016.08.26 17:55:58.586,1.54692,1.54727,1.00,1.00
2016.08.26 17:55:58.688,1.54698,1.54736,1.00,1.60
2016.08.26 17:55:58.789,1.54688,1.54736,1.00,1.60
2016.08.26 17:55:58.840,1.54691,1.54736,1.00,1.00
2016.08.26 17:55:58.941,1.54691,1.54736,1.00,1.00
2016.08.26 17:55:59.072,1.54691,1.54741,1.00,2.10
2016.08.26 17:55:59.173,1.54691,1.54737,1.00,1.60
2016.08.26 17:55:59.224,1.54691,1.54737,1.00,1.60
2016.08.26 17:55:59.458,1.54683,1.54736,1.50,2.10
2016.08.26 17:55:59.675,1.54676,1.54726,1.75,1.00
2016.08.26 17:56:00.107,1.54685,1.54726,1.00,1.00
2016.08.26 17:56:00.293,1.54682,1.54725,1.00,1.00
2016.08.26 17:56:00.343,1.54682,1.54725,1.00,1.00
2016.08.26 17:56:00.394,1.54674,1.54716,2.25,1.00
2016.08.26 17:56:00.546,1.54674,1.54716,1.50,1.00
2016.08.26 17:56:00.597,1.54674,1.54714,1.00,1.00
2016.08.26 17:56:00.678,1.54674,1.54714,1.50,1.00
2016.08.26 17:56:00.827,1.54674,1.54714,1.50,1.00
2016.08.26 17:56:00.878,1.54674,1.54714,1.00,1.00
2016.08.26 17:56:00.928,1.54676,1.54714,1.00,1.00
2016.08.26 17:56:00.979,1.54679,1.54719,1.00,1.00
2016.08.26 17:56:01.277,1.54681,1.54723,1.50,1.00
2016.08.26 17:56:01.429,1.54684,1.54723,1.00,1.00
2016.08.26 17:56:01.480,1.54684,1.54725,1.50,1.00
2016.08.26 17:56:01.530,1.54685,1.54725,1.00,1.00
2016.08.26 17:56:01.884,1.54687,1.54726,1.00,1.00
2016.08.26 17:56:02.444,1.54689,1.54726,1.00,1.00
2016.08.26 17:56:02.494,1.54693,1.54732,1.00,1.00
2016.08.26 17:56:02.595,1.54696,1.54736,1.00,1.00
2016.08.26 17:56:02.696,1.54695,1.54734,1.00,1.00
2016.08.26 17:56:02.747,1.54695,1.54734,1.00,1.00
2016.08.26 17:56:02.797,1.54693,1.54732,1.00,1.00
2016.08.26 17:56:03.029,1.54699,1.54737,1.00,1.00
2016.08.26 17:56:03.297,1.54697,1.54737,1.00,1.00
2016.08.26 17:56:03.938,1.54697,1.54736,1.00,1.00
2016.08.26 17:56:04.090,1.54696,1.54735,1.00,1.00
2016.08.26 17:56:04.379,1.54697,1.54737,1.00,1.00
2016.08.26 17:56:04.565,1.54697,1.54738,1.00,1.00
2016.08.26 17:56:04.789,1.54701,1.54739,1.00,1.35
2016.08.26 17:56:04.944,1.54701,1.54739,1.00,1.35
2016.08.26 17:56:05.136,1.54701,1.54739,1.00,1.35
2016.08.26 17:56:05.399,1.54701,1.54743,1.00,1.60
2016.08.26 17:56:05.450,1.54701,1.54743,1.00,1.60
2016.08.26 17:56:05.501,1.54698,1.54742,1.50,1.60
2016.08.26 17:56:05.764,1.54698,1.54742,1.50,1.35
2016.08.26 17:56:06.067,1.54698,1.54736,1.50,1.00
2016.08.26 17:56:06.539,1.54698,1.54736,1.00,1.00
2016.08.26 17:56:06.590,1.54701,1.54736,1.00,1.00
2016.08.26 17:56:07.589,1.54699,1.54736,1.00,1.00
2016.08.26 17:56:08.094,1.54699,1.54737,1.00,1.00
2016.08.26 17:56:08.391,1.54701,1.54737,1.00,1.00
2016.08.26 17:56:08.609,1.54701,1.54741,1.00,1.00
2016.08.26 17:56:08.892,1.54706,1.54738,1.00,1.00
2016.08.26 17:56:09.898,1.54703,1.54738,1.00,1.00
2016.08.26 17:56:10.050,1.547,1.54732,1.00,1.00
2016.08.26 17:56:10.558,1.54698,1.54732,1.00,1.00
2016.08.26 17:56:10.824,1.54691,1.54727,1.00,1.00
2016.08.26 17:56:10.875,1.54687,1.54727,1.75,1.00
2016.08.26 17:56:10.976,1.54687,1.54727,1.00,1.00
2016.08.26 17:56:11.027,1.54684,1.54723,1.00,1.00
2016.08.26 17:56:11.078,1.54681,1.54723,1.00,1.00
2016.08.26 17:56:11.234,1.54683,1.54723,1.00,1.00
2016.08.26 17:56:11.718,1.54686,1.54725,1.00,1.00
2016.08.26 17:56:12.021,1.54684,1.54724,1.00,1.00
2016.08.26 17:56:12.246,1.54687,1.54722,1.00,1.00
2016.08.26 17:56:12.347,1.54689,1.54723,1.00,1.00
2016.08.26 17:56:13.053,1.54686,1.54722,1.00,1.00
2016.08.26 17:56:13.155,1.54686,1.54722,1.00,1.00
2016.08.26 17:56:13.504,1.54686,1.54717,1.00,1.00
2016.08.26 17:56:13.555,1.54687,1.54721,1.00,1.00
2016.08.26 17:56:13.656,1.54686,1.54719,1.00,1.00
2016.08.26 17:56:14.056,1.54684,1.54718,1.00,1.00
2016.08.26 17:56:14.658,1.54684,1.54718,1.00,1.00
2016.08.26 17:56:14.977,1.54684,1.54716,1.00,1.00
2016.08.26 17:56:15.163,1.54695,1.54726,1.00,1.00
2016.08.26 17:56:15.213,1.54695,1.54726,1.00,1.00
2016.08.26 17:56:15.346,1.54704,1.54741,1.50,1.75
2016.08.26 17:56:15.397,1.54704,1.54743,1.00,1.75
2016.08.26 17:56:16.434,1.54705,1.54736,1.00,1.00
2016.08.26 17:56:18.135,1.54703,1.54737,1.00,1.00
2016.08.26 17:56:18.362,1.54703,1.54737,1.00,1.00
2016.08.26 17:56:18.694,1.54705,1.54736,1.00,1.00
2016.08.26 17:56:19.044,1.54703,1.54736,1.00,1.00
2016.08.26 17:56:19.874,1.5471,1.54743,1.00,1.75
2016.08.26 17:56:19.975,1.5472,1.54746,1.00,1.37
2016.08.26 17:56:20.025,1.54719,1.54747,1.00,1.00
2016.08.26 17:56:20.076,1.54719,1.54752,1.00,1.37
2016.08.26 17:56:20.127,1.54713,1.54751,1.00,1.00
2016.08.26 17:56:20.177,1.54713,1.54751,1.00,1.00
2016.08.26 17:56:20.228,1.54713,1.54753,1.00,1.00
2016.08.26 17:56:20.278,1.54712,1.54753,1.37,1.00
2016.08.26 17:56:20.329,1.54707,1.54745,1.00,1.00
2016.08.26 17:56:20.380,1.54707,1.54745,1.00,1.00
2016.08.26 17:56:20.430,1.54707,1.54742,1.00,1.00
2016.08.26 17:56:20.577,1.54707,1.54742,1.00,1.00
2016.08.26 17:56:20.628,1.54701,1.54742,1.00,1.12
2016.08.26 17:56:21.148,1.5471,1.54746,1.00,1.75
2016.08.26 17:56:21.199,1.5471,1.54748,1.00,1.20
2016.08.26 17:56:21.249,1.54725,1.54759,1.00,3.45
2016.08.26 17:56:21.300,1.54725,1.54764,1.00,1.00
2016.08.26 17:56:21.351,1.54723,1.54761,1.00,1.00
2016.08.26 17:56:21.458,1.5472,1.54759,1.00,1.00
2016.08.26 17:56:21.512,1.5472,1.54759,1.00,1.00
2016.08.26 17:56:21.613,1.5472,1.54759,1.00,1.00
2016.08.26 17:56:21.664,1.54717,1.54756,1.00,1.00
2016.08.26 17:56:21.789,1.54717,1.54756,1.00,1.00
2016.08.26 17:56:21.839,1.54717,1.54756,1.00,1.12
2016.08.26 17:56:21.890,1.54717,1.54756,1.00,1.50
2016.08.26 17:56:21.941,1.54715,1.54753,1.00,1.00
2016.08.26 17:56:21.991,1.54715,1.54753,1.00,1.00
2016.08.26 17:56:22.092,1.54715,1.54753,1.00,1.45
2016.08.26 17:56:22.143,1.54707,1.54746,1.00,1.12
2016.08.26 17:56:22.194,1.54707,1.54746,1.00,1.12
2016.08.26 17:56:22.245,1.54705,1.54744,1.00,1.00
2016.08.26 17:56:23.308,1.54705,1.54744,2.25,1.00
2016.08.26 17:56:23.359,1.54723,1.54755,1.00,1.20
2016.08.26 17:56:23.409,1.54723,1.54762,1.00,3.37
2016.08.26 17:56:23.555,1.5473,1.54773,1.00,1.00
2016.08.26 17:56:23.606,1.5473,1.54773,1.00,1.00
2016.08.26 17:56:23.678,1.54725,1.54767,1.50,1.00
2016.08.26 17:56:23.729,1.54725,1.54767,1.50,1.00
2016.08.26 17:56:23.780,1.5472,1.54771,1.20,1.00
2016.08.26 17:56:23.831,1.54716,1.54767,1.67,1.37
2016.08.26 17:56:23.932,1.54716,1.54766,1.00,1.00
2016.08.26 17:56:24.547,1.5472,1.5476,1.50,1.00
2016.08.26 17:56:25.104,1.5472,1.5476,1.00,1.00
2016.08.26 17:56:25.155,1.54721,1.54762,1.00,1.00
2016.08.26 17:56:25.206,1.54721,1.54762,1.00,1.00
2016.08.26 17:56:25.256,1.54717,1.54755,1.50,1.00
2016.08.26 17:56:25.307,1.54717,1.54755,1.50,1.00
2016.08.26 17:56:25.358,1.54717,1.54753,1.00,1.00
2016.08.26 17:56:25.408,1.54714,1.54753,1.00,1.00
2016.08.26 17:56:25.459,1.54716,1.54755,1.00,1.00
2016.08.26 17:56:26.766,1.54714,1.54753,1.00,1.37
2016.08.26 17:56:28.085,1.54711,1.54751,1.00,1.00
2016.08.26 17:56:28.138,1.54709,1.54751,1.50,1.00
2016.08.26 17:56:30.378,1.54709,1.54749,1.00,1.00
2016.08.26 17:56:30.571,1.54711,1.54751,1.00,1.00
2016.08.26 17:56:30.759,1.54717,1.54759,1.00,1.37
2016.08.26 17:56:30.826,1.54717,1.54759,1.00,1.00
2016.08.26 17:56:31.182,1.54718,1.54756,1.00,1.00
2016.08.26 17:56:31.249,1.54717,1.54756,1.00,1.00
2016.08.26 17:56:31.412,1.54716,1.54757,1.00,1.00
2016.08.26 17:56:31.462,1.54723,1.54764,1.00,1.50
2016.08.26 17:56:31.548,1.54723,1.54762,1.00,1.00
2016.08.26 17:56:31.688,1.54725,1.5477,1.00,1.12
2016.08.26 17:56:31.738,1.54719,1.54757,1.75,1.00
2016.08.26 17:56:31.839,1.54714,1.54761,1.00,1.00
2016.08.26 17:56:31.910,1.54711,1.54761,1.95,1.00
2016.08.26 17:56:31.961,1.54711,1.54761,1.50,1.60
2016.08.26 17:56:32.011,1.54705,1.54757,1.37,1.37
2016.08.26 17:56:32.062,1.54704,1.54757,2.32,1.75
2016.08.26 17:56:32.113,1.54704,1.54746,2.32,1.00
2016.08.26 17:56:32.163,1.54704,1.54746,1.87,1.00
2016.08.26 17:56:32.472,1.54708,1.54756,1.00,1.75
2016.08.26 17:56:32.573,1.54708,1.54756,1.60,1.75
2016.08.26 17:56:32.624,1.54715,1.54757,1.00,1.37
2016.08.26 17:56:32.674,1.54715,1.54757,1.00,1.00
2016.08.26 17:56:32.826,1.54715,1.54759,1.00,1.00
2016.08.26 17:56:32.928,1.54717,1.54757,1.00,1.00
2016.08.26 17:56:33.029,1.54721,1.54767,1.00,1.75
2016.08.26 17:56:33.175,1.54721,1.54767,1.37,1.00
2016.08.26 17:56:33.616,1.54716,1.54764,1.20,1.00
2016.08.26 17:56:33.717,1.54719,1.54761,1.37,1.00
2016.08.26 17:56:33.768,1.54719,1.54762,1.00,1.50
2016.08.26 17:56:33.907,1.54719,1.54762,1.00,1.00
2016.08.26 17:56:33.958,1.54725,1.54775,1.00,1.75
2016.08.26 17:56:34.015,1.54725,1.54775,1.37,1.37
2016.08.26 17:56:34.066,1.54735,1.54783,1.00,1.20
2016.08.26 17:56:34.116,1.54744,1.54786,1.00,1.57
2016.08.26 17:56:34.167,1.54744,1.54786,1.00,1.20
2016.08.26 17:56:34.268,1.54744,1.54786,1.00,1.00
2016.08.26 17:56:34.847,1.5474,1.54787,1.00,1.00
2016.08.26 17:56:34.898,1.5474,1.54786,1.00,1.60
2016.08.26 17:56:34.948,1.54739,1.54786,1.00,1.60
2016.08.26 17:56:35.100,1.54742,1.54787,1.00,2.10
2016.08.26 17:56:35.151,1.54742,1.54786,1.00,1.60
2016.08.26 17:56:35.718,1.54742,1.54786,1.37,1.60
2016.08.26 17:56:35.854,1.5475,1.54787,1.12,1.00
2016.08.26 17:56:35.905,1.5475,1.54793,1.12,1.00
2016.08.26 17:56:35.955,1.54755,1.54796,1.00,1.00
2016.08.26 17:56:36.058,1.54759,1.54805,1.00,1.50
2016.08.26 17:56:36.170,1.54761,1.54806,1.00,1.75
2016.08.26 17:56:36.327,1.54761,1.54807,1.00,2.25
2016.08.26 17:56:36.845,1.54764,1.54807,1.00,1.87
2016.08.26 17:56:36.896,1.54764,1.54807,1.00,1.50
2016.08.26 17:56:36.997,1.54764,1.54807,1.00,1.00
2016.08.26 17:56:37.098,1.54766,1.54807,1.00,1.00
2016.08.26 17:56:37.730,1.54767,1.54806,1.00,1.00
2016.08.26 17:56:37.875,1.5476,1.54803,1.12,1.37
2016.08.26 17:56:37.926,1.54767,1.54802,1.00,1.00
2016.08.26 17:56:38.028,1.54765,1.54802,1.00,1.00
2016.08.26 17:56:38.078,1.54765,1.54797,1.00,1.00
2016.08.26 17:56:38.469,1.54764,1.54806,1.00,1.50
2016.08.26 17:56:38.652,1.54767,1.54806,1.00,1.00
2016.08.26 17:56:39.034,1.54771,1.54806,1.00,1.00
2016.08.26 17:56:39.487,1.54781,1.54812,1.00,1.75
2016.08.26 17:56:39.537,1.54781,1.54818,1.08,1.37
2016.08.26 17:56:39.588,1.54776,1.54821,1.93,1.20
2016.08.26 17:56:39.639,1.54782,1.54827,1.60,1.82
2016.08.26 17:56:39.690,1.54785,1.54827,2.10,1.00
2016.08.26 17:56:39.740,1.54791,1.5483,1.57,1.10
2016.08.26 17:56:39.791,1.54791,1.54837,1.95,1.00
2016.08.26 17:56:39.842,1.54794,1.54846,1.75,1.12
2016.08.26 17:56:39.943,1.54797,1.54846,2.10,1.12
2016.08.26 17:56:40.362,1.54797,1.54847,1.35,1.50
2016.08.26 17:56:40.413,1.54795,1.54847,1.75,1.50
2016.08.26 17:56:40.464,1.54793,1.54847,1.75,1.50
2016.08.26 17:56:40.531,1.54793,1.54847,1.37,1.75
2016.08.26 17:56:40.581,1.54793,1.5484,1.00,1.00
2016.08.26 17:56:41.133,1.54794,1.5484,1.00,1.00
2016.08.26 17:56:41.533,1.54794,1.5484,1.00,1.20
2016.08.26 17:56:42.434,1.54794,1.5484,1.00,1.00
2016.08.26 17:56:43.036,1.54794,1.5484,1.00,1.00
2016.08.26 17:56:43.188,1.54794,1.5484,1.50,1.00
2016.08.26 17:56:43.339,1.54794,1.5484,1.00,1.00
2016.08.26 17:56:44.028,1.54797,1.5484,1.00,1.00
2016.08.26 17:56:44.079,1.54798,1.5484,1.00,1.00
2016.08.26 17:56:44.242,1.54798,1.5484,1.00,1.00
2016.08.26 17:56:45.670,1.54802,1.5484,1.00,1.00
2016.08.26 17:56:45.841,1.54802,1.5484,1.00,1.00
2016.08.26 17:56:45.942,1.54802,1.5484,1.00,1.00
2016.08.26 17:56:45.992,1.5479,1.54835,1.00,1.00
2016.08.26 17:56:46.117,1.5479,1.54837,1.12,1.37
2016.08.26 17:56:46.167,1.5479,1.54837,1.00,2.25
2016.08.26 17:56:46.218,1.54791,1.54837,1.00,1.75
2016.08.26 17:56:46.371,1.54791,1.54837,1.00,1.37
2016.08.26 17:56:46.539,1.54793,1.54837,1.00,1.37
2016.08.26 17:56:46.646,1.54793,1.54836,1.00,1.12
2016.08.26 17:56:46.748,1.54797,1.54845,1.00,1.95
2016.08.26 17:56:46.903,1.54797,1.54846,1.00,1.75
2016.08.26 17:56:47.180,1.548,1.54846,1.75,1.00
2016.08.26 17:56:47.281,1.54807,1.54846,1.00,1.00
2016.08.26 17:56:47.382,1.54808,1.54855,1.00,1.75
2016.08.26 17:56:47.433,1.54808,1.54855,1.00,2.10
2016.08.26 17:56:47.483,1.54809,1.54853,1.00,1.00
2016.08.26 17:56:47.546,1.54809,1.54853,1.00,1.00
2016.08.26 17:56:47.596,1.54804,1.54847,1.50,1.00
2016.08.26 17:56:47.755,1.54804,1.54846,1.12,1.00
2016.08.26 17:56:47.806,1.54794,1.54846,1.75,1.00
2016.08.26 17:56:48.000,1.54794,1.54836,2.25,1.00
2016.08.26 17:56:48.101,1.54794,1.54837,1.75,1.00
2016.08.26 17:56:48.202,1.54792,1.54837,1.95,1.00
2016.08.26 17:56:48.309,1.54793,1.54837,1.75,1.00
2016.08.26 17:56:48.450,1.54794,1.54846,1.75,1.00
2016.08.26 17:56:49.080,1.54801,1.54846,1.75,1.00
2016.08.26 17:56:49.388,1.54802,1.54846,1.50,1.00
2016.08.26 17:56:49.482,1.54804,1.54846,1.12,1.00
2016.08.26 17:56:49.583,1.54808,1.54846,1.00,1.00
2016.08.26 17:56:50.091,1.54808,1.54847,1.00,1.00
2016.08.26 17:56:50.759,1.54808,1.54847,1.00,1.37
2016.08.26 17:56:50.811,1.54805,1.54846,1.00,1.00
2016.08.26 17:56:50.913,1.54805,1.54845,1.00,1.00
2016.08.26 17:56:51.093,1.54805,1.54837,1.00,1.00
2016.08.26 17:56:51.454,1.54805,1.54845,1.00,1.00
2016.08.26 17:56:51.777,1.54805,1.54836,1.00,1.00
2016.08.26 17:56:51.827,1.54802,1.54836,1.00,1.00
2016.08.26 17:56:51.929,1.548,1.54836,1.00,1.00
2016.08.26 17:56:51.979,1.548,1.54836,1.00,1.00
2016.08.26 17:56:52.298,1.548,1.54836,1.00,1.00
2016.08.26 17:56:52.855,1.548,1.54836,1.00,1.00
2016.08.26 17:56:53.063,1.54802,1.54836,1.00,1.00
2016.08.26 17:56:53.114,1.54799,1.54839,1.00,1.00
2016.08.26 17:56:53.215,1.54796,1.54838,1.50,1.00
2016.08.26 17:56:53.266,1.54798,1.54838,1.60,1.00
2016.08.26 17:56:53.317,1.54808,1.54846,1.00,1.50
2016.08.26 17:56:53.367,1.54808,1.54846,1.00,1.00
2016.08.26 17:56:53.418,1.54813,1.54856,1.00,1.82
2016.08.26 17:56:53.469,1.54813,1.54856,1.00,1.00
2016.08.26 17:56:53.520,1.5481,1.54856,1.12,1.00
2016.08.26 17:56:53.610,1.54808,1.54856,1.75,1.00
2016.08.26 17:56:53.812,1.54812,1.54856,1.00,1.00
2016.08.26 17:56:53.866,1.54815,1.54856,1.00,1.00
2016.08.26 17:56:54.504,1.54814,1.54856,1.00,1.00
2016.08.26 17:56:54.660,1.54814,1.54865,1.50,1.20
2016.08.26 17:56:54.842,1.5482,1.54862,1.00,1.75
2016.08.26 17:56:55.307,1.5482,1.54859,1.00,1.50
2016.08.26 17:56:55.509,1.54817,1.54857,1.00,1.00
2016.08.26 17:56:55.779,1.54829,1.54857,1.12,1.00
2016.08.26 17:56:55.844,1.54828,1.54867,1.37,1.00
2016.08.26 17:56:55.895,1.54828,1.54869,1.37,1.00
2016.08.26 17:56:56.098,1.54835,1.54875,1.00,3.00
2016.08.26 17:56:56.199,1.54832,1.54874,1.00,1.00
2016.08.26 17:56:56.613,1.54832,1.54875,1.00,1.00
2016.08.26 17:56:56.807,1.54836,1.54877,1.00,1.12
2016.08.26 17:56:57.070,1.54836,1.54877,1.00,1.12
2016.08.26 17:56:57.121,1.54848,1.54877,1.00,1.12
2016.08.26 17:56:57.171,1.54848,1.54886,1.00,1.37
2016.08.26 17:56:57.222,1.54857,1.54893,1.00,1.75
2016.08.26 17:56:57.272,1.54857,1.54893,1.00,1.37
2016.08.26 17:56:57.323,1.54857,1.54896,1.00,1.00
2016.08.26 17:56:57.373,1.54857,1.54896,1.00,1.00
2016.08.26 17:56:57.424,1.5486,1.54896,1.00,1.00
2016.08.26 17:56:57.936,1.54858,1.54896,1.00,1.00
2016.08.26 17:56:58.119,1.54861,1.54897,1.00,1.00
2016.08.26 17:56:58.480,1.54858,1.54896,1.00,1.00
2016.08.26 17:56:58.632,1.54856,1.54896,1.00,1.00
2016.08.26 17:56:59.017,1.54846,1.54888,2.40,1.00
2016.08.26 17:56:59.119,1.54846,1.54884,1.20,1.00
2016.08.26 17:56:59.169,1.54842,1.54884,1.75,1.00
2016.08.26 17:56:59.220,1.5484,1.54886,1.00,1.00
2016.08.26 17:56:59.418,1.54843,1.5489,1.00,1.00
2016.08.26 17:56:59.774,1.5484,1.5489,1.35,1.00
2016.08.26 17:56:59.879,1.5484,1.5489,1.35,1.00
2016.08.26 17:56:59.929,1.5484,1.5489,1.00,1.00
2016.08.26 17:56:59.980,1.5484,1.54886,1.00,1.00
2016.08.26 17:57:00.031,1.54851,1.54886,1.00,1.00
2016.08.26 17:57:00.182,1.54851,1.54883,1.00,1.00
2016.08.26 17:57:00.233,1.5484,1.54882,1.00,1.00
2016.08.26 17:57:00.283,1.54824,1.54866,3.07,1.00
2016.08.26 17:57:00.396,1.54824,1.54866,3.07,1.00
2016.08.26 17:57:00.447,1.54824,1.54866,1.00,1.00
2016.08.26 17:57:00.965,1.54824,1.54867,1.00,1.00
2016.08.26 17:57:01.219,1.54824,1.54867,1.00,1.00
2016.08.26 17:57:01.816,1.54821,1.54856,1.00,1.00
2016.08.26 17:57:01.917,1.54821,1.54867,1.00,2.25
2016.08.26 17:57:02.072,1.54821,1.54856,1.00,1.00
2016.08.26 17:57:03.366,1.54822,1.54856,1.00,1.00
2016.08.26 17:57:03.988,1.54822,1.54857,1.00,1.00
2016.08.26 17:57:04.516,1.54823,1.54857,1.00,1.00
2016.08.26 17:57:04.858,1.54826,1.54856,1.00,1.00
2016.08.26 17:57:04.909,1.54826,1.54865,1.00,1.00
2016.08.26 17:57:05.020,1.54827,1.54866,1.00,1.50
2016.08.26 17:57:05.121,1.54828,1.54866,1.00,1.00
2016.08.26 17:57:05.424,1.54831,1.54866,1.00,1.00
2016.08.26 17:57:05.635,1.54825,1.54866,1.20,1.00
2016.08.26 17:57:05.701,1.54823,1.54866,1.37,1.12
2016.08.26 17:57:05.752,1.54819,1.54863,1.00,1.00
2016.08.26 17:57:06.031,1.54815,1.54859,1.37,1.00
2016.08.26 17:57:06.082,1.54815,1.54857,1.37,1.00
2016.08.26 17:57:06.132,1.54809,1.54856,1.75,1.00
2016.08.26 17:57:06.233,1.54804,1.54857,2.25,1.75
2016.08.26 17:57:06.284,1.548,1.54857,1.20,1.75
2016.08.26 17:57:06.446,1.54799,1.54857,2.40,1.75
2016.08.26 17:57:06.497,1.54799,1.54854,1.95,1.47
2016.08.26 17:57:06.548,1.548,1.54854,1.75,1.47
2016.08.26 17:57:06.612,1.548,1.54836,1.37,1.00
2016.08.26 17:57:06.662,1.54799,1.54836,1.00,1.00
2016.08.26 17:57:06.923,1.54803,1.54836,1.00,1.00
2016.08.26 17:57:07.124,1.54799,1.54836,1.00,1.00
2016.08.26 17:57:07.277,1.54798,1.54836,1.00,1.00
2016.08.26 17:57:07.880,1.54798,1.54844,1.00,1.75
2016.08.26 17:57:07.982,1.54802,1.54837,1.00,1.00
2016.08.26 17:57:08.134,1.54792,1.54831,1.50,1.00
2016.08.26 17:57:08.185,1.54792,1.54831,1.00,1.00
2016.08.26 17:57:08.235,1.54792,1.54835,1.00,1.75
2016.08.26 17:57:08.286,1.54792,1.54827,1.00,1.00
2016.08.26 17:57:08.336,1.5479,1.54827,1.00,1.00
2016.08.26 17:57:08.510,1.5479,1.54834,1.00,2.25
2016.08.26 17:57:09.065,1.54786,1.5483,1.00,1.00
2016.08.26 17:57:09.166,1.54789,1.54832,1.00,1.12
2016.08.26 17:57:09.217,1.54789,1.54834,1.00,2.25
2016.08.26 17:57:09.268,1.54788,1.54834,1.37,1.12
2016.08.26 17:57:09.318,1.54788,1.54834,1.75,1.00
2016.08.26 17:57:09.369,1.5479,1.54834,1.12,1.00
2016.08.26 17:57:09.419,1.5479,1.54837,1.72,1.00
2016.08.26 17:57:09.470,1.54801,1.54842,1.00,1.20
2016.08.26 17:57:09.599,1.54804,1.54828,1.00,1.00
2016.08.26 17:57:09.649,1.54791,1.54828,1.37,1.00
2016.08.26 17:57:09.701,1.54788,1.54825,1.20,1.00
2016.08.26 17:57:09.752,1.54784,1.54825,1.42,1.00
2016.08.26 17:57:09.802,1.54778,1.54832,1.60,1.20
2016.08.26 17:57:09.905,1.54788,1.54836,1.80,1.75
2016.08.26 17:57:09.956,1.54788,1.54836,2.17,1.37
2016.08.26 17:57:10.007,1.54793,1.54836,1.60,1.00
2016.08.26 17:57:10.058,1.54794,1.54836,1.35,1.00
2016.08.26 17:57:10.109,1.54794,1.54845,1.35,1.50
2016.08.26 17:57:10.210,1.54796,1.54845,1.00,1.00
2016.08.26 17:57:10.261,1.54805,1.54851,1.00,1.50
2016.08.26 17:57:10.312,1.54805,1.54861,1.45,1.35
2016.08.26 17:57:10.363,1.54808,1.54864,1.42,1.20
2016.08.26 17:57:10.413,1.54814,1.54865,1.72,1.50
2016.08.26 17:57:10.617,1.54814,1.54866,1.12,3.00
2016.08.26 17:57:10.707,1.54814,1.54866,1.75,2.25
2016.08.26 17:57:11.557,1.5482,1.54864,1.00,1.00
2016.08.26 17:57:12.161,1.54823,1.54866,1.00,1.00
2016.08.26 17:57:12.832,1.54823,1.54867,1.00,1.50
2016.08.26 17:57:13.202,1.54823,1.54864,1.00,1.00
2016.08.26 17:57:13.252,1.54819,1.54863,1.12,1.00
2016.08.26 17:57:15.222,1.54819,1.54863,1.12,1.00
2016.08.26 17:57:15.272,1.54819,1.54863,1.00,1.37
2016.08.26 17:57:15.374,1.54823,1.54864,1.00,1.50
2016.08.26 17:57:15.425,1.54823,1.54867,1.00,1.75
2016.08.26 17:57:15.475,1.54823,1.54867,1.00,1.37
2016.08.26 17:57:15.526,1.54823,1.54868,1.00,1.00
2016.08.26 17:57:15.577,1.54826,1.54869,1.00,1.87
2016.08.26 17:57:15.627,1.54826,1.54869,1.00,1.12
2016.08.26 17:57:15.706,1.54822,1.5487,1.12,1.37
2016.08.26 17:57:15.943,1.54822,1.5487,1.37,1.00
2016.08.26 17:57:16.155,1.54822,1.5487,1.75,1.00
2016.08.26 17:57:16.433,1.54822,1.54863,1.75,1.00
2016.08.26 17:57:16.483,1.54823,1.54863,1.37,1.00
2016.08.26 17:57:16.534,1.54823,1.54868,1.00,1.00
2016.08.26 17:57:17.236,1.54826,1.54867,1.00,1.00
2016.08.26 17:57:17.287,1.5482,1.54866,1.00,1.00
2016.08.26 17:57:17.439,1.5482,1.54856,1.00,1.00
2016.08.26 17:57:17.540,1.5482,1.54863,1.00,1.75
2016.08.26 17:57:17.985,1.54814,1.54856,1.12,1.00
2016.08.26 17:57:18.035,1.5481,1.54848,1.75,1.00
2016.08.26 17:57:18.086,1.5481,1.54848,1.37,1.00
2016.08.26 17:57:18.217,1.5481,1.54848,1.00,1.00
2016.08.26 17:57:18.348,1.54816,1.54855,1.00,1.00
2016.08.26 17:57:18.449,1.54816,1.54855,1.00,1.00
2016.08.26 17:57:18.550,1.54816,1.54862,1.12,1.87
2016.08.26 17:57:18.651,1.5482,1.54862,1.00,1.00
2016.08.26 17:57:18.702,1.5482,1.54856,1.00,1.00
2016.08.26 17:57:18.752,1.54806,1.54848,1.75,1.00
2016.08.26 17:57:18.854,1.54804,1.54847,1.37,1.37
2016.08.26 17:57:18.955,1.548,1.54844,1.00,1.00
2016.08.26 17:57:19.056,1.54816,1.54857,1.00,1.95
2016.08.26 17:57:19.106,1.54816,1.54857,1.00,2.70
2016.08.26 17:57:19.157,1.54818,1.54857,1.00,1.57
2016.08.26 17:57:19.331,1.54818,1.5486,1.00,1.00
2016.08.26 17:57:20.056,1.54818,1.54856,1.00,1.00
2016.08.26 17:57:20.384,1.54816,1.54856,1.00,1.00
2016.08.26 17:57:20.435,1.54816,1.54846,1.00,1.00
2016.08.26 17:57:20.486,1.5481,1.54846,1.00,1.00
2016.08.26 17:57:20.537,1.5481,1.54848,1.00,1.00
2016.08.26 17:57:20.588,1.54801,1.54847,1.82,1.37
2016.08.26 17:57:20.638,1.54801,1.54845,1.00,1.00
2016.08.26 17:57:20.757,1.548,1.54844,1.00,1.00
2016.08.26 17:57:21.105,1.548,1.54836,1.00,1.00
2016.08.26 17:57:21.365,1.548,1.54844,1.00,1.00
2016.08.26 17:57:21.416,1.548,1.54836,1.00,1.00
2016.08.26 17:57:21.658,1.548,1.54844,1.00,1.37
2016.08.26 17:57:21.760,1.548,1.5484,1.00,1.00
2016.08.26 17:57:21.861,1.54795,1.54837,1.00,1.87
2016.08.26 17:57:21.962,1.54795,1.54837,1.00,1.75
2016.08.26 17:57:22.265,1.54794,1.54837,1.00,1.75
2016.08.26 17:57:22.464,1.54793,1.54836,1.00,2.25
2016.08.26 17:57:22.617,1.54793,1.54836,1.00,1.75
2016.08.26 17:57:22.854,1.54792,1.54836,1.00,2.25
2016.08.26 17:57:23.161,1.54792,1.54835,1.00,1.50
2016.08.26 17:57:24.465,1.54792,1.54836,1.00,3.00
2016.08.26 17:57:24.722,1.54794,1.54831,1.00,1.00
2016.08.26 17:57:24.975,1.54796,1.54835,1.00,2.25
2016.08.26 17:57:25.119,1.54796,1.54826,1.00,1.00
2016.08.26 17:57:25.648,1.54796,1.54835,1.00,2.25
2016.08.26 17:57:26.020,1.54796,1.54827,1.00,1.00
2016.08.26 17:57:26.468,1.54795,1.54833,1.00,1.12
2016.08.26 17:57:26.571,1.54795,1.54826,1.00,1.00
2016.08.26 17:57:26.695,1.54793,1.54826,1.00,1.00
2016.08.26 17:57:27.333,1.54793,1.54827,1.00,1.00
2016.08.26 17:57:27.673,1.54789,1.54826,1.00,1.00
2016.08.26 17:57:27.926,1.54789,1.54827,1.00,1.35
2016.08.26 17:57:28.075,1.54789,1.54826,1.00,1.00
2016.08.26 17:57:28.335,1.54789,1.54826,1.00,1.50
2016.08.26 17:57:28.626,1.54789,1.54826,1.00,1.00
2016.08.26 17:57:29.098,1.54787,1.54826,1.00,1.00
2016.08.26 17:57:29.628,1.54786,1.54825,1.00,1.00
2016.08.26 17:57:30.339,1.54786,1.54825,1.00,1.00
2016.08.26 17:57:30.389,1.54794,1.54826,1.00,1.50
2016.08.26 17:57:30.440,1.54802,1.54836,1.20,1.35
2016.08.26 17:57:30.556,1.54807,1.54847,1.10,2.47
2016.08.26 17:57:30.607,1.54811,1.54847,1.00,2.10
2016.08.26 17:57:30.758,1.54811,1.54847,1.00,2.85
2016.08.26 17:57:31.034,1.54811,1.54847,1.00,1.00
2016.08.26 17:57:32.173,1.54811,1.54846,1.00,1.00
2016.08.26 17:57:32.331,1.54811,1.54846,1.00,1.50
2016.08.26 17:57:32.382,1.54809,1.54846,1.00,1.50
2016.08.26 17:57:32.983,1.54804,1.54844,1.00,1.00
2016.08.26 17:57:33.084,1.54804,1.54842,1.00,1.00
2016.08.26 17:57:33.192,1.54802,1.54842,1.00,1.12
2016.08.26 17:57:33.394,1.54806,1.54845,1.00,1.87
2016.08.26 17:57:33.445,1.54806,1.54845,1.00,1.50
2016.08.26 17:57:33.547,1.54806,1.54845,1.00,1.00
2016.08.26 17:57:33.727,1.54817,1.54846,1.00,1.50
2016.08.26 17:57:33.838,1.54817,1.54846,1.00,2.25
2016.08.26 17:57:33.939,1.54819,1.54846,1.00,1.50
2016.08.26 17:57:33.989,1.54815,1.54844,1.00,1.00
2016.08.26 17:57:34.461,1.54816,1.54842,1.00,1.00
2016.08.26 17:57:35.099,1.54815,1.54842,1.00,1.00
2016.08.26 17:57:35.326,1.54815,1.54843,1.00,1.60
2016.08.26 17:57:35.379,1.54826,1.5485,1.00,1.45
2016.08.26 17:57:35.480,1.54828,1.54852,1.00,1.00
2016.08.26 17:57:35.690,1.5483,1.54855,1.00,1.50
2016.08.26 17:57:36.052,1.54833,1.54855,1.00,1.50
2016.08.26 17:57:36.103,1.54833,1.54853,1.00,1.00
2016.08.26 17:57:36.276,1.54829,1.54853,1.00,1.00
2016.08.26 17:57:36.326,1.54829,1.54851,1.00,1.00
2016.08.26 17:57:36.957,1.54829,1.54855,1.00,1.00
2016.08.26 17:57:37.007,1.54817,1.54855,1.00,1.00
2016.08.26 17:57:37.608,1.54816,1.54854,1.00,1.00
2016.08.26 17:57:39.915,1.54817,1.54855,1.00,1.00
2016.08.26 17:57:41.299,1.54822,1.54852,1.00,1.00
2016.08.26 17:57:41.819,1.5482,1.54851,1.00,1.00
2016.08.26 17:57:42.220,1.54823,1.54853,1.00,1.00
2016.08.26 17:57:42.342,1.54816,1.54854,1.00,1.00
2016.08.26 17:57:42.393,1.54817,1.54854,1.00,1.00
2016.08.26 17:57:42.464,1.54817,1.54854,1.00,1.00
2016.08.26 17:57:42.515,1.54815,1.54852,1.12,1.00
2016.08.26 17:57:42.565,1.54815,1.54852,1.00,1.00
2016.08.26 17:57:42.818,1.54812,1.54852,1.00,1.00
2016.08.26 17:57:43.039,1.54803,1.54855,1.20,1.00
2016.08.26 17:57:43.090,1.54802,1.54852,1.75,1.00
2016.08.26 17:57:43.204,1.54802,1.5485,1.37,1.00
2016.08.26 17:57:43.926,1.54808,1.54845,1.00,1.00
2016.08.26 17:57:47.908,1.5481,1.54846,1.00,1.00
2016.08.26 17:57:47.959,1.5481,1.54847,1.00,1.50
2016.08.26 17:57:48.396,1.5481,1.54846,1.00,1.00
2016.08.26 17:57:48.828,1.54807,1.54838,1.00,1.00
2016.08.26 17:57:48.929,1.54794,1.54818,1.75,1.00
2016.08.26 17:57:48.979,1.54793,1.54818,1.95,1.00
2016.08.26 17:57:49.030,1.54787,1.54811,2.70,1.00
2016.08.26 17:57:49.080,1.54781,1.54811,1.45,1.00
2016.08.26 17:57:49.131,1.54781,1.54811,1.00,1.00
2016.08.26 17:57:49.299,1.54781,1.54811,1.00,1.00
2016.08.26 17:57:50.342,1.54788,1.54815,1.00,1.00
2016.08.26 17:57:50.522,1.54806,1.54844,1.00,1.50
2016.08.26 17:57:50.626,1.54806,1.54845,1.00,1.75
2016.08.26 17:57:50.767,1.54811,1.54847,1.00,1.37
2016.08.26 17:57:50.817,1.54804,1.54852,1.75,1.00
2016.08.26 17:57:51.019,1.54804,1.54856,1.75,1.72
2016.08.26 17:57:51.357,1.54804,1.54856,1.75,2.47
2016.08.26 17:57:51.546,1.54813,1.54851,1.00,1.00
2016.08.26 17:57:54.154,1.5481,1.54849,1.00,1.00
2016.08.26 17:57:55.459,1.54813,1.54846,1.00,1.00
2016.08.26 17:57:57.033,1.54813,1.54846,1.00,1.00
2016.08.26 17:57:59.136,1.54823,1.5486,1.00,2.25
2016.08.26 17:57:59.237,1.54823,1.54862,1.00,1.75
2016.08.26 17:57:59.288,1.54823,1.54862,1.00,1.37
2016.08.26 17:57:59.339,1.54821,1.54861,1.50,1.00
2016.08.26 17:57:59.447,1.5482,1.54858,1.75,1.00
2016.08.26 17:57:59.498,1.5482,1.54858,1.00,1.00
2016.08.26 17:57:59.548,1.5482,1.54858,1.00,1.00
2016.08.26 17:58:00.453,1.54819,1.54857,1.00,1.00
2016.08.26 17:58:00.919,1.54823,1.54853,1.00,1.00
2016.08.26 17:58:04.825,1.54822,1.54852,1.00,1.00
2016.08.26 17:58:05.340,1.54822,1.54853,1.00,1.00
2016.08.26 17:58:06.844,1.54825,1.54858,1.00,1.00
2016.08.26 17:58:07.348,1.54825,1.54858,1.00,1.00
2016.08.26 17:58:07.974,1.54823,1.54856,1.00,1.00
2016.08.26 17:58:08.075,1.5482,1.5485,1.00,1.00
2016.08.26 17:58:08.857,1.54814,1.54847,1.00,1.00
2016.08.26 17:58:09.478,1.54816,1.54849,1.00,1.00
2016.08.26 17:58:09.635,1.54818,1.54848,1.00,1.00
2016.08.26 17:58:10.078,1.5482,1.54852,1.00,1.00
2016.08.26 17:58:10.189,1.54821,1.54853,1.00,1.00
2016.08.26 17:58:10.239,1.54821,1.54853,1.00,1.00
2016.08.26 17:58:10.340,1.54821,1.54853,1.00,1.00
2016.08.26 17:58:10.542,1.54819,1.54853,1.00,1.00
2016.08.26 17:58:10.837,1.54821,1.54852,1.00,1.00
2016.08.26 17:58:10.887,1.54821,1.54847,1.00,1.00
2016.08.26 17:58:10.989,1.54822,1.54854,1.00,1.00
2016.08.26 17:58:11.039,1.54822,1.54854,1.00,1.60
2016.08.26 17:58:11.140,1.54817,1.54849,1.00,1.00
2016.08.26 17:58:11.191,1.54817,1.54846,1.00,1.00
2016.08.26 17:58:11.519,1.5482,1.54846,1.00,1.00
2016.08.26 17:58:12.490,1.5482,1.5485,1.00,1.00
2016.08.26 17:58:13.932,1.5482,1.5485,1.00,1.35
2016.08.26 17:58:13.983,1.54818,1.54849,1.00,1.00
2016.08.26 17:58:14.088,1.54823,1.54854,1.00,1.60
2016.08.26 17:58:14.139,1.54824,1.54854,1.00,1.00
2016.08.26 17:58:14.190,1.54835,1.54861,1.00,1.00
2016.08.26 17:58:14.240,1.54835,1.54861,1.00,1.00
2016.08.26 17:58:14.291,1.54838,1.54869,1.00,1.37
2016.08.26 17:58:14.342,1.54838,1.54869,1.00,1.00
2016.08.26 17:58:14.392,1.54842,1.54875,1.00,1.50
2016.08.26 17:58:14.443,1.54842,1.54875,1.00,1.37
2016.08.26 17:58:14.544,1.5484,1.54872,1.00,1.00
2016.08.26 17:58:14.747,1.54842,1.54876,1.00,1.00
2016.08.26 17:58:15.125,1.54844,1.54876,1.00,1.00
2016.08.26 17:58:15.176,1.54839,1.54876,1.00,1.00
2016.08.26 17:58:15.477,1.54834,1.5487,1.00,1.00
2016.08.26 17:58:15.528,1.54833,1.5487,1.37,1.00
2016.08.26 17:58:15.578,1.54827,1.54865,1.50,1.00
2016.08.26 17:58:15.679,1.54827,1.54865,1.50,1.00
2016.08.26 17:58:15.730,1.54827,1.54865,1.00,1.00
2016.08.26 17:58:15.780,1.54823,1.5486,1.00,1.00
2016.08.26 17:58:16.095,1.54826,1.54866,1.00,1.35
2016.08.26 17:58:16.549,1.54836,1.54867,1.00,1.00
2016.08.26 17:58:16.600,1.54836,1.54871,1.00,1.00
2016.08.26 17:58:16.652,1.54838,1.54875,1.00,1.00
2016.08.26 17:58:16.757,1.54839,1.54876,1.00,1.50
2016.08.26 17:58:17.117,1.54839,1.54876,1.00,1.50
2016.08.26 17:58:17.884,1.54836,1.54874,1.00,1.00
2016.08.26 17:58:18.153,1.5484,1.54876,1.00,1.00
2016.08.26 17:58:18.556,1.54835,1.54869,1.00,1.60
2016.08.26 17:58:18.657,1.54825,1.54862,1.75,1.00
2016.08.26 17:58:18.759,1.54821,1.5486,1.75,1.00
2016.08.26 17:58:18.810,1.54821,1.5486,1.37,1.00
2016.08.26 17:58:18.911,1.54819,1.54857,1.00,1.00
2016.08.26 17:58:19.361,1.54819,1.54856,1.00,1.00
2016.08.26 17:58:19.963,1.54823,1.54856,1.00,1.00
2016.08.26 17:58:20.298,1.54816,1.54855,1.00,1.00
2016.08.26 17:58:20.399,1.54812,1.54849,1.75,1.00
2016.08.26 17:58:20.552,1.54812,1.54849,1.00,1.00
2016.08.26 17:58:20.603,1.54807,1.54844,1.00,1.00
2016.08.26 17:58:20.696,1.54807,1.54844,1.00,1.00
2016.08.26 17:58:21.022,1.54804,1.54842,1.00,1.50
2016.08.26 17:58:21.074,1.54801,1.54836,1.00,1.00
2016.08.26 17:58:21.176,1.54801,1.54841,1.00,1.00
2016.08.26 17:58:21.379,1.54801,1.54836,1.00,1.00
2016.08.26 17:58:21.580,1.54809,1.54843,1.50,1.00
2016.08.26 17:58:21.710,1.54811,1.54854,1.45,1.00
2016.08.26 17:58:21.784,1.54815,1.54865,1.20,1.00
2016.08.26 17:58:22.087,1.54828,1.54866,1.20,1.00
2016.08.26 17:58:22.456,1.54823,1.54856,1.20,1.00
2016.08.26 17:58:22.519,1.54823,1.54867,1.20,1.00
2016.08.26 17:58:22.869,1.54827,1.54867,1.75,1.00
2016.08.26 17:58:23.538,1.54826,1.54867,1.37,1.00
2016.08.26 17:58:23.589,1.54826,1.54867,1.00,1.00
2016.08.26 17:58:23.797,1.54828,1.54865,1.00,1.00
2016.08.26 17:58:24.315,1.54828,1.54856,1.00,1.00
2016.08.26 17:58:24.961,1.54828,1.54865,1.00,1.00
2016.08.26 17:58:25.011,1.54825,1.54864,1.50,1.00
2016.08.26 17:58:25.112,1.54826,1.54866,1.00,1.50
2016.08.26 17:58:25.162,1.54826,1.54866,1.00,1.00
2016.08.26 17:58:25.269,1.54829,1.54867,1.00,1.00
2016.08.26 17:58:25.712,1.54826,1.54865,1.00,1.00
2016.08.26 17:58:26.473,1.5483,1.54866,1.00,1.00
2016.08.26 17:58:26.715,1.54825,1.5486,1.00,1.00
2016.08.26 17:58:26.835,1.54819,1.5486,1.37,1.00
2016.08.26 17:58:26.885,1.54824,1.54864,1.00,1.12
2016.08.26 17:58:27.285,1.54827,1.54865,1.00,1.50
2016.08.26 17:58:27.619,1.54827,1.54857,1.00,1.00
2016.08.26 17:58:28.420,1.54825,1.54857,1.00,1.00
2016.08.26 17:58:28.522,1.54825,1.54862,1.00,1.00
2016.08.26 17:58:28.623,1.54825,1.54857,1.00,1.00
2016.08.26 17:58:29.243,1.54825,1.54856,1.00,1.00
2016.08.26 17:58:29.825,1.54823,1.54856,1.00,1.00
2016.08.26 17:58:30.650,1.54823,1.54862,1.00,1.00
2016.08.26 17:58:30.710,1.54825,1.54863,1.00,1.00
2016.08.26 17:58:30.823,1.54825,1.54856,1.00,1.00
2016.08.26 17:58:32.025,1.54825,1.54863,1.00,1.00
2016.08.26 17:58:32.224,1.54829,1.54866,1.00,1.00
2016.08.26 17:58:32.471,1.54829,1.54866,1.00,1.50
2016.08.26 17:58:32.572,1.54829,1.54866,1.00,1.00
2016.08.26 17:58:32.626,1.54829,1.54866,1.00,1.50
2016.08.26 17:58:32.729,1.54831,1.54866,1.00,1.00
2016.08.26 17:58:33.327,1.54831,1.54867,1.00,1.00
2016.08.26 17:58:33.655,1.54831,1.54867,1.12,1.00
2016.08.26 17:58:33.905,1.54834,1.54867,1.00,1.00
2016.08.26 17:58:34.504,1.54843,1.54866,1.00,1.00
2016.08.26 17:58:34.554,1.54843,1.54876,1.00,1.00
2016.08.26 17:58:34.756,1.54843,1.54881,1.00,1.00
2016.08.26 17:58:34.871,1.54845,1.54882,1.00,1.00
2016.08.26 17:58:35.183,1.54845,1.54884,1.00,1.00
2016.08.26 17:58:36.594,1.54847,1.54886,1.00,1.00
2016.08.26 17:58:37.400,1.54852,1.54882,1.00,1.00
2016.08.26 17:58:37.751,1.54852,1.54885,1.00,1.00
2016.08.26 17:58:38.949,1.54856,1.54886,1.00,1.50
2016.08.26 17:58:39.122,1.54855,1.54886,1.00,1.00
2016.08.26 17:58:40.338,1.54855,1.54887,1.00,1.12
2016.08.26 17:58:40.439,1.54851,1.54887,1.00,1.87
2016.08.26 17:58:41.529,1.5485,1.54882,1.00,1.00
2016.08.26 17:58:43.708,1.5485,1.54882,1.00,1.00
2016.08.26 17:58:44.036,1.54849,1.5488,1.00,1.00
2016.08.26 17:58:45.043,1.54849,1.54877,1.00,1.00
2016.08.26 17:58:45.145,1.54852,1.54882,1.00,1.00
2016.08.26 17:58:45.246,1.54849,1.54876,1.00,1.00
2016.08.26 17:58:45.768,1.54848,1.54877,1.00,1.00
2016.08.26 17:58:46.145,1.54848,1.5488,1.00,1.00
2016.08.26 17:58:46.246,1.5485,1.54881,1.00,1.00
2016.08.26 17:58:47.937,1.54851,1.54881,1.00,1.00
2016.08.26 17:58:48.297,1.5485,1.54876,1.00,1.00
2016.08.26 17:58:48.348,1.5485,1.54881,1.00,1.00
2016.08.26 17:58:48.531,1.5485,1.54885,1.00,1.00
2016.08.26 17:58:48.633,1.54844,1.54888,1.00,1.67
2016.08.26 17:58:48.683,1.54844,1.54889,1.00,1.75
2016.08.26 17:58:48.784,1.54844,1.54889,1.00,1.75
2016.08.26 17:58:48.907,1.54844,1.54887,1.00,1.12
2016.08.26 17:58:48.986,1.54844,1.54887,1.00,1.12
2016.08.26 17:58:49.037,1.54844,1.54887,1.00,1.12
2016.08.26 17:58:49.760,1.54844,1.54887,1.00,1.12
2016.08.26 17:58:49.811,1.54844,1.54886,1.00,1.00
2016.08.26 17:58:49.862,1.54855,1.54887,1.00,1.87
2016.08.26 17:58:49.964,1.54855,1.54887,1.00,1.12
2016.08.26 17:58:50.015,1.54855,1.54887,1.00,1.00
2016.08.26 17:58:50.167,1.54858,1.54887,1.00,1.00
2016.08.26 17:58:50.369,1.54853,1.54888,1.00,1.00
2016.08.26 17:58:50.552,1.54851,1.54883,1.00,1.00
2016.08.26 17:58:50.603,1.54841,1.54887,1.37,1.60
2016.08.26 17:58:50.679,1.54841,1.54886,1.37,1.35
2016.08.26 17:58:50.886,1.54841,1.54888,1.37,1.60
2016.08.26 17:58:51.408,1.54841,1.54887,1.37,1.60
2016.08.26 17:58:51.564,1.54841,1.54886,1.37,1.35
2016.08.26 17:58:51.615,1.54852,1.54886,1.00,2.10
2016.08.26 17:58:51.665,1.5485,1.54883,1.00,1.00
2016.08.26 17:58:51.767,1.54852,1.54885,1.00,1.00
2016.08.26 17:58:54.091,1.54853,1.54886,1.00,1.00
2016.08.26 17:58:54.744,1.54855,1.54886,1.00,1.00
2016.08.26 17:58:55.044,1.54854,1.54887,1.00,1.50
2016.08.26 17:58:55.267,1.54853,1.54886,1.00,1.00
2016.08.26 17:58:55.419,1.54853,1.54884,1.00,1.50
2016.08.26 17:58:56.168,1.54852,1.54882,1.00,1.00
2016.08.26 17:58:56.714,1.54852,1.54883,1.00,1.00
2016.08.26 17:58:56.791,1.5485,1.54883,1.00,1.00
2016.08.26 17:58:56.948,1.54852,1.54883,1.00,1.00
2016.08.26 17:58:57.973,1.54854,1.54884,1.00,1.50
2016.08.26 17:58:58.883,1.54855,1.54884,1.00,1.00
2016.08.26 17:58:59.601,1.54855,1.54886,1.00,1.37
2016.08.26 17:58:59.652,1.54855,1.54886,1.00,1.00
2016.08.26 17:59:00.366,1.54859,1.54887,1.00,1.00
2016.08.26 17:59:00.619,1.54862,1.54895,1.00,1.75
2016.08.26 17:59:00.718,1.54861,1.54893,1.00,1.37
2016.08.26 17:59:00.768,1.54861,1.54893,1.00,1.00
2016.08.26 17:59:01.080,1.54861,1.54887,1.00,1.00
2016.08.26 17:59:01.725,1.54861,1.54886,1.00,1.00
2016.08.26 17:59:02.341,1.5486,1.54886,1.00,1.00
2016.08.26 17:59:02.895,1.54859,1.54886,1.00,1.00
2016.08.26 17:59:03.169,1.54859,1.54894,1.00,2.25
2016.08.26 17:59:03.220,1.54859,1.54894,1.00,1.87
2016.08.26 17:59:03.271,1.54864,1.54895,1.00,1.00
2016.08.26 17:59:03.372,1.5486,1.54893,1.00,1.00
2016.08.26 17:59:03.946,1.54859,1.54893,1.00,1.00
2016.08.26 17:59:05.475,1.54861,1.54894,1.00,1.00
2016.08.26 17:59:07.068,1.54861,1.54887,1.00,1.00
2016.08.26 17:59:07.119,1.54854,1.54884,1.00,1.00
2016.08.26 17:59:07.169,1.54854,1.54884,1.00,1.00
2016.08.26 17:59:07.321,1.54843,1.5488,1.00,1.00
2016.08.26 17:59:07.371,1.54843,1.54876,1.00,1.00
2016.08.26 17:59:07.422,1.54843,1.54874,1.00,1.00
2016.08.26 17:59:07.600,1.54843,1.54874,1.00,1.00
2016.08.26 17:59:07.651,1.54843,1.54874,1.00,1.00
2016.08.26 17:59:07.701,1.54845,1.54876,1.00,1.00
2016.08.26 17:59:08.522,1.54844,1.54875,1.00,1.00
2016.08.26 17:59:08.863,1.54844,1.54881,1.00,1.75
2016.08.26 17:59:09.027,1.5485,1.54882,1.00,1.37
2016.08.26 17:59:09.078,1.5485,1.54876,1.00,1.00
2016.08.26 17:59:10.129,1.54851,1.54876,1.00,1.00
2016.08.26 17:59:10.718,1.54849,1.54876,1.00,1.00
2016.08.26 17:59:10.769,1.54849,1.5488,1.00,1.00
2016.08.26 17:59:11.083,1.54855,1.54886,1.00,1.00
2016.08.26 17:59:11.186,1.54859,1.54892,1.00,1.75
2016.08.26 17:59:11.237,1.54859,1.54892,1.00,1.37
2016.08.26 17:59:11.289,1.54862,1.54893,1.00,1.12
2016.08.26 17:59:12.095,1.54865,1.54895,1.00,1.75
2016.08.26 17:59:12.196,1.54864,1.54895,1.00,1.75
2016.08.26 17:59:12.247,1.54864,1.54895,1.00,1.37
2016.08.26 17:59:12.298,1.54864,1.54896,1.00,1.00
2016.08.26 17:59:12.348,1.54864,1.54896,1.00,1.50
2016.08.26 17:59:12.642,1.54864,1.54896,1.00,1.00
2016.08.26 17:59:13.176,1.54864,1.54895,1.00,1.00
2016.08.26 17:59:16.329,1.54867,1.54896,1.00,1.00
2016.08.26 17:59:17.491,1.54863,1.54895,1.00,1.00
2016.08.26 17:59:17.542,1.5486,1.54887,1.00,1.00
2016.08.26 17:59:17.643,1.54851,1.54885,1.12,1.00
2016.08.26 17:59:17.694,1.54851,1.54885,1.00,1.00
2016.08.26 17:59:17.896,1.54852,1.54884,1.00,1.00
2016.08.26 17:59:17.947,1.54851,1.54886,1.00,1.00
2016.08.26 17:59:18.458,1.54852,1.54885,1.00,1.00
2016.08.26 17:59:19.213,1.54856,1.54886,1.00,1.00
2016.08.26 17:59:19.314,1.54854,1.54886,1.00,1.00
2016.08.26 17:59:20.033,1.54852,1.54886,1.00,1.00
2016.08.26 17:59:21.184,1.54852,1.54876,1.00,1.00
2016.08.26 17:59:21.604,1.54857,1.54876,1.00,1.00
2016.08.26 17:59:21.655,1.54857,1.54886,1.00,1.00
2016.08.26 17:59:21.756,1.54854,1.54876,1.00,1.00
2016.08.26 17:59:21.923,1.54851,1.54876,1.00,1.00
2016.08.26 17:59:23.540,1.54849,1.54876,1.00,1.00
2016.08.26 17:59:23.775,1.54849,1.54881,1.00,1.00
2016.08.26 17:59:23.825,1.54849,1.54881,1.00,1.00
2016.08.26 17:59:24.849,1.54849,1.54877,1.00,1.00
2016.08.26 17:59:25.365,1.54849,1.54876,1.00,1.00
2016.08.26 17:59:27.486,1.54849,1.54877,1.00,1.00
2016.08.26 17:59:27.916,1.54851,1.54877,1.00,1.00
2016.08.26 17:59:28.017,1.54849,1.54877,1.00,1.00
2016.08.26 17:59:28.118,1.54846,1.54877,1.00,1.00
2016.08.26 17:59:28.220,1.54839,1.54871,1.00,1.00
2016.08.26 17:59:28.395,1.54839,1.54867,1.00,1.00
2016.08.26 17:59:28.901,1.54838,1.54867,1.00,1.00
2016.08.26 17:59:29.204,1.54835,1.54861,1.00,1.00
2016.08.26 17:59:29.329,1.54832,1.54861,1.00,1.00
2016.08.26 17:59:29.870,1.54831,1.54861,1.00,1.00
2016.08.26 17:59:30.195,1.54831,1.54858,1.00,1.00
2016.08.26 17:59:31.439,1.54826,1.54858,1.00,1.50
2016.08.26 17:59:31.540,1.54823,1.54855,1.00,1.00
2016.08.26 17:59:31.853,1.54825,1.54853,1.00,1.00
2016.08.26 17:59:31.904,1.54825,1.54857,1.00,1.50
2016.08.26 17:59:31.955,1.54826,1.54857,1.00,1.00
2016.08.26 17:59:32.647,1.54824,1.54857,1.00,1.50
2016.08.26 17:59:33.307,1.54824,1.54853,1.00,1.00
2016.08.26 17:59:33.459,1.54814,1.54845,1.00,1.35
2016.08.26 17:59:33.582,1.54809,1.54839,1.75,1.00
2016.08.26 17:59:33.633,1.54809,1.54839,1.00,1.00
2016.08.26 17:59:34.140,1.54806,1.54838,1.00,1.00
2016.08.26 17:59:34.241,1.54806,1.54836,1.00,1.00
2016.08.26 17:59:34.863,1.54803,1.54833,1.00,1.00
2016.08.26 17:59:35.167,1.548,1.54832,1.00,1.00
2016.08.26 17:59:35.218,1.548,1.54832,1.00,1.50
2016.08.26 17:59:35.516,1.548,1.54831,1.00,1.00
2016.08.26 17:59:36.304,1.548,1.54826,1.00,1.00
2016.08.26 17:59:36.354,1.54797,1.54826,1.00,1.00
2016.08.26 17:59:38.023,1.54796,1.54826,1.00,1.50
2016.08.26 17:59:38.408,1.54796,1.54826,1.00,1.00
2016.08.26 17:59:38.458,1.54801,1.54832,1.00,1.00
2016.08.26 17:59:38.610,1.54801,1.5483,1.00,1.00
2016.08.26 17:59:38.960,1.54798,1.54829,1.00,1.00
2016.08.26 17:59:39.484,1.54798,1.54828,1.00,1.00
2016.08.26 17:59:39.585,1.54796,1.54826,1.00,1.00
2016.08.26 17:59:40.278,1.54792,1.54824,1.00,1.00
2016.08.26 17:59:40.562,1.5479,1.5482,1.00,1.00
2016.08.26 17:59:40.664,1.54788,1.54819,1.00,1.00
2016.08.26 17:59:41.336,1.54788,1.54817,1.00,1.00
2016.08.26 17:59:41.387,1.54786,1.54816,1.00,1.00
2016.08.26 17:59:41.437,1.54786,1.54816,1.00,1.50
2016.08.26 17:59:41.488,1.54782,1.54814,1.00,1.00
2016.08.26 17:59:41.539,1.54782,1.54814,1.00,1.50
2016.08.26 17:59:41.590,1.54777,1.54809,1.75,1.00
2016.08.26 17:59:41.641,1.54777,1.54809,1.00,1.00
2016.08.26 17:59:41.994,1.54776,1.54807,1.00,1.00
2016.08.26 17:59:42.045,1.54776,1.54807,1.00,1.50
2016.08.26 17:59:42.196,1.54776,1.54806,1.00,1.00
2016.08.26 17:59:42.298,1.54776,1.54807,1.00,2.25
2016.08.26 17:59:42.786,1.54776,1.54806,1.00,1.00
2016.08.26 17:59:42.837,1.54776,1.54806,1.00,1.60
2016.08.26 17:59:43.015,1.54769,1.54797,1.00,1.00
2016.08.26 17:59:43.268,1.54765,1.54797,1.00,2.25
2016.08.26 17:59:43.319,1.54765,1.54797,1.00,1.50
2016.08.26 17:59:43.370,1.54765,1.54797,1.00,1.00
2016.08.26 17:59:43.573,1.54763,1.54797,1.00,1.00
2016.08.26 17:59:44.092,1.54763,1.54796,1.00,1.00
2016.08.26 17:59:44.143,1.54763,1.54796,1.00,1.50
2016.08.26 17:59:44.194,1.54752,1.54796,1.75,1.50
2016.08.26 17:59:44.245,1.54752,1.54793,1.75,1.00
2016.08.26 17:59:44.346,1.54752,1.54788,1.00,1.00
2016.08.26 17:59:44.556,1.54742,1.54788,1.50,1.00
2016.08.26 17:59:44.610,1.54742,1.54788,1.12,1.00
2016.08.26 17:59:44.660,1.54742,1.54788,1.00,1.00
2016.08.26 17:59:45.142,1.54742,1.54789,1.00,1.00
2016.08.26 17:59:45.355,1.54753,1.54787,1.00,1.00
2016.08.26 17:59:45.762,1.54756,1.54786,1.00,1.50
2016.08.26 17:59:46.700,1.54754,1.54784,1.00,1.00
2016.08.26 17:59:47.177,1.54752,1.54787,1.00,1.00
2016.08.26 17:59:47.291,1.54754,1.54787,1.00,1.00
2016.08.26 17:59:47.765,1.54756,1.54786,1.00,1.00
2016.08.26 17:59:48.397,1.54756,1.54787,1.00,1.00
2016.08.26 17:59:48.498,1.5476,1.54792,1.00,1.00
2016.08.26 17:59:48.599,1.5476,1.54797,1.00,2.25
2016.08.26 17:59:48.702,1.54759,1.54797,1.00,1.50
2016.08.26 17:59:48.846,1.54762,1.54802,1.00,1.50
2016.08.26 17:59:48.997,1.54769,1.54802,1.00,1.00
2016.08.26 17:59:49.090,1.54775,1.54807,1.00,1.00
2016.08.26 17:59:49.140,1.54775,1.54812,1.00,1.00
2016.08.26 17:59:49.191,1.54777,1.54814,1.00,1.50
2016.08.26 17:59:49.393,1.54766,1.54803,1.00,1.00
2016.08.26 17:59:49.444,1.54766,1.54803,1.00,1.00
2016.08.26 17:59:49.685,1.54764,1.54801,1.00,1.00
2016.08.26 17:59:51.071,1.54769,1.54805,1.00,1.00
2016.08.26 17:59:51.223,1.54768,1.54811,1.00,1.50
2016.08.26 17:59:51.273,1.54781,1.54813,1.00,1.75
2016.08.26 17:59:51.374,1.54781,1.54818,1.00,1.00
2016.08.26 17:59:51.701,1.54781,1.54816,1.00,1.00
2016.08.26 17:59:54.107,1.54781,1.54818,1.00,1.00
2016.08.26 17:59:54.157,1.54781,1.54818,1.00,1.50
2016.08.26 17:59:54.208,1.54783,1.54817,1.00,1.00
2016.08.26 17:59:54.309,1.54784,1.54821,1.00,1.50
2016.08.26 17:59:54.360,1.54784,1.54821,1.00,1.00
2016.08.26 17:59:54.410,1.54792,1.5483,1.00,1.50
2016.08.26 17:59:54.461,1.54792,1.54833,1.00,1.00
2016.08.26 17:59:54.511,1.54797,1.54838,1.00,1.00
2016.08.26 17:59:54.720,1.54788,1.54837,1.00,1.00
2016.08.26 17:59:54.772,1.54788,1.54833,1.00,1.00
2016.08.26 17:59:55.176,1.54788,1.54829,1.00,1.00
2016.08.26 17:59:55.529,1.54788,1.54826,1.00,1.00
2016.08.26 17:59:55.680,1.54776,1.54826,1.00,1.50
2016.08.26 17:59:56.317,1.54785,1.54825,1.00,1.00
2016.08.26 17:59:56.780,1.54785,1.54825,1.00,1.50
2016.08.26 17:59:58.525,1.54787,1.54825,1.00,1.50
2016.08.26 17:59:58.888,1.54787,1.54825,1.00,1.00
2016.08.26 17:59:58.996,1.54782,1.54832,1.00,1.00
2016.08.26 17:59:59.047,1.54782,1.54833,1.37,1.37
2016.08.26 17:59:59.097,1.54782,1.5483,1.75,1.00
2016.08.26 17:59:59.148,1.54782,1.5483,1.37,1.12
2016.08.26 17:59:59.198,1.54782,1.5483,1.00,1.12
2016.08.26 17:59:59.299,1.54782,1.54827,1.00,1.00
2016.08.26 17:59:59.619,1.54782,1.54824,1.00,1.00
