2016.11.21 10:00:00.736,1.51493,1.51524,1.00,1.05
2016.11.21 10:00:00.787,1.51483,1.51525,1.00,1.05
2016.11.21 10:00:00.938,1.51484,1.51517,1.00,1.60
2016.11.21 10:00:00.989,1.51473,1.51517,1.00,1.60
2016.11.21 10:00:01.090,1.51483,1.51517,1.00,1.35
2016.11.21 10:00:01.710,1.51484,1.51521,1.00,1.20
2016.11.21 10:00:02.053,1.51494,1.51522,1.00,1.30
2016.11.21 10:00:02.663,1.51483,1.51522,1.00,1.72
2016.11.21 10:00:03.300,1.51484,1.51519,1.00,1.00
2016.11.21 10:00:03.615,1.51484,1.51518,1.00,1.75
2016.11.21 10:00:05.360,1.51483,1.51515,1.00,1.00
2016.11.21 10:00:05.974,1.51484,1.51516,1.00,1.30
2016.11.21 10:00:06.536,1.51474,1.5151,1.00,1.00
2016.11.21 10:00:07.114,1.51473,1.5151,1.00,1.00
2016.11.21 10:00:08.417,1.51474,1.5151,1.00,1.00
2016.11.21 10:00:09.561,1.51474,1.5151,1.00,1.60
2016.11.21 10:00:09.720,1.51464,1.51506,1.00,1.00
2016.11.21 10:00:10.020,1.51473,1.5151,1.00,1.60
2016.11.21 10:00:10.670,1.51473,1.5151,1.00,2.10
2016.11.21 10:00:11.131,1.51473,1.5151,1.00,1.60
2016.11.21 10:00:11.339,1.51464,1.51506,1.00,1.60
2016.11.21 10:00:11.443,1.51464,1.51505,1.00,1.60
2016.11.21 10:00:12.540,1.51456,1.51503,1.35,1.00
2016.11.21 10:00:12.591,1.51457,1.51506,1.75,1.00
2016.11.21 10:00:12.642,1.51462,1.51508,1.00,1.30
2016.11.21 10:00:12.985,1.51473,1.51508,1.00,1.30
2016.11.21 10:00:18.332,1.51474,1.51508,1.00,1.30
2016.11.21 10:00:19.448,1.51473,1.51508,1.00,1.70
2016.11.21 10:00:19.548,1.51463,1.51509,1.00,2.07
2016.11.21 10:00:19.750,1.51474,1.51508,1.00,1.70
2016.11.21 10:00:23.036,1.51463,1.51508,1.00,1.10
2016.11.21 10:00:23.237,1.51474,1.51511,1.00,2.10
2016.11.21 10:00:24.323,1.51464,1.51512,1.00,1.75
2016.11.21 10:00:24.518,1.51474,1.51513,1.00,1.35
2016.11.21 10:00:25.249,1.51474,1.51514,1.00,1.72
2016.11.21 10:00:25.787,1.51474,1.51511,1.00,1.60
2016.11.21 10:00:25.931,1.51464,1.51509,1.75,2.85
2016.11.21 10:00:25.982,1.51464,1.51503,1.00,1.60
2016.11.21 10:00:29.228,1.51453,1.51497,1.75,1.00
2016.11.21 10:00:29.658,1.51454,1.51496,1.00,1.00
2016.11.21 10:00:29.766,1.51464,1.51496,1.00,1.00
2016.11.21 10:00:29.830,1.51454,1.51496,1.00,1.00
2016.11.21 10:00:30.033,1.51463,1.51498,1.00,1.30
2016.11.21 10:00:30.361,1.51454,1.51496,1.00,1.00
2016.11.21 10:00:31.762,1.51463,1.51499,1.00,1.67
2016.11.21 10:00:32.308,1.51464,1.51506,1.00,1.60
2016.11.21 10:00:32.434,1.51473,1.51508,1.00,1.35
2016.11.21 10:00:33.738,1.51464,1.51506,1.00,1.60
2016.11.21 10:00:35.590,1.51464,1.51504,1.00,1.05
2016.11.21 10:00:35.945,1.51463,1.51501,1.00,1.95
2016.11.21 10:00:36.209,1.51463,1.51502,1.00,1.45
2016.11.21 10:00:36.318,1.51463,1.51501,1.00,1.60
2016.11.21 10:00:36.856,1.51464,1.51502,1.00,1.05
2016.11.21 10:00:37.085,1.51453,1.51497,1.50,1.00
2016.11.21 10:00:37.377,1.51453,1.51497,1.00,1.50
2016.11.21 10:00:37.669,1.51463,1.51497,1.00,1.00
2016.11.21 10:00:40.254,1.51454,1.51496,1.00,1.00
2016.11.21 10:00:40.455,1.51464,1.51497,1.00,1.00
2016.11.21 10:00:40.664,1.51453,1.51497,1.00,2.10
2016.11.21 10:00:40.896,1.51463,1.51497,1.00,1.60
2016.11.21 10:00:41.390,1.51454,1.51497,1.00,1.60
2016.11.21 10:00:41.620,1.51453,1.51497,1.00,1.50
2016.11.21 10:00:41.670,1.51463,1.51497,1.00,1.00
2016.11.21 10:00:42.401,1.51464,1.51497,1.00,1.00
2016.11.21 10:00:48.810,1.51464,1.51497,1.00,1.60
2016.11.21 10:00:48.862,1.51453,1.51497,1.00,1.60
2016.11.21 10:00:49.021,1.51454,1.51496,1.00,1.00
2016.11.21 10:00:49.162,1.51464,1.51497,1.00,1.00
2016.11.21 10:00:49.777,1.51453,1.51497,1.00,1.00
2016.11.21 10:00:49.828,1.51453,1.51497,1.00,1.60
2016.11.21 10:00:50.364,1.51454,1.51496,1.00,1.60
2016.11.21 10:00:51.410,1.51454,1.51496,1.00,1.00
2016.11.21 10:00:51.517,1.51453,1.51497,1.00,2.10
2016.11.21 10:00:55.124,1.51453,1.51493,1.00,1.80
2016.11.21 10:00:55.443,1.51453,1.51489,1.00,1.20
2016.11.21 10:00:56.002,1.51444,1.51489,1.00,1.35
2016.11.21 10:00:56.103,1.51454,1.51489,1.00,1.35
2016.11.21 10:00:56.254,1.51454,1.51492,1.00,2.10
2016.11.21 10:00:56.780,1.51453,1.51492,1.00,1.35
2016.11.21 10:00:57.037,1.51453,1.51496,1.00,1.60
2016.11.21 10:00:57.198,1.51453,1.51494,1.00,1.42
2016.11.21 10:00:57.520,1.51463,1.51491,1.00,1.00
2016.11.21 10:00:57.571,1.51454,1.51491,1.00,1.00
2016.11.21 10:00:58.443,1.51454,1.51491,1.00,1.60
2016.11.21 10:00:58.751,1.51454,1.51491,1.00,1.60
2016.11.21 10:00:58.924,1.51454,1.51491,1.00,1.00
2016.11.21 10:00:59.117,1.51454,1.51491,1.00,1.60
2016.11.21 10:00:59.425,1.51444,1.5149,1.00,1.60
2016.11.21 10:00:59.651,1.51453,1.51491,1.00,1.00
2016.11.21 10:00:59.997,1.51463,1.51491,1.00,1.00
2016.11.21 10:01:00.226,1.51454,1.51491,1.00,1.00
2016.11.21 10:01:02.829,1.51453,1.51491,1.00,1.00
2016.11.21 10:01:03.019,1.51453,1.51491,1.00,1.60
2016.11.21 10:01:03.535,1.51454,1.51491,1.00,1.60
2016.11.21 10:01:04.031,1.51444,1.51486,1.00,1.00
2016.11.21 10:01:05.533,1.51443,1.51487,1.00,1.00
2016.11.21 10:01:06.042,1.51444,1.51486,1.00,1.00
2016.11.21 10:01:07.339,1.51443,1.51491,1.00,1.00
2016.11.21 10:01:07.440,1.51453,1.51491,1.00,1.00
2016.11.21 10:01:07.760,1.51453,1.51491,1.00,1.60
2016.11.21 10:01:07.811,1.51453,1.51491,1.00,1.00
2016.11.21 10:01:07.862,1.51444,1.51491,1.00,1.00
2016.11.21 10:01:08.036,1.51454,1.51491,1.00,1.00
2016.11.21 10:01:08.576,1.51463,1.51491,1.00,1.00
2016.11.21 10:01:09.378,1.51454,1.51491,1.00,1.00
2016.11.21 10:01:09.745,1.51454,1.51491,1.00,1.60
2016.11.21 10:01:09.846,1.51443,1.51491,1.00,1.00
2016.11.21 10:01:09.922,1.51445,1.51491,1.00,1.00
2016.11.21 10:01:10.275,1.51453,1.51491,1.00,1.00
2016.11.21 10:01:10.579,1.51454,1.51491,1.00,1.60
2016.11.21 10:01:10.680,1.51444,1.51491,1.50,1.60
2016.11.21 10:01:10.731,1.51444,1.51495,1.87,1.97
2016.11.21 10:01:11.061,1.51454,1.51495,1.00,1.60
2016.11.21 10:01:12.743,1.51463,1.51497,1.00,2.10
2016.11.21 10:01:12.981,1.51454,1.51495,1.00,1.60
2016.11.21 10:01:13.310,1.51463,1.51495,1.00,1.60
2016.11.21 10:01:13.872,1.51464,1.51496,1.00,1.72
2016.11.21 10:01:18.574,1.51464,1.51496,1.00,1.72
2016.11.21 10:01:18.689,1.51453,1.51497,1.00,2.85
2016.11.21 10:01:19.251,1.51454,1.51496,1.00,2.47
2016.11.21 10:01:25.251,1.51453,1.51497,1.00,2.85
2016.11.21 10:01:25.562,1.51464,1.51497,1.00,2.10
2016.11.21 10:01:25.762,1.51453,1.51497,1.00,3.60
2016.11.21 10:01:27.477,1.51454,1.51495,1.00,1.35
2016.11.21 10:01:27.678,1.51464,1.51495,1.00,1.35
2016.11.21 10:01:27.966,1.51453,1.51495,1.00,1.35
2016.11.21 10:01:29.299,1.51453,1.51495,1.00,1.35
2016.11.21 10:01:29.883,1.51453,1.51492,1.00,1.97
2016.11.21 10:01:30.235,1.51453,1.51495,1.00,2.10
2016.11.21 10:01:30.785,1.51454,1.51495,1.00,2.10
2016.11.21 10:01:31.321,1.51453,1.51495,1.00,2.10
2016.11.21 10:01:36.772,1.51453,1.51497,1.00,3.00
2016.11.21 10:01:39.171,1.51453,1.51492,1.00,1.00
2016.11.21 10:01:40.382,1.51454,1.51492,1.00,1.00
2016.11.21 10:01:40.894,1.51454,1.51496,1.00,1.75
2016.11.21 10:01:41.164,1.51453,1.51483,1.00,1.00
2016.11.21 10:01:41.214,1.51444,1.51483,1.37,1.00
2016.11.21 10:01:41.315,1.51454,1.51482,1.00,1.00
2016.11.21 10:01:41.415,1.51444,1.51476,1.00,1.00
2016.11.21 10:01:42.115,1.51443,1.51477,1.00,1.00
2016.11.21 10:01:43.433,1.51444,1.51476,1.00,1.00
2016.11.21 10:01:43.584,1.51444,1.51476,1.00,2.32
2016.11.21 10:01:43.634,1.51434,1.51471,1.00,1.00
2016.11.21 10:01:44.535,1.51433,1.51471,1.00,1.00
2016.11.21 10:01:46.614,1.51434,1.51471,1.00,1.00
2016.11.21 10:01:48.100,1.51433,1.51471,1.00,1.00
2016.11.21 10:01:50.809,1.51433,1.51471,1.00,2.10
2016.11.21 10:01:51.056,1.51433,1.51471,1.00,2.10
2016.11.21 10:01:51.107,1.51423,1.51471,1.00,1.60
2016.11.21 10:01:51.208,1.51423,1.51467,1.00,1.00
2016.11.21 10:01:51.509,1.51434,1.51464,1.00,1.00
2016.11.21 10:01:51.610,1.51424,1.51464,1.00,1.00
2016.11.21 10:01:51.661,1.51424,1.51464,1.00,1.60
2016.11.21 10:01:52.107,1.51433,1.51464,1.00,1.60
2016.11.21 10:01:52.410,1.51433,1.51464,1.00,1.00
2016.11.21 10:01:52.525,1.51423,1.51464,1.00,1.00
2016.11.21 10:01:52.625,1.51434,1.51468,1.00,1.37
2016.11.21 10:01:52.676,1.51434,1.5147,1.00,1.72
2016.11.21 10:01:53.211,1.51434,1.51472,1.00,2.10
2016.11.21 10:01:53.413,1.51433,1.51467,1.00,1.00
2016.11.21 10:01:53.513,1.51423,1.51469,1.12,1.00
2016.11.21 10:01:53.622,1.51434,1.51469,1.00,1.00
2016.11.21 10:01:54.125,1.51424,1.51466,1.00,1.97
2016.11.21 10:01:55.274,1.51424,1.51466,1.00,1.75
2016.11.21 10:01:55.475,1.51424,1.51466,1.00,1.00
2016.11.21 10:01:55.615,1.51433,1.5147,1.00,2.07
2016.11.21 10:02:00.355,1.51434,1.5147,1.00,1.35
2016.11.21 10:02:00.456,1.51424,1.51469,1.00,1.12
2016.11.21 10:02:00.608,1.51429,1.51472,1.00,1.37
2016.11.21 10:02:00.910,1.51444,1.51475,1.00,1.12
2016.11.21 10:02:01.120,1.51433,1.51475,1.00,1.10
2016.11.21 10:02:01.171,1.51433,1.5148,1.37,1.82
2016.11.21 10:02:01.222,1.51434,1.51482,1.10,2.17
2016.11.21 10:02:01.323,1.51434,1.51484,1.12,3.00
2016.11.21 10:02:01.373,1.51444,1.51485,1.00,3.22
2016.11.21 10:02:01.684,1.51444,1.51485,1.00,1.72
2016.11.21 10:02:03.125,1.51444,1.51478,1.00,1.05
2016.11.21 10:02:03.477,1.51434,1.51475,1.00,1.20
2016.11.21 10:02:03.628,1.51434,1.51469,1.00,1.00
2016.11.21 10:02:04.199,1.51434,1.51468,1.00,1.00
2016.11.21 10:02:05.831,1.51434,1.51468,1.00,1.60
2016.11.21 10:02:06.584,1.51433,1.51468,1.00,1.60
2016.11.21 10:02:07.150,1.51433,1.51468,1.00,1.60
2016.11.21 10:02:08.954,1.51423,1.51467,1.00,1.60
2016.11.21 10:02:09.321,1.51423,1.51467,1.00,1.00
2016.11.21 10:02:09.640,1.51434,1.51468,1.00,1.35
2016.11.21 10:02:11.866,1.51424,1.51466,1.00,1.00
2016.11.21 10:02:12.230,1.51423,1.51463,1.00,1.00
2016.11.21 10:02:12.542,1.51423,1.51457,1.00,1.00
2016.11.21 10:02:12.892,1.51433,1.51467,1.00,2.10
2016.11.21 10:02:14.691,1.51433,1.51466,1.00,1.60
2016.11.21 10:02:14.749,1.51424,1.51466,1.00,2.10
2016.11.21 10:02:14.900,1.51423,1.51467,1.00,1.35
2016.11.21 10:02:15.413,1.51424,1.51466,1.00,1.00
2016.11.21 10:02:15.472,1.51421,1.51468,1.00,1.60
2016.11.21 10:02:16.215,1.5142,1.51468,1.20,1.60
2016.11.21 10:02:16.591,1.51423,1.51467,1.00,1.00
2016.11.21 10:02:17.154,1.51423,1.51467,1.00,1.60
2016.11.21 10:02:18.204,1.51424,1.51466,1.00,1.35
2016.11.21 10:02:25.708,1.51424,1.51466,1.00,1.87
2016.11.21 10:02:27.657,1.51424,1.51465,1.00,1.35
2016.11.21 10:02:29.520,1.51423,1.51465,1.00,1.35
2016.11.21 10:02:30.061,1.51424,1.51465,1.00,1.35
2016.11.21 10:02:30.368,1.51434,1.51465,1.00,1.35
2016.11.21 10:02:33.959,1.51434,1.51466,1.00,1.75
2016.11.21 10:02:34.060,1.51424,1.51466,1.35,1.75
2016.11.21 10:02:34.111,1.51428,1.51466,1.00,1.75
2016.11.21 10:02:34.262,1.51433,1.51479,1.12,1.82
2016.11.21 10:02:34.786,1.51433,1.51477,1.00,1.37
2016.11.21 10:02:35.292,1.51434,1.51476,1.00,1.12
2016.11.21 10:02:35.525,1.51435,1.51476,1.80,1.12
2016.11.21 10:02:35.727,1.51443,1.51491,1.00,2.17
2016.11.21 10:02:35.777,1.51454,1.51491,1.00,2.10
2016.11.21 10:02:35.929,1.51443,1.51487,1.00,1.50
2016.11.21 10:02:36.229,1.51454,1.51488,1.00,1.12
2016.11.21 10:02:36.845,1.51454,1.51487,1.00,1.00
2016.11.21 10:02:37.231,1.51444,1.51486,1.00,1.00
2016.11.21 10:02:38.474,1.51444,1.51486,1.00,1.60
2016.11.21 10:02:39.034,1.51443,1.51482,1.00,1.35
2016.11.21 10:02:39.340,1.51434,1.51482,1.12,2.10
2016.11.21 10:02:39.542,1.51443,1.51482,1.00,2.10
2016.11.21 10:02:39.879,1.51454,1.51482,1.00,1.35
2016.11.21 10:02:40.125,1.51443,1.51482,1.00,1.50
2016.11.21 10:02:40.737,1.51431,1.51482,1.75,1.50
2016.11.21 10:02:41.654,1.51454,1.51482,1.00,1.50
2016.11.21 10:02:41.761,1.51444,1.51482,1.00,1.50
2016.11.21 10:02:41.955,1.51434,1.51481,1.12,1.30
2016.11.21 10:02:42.155,1.51443,1.51481,1.00,1.30
2016.11.21 10:02:42.480,1.51433,1.51481,1.50,1.30
2016.11.21 10:02:42.640,1.51444,1.51481,1.00,1.30
2016.11.21 10:02:44.345,1.51444,1.51481,1.00,2.10
2016.11.21 10:02:44.445,1.51434,1.51475,1.00,2.07
2016.11.21 10:02:45.323,1.51433,1.51471,1.00,1.67
2016.11.21 10:02:51.390,1.51434,1.51471,1.00,1.67
2016.11.21 10:02:51.579,1.51443,1.51471,1.00,1.67
2016.11.21 10:02:52.034,1.51434,1.51471,1.00,1.67
2016.11.21 10:02:52.405,1.51444,1.51471,1.00,1.67
2016.11.21 10:02:53.540,1.51434,1.5147,1.00,1.30
2016.11.21 10:02:54.063,1.51433,1.5147,1.00,1.30
2016.11.21 10:02:54.164,1.51443,1.5147,1.00,1.30
2016.11.21 10:02:54.359,1.51433,1.5147,1.00,1.30
2016.11.21 10:02:54.410,1.51433,1.5147,1.00,2.17
2016.11.21 10:02:57.184,1.51433,1.51472,1.00,2.10
2016.11.21 10:02:57.285,1.51434,1.51472,1.00,2.10
2016.11.21 10:02:58.415,1.51433,1.51472,1.00,2.10
2016.11.21 10:03:02.237,1.51433,1.51468,1.00,1.00
2016.11.21 10:03:02.458,1.51423,1.51467,1.00,1.00
2016.11.21 10:03:02.508,1.51423,1.51467,1.00,1.60
2016.11.21 10:03:02.823,1.51434,1.51467,1.00,1.60
2016.11.21 10:03:02.980,1.51434,1.51467,1.00,1.00
2016.11.21 10:03:03.080,1.51424,1.5147,1.00,3.00
2016.11.21 10:03:03.231,1.51434,1.51472,1.00,1.35
2016.11.21 10:03:03.605,1.51433,1.51472,1.00,3.60
2016.11.21 10:03:04.058,1.51433,1.51472,1.00,3.60
2016.11.21 10:03:04.159,1.51424,1.51472,1.05,3.00
2016.11.21 10:03:04.360,1.51433,1.5147,1.00,1.20
2016.11.21 10:03:04.561,1.51424,1.51468,1.00,1.60
2016.11.21 10:03:04.853,1.51434,1.51464,1.00,2.85
2016.11.21 10:03:04.974,1.51423,1.51464,1.00,2.85
2016.11.21 10:03:09.853,1.51434,1.51464,1.00,1.49
2016.11.21 10:03:09.954,1.51424,1.51463,1.00,1.05
2016.11.21 10:03:10.470,1.51414,1.51465,1.95,1.35
2016.11.21 10:03:10.760,1.51424,1.51462,1.00,1.00
2016.11.21 10:03:11.070,1.51424,1.51458,1.00,2.25
2016.11.21 10:03:11.416,1.51433,1.51466,1.00,1.70
2016.11.21 10:03:12.218,1.51424,1.51466,1.00,1.72
2016.11.21 10:03:12.619,1.51433,1.51468,1.00,3.04
2016.11.21 10:03:12.719,1.51424,1.51466,1.00,1.72
2016.11.21 10:03:17.201,1.51424,1.51463,1.00,1.97
2016.11.21 10:03:18.147,1.51424,1.51459,1.00,2.10
2016.11.21 10:03:18.471,1.51423,1.51449,1.00,1.35
2016.11.21 10:03:18.628,1.51414,1.51449,1.00,1.35
2016.11.21 10:03:19.147,1.51413,1.51451,1.00,1.35
2016.11.21 10:03:19.429,1.51424,1.51451,1.00,1.35
2016.11.21 10:03:23.849,1.51424,1.51458,1.00,2.55
2016.11.21 10:03:23.950,1.51413,1.51459,1.00,1.16
2016.11.21 10:03:24.001,1.51413,1.51461,1.35,1.94
2016.11.21 10:03:24.051,1.51424,1.5146,1.00,1.50
2016.11.21 10:03:24.448,1.51433,1.51464,1.00,1.35
2016.11.21 10:03:25.573,1.51433,1.51466,1.00,2.10
2016.11.21 10:03:25.981,1.51434,1.51461,1.00,1.00
2016.11.21 10:03:26.082,1.51423,1.51459,1.00,1.60
2016.11.21 10:03:26.287,1.51424,1.51455,1.00,1.00
2016.11.21 10:03:27.292,1.51424,1.51456,1.00,1.50
2016.11.21 10:03:30.537,1.51424,1.51454,1.00,1.50
2016.11.21 10:03:31.748,1.51423,1.51454,1.00,1.50
2016.11.21 10:03:32.873,1.51423,1.51455,1.00,3.00
2016.11.21 10:03:33.075,1.51424,1.5146,1.00,2.25
2016.11.21 10:03:33.175,1.51424,1.5146,1.00,1.50
2016.11.21 10:03:33.407,1.51423,1.51462,1.00,1.00
2016.11.21 10:03:33.952,1.51424,1.51461,1.00,1.00
2016.11.21 10:03:34.252,1.51434,1.51461,1.00,1.00
2016.11.21 10:03:34.580,1.51424,1.51461,1.00,1.00
2016.11.21 10:03:35.293,1.51434,1.5147,1.00,1.54
2016.11.21 10:03:35.580,1.51434,1.5147,1.00,1.30
2016.11.21 10:03:36.641,1.51434,1.51467,1.00,1.37
2016.11.21 10:03:37.167,1.51433,1.51469,1.00,1.80
2016.11.21 10:03:39.916,1.51434,1.51469,1.00,1.35
2016.11.21 10:03:40.849,1.51433,1.51469,1.00,2.55
2016.11.21 10:03:43.377,1.51433,1.51472,1.00,1.16
2016.11.21 10:03:45.358,1.51443,1.51473,1.00,1.54
2016.11.21 10:03:45.523,1.51433,1.51473,1.00,1.54
2016.11.21 10:03:46.411,1.51434,1.51471,1.00,1.00
2016.11.21 10:03:46.512,1.51433,1.51471,1.00,1.60
2016.11.21 10:03:47.015,1.51434,1.51471,1.00,2.17
2016.11.21 10:03:47.497,1.51419,1.51471,1.75,2.17
2016.11.21 10:03:48.027,1.51434,1.51471,1.00,2.47
2016.11.21 10:03:50.849,1.51434,1.51467,1.00,1.00
2016.11.21 10:03:51.389,1.51434,1.5147,1.00,1.60
2016.11.21 10:03:53.274,1.51424,1.51466,1.00,1.00
2016.11.21 10:03:54.032,1.51424,1.51465,1.00,1.00
2016.11.21 10:03:54.904,1.51424,1.51465,1.00,2.10
2016.11.21 10:03:55.209,1.51424,1.51456,1.00,1.00
2016.11.21 10:03:55.637,1.51424,1.51463,1.00,1.72
2016.11.21 10:03:56.147,1.51423,1.51463,1.00,1.72
2016.11.21 10:03:58.565,1.51424,1.51463,1.00,1.72
2016.11.21 10:03:59.094,1.51424,1.5146,1.00,1.00
2016.11.21 10:03:59.145,1.51414,1.51456,1.50,1.00
2016.11.21 10:03:59.350,1.51423,1.51461,1.00,1.35
2016.11.21 10:03:59.652,1.51423,1.51457,1.00,1.00
2016.11.21 10:03:59.719,1.51423,1.51463,1.00,1.72
2016.11.21 10:04:00.512,1.51424,1.51464,1.00,2.10
2016.11.21 10:04:01.756,1.51423,1.51464,1.00,2.10
2016.11.21 10:04:01.807,1.51423,1.51466,1.00,2.10
2016.11.21 10:04:02.008,1.51424,1.51466,1.00,1.35
2016.11.21 10:04:02.159,1.51434,1.51467,1.00,1.60
2016.11.21 10:04:04.553,1.51434,1.51467,1.00,2.17
2016.11.21 10:04:05.043,1.51434,1.51466,1.00,1.35
2016.11.21 10:04:05.549,1.51423,1.51467,1.00,1.75
2016.11.21 10:04:05.751,1.51423,1.51473,1.12,2.10
2016.11.21 10:04:05.852,1.51423,1.51471,1.12,1.45
2016.11.21 10:04:05.902,1.51423,1.51471,1.12,1.82
2016.11.21 10:04:06.259,1.51424,1.51462,1.00,1.00
2016.11.21 10:04:06.823,1.51423,1.51461,1.00,1.00
2016.11.21 10:04:08.046,1.51434,1.51461,1.00,1.00
2016.11.21 10:04:08.147,1.51434,1.51464,1.00,1.50
2016.11.21 10:04:08.654,1.51433,1.51465,1.00,1.10
2016.11.21 10:04:08.847,1.51433,1.51461,1.00,1.35
2016.11.21 10:04:09.364,1.51434,1.51461,1.00,1.35
2016.11.21 10:04:09.931,1.51424,1.51461,1.00,1.35
2016.11.21 10:04:10.018,1.51433,1.51461,1.00,1.35
2016.11.21 10:04:10.966,1.51424,1.51461,1.00,2.10
2016.11.21 10:04:12.231,1.51414,1.51456,1.00,1.00
2016.11.21 10:04:13.331,1.51424,1.51461,1.00,1.35
2016.11.21 10:04:13.949,1.51415,1.51456,1.75,1.00
2016.11.21 10:04:14.352,1.51424,1.51461,1.00,1.35
2016.11.21 10:04:14.771,1.51424,1.51466,1.00,2.10
2016.11.21 10:04:14.973,1.51424,1.5146,1.00,1.35
2016.11.21 10:04:15.339,1.51413,1.51457,1.00,1.12
2016.11.21 10:04:15.627,1.51424,1.5146,1.00,1.35
2016.11.21 10:04:15.960,1.51414,1.51456,1.00,1.60
2016.11.21 10:04:18.267,1.51423,1.51457,1.00,1.72
2016.11.21 10:04:18.573,1.51413,1.51457,1.00,1.72
2016.11.21 10:04:19.911,1.51413,1.51457,1.00,1.72
2016.11.21 10:04:20.506,1.51414,1.51456,1.00,2.10
2016.11.21 10:04:21.471,1.51414,1.51456,1.00,2.10
2016.11.21 10:04:22.562,1.51414,1.51456,1.00,2.85
2016.11.21 10:04:22.663,1.51414,1.51456,1.00,1.60
2016.11.21 10:04:25.650,1.51413,1.51457,1.00,1.72
2016.11.21 10:04:26.137,1.51414,1.51456,1.00,1.00
2016.11.21 10:04:26.447,1.51423,1.51462,1.00,1.60
2016.11.21 10:04:26.879,1.51414,1.51456,1.50,1.50
2016.11.21 10:04:26.979,1.51424,1.51459,1.00,1.35
2016.11.21 10:04:27.775,1.51414,1.51456,1.00,1.50
2016.11.21 10:04:28.279,1.51414,1.51454,1.00,1.00
2016.11.21 10:04:28.834,1.51414,1.51456,1.00,1.50
2016.11.21 10:04:28.935,1.51414,1.51454,1.00,1.05
2016.11.21 10:04:29.036,1.51413,1.51452,1.00,1.35
2016.11.21 10:04:29.271,1.51414,1.51456,1.00,1.00
2016.11.21 10:04:29.472,1.51423,1.5146,1.00,1.35
2016.11.21 10:04:29.674,1.51424,1.51466,1.00,1.80
2016.11.21 10:04:30.278,1.51423,1.5146,1.00,1.00
2016.11.21 10:04:30.571,1.51414,1.51456,1.00,1.00
2016.11.21 10:04:31.098,1.51424,1.51461,1.00,1.35
2016.11.21 10:04:31.402,1.51414,1.51456,1.00,1.00
2016.11.21 10:04:31.694,1.51414,1.51456,1.75,1.00
2016.11.21 10:04:32.182,1.51414,1.51456,1.00,1.00
2016.11.21 10:04:32.333,1.51413,1.51457,1.00,1.80
2016.11.21 10:04:32.848,1.51414,1.51452,1.00,1.35
2016.11.21 10:04:33.159,1.51403,1.51456,2.32,2.10
2016.11.21 10:04:33.360,1.51414,1.51456,1.00,2.10
2016.11.21 10:04:33.461,1.51404,1.51452,1.00,1.60
2016.11.21 10:04:33.638,1.51413,1.51452,1.00,1.00
2016.11.21 10:04:33.745,1.51404,1.51452,1.00,1.00
2016.11.21 10:04:33.851,1.51413,1.51452,1.00,1.60
2016.11.21 10:04:34.510,1.51413,1.51455,1.00,2.10
2016.11.21 10:04:34.561,1.51407,1.51455,1.00,1.35
2016.11.21 10:04:34.721,1.51413,1.51455,1.00,1.35
2016.11.21 10:04:35.029,1.51413,1.51454,1.00,1.35
2016.11.21 10:04:35.223,1.51404,1.51454,2.70,1.35
2016.11.21 10:04:35.410,1.51405,1.51456,1.00,2.25
2016.11.21 10:04:35.505,1.51414,1.51456,1.00,2.25
2016.11.21 10:04:36.207,1.51414,1.51456,1.00,1.35
2016.11.21 10:04:36.466,1.51421,1.51456,1.00,1.00
2016.11.21 10:04:36.567,1.51425,1.51474,1.12,1.35
2016.11.21 10:04:36.667,1.51424,1.51469,1.37,1.30
2016.11.21 10:04:36.718,1.51424,1.51469,1.00,1.67
2016.11.21 10:04:37.059,1.51434,1.51466,1.00,1.00
2016.11.21 10:04:37.545,1.51433,1.51477,1.00,2.85
2016.11.21 10:04:38.243,1.51433,1.51477,1.00,2.85
2016.11.21 10:04:38.824,1.51434,1.51475,1.00,1.60
2016.11.21 10:04:40.765,1.51433,1.51476,1.00,1.70
2016.11.21 10:04:40.916,1.51433,1.51469,1.00,1.47
2016.11.21 10:04:41.430,1.51434,1.51469,1.00,1.47
2016.11.21 10:04:43.929,1.51434,1.51469,1.00,2.07
2016.11.21 10:04:43.980,1.51424,1.51467,1.00,1.35
2016.11.21 10:04:44.277,1.51416,1.51456,1.00,1.00
2016.11.21 10:04:44.451,1.51424,1.51463,1.00,1.67
2016.11.21 10:04:45.892,1.51423,1.51467,1.00,1.37
2016.11.21 10:04:45.943,1.51422,1.51467,1.00,1.12
2016.11.21 10:04:46.090,1.51433,1.51467,1.00,1.12
2016.11.21 10:04:47.489,1.51433,1.51467,1.00,2.55
2016.11.21 10:04:47.690,1.51424,1.51463,1.00,1.00
2016.11.21 10:04:48.125,1.51424,1.51466,1.00,1.00
2016.11.21 10:04:48.670,1.51423,1.51467,1.00,1.12
2016.11.21 10:04:49.073,1.51426,1.51466,1.00,1.00
2016.11.21 10:04:49.460,1.51433,1.51468,1.00,1.67
2016.11.21 10:04:49.651,1.51426,1.51467,1.00,1.12
2016.11.21 10:04:49.846,1.51433,1.51476,1.00,3.30
2016.11.21 10:04:50.199,1.51434,1.51466,1.00,1.00
2016.11.21 10:04:50.551,1.51433,1.51475,1.00,1.42
2016.11.21 10:04:50.851,1.51426,1.51466,1.12,1.00
2016.11.21 10:04:53.168,1.51427,1.51466,1.00,1.00
2016.11.21 10:04:53.319,1.51425,1.51466,1.00,1.00
2016.11.21 10:04:53.419,1.51423,1.51467,1.00,1.00
2016.11.21 10:05:00.763,1.51423,1.51457,1.00,1.00
2016.11.21 10:05:01.909,1.51423,1.51467,1.00,1.60
2016.11.21 10:05:01.959,1.51423,1.51467,1.00,1.97
2016.11.21 10:05:02.485,1.51424,1.51466,1.00,1.97
2016.11.21 10:05:02.535,1.51424,1.51466,1.00,1.60
2016.11.21 10:05:04.284,1.51423,1.51467,1.00,1.60
2016.11.21 10:05:04.971,1.51424,1.51456,1.00,1.00
2016.11.21 10:05:05.497,1.51423,1.51457,1.00,1.00
2016.11.21 10:05:05.886,1.51424,1.51466,1.00,2.10
2016.11.21 10:05:06.388,1.51423,1.51467,1.00,2.10
2016.11.21 10:05:06.994,1.51423,1.5146,1.00,2.10
2016.11.21 10:05:07.246,1.51404,1.51444,1.00,1.60
2016.11.21 10:05:07.346,1.51404,1.51446,1.00,6.04
2016.11.21 10:05:07.671,1.51398,1.51446,1.00,5.29
2016.11.21 10:05:07.722,1.51404,1.51446,1.00,6.04
2016.11.21 10:05:08.699,1.51403,1.51446,1.00,5.29
2016.11.21 10:05:09.648,1.51403,1.51446,1.00,4.24
2016.11.21 10:05:09.799,1.51393,1.51437,2.25,1.00
2016.11.21 10:05:10.423,1.51394,1.51436,1.75,1.00
2016.11.21 10:05:11.735,1.51394,1.51436,1.75,1.60
2016.11.21 10:05:11.936,1.51394,1.51436,1.00,1.60
2016.11.21 10:05:12.386,1.51404,1.51436,1.00,1.60
2016.11.21 10:05:12.688,1.5137,1.51417,1.00,1.60
2016.11.21 10:05:12.738,1.51378,1.51417,1.00,1.00
2016.11.21 10:05:13.040,1.51393,1.51435,1.00,1.35
2016.11.21 10:05:14.059,1.51394,1.51435,1.00,1.35
2016.11.21 10:05:14.977,1.51394,1.51433,1.00,1.05
2016.11.21 10:05:15.509,1.51393,1.51427,1.00,1.72
2016.11.21 10:05:17.212,1.51394,1.51426,1.00,1.12
2016.11.21 10:05:19.385,1.51394,1.51433,1.00,1.35
2016.11.21 10:05:19.485,1.51394,1.51435,1.00,1.35
2016.11.21 10:05:19.536,1.51403,1.51435,1.00,1.35
2016.11.21 10:05:19.737,1.51394,1.51435,1.00,1.35
2016.11.21 10:05:20.240,1.51393,1.51435,1.00,1.35
2016.11.21 10:05:21.000,1.51394,1.51435,1.00,1.35
2016.11.21 10:05:24.003,1.51387,1.51435,1.00,1.35
2016.11.21 10:05:24.541,1.51394,1.51435,1.00,2.10
2016.11.21 10:05:25.445,1.51393,1.51435,1.00,1.35
2016.11.21 10:05:26.014,1.51393,1.51431,1.00,2.10
2016.11.21 10:05:26.266,1.51378,1.51416,1.00,1.00
2016.11.21 10:05:26.316,1.51384,1.51419,1.00,1.25
2016.11.21 10:05:26.568,1.51384,1.51426,1.00,1.60
2016.11.21 10:05:26.801,1.51384,1.51426,1.00,1.00
2016.11.21 10:05:26.851,1.51393,1.51427,1.00,1.00
2016.11.21 10:05:26.952,1.51385,1.5143,1.50,3.22
2016.11.21 10:05:27.085,1.51394,1.51426,1.00,1.00
2016.11.21 10:05:27.609,1.51404,1.51432,1.00,1.35
2016.11.21 10:05:28.846,1.51393,1.51427,1.00,1.00
2016.11.21 10:05:32.145,1.51403,1.51435,1.00,1.60
2016.11.21 10:05:32.693,1.51404,1.51436,1.00,2.85
2016.11.21 10:05:34.034,1.51403,1.51436,1.00,2.10
2016.11.21 10:05:36.700,1.51403,1.51436,1.00,1.60
2016.11.21 10:05:38.623,1.51389,1.51434,1.50,1.05
2016.11.21 10:05:38.724,1.51389,1.51434,1.12,1.42
2016.11.21 10:05:39.058,1.51394,1.51426,1.00,1.35
2016.11.21 10:05:40.474,1.51393,1.51427,1.00,1.60
2016.11.21 10:05:40.860,1.51394,1.51432,1.00,1.35
2016.11.21 10:05:40.911,1.51394,1.51436,1.00,1.97
2016.11.21 10:05:41.596,1.51393,1.51437,1.00,1.60
2016.11.21 10:05:42.263,1.51394,1.51439,1.00,2.47
2016.11.21 10:05:42.565,1.51394,1.51437,1.00,1.00
2016.11.21 10:05:42.618,1.51404,1.51442,1.00,1.60
2016.11.21 10:05:43.163,1.51404,1.51445,1.00,1.60
2016.11.21 10:05:43.552,1.51404,1.51443,1.00,2.10
2016.11.21 10:05:43.972,1.51394,1.51436,1.00,1.35
2016.11.21 10:05:44.893,1.51394,1.51436,1.00,1.60
2016.11.21 10:05:45.854,1.51393,1.51435,1.00,2.85
2016.11.21 10:05:48.272,1.51394,1.51435,1.00,2.85
2016.11.21 10:05:52.211,1.51394,1.51433,1.00,2.10
2016.11.21 10:05:52.262,1.51386,1.51432,1.50,1.60
2016.11.21 10:05:53.360,1.51386,1.51428,1.00,1.35
2016.11.21 10:05:53.561,1.51393,1.51436,1.00,5.10
2016.11.21 10:05:53.832,1.51393,1.51436,1.00,3.60
2016.11.21 10:05:53.933,1.51393,1.51436,1.00,5.10
2016.11.21 10:05:54.234,1.51393,1.51427,1.00,3.22
2016.11.21 10:05:54.335,1.51383,1.51426,1.00,1.60
2016.11.21 10:05:54.436,1.51379,1.51427,1.50,3.97
2016.11.21 10:05:54.537,1.51383,1.51428,1.00,5.85
2016.11.21 10:05:54.650,1.5138,1.51426,1.12,1.60
2016.11.21 10:05:54.751,1.51383,1.51427,1.00,1.72
2016.11.21 10:05:55.154,1.51379,1.51426,1.50,1.60
2016.11.21 10:05:55.358,1.51384,1.51416,1.00,1.00
2016.11.21 10:05:55.940,1.51384,1.51426,1.00,1.60
2016.11.21 10:05:58.152,1.51377,1.51415,1.00,2.10
2016.11.21 10:05:58.205,1.51374,1.51415,1.00,2.10
2016.11.21 10:05:58.256,1.5137,1.51414,1.50,1.60
2016.11.21 10:05:58.357,1.51373,1.51407,1.00,1.35
2016.11.21 10:05:59.041,1.51374,1.51406,1.00,1.00
2016.11.21 10:05:59.142,1.51368,1.51406,1.00,1.00
2016.11.21 10:05:59.472,1.51374,1.51411,1.00,1.60
2016.11.21 10:06:00.851,1.51368,1.51411,1.00,1.60
2016.11.21 10:06:01.052,1.51374,1.51413,1.00,1.05
2016.11.21 10:06:04.613,1.51374,1.51413,1.00,1.05
2016.11.21 10:06:04.872,1.51368,1.51407,1.00,1.00
2016.11.21 10:06:05.023,1.51365,1.51407,1.00,1.00
2016.11.21 10:06:06.047,1.51365,1.514,1.00,1.60
2016.11.21 10:06:06.198,1.51359,1.51395,1.00,1.35
2016.11.21 10:06:06.249,1.51364,1.51399,1.00,4.35
2016.11.21 10:06:06.400,1.51364,1.51399,1.00,3.00
2016.11.21 10:06:06.949,1.51363,1.51406,1.00,2.10
2016.11.21 10:06:08.080,1.51363,1.51406,1.00,1.50
2016.11.21 10:06:08.775,1.51363,1.51407,1.87,1.00
2016.11.21 10:06:08.963,1.51373,1.51411,1.00,1.60
2016.11.21 10:06:09.114,1.51373,1.51412,1.60,1.00
2016.11.21 10:06:09.284,1.51383,1.51419,1.00,1.45
2016.11.21 10:06:09.435,1.51383,1.51425,1.00,1.12
2016.11.21 10:06:09.586,1.51394,1.51426,1.00,2.47
2016.11.21 10:06:10.454,1.51384,1.51416,1.00,1.00
2016.11.21 10:06:10.854,1.51394,1.51426,1.00,2.47
2016.11.21 10:06:10.973,1.51384,1.51416,1.00,1.00
2016.11.21 10:06:15.787,1.51394,1.51426,1.00,2.92
2016.11.21 10:06:16.065,1.51384,1.51416,1.00,1.00
2016.11.21 10:06:16.280,1.51394,1.51425,1.00,1.10
2016.11.21 10:06:17.014,1.51383,1.51427,1.00,2.10
2016.11.21 10:06:17.166,1.51378,1.51417,1.00,1.00
2016.11.21 10:06:18.219,1.51378,1.51416,1.00,1.00
2016.11.21 10:06:21.600,1.51378,1.51417,1.00,1.00
2016.11.21 10:06:22.071,1.51384,1.51416,1.00,1.00
2016.11.21 10:06:22.983,1.51378,1.51417,1.00,1.00
2016.11.21 10:06:23.572,1.51384,1.51416,1.00,1.00
2016.11.21 10:06:24.268,1.51384,1.51416,1.00,1.60
2016.11.21 10:06:24.318,1.51373,1.51416,1.00,1.60
2016.11.21 10:06:24.368,1.51373,1.51416,1.00,1.60
2016.11.21 10:06:24.469,1.5137,1.51412,1.00,1.60
2016.11.21 10:06:24.614,1.51372,1.51408,1.00,2.25
2016.11.21 10:06:24.664,1.51372,1.51416,1.50,3.00
2016.11.21 10:06:25.263,1.51373,1.51417,1.00,1.35
2016.11.21 10:06:27.929,1.51374,1.51416,1.00,1.00
2016.11.21 10:06:31.133,1.51374,1.51416,1.00,1.60
2016.11.21 10:06:31.234,1.51373,1.51415,1.00,1.35
2016.11.21 10:06:31.436,1.51375,1.51416,1.00,1.00
2016.11.21 10:06:31.487,1.51377,1.51424,1.50,1.75
2016.11.21 10:06:31.537,1.51377,1.51424,1.57,1.00
2016.11.21 10:06:31.588,1.51383,1.51427,1.00,1.75
2016.11.21 10:06:31.789,1.51383,1.51432,2.25,1.35
2016.11.21 10:06:31.891,1.51393,1.51435,1.00,1.35
2016.11.21 10:06:32.071,1.5139,1.51436,1.50,1.60
2016.11.21 10:06:32.122,1.51394,1.51436,1.00,1.60
2016.11.21 10:06:32.877,1.51395,1.51436,1.00,1.60
2016.11.21 10:06:33.567,1.51395,1.51433,1.00,1.00
2016.11.21 10:06:33.901,1.51389,1.51427,1.00,1.00
2016.11.21 10:06:34.208,1.51394,1.51434,1.00,1.35
2016.11.21 10:06:35.410,1.51393,1.51437,1.00,2.10
2016.11.21 10:06:35.460,1.51393,1.51436,1.00,1.30
2016.11.21 10:06:35.511,1.51389,1.51436,1.00,1.30
2016.11.21 10:06:35.611,1.51394,1.51436,1.00,1.72
2016.11.21 10:06:35.942,1.51394,1.51435,1.00,1.60
2016.11.21 10:06:36.043,1.51384,1.51432,1.00,2.10
2016.11.21 10:06:36.194,1.51384,1.51426,1.50,1.00
2016.11.21 10:06:36.446,1.51393,1.51437,1.00,1.50
2016.11.21 10:06:36.497,1.51391,1.51438,1.50,2.25
2016.11.21 10:06:36.736,1.51404,1.51442,1.00,1.75
2016.11.21 10:06:37.362,1.51404,1.5144,1.00,2.12
2016.11.21 10:06:37.414,1.51398,1.5144,1.00,2.12
2016.11.21 10:06:37.530,1.51394,1.5144,1.00,2.12
2016.11.21 10:06:37.631,1.51398,1.51436,1.50,1.00
2016.11.21 10:06:38.154,1.51398,1.51437,1.00,1.00
2016.11.21 10:06:40.037,1.51404,1.51439,1.00,1.00
2016.11.21 10:06:41.204,1.51398,1.51437,1.00,1.00
2016.11.21 10:06:42.758,1.51393,1.51437,1.00,1.00
2016.11.21 10:06:42.809,1.51403,1.51439,1.00,1.00
2016.11.21 10:06:43.138,1.51394,1.51439,1.00,3.60
2016.11.21 10:06:43.238,1.51404,1.51443,1.00,1.35
2016.11.21 10:06:43.742,1.51403,1.51443,1.00,2.10
2016.11.21 10:06:44.832,1.51403,1.51446,1.00,1.00
2016.11.21 10:06:45.090,1.51405,1.51446,1.00,1.00
2016.11.21 10:06:45.396,1.51413,1.51456,1.00,1.60
2016.11.21 10:06:46.239,1.51407,1.51446,1.37,1.00
2016.11.21 10:06:46.290,1.51407,1.51446,1.00,1.00
2016.11.21 10:06:48.831,1.51407,1.51447,1.00,1.00
2016.11.21 10:06:49.592,1.51407,1.51446,1.00,1.00
2016.11.21 10:06:51.468,1.51407,1.51447,1.00,1.00
2016.11.21 10:06:51.636,1.51407,1.51449,1.00,1.30
2016.11.21 10:06:51.969,1.51407,1.51446,1.00,1.00
2016.11.21 10:06:53.773,1.51407,1.51454,1.00,1.60
2016.11.21 10:06:53.947,1.51407,1.51446,1.00,1.00
2016.11.21 10:06:54.726,1.51407,1.51447,1.00,1.00
2016.11.21 10:06:55.538,1.51407,1.51446,1.00,1.00
2016.11.21 10:06:55.651,1.51407,1.51454,1.00,1.60
2016.11.21 10:06:55.839,1.51407,1.51447,1.00,1.00
2016.11.21 10:06:57.167,1.51403,1.51447,2.70,1.00
2016.11.21 10:06:58.232,1.51406,1.51446,1.00,1.00
2016.11.21 10:07:00.735,1.51406,1.51447,1.00,1.00
2016.11.21 10:07:02.587,1.51406,1.51447,2.25,1.00
2016.11.21 10:07:02.939,1.51409,1.51446,1.00,1.00
2016.11.21 10:07:02.998,1.51406,1.51446,1.50,1.00
2016.11.21 10:07:03.647,1.51406,1.51447,1.50,1.00
2016.11.21 10:07:05.285,1.51406,1.51446,1.50,1.00
2016.11.21 10:07:05.568,1.51414,1.51456,1.00,2.47
2016.11.21 10:07:05.702,1.51414,1.51454,1.00,1.00
2016.11.21 10:07:06.178,1.51408,1.51446,1.00,1.00
2016.11.21 10:07:06.384,1.51414,1.51456,1.00,1.72
2016.11.21 10:07:08.078,1.51407,1.51446,1.50,1.00
2016.11.21 10:07:08.388,1.51407,1.51446,1.75,1.00
2016.11.21 10:07:08.590,1.51413,1.51457,1.12,2.10
2016.11.21 10:07:08.640,1.51413,1.51454,1.12,1.00
2016.11.21 10:07:09.123,1.51406,1.51446,1.95,1.00
2016.11.21 10:07:09.227,1.51406,1.51446,1.95,1.00
2016.11.21 10:07:09.856,1.51406,1.51454,1.95,1.00
2016.11.21 10:07:10.152,1.51406,1.51446,1.95,1.00
2016.11.21 10:07:13.798,1.51406,1.51453,1.50,2.25
2016.11.21 10:07:13.848,1.51406,1.5145,1.50,1.00
2016.11.21 10:07:14.049,1.51406,1.51453,1.50,1.00
2016.11.21 10:07:14.301,1.51406,1.51446,1.50,1.00
2016.11.21 10:07:14.502,1.51414,1.51455,1.00,1.35
2016.11.21 10:07:19.177,1.51413,1.51457,1.50,1.60
2016.11.21 10:07:19.328,1.51415,1.51457,1.00,1.60
2016.11.21 10:07:19.786,1.51413,1.51457,3.00,1.60
2016.11.21 10:07:21.175,1.51413,1.51457,1.50,1.60
2016.11.21 10:07:21.438,1.51413,1.51455,1.00,1.67
2016.11.21 10:07:21.539,1.51413,1.51457,1.50,1.60
2016.11.21 10:07:23.477,1.51414,1.51456,1.00,1.60
2016.11.21 10:07:24.704,1.51413,1.51456,1.00,1.60
2016.11.21 10:07:24.995,1.51413,1.51446,1.00,1.00
2016.11.21 10:07:25.046,1.5141,1.51446,1.00,1.00
2016.11.21 10:07:25.147,1.51407,1.51446,1.00,1.00
2016.11.21 10:07:26.499,1.51407,1.51447,1.00,1.00
2016.11.21 10:07:27.303,1.51407,1.51446,1.00,1.00
2016.11.21 10:07:27.839,1.51407,1.51447,1.00,1.00
2016.11.21 10:07:27.988,1.51413,1.51453,1.00,1.87
2016.11.21 10:07:29.300,1.51414,1.51454,1.00,1.67
2016.11.21 10:07:29.881,1.51414,1.51456,1.00,1.60
2016.11.21 10:07:34.917,1.51413,1.51454,1.00,1.35
2016.11.21 10:07:35.522,1.51414,1.51454,1.00,1.35
2016.11.21 10:07:37.047,1.51407,1.51454,1.00,1.35
2016.11.21 10:07:37.320,1.51407,1.51447,1.00,1.00
2016.11.21 10:07:41.526,1.51407,1.51446,1.00,1.00
2016.11.21 10:07:44.832,1.51407,1.51447,1.00,1.00
2016.11.21 10:07:47.936,1.51407,1.51446,1.00,1.00
2016.11.21 10:07:50.476,1.51408,1.51446,1.00,1.00
2016.11.21 10:07:50.577,1.51408,1.51456,1.12,1.37
2016.11.21 10:07:50.677,1.5141,1.51456,1.00,1.00
2016.11.21 10:07:50.869,1.51413,1.51457,1.00,1.00
2016.11.21 10:07:51.423,1.51414,1.51456,1.00,1.00
2016.11.21 10:07:54.326,1.51424,1.51464,1.00,1.00
2016.11.21 10:07:54.628,1.51414,1.51456,1.00,1.00
2016.11.21 10:07:54.814,1.51413,1.51453,1.00,1.60
2016.11.21 10:07:55.066,1.51404,1.51446,1.00,1.35
2016.11.21 10:07:55.166,1.51403,1.5145,1.00,1.00
2016.11.21 10:07:55.368,1.51414,1.5145,1.00,1.00
2016.11.21 10:07:55.468,1.51404,1.5145,1.00,1.00
2016.11.21 10:07:55.569,1.51404,1.51446,1.00,1.00
2016.11.21 10:07:55.823,1.51404,1.5145,1.00,1.60
2016.11.21 10:07:56.366,1.51403,1.51447,1.00,1.00
2016.11.21 10:07:57.765,1.51404,1.51446,1.00,1.00
2016.11.21 10:07:58.218,1.51407,1.51447,1.12,1.00
2016.11.21 10:07:58.489,1.51414,1.51456,1.00,2.25
2016.11.21 10:08:00.238,1.51405,1.51447,2.25,1.35
2016.11.21 10:08:00.587,1.51414,1.51455,1.00,2.10
2016.11.21 10:08:00.911,1.51414,1.51456,1.00,1.50
2016.11.21 10:08:01.413,1.51413,1.51457,1.00,2.10
2016.11.21 10:08:02.644,1.51413,1.51457,1.12,1.35
2016.11.21 10:08:03.377,1.51414,1.51456,1.00,1.00
2016.11.21 10:08:05.339,1.51413,1.51457,1.12,1.35
2016.11.21 10:08:05.501,1.51413,1.51457,2.32,1.00
2016.11.21 10:08:05.803,1.51419,1.51457,1.50,1.00
2016.11.21 10:08:06.114,1.51424,1.51456,1.00,1.00
2016.11.21 10:08:06.440,1.51411,1.51456,1.50,1.35
2016.11.21 10:08:06.540,1.51414,1.51456,1.00,1.35
2016.11.21 10:08:07.561,1.51411,1.51456,2.25,1.00
2016.11.21 10:08:07.712,1.51417,1.51457,1.00,1.00
2016.11.21 10:08:08.055,1.51424,1.51456,1.00,1.00
2016.11.21 10:08:09.423,1.51418,1.51456,1.12,1.00
2016.11.21 10:08:09.752,1.51414,1.51446,1.00,1.00
2016.11.21 10:08:16.029,1.51413,1.51453,1.12,1.05
2016.11.21 10:08:16.080,1.51408,1.51452,1.00,1.72
2016.11.21 10:08:16.181,1.514,1.51446,2.25,1.50
2016.11.21 10:08:16.361,1.51404,1.51436,1.37,1.00
2016.11.21 10:08:16.830,1.514,1.51427,1.75,1.00
2016.11.21 10:08:16.930,1.51404,1.51436,1.37,1.00
2016.11.21 10:08:17.381,1.514,1.51427,1.75,1.00
2016.11.21 10:08:18.875,1.51397,1.51427,1.12,1.00
2016.11.21 10:08:18.926,1.51395,1.51437,1.75,1.00
2016.11.21 10:08:25.876,1.51395,1.51436,1.75,2.10
2016.11.21 10:08:26.178,1.51388,1.51416,1.00,1.00
2016.11.21 10:08:26.528,1.51394,1.51426,1.00,1.00
2016.11.21 10:08:28.481,1.51384,1.51426,1.37,1.00
2016.11.21 10:08:28.899,1.51387,1.51427,1.00,1.35
2016.11.21 10:08:29.280,1.51387,1.51426,1.75,1.00
2016.11.21 10:08:29.623,1.51394,1.51426,1.00,1.00
2016.11.21 10:08:29.857,1.51387,1.51427,1.75,1.35
2016.11.21 10:08:30.184,1.51387,1.51426,1.00,1.00
2016.11.21 10:08:30.707,1.51384,1.51426,1.00,1.00
2016.11.21 10:08:30.872,1.51382,1.51417,1.37,1.00
2016.11.21 10:08:30.923,1.51382,1.51417,1.00,1.00
2016.11.21 10:08:31.651,1.51384,1.51426,1.00,1.00
2016.11.21 10:08:32.503,1.51382,1.51416,1.00,1.00
2016.11.21 10:08:32.657,1.51384,1.51426,1.00,1.00
2016.11.21 10:08:33.201,1.51384,1.51426,1.50,1.00
2016.11.21 10:08:34.086,1.51382,1.51417,2.25,1.00
2016.11.21 10:08:34.139,1.51384,1.51426,1.50,1.00
2016.11.21 10:08:34.643,1.51382,1.51417,1.75,1.00
2016.11.21 10:08:37.074,1.51382,1.51426,1.75,1.00
2016.11.21 10:08:37.260,1.51383,1.51417,1.75,1.00
2016.11.21 10:08:37.573,1.51384,1.51426,1.50,1.00
2016.11.21 10:08:37.782,1.51387,1.51426,1.00,1.00
2016.11.21 10:08:38.095,1.51389,1.51427,1.50,1.00
2016.11.21 10:08:38.633,1.51389,1.51426,1.50,1.00
2016.11.21 10:08:39.453,1.51394,1.51426,1.00,1.00
2016.11.21 10:08:40.373,1.51393,1.51437,1.00,1.60
2016.11.21 10:08:40.474,1.51389,1.51436,1.50,1.00
2016.11.21 10:08:40.575,1.51389,1.51426,1.50,1.00
2016.11.21 10:08:41.750,1.51389,1.51427,1.50,1.00
2016.11.21 10:08:42.258,1.51389,1.51426,1.50,1.00
2016.11.21 10:08:42.380,1.51393,1.51436,1.00,1.00
2016.11.21 10:08:42.530,1.51393,1.51436,1.00,1.95
2016.11.21 10:08:42.832,1.51389,1.51427,1.00,1.00
2016.11.21 10:08:43.858,1.51385,1.51427,1.00,1.35
2016.11.21 10:08:44.754,1.51385,1.51426,1.00,1.00
2016.11.21 10:08:45.330,1.51385,1.51427,1.00,1.35
2016.11.21 10:08:46.057,1.51385,1.51426,1.00,1.00
2016.11.21 10:08:46.236,1.51389,1.51432,1.00,1.35
2016.11.21 10:08:46.600,1.51394,1.51436,1.00,2.85
2016.11.21 10:08:46.658,1.51389,1.51426,1.50,1.00
2016.11.21 10:08:47.277,1.51389,1.51436,1.50,1.60
2016.11.21 10:08:47.378,1.51387,1.51426,1.75,1.00
2016.11.21 10:08:47.761,1.51387,1.5143,1.75,2.85
2016.11.21 10:08:47.862,1.51394,1.5143,1.00,2.25
2016.11.21 10:08:47.912,1.51394,1.51436,1.00,1.60
2016.11.21 10:08:50.969,1.51393,1.51437,1.00,1.60
2016.11.21 10:08:51.019,1.51394,1.51436,1.75,1.60
2016.11.21 10:08:51.350,1.51394,1.51426,2.25,1.00
2016.11.21 10:08:51.922,1.51396,1.51427,1.12,1.00
2016.11.21 10:08:55.301,1.51394,1.51426,1.75,1.00
2016.11.21 10:08:55.403,1.51403,1.51437,1.00,1.60
2016.11.21 10:08:58.375,1.51404,1.51436,1.00,1.60
2016.11.21 10:09:05.885,1.51403,1.51437,1.00,1.60
2016.11.21 10:09:08.956,1.51405,1.51437,1.00,1.60
2016.11.21 10:09:09.007,1.51403,1.51442,1.00,4.35
2016.11.21 10:09:09.107,1.51404,1.51442,1.12,2.85
2016.11.21 10:09:09.158,1.5141,1.51441,1.00,2.25
2016.11.21 10:09:09.258,1.51414,1.51456,1.00,2.85
2016.11.21 10:09:09.563,1.51434,1.51456,1.00,2.10
2016.11.21 10:09:09.663,1.51413,1.51456,1.00,2.10
2016.11.21 10:09:10.280,1.51414,1.51457,1.00,2.10
2016.11.21 10:09:27.444,1.51414,1.51446,1.12,1.00
2016.11.21 10:09:27.545,1.51414,1.51456,1.87,1.60
2016.11.21 10:09:31.052,1.51414,1.51453,1.87,2.85
2016.11.21 10:09:31.254,1.51414,1.51453,1.00,2.85
2016.11.21 10:09:31.812,1.51413,1.51454,1.00,1.79
2016.11.21 10:09:33.726,1.51409,1.51446,1.00,1.00
2016.11.21 10:09:34.026,1.51414,1.51446,1.00,1.00
2016.11.21 10:09:34.547,1.51413,1.51455,1.00,2.29
2016.11.21 10:09:34.662,1.51409,1.51446,1.00,1.00
2016.11.21 10:09:34.763,1.51414,1.51456,1.00,2.66
2016.11.21 10:09:34.972,1.51414,1.51456,1.12,2.29
2016.11.21 10:09:35.788,1.51414,1.51453,1.87,2.85
2016.11.21 10:09:37.148,1.51415,1.51453,1.00,2.85
2016.11.21 10:09:37.300,1.51415,1.51456,1.00,1.00
2016.11.21 10:09:37.720,1.51418,1.51457,1.00,1.00
2016.11.21 10:09:38.635,1.51418,1.51456,1.00,1.00
2016.11.21 10:09:39.236,1.51423,1.51458,1.00,1.05
2016.11.21 10:09:39.573,1.51418,1.51456,1.00,1.00
2016.11.21 10:09:41.013,1.51418,1.51456,1.37,1.00
2016.11.21 10:09:41.339,1.51424,1.51458,1.00,1.05
2016.11.21 10:09:41.539,1.51418,1.51456,1.37,1.00
2016.11.21 10:09:44.655,1.51424,1.51458,1.00,1.05
2016.11.21 10:09:44.755,1.51418,1.51456,1.37,1.00
2016.11.21 10:09:45.244,1.51424,1.51458,1.00,1.05
2016.11.21 10:09:45.345,1.51417,1.51457,1.50,1.00
2016.11.21 10:09:51.173,1.51423,1.51462,1.00,1.19
2016.11.21 10:09:52.318,1.51423,1.51463,1.00,1.19
2016.11.21 10:09:52.889,1.51423,1.51462,1.00,1.19
2016.11.21 10:09:53.297,1.51417,1.51456,2.25,1.00
2016.11.21 10:09:54.379,1.51424,1.51462,1.00,1.19
2016.11.21 10:09:55.357,1.51417,1.51456,2.25,1.00
2016.11.21 10:09:55.537,1.51423,1.51462,1.00,1.19
2016.11.21 10:09:56.359,1.51418,1.51457,1.37,1.25
2016.11.21 10:09:57.061,1.51424,1.51463,1.00,1.19
2016.11.21 10:09:57.679,1.51424,1.51463,1.00,1.19
2016.11.21 10:09:57.928,1.51417,1.51457,2.25,1.00
2016.11.21 10:09:58.317,1.51424,1.51463,1.00,1.19
2016.11.21 10:09:58.418,1.51417,1.51456,2.25,1.00
2016.11.21 10:09:58.918,1.51424,1.51463,1.00,1.19
2016.11.21 10:10:00.325,1.51424,1.51463,1.00,1.19
2016.11.21 10:10:00.843,1.51424,1.51462,1.00,1.19
2016.11.21 10:10:01.023,1.51418,1.51457,1.37,1.25
2016.11.21 10:10:01.428,1.51424,1.51462,1.00,1.19
2016.11.21 10:10:02.121,1.51418,1.51456,1.87,1.00
2016.11.21 10:10:02.938,1.51418,1.51457,1.12,1.00
2016.11.21 10:10:03.485,1.51419,1.51456,1.00,1.00
2016.11.21 10:10:03.749,1.51424,1.51464,1.00,1.19
2016.11.21 10:10:03.857,1.51419,1.51456,1.00,1.00
2016.11.21 10:10:05.663,1.51424,1.51464,1.00,1.19
2016.11.21 10:10:05.984,1.51424,1.51456,1.00,1.00
2016.11.21 10:10:06.035,1.51423,1.51464,1.00,1.19
2016.11.21 10:10:06.136,1.51419,1.51457,1.00,1.00
2016.11.21 10:10:06.653,1.51419,1.51456,1.50,1.00
2016.11.21 10:10:06.831,1.51424,1.51456,1.00,1.00
2016.11.21 10:10:07.377,1.51423,1.51457,1.00,1.00
2016.11.21 10:10:07.477,1.51419,1.51457,1.50,1.00
2016.11.21 10:10:08.217,1.5142,1.51457,1.00,1.00
2016.11.21 10:10:08.978,1.51423,1.51466,1.00,1.86
2016.11.21 10:10:11.623,1.51425,1.51467,1.75,1.19
2016.11.21 10:10:11.774,1.51425,1.51467,2.25,1.25
2016.11.21 10:10:12.565,1.51426,1.51466,1.50,1.25
2016.11.21 10:10:13.869,1.51428,1.51466,1.50,1.25
2016.11.21 10:10:15.148,1.51427,1.51466,1.12,1.25
2016.11.21 10:10:16.323,1.51428,1.51466,1.00,1.00
2016.11.21 10:10:17.568,1.51427,1.51466,1.10,1.00
2016.11.21 10:10:17.819,1.51426,1.51466,1.50,1.85
2016.11.21 10:10:18.111,1.51426,1.51462,1.00,1.50
2016.11.21 10:10:18.162,1.51413,1.51457,1.00,1.00
2016.11.21 10:10:18.335,1.51415,1.51457,1.00,1.00
2016.11.21 10:10:18.781,1.51413,1.51457,1.00,1.00
2016.11.21 10:10:18.831,1.51413,1.51456,1.05,1.00
2016.11.21 10:10:19.097,1.51423,1.51466,1.00,2.29
2016.11.21 10:10:19.257,1.51416,1.51456,1.00,1.00
2016.11.21 10:10:19.737,1.51414,1.51456,1.00,1.00
2016.11.21 10:10:21.463,1.51413,1.51457,1.35,1.00
2016.11.21 10:10:23.988,1.51414,1.51456,1.00,1.00
2016.11.21 10:10:24.340,1.51413,1.51457,2.47,1.00
2016.11.21 10:10:24.745,1.51413,1.51461,2.25,1.50
2016.11.21 10:10:24.846,1.51413,1.51454,1.50,1.10
2016.11.21 10:10:25.047,1.51403,1.51447,1.75,1.00
2016.11.21 10:10:26.918,1.51406,1.51446,1.12,1.00
2016.11.21 10:10:27.559,1.51407,1.51446,1.00,1.00
2016.11.21 10:10:27.660,1.51406,1.51455,2.32,1.35
2016.11.21 10:10:27.719,1.51408,1.51455,1.00,1.35
2016.11.21 10:10:28.112,1.51408,1.51447,1.00,1.00
2016.11.21 10:10:28.259,1.51406,1.51446,2.32,1.00
2016.11.21 10:10:28.309,1.51408,1.51446,1.00,1.00
2016.11.21 10:10:28.360,1.51406,1.51447,2.32,1.00
2016.11.21 10:10:28.939,1.51406,1.51446,1.12,1.00
2016.11.21 10:10:30.638,1.51406,1.51447,1.87,1.00
2016.11.21 10:10:30.972,1.51406,1.51455,2.32,2.29
2016.11.21 10:10:31.124,1.51406,1.51446,3.07,1.00
2016.11.21 10:10:31.684,1.51406,1.51447,3.07,1.00
2016.11.21 10:10:32.357,1.51406,1.51446,1.12,1.00
2016.11.21 10:10:32.759,1.51408,1.51446,1.00,1.00
2016.11.21 10:10:33.263,1.51406,1.51446,1.87,1.00
2016.11.21 10:10:37.742,1.51413,1.51456,1.00,1.94
2016.11.21 10:10:38.064,1.51406,1.51446,2.47,1.00
2016.11.21 10:10:38.830,1.51408,1.51446,1.00,1.00
2016.11.21 10:10:39.437,1.51408,1.51447,1.00,1.00
2016.11.21 10:10:40.760,1.51407,1.51447,1.35,1.00
2016.11.21 10:10:41.098,1.51412,1.51447,1.00,1.00
2016.11.21 10:10:43.316,1.51412,1.51446,1.00,1.00
2016.11.21 10:10:43.519,1.51406,1.51446,1.50,1.00
2016.11.21 10:10:43.620,1.51406,1.51436,1.50,1.00
2016.11.21 10:10:44.270,1.51406,1.51437,1.50,1.00
2016.11.21 10:10:45.265,1.51406,1.51436,1.50,1.00
2016.11.21 10:10:45.418,1.51413,1.51447,1.00,1.50
2016.11.21 10:10:45.518,1.51406,1.51437,1.50,1.00
2016.11.21 10:10:45.669,1.51403,1.51437,1.00,1.00
2016.11.21 10:10:45.947,1.51404,1.51446,1.00,1.00
2016.11.21 10:10:50.849,1.51403,1.51447,1.00,1.50
2016.11.21 10:10:51.437,1.51403,1.51447,1.37,1.00
2016.11.21 10:10:52.348,1.514,1.51436,1.75,1.00
2016.11.21 10:10:53.033,1.51403,1.51447,1.37,1.50
2016.11.21 10:10:53.600,1.51404,1.51446,1.12,1.00
2016.11.21 10:10:54.129,1.51402,1.51436,2.25,1.00
2016.11.21 10:10:54.831,1.51402,1.51437,2.25,1.00
2016.11.21 10:10:55.832,1.51403,1.51447,1.37,1.00
2016.11.21 10:10:58.254,1.514,1.51437,1.75,1.00
2016.11.21 10:10:58.354,1.51404,1.51446,1.12,1.00
2016.11.21 10:10:58.729,1.514,1.51437,1.75,1.00
2016.11.21 10:11:00.260,1.51404,1.51436,1.12,1.00
2016.11.21 10:11:00.461,1.51394,1.51436,1.12,1.00
2016.11.21 10:11:00.663,1.51393,1.51438,1.50,3.00
2016.11.21 10:11:00.713,1.51396,1.51441,1.00,1.60
2016.11.21 10:11:00.915,1.51398,1.51446,1.00,1.75
2016.11.21 10:11:00.965,1.514,1.51446,1.50,1.75
2016.11.21 10:11:01.066,1.51403,1.51447,1.00,1.35
2016.11.21 10:11:01.640,1.51404,1.51446,1.00,1.00
2016.11.21 10:11:01.951,1.51405,1.51447,1.95,1.00
2016.11.21 10:11:02.529,1.51407,1.51446,1.75,1.00
2016.11.21 10:11:02.749,1.51413,1.51455,1.00,1.00
2016.11.21 10:11:03.283,1.51414,1.51456,1.00,1.00
2016.11.21 10:11:03.435,1.51418,1.51464,1.00,1.31
2016.11.21 10:11:03.636,1.51424,1.51466,1.12,1.00
2016.11.21 10:11:03.737,1.51426,1.51469,1.00,1.50
2016.11.21 10:11:03.788,1.51424,1.5147,1.87,1.00
2016.11.21 10:11:03.838,1.51424,1.5147,1.12,1.60
2016.11.21 10:11:04.114,1.51418,1.51465,1.12,1.00
2016.11.21 10:11:04.252,1.51424,1.51463,1.00,1.00
2016.11.21 10:11:04.302,1.51424,1.51466,1.00,1.12
2016.11.21 10:11:04.810,1.51423,1.51467,1.00,1.50
2016.11.21 10:11:05.289,1.51424,1.51466,1.00,1.72
2016.11.21 10:11:05.609,1.51424,1.51462,1.00,1.00
2016.11.21 10:11:05.713,1.51418,1.51457,1.12,1.00
2016.11.21 10:11:06.234,1.51418,1.51456,1.12,1.00
2016.11.21 10:11:06.525,1.51424,1.5146,1.00,1.00
2016.11.21 10:11:06.575,1.51424,1.51462,1.00,1.00
2016.11.21 10:11:07.015,1.51418,1.51457,1.12,1.00
2016.11.21 10:11:09.021,1.51424,1.51462,1.00,1.35
2016.11.21 10:11:09.180,1.51424,1.51464,1.00,1.60
2016.11.21 10:11:09.767,1.51418,1.51464,1.12,2.10
2016.11.21 10:11:09.818,1.51418,1.51464,1.12,1.50
2016.11.21 10:11:09.971,1.51424,1.51464,1.00,1.00
2016.11.21 10:11:10.022,1.51424,1.51466,1.00,1.00
2016.11.21 10:11:11.424,1.51423,1.51466,1.50,1.00
2016.11.21 10:11:11.943,1.51424,1.51466,1.00,1.50
2016.11.21 10:11:16.573,1.51423,1.51467,1.50,1.12
2016.11.21 10:11:16.771,1.51423,1.51464,1.50,1.00
2016.11.21 10:11:16.822,1.51423,1.51466,1.50,3.00
2016.11.21 10:11:16.872,1.51423,1.51456,1.00,1.00
2016.11.21 10:11:17.113,1.51424,1.51465,1.00,1.00
2016.11.21 10:11:17.214,1.51423,1.51456,1.00,1.00
2016.11.21 10:11:17.916,1.51423,1.51465,1.00,1.00
2016.11.21 10:11:18.117,1.51415,1.51457,1.75,1.00
2016.11.21 10:11:18.916,1.51416,1.51462,1.75,2.25
2016.11.21 10:11:19.332,1.51417,1.51456,1.50,1.00
2016.11.21 10:11:19.920,1.51415,1.51457,2.25,1.00
2016.11.21 10:11:22.426,1.51415,1.51457,1.37,1.00
2016.11.21 10:11:22.478,1.51415,1.51457,1.00,1.00
2016.11.21 10:11:23.323,1.51415,1.51456,1.00,1.00
2016.11.21 10:11:23.960,1.51408,1.51456,1.75,1.00
2016.11.21 10:11:24.011,1.51408,1.51456,1.37,1.87
2016.11.21 10:11:24.061,1.51408,1.51454,1.00,1.00
2016.11.21 10:11:24.123,1.51413,1.51454,1.00,1.00
2016.11.21 10:11:25.249,1.51408,1.51454,1.00,1.00
2016.11.21 10:11:25.474,1.51416,1.51456,1.00,1.50
2016.11.21 10:11:25.575,1.51416,1.51461,1.00,1.20
2016.11.21 10:11:25.676,1.51416,1.5146,1.00,1.12
2016.11.21 10:11:25.726,1.51408,1.51452,1.75,1.00
2016.11.21 10:11:25.827,1.51408,1.51446,1.75,1.00
2016.11.21 10:11:25.978,1.51408,1.51446,1.00,1.00
2016.11.21 10:11:26.339,1.51408,1.51452,1.00,1.00
2016.11.21 10:11:26.836,1.51408,1.51447,1.00,1.00
2016.11.21 10:11:29.054,1.51408,1.51452,1.50,1.00
2016.11.21 10:11:29.104,1.51412,1.51456,1.37,1.87
2016.11.21 10:11:29.356,1.51416,1.51456,1.00,1.00
2016.11.21 10:11:29.457,1.51419,1.51456,1.00,1.00
2016.11.21 10:11:29.558,1.51424,1.51466,1.00,2.14
2016.11.21 10:11:30.068,1.51423,1.51467,1.00,2.89
2016.11.21 10:11:30.344,1.51421,1.51465,1.00,1.94
2016.11.21 10:11:30.395,1.51414,1.51458,1.12,1.00
2016.11.21 10:11:30.504,1.51414,1.5146,1.12,1.35
2016.11.21 10:11:30.555,1.51413,1.51457,1.87,1.00
2016.11.21 10:11:31.352,1.51416,1.51457,1.00,1.00
2016.11.21 10:11:31.662,1.51413,1.51457,2.62,1.00
2016.11.21 10:11:32.260,1.51415,1.51447,1.00,1.00
2016.11.21 10:11:32.748,1.51424,1.51456,1.00,1.00
2016.11.21 10:11:33.044,1.51415,1.51457,1.00,1.00
2016.11.21 10:11:33.145,1.51418,1.51457,1.00,1.00
2016.11.21 10:11:33.395,1.51414,1.51457,1.57,1.00
2016.11.21 10:11:33.446,1.51417,1.51457,1.00,1.00
2016.11.21 10:11:33.748,1.51423,1.5146,1.00,1.67
2016.11.21 10:11:34.108,1.51423,1.51467,1.00,1.54
2016.11.21 10:11:34.657,1.51423,1.51467,1.00,1.54
2016.11.21 10:11:35.172,1.51424,1.51467,1.00,1.35
2016.11.21 10:11:37.069,1.51424,1.51466,2.25,1.00
2016.11.21 10:11:37.622,1.51424,1.51467,1.00,1.00
2016.11.21 10:11:37.673,1.51424,1.51469,1.50,1.00
2016.11.21 10:11:37.824,1.51424,1.51467,1.50,1.00
2016.11.21 10:11:40.034,1.51428,1.51467,1.00,1.00
2016.11.21 10:11:40.235,1.51434,1.51476,1.00,1.37
2016.11.21 10:11:41.028,1.51429,1.51466,1.00,1.00
2016.11.21 10:11:41.236,1.51433,1.51473,1.00,1.00
2016.11.21 10:11:41.406,1.51429,1.51466,1.00,1.00
2016.11.21 10:11:44.252,1.51434,1.51473,1.00,1.00
2016.11.21 10:11:44.537,1.51434,1.51476,1.00,1.50
2016.11.21 10:11:44.738,1.51429,1.51476,1.00,1.50
2016.11.21 10:11:44.789,1.51432,1.51476,1.00,1.50
2016.11.21 10:11:45.133,1.51434,1.51476,1.00,1.50
2016.11.21 10:11:45.646,1.51433,1.51475,1.00,1.00
2016.11.21 10:11:46.521,1.51433,1.51475,1.00,1.57
2016.11.21 10:11:47.330,1.51433,1.5147,1.00,1.30
2016.11.21 10:11:47.639,1.51434,1.51466,1.00,1.00
2016.11.21 10:11:48.268,1.51432,1.51475,1.00,2.70
2016.11.21 10:11:48.329,1.51426,1.51474,1.00,1.20
2016.11.21 10:11:48.531,1.51426,1.51468,1.00,1.00
2016.11.21 10:11:48.873,1.51428,1.51473,1.00,1.20
2016.11.21 10:11:49.268,1.51427,1.51467,1.00,1.00
2016.11.21 10:11:49.823,1.51426,1.51467,1.50,1.00
2016.11.21 10:11:50.254,1.51434,1.51476,1.00,1.75
2016.11.21 10:11:50.355,1.51433,1.51481,2.25,1.45
2016.11.21 10:11:50.405,1.51436,1.51481,1.00,1.45
2016.11.21 10:11:50.456,1.51433,1.51481,1.95,1.00
2016.11.21 10:11:50.558,1.51435,1.51477,1.95,1.00
2016.11.21 10:11:53.529,1.51444,1.51482,1.00,1.00
2016.11.21 10:11:54.029,1.51435,1.51477,1.95,1.00
2016.11.21 10:11:54.565,1.5144,1.51476,1.00,1.00
2016.11.21 10:11:54.861,1.51433,1.51477,1.00,2.10
2016.11.21 10:11:54.962,1.51432,1.51467,1.00,1.00
2016.11.21 10:11:55.272,1.51434,1.51466,1.00,1.00
2016.11.21 10:11:56.034,1.51432,1.51466,1.00,1.00
2016.11.21 10:11:57.375,1.51425,1.51466,1.75,1.00
2016.11.21 10:11:57.768,1.51425,1.51467,1.37,1.50
2016.11.21 10:11:58.277,1.51425,1.51465,1.00,1.30
2016.11.21 10:11:58.579,1.51423,1.51467,1.00,1.60
2016.11.21 10:11:59.475,1.51419,1.51464,1.50,1.00
2016.11.21 10:11:59.581,1.51419,1.51456,1.50,1.00
2016.11.21 10:12:00.272,1.51424,1.51466,1.00,1.35
2016.11.21 10:12:00.891,1.51423,1.51467,1.00,1.60
2016.11.21 10:12:01.262,1.51425,1.51467,1.00,1.00
2016.11.21 10:12:01.575,1.51434,1.51476,1.00,1.60
2016.11.21 10:12:01.776,1.51424,1.51466,1.50,1.00
2016.11.21 10:12:01.827,1.51428,1.51466,1.00,1.00
2016.11.21 10:12:02.143,1.51424,1.51467,2.25,1.00
2016.11.21 10:12:02.194,1.51428,1.51467,1.00,1.00
2016.11.21 10:12:02.690,1.51434,1.51475,1.00,1.35
2016.11.21 10:12:03.015,1.51434,1.51474,1.00,1.12
2016.11.21 10:12:03.166,1.51434,1.51476,1.50,1.00
2016.11.21 10:12:03.273,1.51434,1.51474,1.00,1.00
2016.11.21 10:12:03.585,1.51432,1.51466,1.00,1.00
2016.11.21 10:12:03.685,1.51427,1.51466,1.50,1.00
2016.11.21 10:12:03.736,1.51429,1.51466,1.00,1.00
2016.11.21 10:12:03.997,1.51434,1.51475,1.00,1.00
2016.11.21 10:12:06.419,1.51434,1.51473,1.00,1.05
2016.11.21 10:12:06.920,1.51433,1.51475,1.00,2.10
2016.11.21 10:12:07.547,1.51434,1.51475,1.00,1.60
2016.11.21 10:12:11.270,1.51427,1.51466,1.50,1.00
2016.11.21 10:12:11.609,1.51434,1.51473,1.00,1.60
2016.11.21 10:12:12.963,1.51433,1.51474,1.00,1.60
2016.11.21 10:12:15.190,1.51427,1.51466,1.50,1.00
2016.11.21 10:12:15.291,1.51433,1.51471,1.00,1.60
2016.11.21 10:12:15.693,1.51427,1.51467,1.00,1.00
2016.11.21 10:12:16.371,1.51427,1.51466,1.00,1.00
2016.11.21 10:12:16.476,1.51434,1.51469,1.00,1.67
2016.11.21 10:12:16.728,1.51434,1.51476,1.00,1.00
2016.11.21 10:12:17.270,1.51433,1.51477,1.00,1.72
2016.11.21 10:12:17.843,1.51434,1.51477,1.00,1.12
2016.11.21 10:12:18.444,1.51435,1.51477,1.00,1.12
2016.11.21 10:12:18.595,1.51437,1.51476,1.50,1.00
2016.11.21 10:12:18.696,1.51435,1.51476,1.12,1.00
2016.11.21 10:12:18.805,1.51437,1.51476,1.00,1.00
2016.11.21 10:12:19.074,1.51437,1.51485,1.00,1.20
2016.11.21 10:12:19.625,1.51438,1.51485,1.00,1.20
2016.11.21 10:12:20.373,1.51437,1.51485,1.00,1.20
2016.11.21 10:12:20.602,1.51442,1.51487,1.00,1.75
2016.11.21 10:12:20.928,1.51444,1.51486,1.00,1.75
2016.11.21 10:12:21.519,1.51443,1.5149,1.00,1.95
2016.11.21 10:12:21.620,1.5144,1.51486,1.00,1.95
2016.11.21 10:12:21.825,1.5144,1.51476,1.00,1.00
2016.11.21 10:12:21.976,1.51436,1.51476,1.00,1.00
2016.11.21 10:12:24.431,1.51436,1.51477,1.50,1.00
2016.11.21 10:12:24.935,1.51436,1.51476,1.00,1.37
2016.11.21 10:12:29.712,1.51437,1.51477,1.00,1.50
2016.11.21 10:12:30.271,1.51436,1.51476,1.00,1.37
2016.11.21 10:12:31.647,1.51436,1.51466,1.00,1.00
2016.11.21 10:12:32.031,1.51436,1.51476,1.00,1.37
2016.11.21 10:12:32.828,1.51439,1.51477,1.00,1.50
2016.11.21 10:12:33.080,1.51439,1.51486,1.50,1.95
2016.11.21 10:12:33.266,1.51444,1.51486,1.00,1.75
2016.11.21 10:12:34.367,1.51444,1.51486,1.00,1.00
2016.11.21 10:12:36.471,1.51443,1.51487,1.00,1.00
2016.11.21 10:12:37.372,1.51444,1.51487,1.00,1.00
2016.11.21 10:12:39.283,1.51442,1.51486,1.50,1.00
2016.11.21 10:12:39.455,1.51444,1.51486,1.00,1.00
2016.11.21 10:12:39.757,1.51442,1.51484,1.00,1.35
2016.11.21 10:12:40.059,1.51433,1.51475,1.00,2.25
2016.11.21 10:12:40.362,1.51434,1.51476,1.00,1.75
2016.11.21 10:12:40.462,1.51428,1.51473,1.00,1.20
2016.11.21 10:12:40.559,1.51424,1.51466,1.87,1.00
2016.11.21 10:12:40.661,1.51424,1.51472,1.87,1.20
2016.11.21 10:12:40.712,1.51424,1.51471,1.87,1.20
2016.11.21 10:12:41.069,1.51421,1.51467,1.75,1.00
2016.11.21 10:12:41.170,1.5142,1.51456,1.75,1.00
2016.11.21 10:12:41.271,1.51419,1.51466,2.25,1.00
2016.11.21 10:12:41.870,1.51423,1.51456,1.00,1.00
2016.11.21 10:12:41.971,1.51417,1.51465,1.00,1.20
2016.11.21 10:12:42.185,1.51417,1.51456,1.00,1.00
2016.11.21 10:12:42.487,1.51424,1.51466,1.00,1.75
2016.11.21 10:12:42.588,1.51424,1.51466,1.00,1.75
2016.11.21 10:12:42.689,1.51417,1.51465,1.12,1.50
2016.11.21 10:12:42.790,1.51417,1.51456,1.12,1.00
2016.11.21 10:12:43.160,1.51417,1.51467,1.87,2.25
2016.11.21 10:12:43.272,1.51417,1.51456,1.87,1.00
2016.11.21 10:12:43.791,1.51423,1.51464,1.00,1.70
2016.11.21 10:12:43.841,1.51423,1.51464,1.00,1.10
2016.11.21 10:12:43.892,1.51419,1.51456,1.00,1.00
2016.11.21 10:12:43.942,1.51417,1.51456,1.12,1.00
2016.11.21 10:12:43.993,1.51424,1.51464,1.00,1.20
2016.11.21 10:12:45.269,1.51423,1.51464,1.00,1.20
2016.11.21 10:12:46.707,1.51424,1.51465,1.00,1.20
2016.11.21 10:12:47.014,1.51424,1.51456,1.00,1.00
2016.11.21 10:12:47.494,1.51424,1.51464,1.00,1.20
2016.11.21 10:12:48.050,1.51423,1.51465,1.00,1.20
2016.11.21 10:12:49.280,1.51423,1.51464,1.00,1.00
2016.11.21 10:12:50.500,1.51423,1.51465,1.00,1.12
2016.11.21 10:12:51.030,1.51424,1.51466,1.00,1.37
2016.11.21 10:12:51.181,1.51434,1.51466,1.00,1.00
2016.11.21 10:12:51.573,1.51425,1.51467,1.00,1.00
2016.11.21 10:12:52.748,1.51427,1.51467,1.00,1.00
2016.11.21 10:12:54.504,1.51433,1.51472,1.00,1.35
2016.11.21 10:12:55.033,1.51434,1.51476,1.00,1.87
2016.11.21 10:12:55.084,1.51433,1.51477,1.00,1.00
2016.11.21 10:12:55.317,1.51443,1.51477,1.00,1.00
2016.11.21 10:12:55.604,1.51437,1.51477,1.00,1.00
2016.11.21 10:12:56.163,1.51436,1.51476,1.37,1.00
2016.11.21 10:12:56.415,1.51435,1.51477,1.00,1.00
2016.11.21 10:12:56.963,1.51436,1.51476,1.00,1.00
2016.11.21 10:12:57.478,1.51444,1.51476,1.00,1.00
2016.11.21 10:12:58.226,1.51438,1.51476,1.12,1.00
2016.11.21 10:12:58.378,1.5144,1.51476,1.00,1.00
2016.11.21 10:12:59.856,1.51439,1.51476,1.00,1.00
2016.11.21 10:13:00.457,1.51441,1.51476,1.00,1.00
2016.11.21 10:13:00.977,1.51442,1.51476,1.00,1.00
2016.11.21 10:13:01.102,1.5144,1.51476,1.00,1.00
2016.11.21 10:13:01.604,1.5144,1.51477,1.00,1.00
2016.11.21 10:13:02.379,1.51439,1.51477,1.00,1.00
2016.11.21 10:13:03.168,1.51439,1.51476,1.00,1.00
2016.11.21 10:13:03.691,1.51443,1.51486,1.00,1.67
2016.11.21 10:13:03.892,1.51443,1.51483,1.00,1.00
2016.11.21 10:13:04.212,1.51443,1.51477,1.00,1.00
2016.11.21 10:13:04.990,1.51437,1.51476,2.25,1.00
2016.11.21 10:13:08.914,1.51443,1.51486,1.00,1.67
2016.11.21 10:13:09.129,1.51438,1.51477,1.12,1.00
2016.11.21 10:13:09.435,1.51443,1.51486,1.00,3.00
2016.11.21 10:13:09.635,1.51442,1.51487,1.87,1.00
2016.11.21 10:13:09.883,1.51445,1.51487,1.00,1.00
2016.11.21 10:13:10.185,1.51448,1.51486,1.00,1.00
2016.11.21 10:13:10.697,1.51448,1.51487,1.00,1.00
2016.11.21 10:13:10.798,1.51446,1.51487,1.00,1.00
2016.11.21 10:13:11.038,1.51448,1.51486,1.00,1.00
2016.11.21 10:13:11.341,1.51446,1.51486,1.00,1.00
2016.11.21 10:13:11.642,1.51444,1.51486,1.50,1.00
2016.11.21 10:13:14.720,1.51443,1.51487,1.12,1.00
2016.11.21 10:13:16.418,1.51446,1.51487,1.00,1.00
2016.11.21 10:13:16.923,1.51453,1.51493,1.00,1.67
2016.11.21 10:13:17.225,1.51454,1.51496,1.00,1.00
2016.11.21 10:13:17.860,1.51452,1.51496,1.12,1.00
2016.11.21 10:13:18.160,1.51454,1.515,1.00,1.50
2016.11.21 10:13:18.329,1.5145,1.515,1.75,1.50
2016.11.21 10:13:18.625,1.51454,1.51496,1.00,1.00
2016.11.21 10:13:20.653,1.51444,1.51487,2.25,1.00
2016.11.21 10:13:20.754,1.51442,1.51486,1.95,1.00
2016.11.21 10:13:21.142,1.51454,1.51495,1.00,2.10
2016.11.21 10:13:21.242,1.51445,1.51486,1.12,1.00
2016.11.21 10:13:21.787,1.51444,1.51486,1.00,1.00
2016.11.21 10:13:22.243,1.51437,1.51476,1.50,1.00
2016.11.21 10:13:22.344,1.51435,1.51486,1.75,4.12
2016.11.21 10:13:22.395,1.51435,1.51486,1.75,4.12
2016.11.21 10:13:22.740,1.51431,1.51466,1.50,1.00
2016.11.21 10:13:22.841,1.51429,1.51479,1.75,1.00
2016.11.21 10:13:23.162,1.5143,1.51477,1.75,1.00
2016.11.21 10:13:23.499,1.51428,1.51466,2.25,1.00
2016.11.21 10:13:23.851,1.51427,1.51476,1.75,1.00
2016.11.21 10:13:23.902,1.51427,1.5148,1.75,2.10
2016.11.21 10:13:23.952,1.51432,1.51477,1.12,1.00
2016.11.21 10:13:24.292,1.51435,1.51476,1.00,1.00
2016.11.21 10:13:24.457,1.51435,1.51482,1.00,1.20
2016.11.21 10:13:24.853,1.51433,1.51477,1.00,1.00
2016.11.21 10:13:25.435,1.51434,1.51476,1.00,1.00
2016.11.21 10:13:26.108,1.51428,1.51466,1.50,1.00
2016.11.21 10:13:26.209,1.51426,1.51466,1.00,1.00
2016.11.21 10:13:26.260,1.51426,1.51472,1.00,1.10
2016.11.21 10:13:26.361,1.51424,1.51468,1.50,1.30
2016.11.21 10:13:26.662,1.51424,1.51466,1.50,1.00
2016.11.21 10:13:27.014,1.51426,1.51466,1.00,1.00
2016.11.21 10:13:27.065,1.51426,1.51473,1.00,1.80
2016.11.21 10:13:27.116,1.51424,1.51473,1.50,1.80
2016.11.21 10:13:27.216,1.51424,1.51473,1.12,2.12
2016.11.21 10:13:27.719,1.51424,1.51466,1.00,1.00
2016.11.21 10:13:28.219,1.51423,1.51467,1.00,1.50
2016.11.21 10:13:28.795,1.51422,1.51466,1.00,1.00
2016.11.21 10:13:29.170,1.51424,1.51466,1.00,1.00
2016.11.21 10:13:29.722,1.51425,1.51466,1.00,1.00
2016.11.21 10:13:30.152,1.51423,1.51467,1.00,1.00
2016.11.21 10:13:30.447,1.51425,1.51466,1.00,1.00
2016.11.21 10:13:30.790,1.51428,1.51466,1.00,1.00
2016.11.21 10:13:30.841,1.51426,1.51466,1.50,1.00
2016.11.21 10:13:31.493,1.51426,1.51467,1.00,1.00
2016.11.21 10:13:31.594,1.51434,1.51475,1.00,1.60
2016.11.21 10:13:32.655,1.51427,1.51467,1.00,1.00
2016.11.21 10:13:33.157,1.51424,1.51474,1.00,1.95
2016.11.21 10:13:33.258,1.51424,1.51467,1.00,1.00
2016.11.21 10:13:33.780,1.51422,1.51467,2.62,1.00
2016.11.21 10:13:33.881,1.51433,1.51472,1.00,1.35
2016.11.21 10:13:34.358,1.51423,1.51467,1.00,1.00
2016.11.21 10:13:35.024,1.51425,1.51467,1.00,1.00
2016.11.21 10:13:35.175,1.51426,1.51474,1.00,1.95
2016.11.21 10:13:35.276,1.51426,1.51467,2.25,1.00
2016.11.21 10:13:35.853,1.51425,1.51466,2.25,1.00
2016.11.21 10:13:37.076,1.51423,1.51467,2.25,1.00
2016.11.21 10:13:37.177,1.51424,1.51466,1.50,1.00
2016.11.21 10:13:37.228,1.51427,1.51466,1.00,1.00
2016.11.21 10:13:37.757,1.51424,1.51466,2.25,1.00
2016.11.21 10:13:38.613,1.51424,1.51473,1.00,1.75
2016.11.21 10:13:38.867,1.51424,1.51466,1.00,1.00
2016.11.21 10:13:40.671,1.51423,1.51467,1.00,1.00
2016.11.21 10:13:41.330,1.51425,1.51467,1.37,1.00
2016.11.21 10:13:41.835,1.51424,1.51467,2.25,1.00
2016.11.21 10:13:42.992,1.51434,1.51475,1.00,1.12
2016.11.21 10:13:43.193,1.51423,1.51467,3.00,1.00
2016.11.21 10:13:43.739,1.51424,1.51466,2.25,1.00
2016.11.21 10:13:44.678,1.51424,1.51467,1.75,1.00
2016.11.21 10:13:47.493,1.51424,1.51466,2.25,1.00
2016.11.21 10:13:47.804,1.51432,1.51477,1.00,1.75
2016.11.21 10:13:47.854,1.51434,1.51477,1.00,1.75
2016.11.21 10:13:47.955,1.5143,1.51477,1.00,1.75
2016.11.21 10:13:48.005,1.51427,1.51467,1.12,1.00
2016.11.21 10:13:48.327,1.51423,1.51467,1.00,1.75
2016.11.21 10:13:48.794,1.51418,1.51456,1.00,1.00
2016.11.21 10:13:48.996,1.51418,1.51468,1.00,1.75
2016.11.21 10:13:49.147,1.51421,1.51466,1.00,1.50
2016.11.21 10:13:49.533,1.51425,1.5147,1.00,1.20
2016.11.21 10:13:49.637,1.51422,1.51471,1.50,1.20
2016.11.21 10:13:49.688,1.51424,1.51471,1.00,1.20
2016.11.21 10:13:50.247,1.51424,1.51466,1.12,1.00
2016.11.21 10:13:52.238,1.51423,1.51467,2.62,1.00
2016.11.21 10:13:53.248,1.51425,1.51467,1.00,1.00
2016.11.21 10:13:53.588,1.51427,1.51467,1.00,1.00
2016.11.21 10:13:53.838,1.51424,1.51466,2.62,1.00
2016.11.21 10:13:54.757,1.51426,1.51466,1.00,1.00
2016.11.21 10:13:55.537,1.51424,1.51466,1.87,1.00
2016.11.21 10:13:55.588,1.51426,1.51466,1.00,1.00
2016.11.21 10:13:56.124,1.51424,1.51466,1.87,1.00
2016.11.21 10:13:56.208,1.51426,1.51466,1.00,1.00
2016.11.21 10:13:56.518,1.51424,1.51466,2.62,1.00
2016.11.21 10:14:00.148,1.51426,1.51466,1.00,1.00
2016.11.21 10:14:00.433,1.51424,1.51466,1.87,1.00
2016.11.21 10:14:00.484,1.51427,1.51466,1.50,1.00
2016.11.21 10:14:00.793,1.51434,1.51476,1.00,2.25
2016.11.21 10:14:00.945,1.51424,1.51466,1.57,1.00
2016.11.21 10:14:01.921,1.51418,1.51466,1.87,1.12
2016.11.21 10:14:02.349,1.51414,1.51457,2.25,1.00
2016.11.21 10:14:05.816,1.51416,1.51456,1.75,1.00
2016.11.21 10:14:06.834,1.51416,1.51466,1.75,2.25
2016.11.21 10:14:07.018,1.51424,1.51466,1.00,1.87
2016.11.21 10:14:09.321,1.51418,1.51457,1.12,1.00
2016.11.21 10:14:10.223,1.51423,1.51466,1.00,1.12
2016.11.21 10:14:11.124,1.51416,1.51457,1.75,1.00
2016.11.21 10:14:12.448,1.51416,1.51456,2.25,1.00
2016.11.21 10:14:13.142,1.51414,1.51466,1.75,1.87
2016.11.21 10:14:13.193,1.51414,1.51462,2.70,1.00
2016.11.21 10:14:13.597,1.51414,1.51456,1.75,1.00
2016.11.21 10:14:14.243,1.51414,1.51466,2.25,1.87
2016.11.21 10:14:14.429,1.51414,1.51456,2.25,1.00
2016.11.21 10:14:18.308,1.51414,1.51456,1.00,1.00
2016.11.21 10:14:18.848,1.51413,1.51457,1.00,1.00
2016.11.21 10:14:20.538,1.51414,1.51456,1.00,1.00
2016.11.21 10:14:21.335,1.51415,1.51456,1.00,1.00
2016.11.21 10:14:21.481,1.51415,1.51456,1.37,1.00
2016.11.21 10:14:21.740,1.51424,1.51466,1.00,1.00
2016.11.21 10:14:21.941,1.51414,1.51456,3.00,1.00
2016.11.21 10:14:22.093,1.51414,1.51457,1.00,1.00
2016.11.21 10:14:22.847,1.51413,1.51457,2.25,1.00
2016.11.21 10:14:23.185,1.51423,1.51461,1.00,1.00
2016.11.21 10:14:23.286,1.51415,1.51461,1.00,1.00
2016.11.21 10:14:23.594,1.51415,1.51456,1.00,1.00
2016.11.21 10:14:24.052,1.51423,1.51461,1.00,1.00
2016.11.21 10:14:24.344,1.51414,1.51456,1.00,1.00
2016.11.21 10:14:24.545,1.51424,1.51461,1.00,1.00
2016.11.21 10:14:24.696,1.51424,1.51464,1.00,1.00
2016.11.21 10:14:24.797,1.51424,1.51462,1.00,1.00
2016.11.21 10:14:24.847,1.51415,1.51457,1.75,1.00
2016.11.21 10:14:24.948,1.51424,1.51466,1.00,2.25
2016.11.21 10:14:25.149,1.51415,1.51457,1.75,1.00
2016.11.21 10:14:25.255,1.51423,1.51466,1.00,1.00
2016.11.21 10:14:25.305,1.51423,1.51463,1.00,1.00
2016.11.21 10:14:25.581,1.51424,1.51465,1.00,1.00
2016.11.21 10:14:26.101,1.51424,1.51466,1.00,1.00
2016.11.21 10:14:26.478,1.51418,1.51466,1.12,1.00
2016.11.21 10:14:26.781,1.51424,1.51466,1.00,1.20
2016.11.21 10:14:29.603,1.51422,1.51467,1.00,1.12
2016.11.21 10:14:30.089,1.51424,1.51466,1.00,1.00
2016.11.21 10:14:30.411,1.51422,1.51466,2.25,1.00
2016.11.21 10:14:30.761,1.51424,1.51474,1.75,1.72
2016.11.21 10:14:30.812,1.51423,1.51474,3.00,1.12
2016.11.21 10:14:30.862,1.51423,1.51467,2.25,1.00
2016.11.21 10:14:31.016,1.51423,1.51467,1.00,1.00
2016.11.21 10:14:31.483,1.51419,1.51456,2.25,1.00
2016.11.21 10:14:31.698,1.51424,1.51466,1.00,1.00
2016.11.21 10:14:32.597,1.51423,1.51467,1.00,1.00
2016.11.21 10:14:33.493,1.51423,1.51466,1.00,1.00
2016.11.21 10:14:33.695,1.51421,1.51466,1.12,1.00
2016.11.21 10:14:33.795,1.51424,1.51467,1.00,1.00
2016.11.21 10:14:33.947,1.51424,1.51475,2.25,1.95
2016.11.21 10:14:33.997,1.51424,1.51466,2.25,1.00
2016.11.21 10:14:34.495,1.51424,1.51471,1.50,1.35
2016.11.21 10:14:34.595,1.51424,1.51466,1.50,1.00
2016.11.21 10:14:34.951,1.51424,1.51466,1.00,1.00
2016.11.21 10:14:36.764,1.51424,1.51466,1.50,1.00
2016.11.21 10:14:36.814,1.51434,1.51473,1.00,1.72
2016.11.21 10:14:39.775,1.51424,1.51467,2.25,1.00
2016.11.21 10:14:40.014,1.51433,1.51473,1.00,1.30
2016.11.21 10:14:42.318,1.51424,1.51467,2.25,1.00
2016.11.21 10:14:42.528,1.51434,1.51473,1.00,1.30
2016.11.21 10:14:42.819,1.51425,1.51467,1.12,1.00
2016.11.21 10:14:43.064,1.51433,1.51474,1.00,1.47
2016.11.21 10:14:43.595,1.51434,1.51476,1.00,1.75
2016.11.21 10:14:43.645,1.51434,1.51476,1.00,1.00
2016.11.21 10:14:44.169,1.51434,1.51475,1.00,1.00
2016.11.21 10:14:45.236,1.51425,1.51466,2.25,1.00
2016.11.21 10:14:45.337,1.51429,1.51473,1.00,1.00
2016.11.21 10:14:45.565,1.51433,1.51478,1.00,1.00
2016.11.21 10:14:45.824,1.51433,1.51476,1.00,1.00
2016.11.21 10:14:46.375,1.51434,1.51476,1.00,1.00
2016.11.21 10:14:46.526,1.51435,1.51478,1.00,3.00
2016.11.21 10:14:46.677,1.51437,1.51478,1.00,3.00
2016.11.21 10:14:46.727,1.51437,1.51481,1.00,1.35
2016.11.21 10:14:46.828,1.51437,1.51476,1.00,1.00
2016.11.21 10:14:46.878,1.51426,1.51476,1.95,1.00
2016.11.21 10:14:46.929,1.51426,1.51473,1.95,1.00
2016.11.21 10:14:47.244,1.51426,1.51466,1.75,1.00
2016.11.21 10:14:48.058,1.51424,1.51466,1.50,1.00
2016.11.21 10:14:48.177,1.51434,1.51475,1.00,3.00
2016.11.21 10:14:48.464,1.51423,1.51467,1.95,1.00
2016.11.21 10:14:49.551,1.51433,1.51472,1.00,1.50
2016.11.21 10:14:50.100,1.51434,1.51474,1.00,1.37
2016.11.21 10:14:50.832,1.51433,1.51477,1.00,1.94
2016.11.21 10:14:54.545,1.51434,1.51476,1.00,2.25
2016.11.21 10:14:56.016,1.51422,1.51473,1.75,2.32
2016.11.21 10:14:56.288,1.51423,1.5147,1.75,1.00
2016.11.21 10:14:56.627,1.51424,1.51466,1.50,1.00
2016.11.21 10:14:56.778,1.51424,1.51466,1.00,1.00
2016.11.21 10:14:57.242,1.51424,1.51466,1.00,1.37
2016.11.21 10:14:57.293,1.51424,1.51466,1.00,1.00
2016.11.21 10:14:57.520,1.51434,1.51473,1.00,2.32
2016.11.21 10:14:57.621,1.51423,1.5147,1.00,1.12
2016.11.21 10:14:57.772,1.51423,1.51463,1.00,1.12
2016.11.21 10:14:57.822,1.51414,1.51463,1.50,1.50
2016.11.21 10:14:57.926,1.51424,1.51463,1.00,1.50
2016.11.21 10:14:58.487,1.51424,1.51461,1.00,1.00
2016.11.21 10:14:58.537,1.51414,1.51456,1.50,1.00
2016.11.21 10:15:05.805,1.51414,1.51456,1.50,1.80
2016.11.21 10:15:05.856,1.51414,1.51454,1.50,1.70
2016.11.21 10:15:06.099,1.51404,1.51446,1.00,1.00
2016.11.21 10:15:06.353,1.51413,1.51447,1.00,1.00
2016.11.21 10:15:07.722,1.51404,1.51436,1.00,1.00
2016.11.21 10:15:08.323,1.51414,1.51446,1.00,1.50
2016.11.21 10:15:09.024,1.51413,1.51446,1.00,1.00
2016.11.21 10:15:09.242,1.51408,1.51456,1.00,1.75
2016.11.21 10:15:09.393,1.51408,1.51457,1.37,1.87
2016.11.21 10:15:09.526,1.51414,1.51456,1.00,1.12
2016.11.21 10:15:10.066,1.51414,1.51455,1.00,1.00
2016.11.21 10:15:10.770,1.51413,1.51457,1.00,1.87
2016.11.21 10:15:11.808,1.51413,1.51456,1.00,1.95
2016.11.21 10:15:13.534,1.51414,1.51453,1.00,1.50
2016.11.21 10:15:13.735,1.51406,1.51456,1.50,1.75
2016.11.21 10:15:13.785,1.51408,1.51456,1.00,1.75
2016.11.21 10:15:13.836,1.51406,1.51456,1.20,1.00
2016.11.21 10:15:14.051,1.51414,1.51456,1.00,1.00
2016.11.21 10:15:14.425,1.51414,1.51454,1.00,1.12
2016.11.21 10:15:14.656,1.51405,1.51447,1.37,1.00
2016.11.21 10:15:15.009,1.51413,1.51453,1.00,1.00
2016.11.21 10:15:15.135,1.51403,1.51447,3.00,1.00
2016.11.21 10:15:15.784,1.51414,1.51452,1.00,1.00
2016.11.21 10:15:16.499,1.51414,1.51452,1.00,1.37
2016.11.21 10:15:16.549,1.51404,1.51446,1.00,1.00
2016.11.21 10:15:17.082,1.51403,1.51449,1.50,1.50
2016.11.21 10:15:17.213,1.51399,1.51446,1.75,1.00
2016.11.21 10:15:17.515,1.51404,1.51446,1.00,1.75
2016.11.21 10:15:18.884,1.51403,1.51447,1.00,1.75
2016.11.21 10:15:19.720,1.51398,1.51446,1.35,1.75
2016.11.21 10:15:20.020,1.51404,1.51446,1.00,2.25
2016.11.21 10:15:20.326,1.51396,1.51445,1.00,1.50
2016.11.21 10:15:20.627,1.51396,1.51437,1.00,1.00
2016.11.21 10:15:21.177,1.51396,1.51436,1.00,1.00
2016.11.21 10:15:21.748,1.51404,1.51446,1.00,1.75
2016.11.21 10:15:22.154,1.51396,1.51447,1.50,2.70
2016.11.21 10:15:22.455,1.51403,1.51445,1.00,1.50
2016.11.21 10:15:23.050,1.51396,1.51437,1.00,1.00
2016.11.21 10:15:23.150,1.51393,1.51437,1.00,1.12
2016.11.21 10:15:23.251,1.51404,1.5144,1.00,1.95
2016.11.21 10:15:23.352,1.51393,1.51437,1.00,1.12
2016.11.21 10:15:23.453,1.51404,1.51444,1.00,1.75
2016.11.21 10:15:24.310,1.51404,1.51444,1.00,2.25
2016.11.21 10:15:24.361,1.51404,1.51444,1.00,1.87
2016.11.21 10:15:26.131,1.51394,1.51436,1.75,1.00
2016.11.21 10:15:26.283,1.51394,1.51434,1.00,1.00
2016.11.21 10:15:26.413,1.51403,1.51438,1.00,1.35
2016.11.21 10:15:26.464,1.51393,1.51437,1.35,1.37
2016.11.21 10:15:26.982,1.51394,1.51436,1.00,1.12
2016.11.21 10:15:30.127,1.51403,1.51437,1.00,1.37
2016.11.21 10:15:30.428,1.51395,1.51441,1.00,1.20
2016.11.21 10:15:30.530,1.51393,1.51437,2.25,1.37
2016.11.21 10:15:31.660,1.51394,1.51436,1.00,1.12
2016.11.21 10:15:32.170,1.51394,1.51437,1.50,1.00
2016.11.21 10:15:32.270,1.51404,1.51442,1.00,1.00
2016.11.21 10:15:32.326,1.51394,1.51436,1.00,1.00
2016.11.21 10:15:33.429,1.51393,1.51437,1.50,1.00
2016.11.21 10:15:33.937,1.51394,1.51436,1.00,1.00
2016.11.21 10:15:34.345,1.51397,1.51436,1.00,1.00
2016.11.21 10:15:35.011,1.51396,1.51436,1.00,1.00
2016.11.21 10:15:35.532,1.51404,1.51442,1.00,1.00
2016.11.21 10:15:35.975,1.51395,1.51437,1.50,1.00
2016.11.21 10:15:36.133,1.51403,1.51442,1.00,1.00
2016.11.21 10:15:36.471,1.51394,1.51435,1.00,1.10
2016.11.21 10:15:36.572,1.51388,1.51427,1.50,1.00
2016.11.21 10:15:36.979,1.51383,1.51427,1.00,1.00
2016.11.21 10:15:37.435,1.51381,1.5143,1.00,1.50
2016.11.21 10:15:40.063,1.51386,1.51426,1.12,1.00
2016.11.21 10:15:40.164,1.51387,1.51435,1.00,1.10
2016.11.21 10:15:40.265,1.51387,1.51426,1.00,1.00
2016.11.21 10:15:40.892,1.51386,1.51426,1.57,1.00
2016.11.21 10:15:41.194,1.51389,1.51426,1.20,1.00
2016.11.21 10:15:41.758,1.51393,1.51437,1.12,1.00
2016.11.21 10:15:46.160,1.51394,1.51436,1.00,1.00
2016.11.21 10:15:46.736,1.51393,1.51437,1.12,1.00
2016.11.21 10:15:48.764,1.51394,1.51436,1.00,1.00
2016.11.21 10:15:51.206,1.51394,1.51436,1.00,1.50
2016.11.21 10:15:52.927,1.51393,1.51437,1.00,1.75
2016.11.21 10:15:54.913,1.51393,1.51437,1.00,1.00
2016.11.21 10:15:55.980,1.51394,1.51436,1.00,1.00
2016.11.21 10:15:56.332,1.51388,1.51428,1.37,1.00
2016.11.21 10:15:56.382,1.51381,1.51427,1.80,1.50
2016.11.21 10:15:56.433,1.5138,1.51427,1.60,2.25
2016.11.21 10:15:56.584,1.51384,1.51426,1.00,1.50
2016.11.21 10:15:57.122,1.51383,1.51427,1.00,1.75
2016.11.21 10:15:59.025,1.51383,1.51426,1.00,1.35
2016.11.21 10:15:59.627,1.51384,1.51426,1.00,1.50
2016.11.21 10:15:59.841,1.51387,1.51433,1.00,1.50
2016.11.21 10:15:59.942,1.51386,1.51426,1.00,1.00
2016.11.21 10:16:00.244,1.51393,1.51436,1.00,1.80
2016.11.21 10:16:01.009,1.51393,1.51437,1.00,1.50
2016.11.21 10:16:01.234,1.51393,1.51437,1.00,1.12
2016.11.21 10:16:01.654,1.51403,1.51442,1.00,1.00
2016.11.21 10:16:02.297,1.51403,1.51443,1.00,1.12
2016.11.21 10:16:02.720,1.51395,1.51437,1.37,1.00
2016.11.21 10:16:03.019,1.51404,1.51443,1.00,1.12
2016.11.21 10:16:04.647,1.51403,1.51443,1.00,1.12
2016.11.21 10:16:05.189,1.51404,1.51445,1.00,1.47
2016.11.21 10:16:07.164,1.51394,1.51442,1.95,1.00
2016.11.21 10:16:07.215,1.51394,1.51439,2.70,1.00
2016.11.21 10:16:07.366,1.51391,1.51436,2.10,1.00
2016.11.21 10:16:07.467,1.51394,1.51436,1.00,1.00
2016.11.21 10:16:07.978,1.51394,1.51436,1.37,1.00
2016.11.21 10:16:08.288,1.51404,1.51443,1.00,1.57
2016.11.21 10:16:11.064,1.51394,1.51436,1.37,1.00
2016.11.21 10:16:11.425,1.51404,1.51442,1.00,1.12
2016.11.21 10:16:11.626,1.51395,1.51445,1.12,1.75
2016.11.21 10:16:11.957,1.51403,1.51443,1.00,1.37
2016.11.21 10:16:12.260,1.51403,1.51439,1.00,1.00
2016.11.21 10:16:12.801,1.51403,1.51438,1.00,1.00
2016.11.21 10:16:12.891,1.51392,1.51439,1.37,1.37
2016.11.21 10:16:13.322,1.51395,1.51436,1.50,1.00
2016.11.21 10:16:13.624,1.51398,1.51436,1.00,1.00
2016.11.21 10:16:14.204,1.51397,1.51436,1.00,1.00
2016.11.21 10:16:14.255,1.51403,1.51444,1.00,1.00
2016.11.21 10:16:14.760,1.51404,1.51444,1.00,1.00
2016.11.21 10:16:16.832,1.51398,1.51444,1.00,1.00
2016.11.21 10:16:16.933,1.51401,1.51444,1.00,1.00
2016.11.21 10:16:17.084,1.51403,1.51447,1.12,1.00
2016.11.21 10:16:17.426,1.51404,1.5145,1.00,1.10
2016.11.21 10:16:17.628,1.51404,1.51446,1.00,1.00
2016.11.21 10:16:17.728,1.51401,1.51446,1.00,1.50
2016.11.21 10:16:17.930,1.51404,1.51446,1.00,1.50
2016.11.21 10:16:18.082,1.51404,1.51451,1.00,1.57
2016.11.21 10:16:18.164,1.51404,1.51444,1.00,1.00
2016.11.21 10:16:18.465,1.51404,1.51446,1.00,1.00
2016.11.21 10:16:18.634,1.51398,1.51447,1.75,1.00
2016.11.21 10:16:19.630,1.51399,1.5145,1.75,1.00
2016.11.21 10:16:20.032,1.51404,1.51446,1.00,1.00
2016.11.21 10:16:20.655,1.51403,1.51447,1.00,1.00
2016.11.21 10:16:21.069,1.51404,1.51444,1.00,1.37
2016.11.21 10:16:21.119,1.51398,1.51437,1.50,1.00
2016.11.21 10:16:21.346,1.51398,1.51443,1.00,1.50
2016.11.21 10:16:21.548,1.51404,1.51444,1.00,1.75
2016.11.21 10:16:21.925,1.51398,1.51446,1.00,1.20
2016.11.21 10:16:22.026,1.51404,1.51445,1.00,1.75
2016.11.21 10:16:22.228,1.51404,1.51446,1.00,1.00
2016.11.21 10:16:24.729,1.51398,1.51447,1.75,1.00
2016.11.21 10:16:25.028,1.51404,1.51446,1.00,1.00
2016.11.21 10:16:25.402,1.51404,1.51443,1.00,1.00
2016.11.21 10:16:25.730,1.51403,1.51447,1.50,1.00
2016.11.21 10:16:26.453,1.51404,1.5145,1.12,1.00
2016.11.21 10:16:26.755,1.51403,1.51447,1.50,1.00
2016.11.21 10:16:27.422,1.51404,1.51446,1.12,1.00
2016.11.21 10:16:27.948,1.51404,1.51445,1.00,1.10
2016.11.21 10:16:28.200,1.51393,1.51437,1.50,1.00
2016.11.21 10:16:28.351,1.51403,1.51444,1.00,1.37
2016.11.21 10:16:28.401,1.51403,1.51444,1.00,1.00
2016.11.21 10:16:28.744,1.51395,1.51436,1.00,1.00
2016.11.21 10:16:29.578,1.51403,1.51445,1.00,1.00
2016.11.21 10:16:29.738,1.51401,1.51436,1.00,1.00
2016.11.21 10:16:29.982,1.51397,1.51437,1.00,1.00
2016.11.21 10:16:30.202,1.51395,1.51437,1.50,1.00
2016.11.21 10:16:30.901,1.51395,1.51436,1.00,1.00
2016.11.21 10:16:31.052,1.51403,1.51439,1.00,1.75
2016.11.21 10:16:31.153,1.51403,1.51446,1.00,1.75
2016.11.21 10:16:31.577,1.51399,1.51437,1.00,1.00
2016.11.21 10:16:31.678,1.51397,1.51436,1.00,1.00
2016.11.21 10:16:31.779,1.51394,1.51445,2.25,1.50
2016.11.21 10:16:32.079,1.51394,1.51436,1.50,1.00
2016.11.21 10:16:32.583,1.51393,1.51437,2.10,1.00
2016.11.21 10:16:32.837,1.51393,1.51437,1.35,1.12
2016.11.21 10:16:33.376,1.51394,1.51436,1.00,1.00
2016.11.21 10:16:34.566,1.51394,1.51435,1.00,1.00
2016.11.21 10:16:34.675,1.51394,1.51435,1.00,1.37
2016.11.21 10:16:34.927,1.51394,1.51435,1.00,1.12
2016.11.21 10:16:36.285,1.51393,1.51436,1.00,1.47
2016.11.21 10:16:36.786,1.51394,1.51435,1.00,1.10
2016.11.21 10:16:38.109,1.51389,1.51436,1.20,1.50
2016.11.21 10:16:38.161,1.51394,1.51436,1.00,1.00
2016.11.21 10:16:38.262,1.51393,1.51439,1.50,1.00
2016.11.21 10:16:38.362,1.51393,1.51437,1.50,1.00
2016.11.21 10:16:38.669,1.51404,1.51442,1.00,1.00
2016.11.21 10:16:38.979,1.51394,1.51442,1.00,1.00
2016.11.21 10:16:39.029,1.51394,1.51442,1.45,1.00
2016.11.21 10:16:39.426,1.51404,1.51446,1.00,1.00
2016.11.21 10:16:39.578,1.51401,1.51446,1.00,1.00
2016.11.21 10:16:39.679,1.51403,1.51447,1.00,1.00
2016.11.21 10:16:39.981,1.51394,1.51436,1.75,1.00
2016.11.21 10:16:40.132,1.51393,1.51437,1.00,1.00
2016.11.21 10:16:40.676,1.51394,1.51436,1.00,1.00
2016.11.21 10:16:40.778,1.51394,1.5144,1.00,1.50
2016.11.21 10:16:40.879,1.51393,1.51437,1.00,1.50
2016.11.21 10:16:41.230,1.51393,1.51437,1.00,2.25
2016.11.21 10:16:42.524,1.51386,1.51426,1.12,1.00
2016.11.21 10:16:42.835,1.51393,1.51435,1.00,1.75
2016.11.21 10:16:43.203,1.51384,1.51426,1.75,1.00
2016.11.21 10:16:43.504,1.51393,1.51435,1.00,1.75
2016.11.21 10:16:44.209,1.51384,1.51426,1.75,1.00
2016.11.21 10:16:44.738,1.51384,1.51427,1.75,1.00
2016.11.21 10:16:45.062,1.51384,1.51426,1.00,1.50
2016.11.21 10:16:46.683,1.51384,1.51423,1.00,1.00
2016.11.21 10:16:47.049,1.51384,1.51426,1.00,2.25
2016.11.21 10:16:50.410,1.51383,1.51427,1.00,1.75
2016.11.21 10:16:50.928,1.51384,1.51425,1.00,1.10
2016.11.21 10:16:51.130,1.51381,1.51426,1.00,1.50
2016.11.21 10:16:51.230,1.51378,1.51426,1.57,1.50
2016.11.21 10:16:51.313,1.51383,1.51427,1.00,1.75
2016.11.21 10:16:51.843,1.51384,1.51426,1.00,1.50
2016.11.21 10:16:56.589,1.51384,1.51425,1.00,1.50
2016.11.21 10:16:57.102,1.51384,1.51422,1.00,1.50
2016.11.21 10:16:58.117,1.51377,1.51416,1.00,1.00
2016.11.21 10:16:58.236,1.51374,1.51416,1.35,1.00
2016.11.21 10:16:58.654,1.5138,1.51416,1.00,1.00
2016.11.21 10:16:58.856,1.51384,1.51426,2.62,1.00
2016.11.21 10:16:59.059,1.51384,1.51426,2.25,1.00
2016.11.21 10:16:59.311,1.51394,1.51435,1.00,1.35
2016.11.21 10:16:59.571,1.51394,1.51436,1.00,1.60
2016.11.21 10:17:00.439,1.51394,1.51436,1.00,1.00
2016.11.21 10:17:01.492,1.51394,1.51436,2.10,1.00
2016.11.21 10:17:03.117,1.51394,1.51437,1.35,1.00
2016.11.21 10:17:03.419,1.5139,1.51426,1.00,1.00
2016.11.21 10:17:03.510,1.51394,1.51436,1.00,1.00
2016.11.21 10:17:07.934,1.51395,1.51436,1.75,1.00
2016.11.21 10:17:08.259,1.51404,1.51443,1.00,1.00
2016.11.21 10:17:08.309,1.51404,1.51443,1.00,1.95
2016.11.21 10:17:08.410,1.51404,1.51441,1.00,1.00
2016.11.21 10:17:08.510,1.51404,1.51442,1.00,1.75
2016.11.21 10:17:08.561,1.51393,1.51437,1.00,1.00
2016.11.21 10:17:09.281,1.51393,1.51437,1.45,1.00
2016.11.21 10:17:09.471,1.51399,1.51446,1.00,1.00
2016.11.21 10:17:09.521,1.51404,1.51449,1.00,1.50
2016.11.21 10:17:09.827,1.51404,1.51446,1.00,1.00
2016.11.21 10:17:10.773,1.51403,1.51447,1.00,1.00
2016.11.21 10:17:14.641,1.51403,1.51447,1.75,1.00
2016.11.21 10:17:17.433,1.51404,1.51446,1.75,1.00
2016.11.21 10:17:17.853,1.51404,1.51446,1.00,1.12
2016.11.21 10:17:17.954,1.51394,1.51445,1.35,1.00
2016.11.21 10:17:18.266,1.51403,1.51445,1.00,1.00
2016.11.21 10:17:18.367,1.51397,1.51445,1.75,1.00
2016.11.21 10:17:18.423,1.51397,1.51437,1.75,1.00
2016.11.21 10:17:18.724,1.51403,1.51447,1.00,2.25
2016.11.21 10:17:19.255,1.51395,1.51446,1.75,1.12
2016.11.21 10:17:19.566,1.51404,1.51447,1.00,1.50
2016.11.21 10:17:20.851,1.51403,1.51446,1.00,1.12
2016.11.21 10:17:21.448,1.51404,1.51446,1.00,1.12
2016.11.21 10:17:23.272,1.51403,1.51451,1.00,1.95
2016.11.21 10:17:23.789,1.51403,1.51447,1.50,1.00
2016.11.21 10:17:24.315,1.51405,1.51447,1.20,1.00
2016.11.21 10:17:24.851,1.51404,1.51446,1.75,1.00
2016.11.21 10:17:27.739,1.51403,1.51453,2.25,1.00
2016.11.21 10:17:27.955,1.51404,1.51446,1.75,1.00
2016.11.21 10:17:30.048,1.51404,1.51446,1.87,1.00
2016.11.21 10:17:30.149,1.51401,1.51446,1.37,1.35
2016.11.21 10:17:30.284,1.51394,1.51442,1.82,1.37
2016.11.21 10:17:30.336,1.51394,1.51442,1.00,1.50
2016.11.21 10:17:30.387,1.51394,1.51436,1.00,1.00
2016.11.21 10:17:30.487,1.51394,1.5144,1.45,1.00
2016.11.21 10:17:30.588,1.51394,1.51446,2.32,1.87
2016.11.21 10:17:30.639,1.51396,1.51446,1.20,1.50
2016.11.21 10:17:30.689,1.51396,1.51437,1.20,1.00
2016.11.21 10:17:34.262,1.51393,1.51436,1.20,1.00
2016.11.21 10:17:35.755,1.51394,1.51436,1.37,1.00
2016.11.21 10:17:35.856,1.51394,1.51436,1.00,1.00
2016.11.21 10:17:36.748,1.51393,1.51437,1.00,1.00
2016.11.21 10:17:37.705,1.51392,1.51436,1.00,1.00
2016.11.21 10:17:37.907,1.51393,1.5144,1.00,1.00
2016.11.21 10:17:37.958,1.51403,1.5144,1.00,1.00
2016.11.21 10:17:38.463,1.51393,1.51437,1.00,1.00
2016.11.21 10:17:38.680,1.51404,1.5144,1.00,1.00
2016.11.21 10:17:39.378,1.51394,1.51437,1.50,1.00
2016.11.21 10:17:39.479,1.51394,1.5144,1.00,1.00
2016.11.21 10:17:39.529,1.51394,1.5144,1.00,1.60
2016.11.21 10:17:39.831,1.51403,1.51444,1.00,1.60
2016.11.21 10:17:40.083,1.51393,1.51437,1.75,1.00
2016.11.21 10:17:40.407,1.51394,1.51436,1.00,1.00
2016.11.21 10:17:40.603,1.51393,1.51434,1.00,1.00
2016.11.21 10:17:40.704,1.51387,1.51436,1.75,1.50
2016.11.21 10:17:40.804,1.51393,1.51436,1.00,1.00
2016.11.21 10:17:40.905,1.51389,1.51436,1.20,1.00
2016.11.21 10:17:41.013,1.51394,1.51436,1.00,1.00
2016.11.21 10:17:41.468,1.51389,1.51437,1.20,1.00
2016.11.21 10:17:41.568,1.51394,1.51436,1.00,1.00
2016.11.21 10:17:41.874,1.51404,1.51442,1.00,1.75
2016.11.21 10:17:41.975,1.51393,1.51437,1.00,1.00
2016.11.21 10:17:45.311,1.51391,1.51437,1.12,1.00
2016.11.21 10:17:45.412,1.51393,1.51437,1.00,1.00
2016.11.21 10:17:45.795,1.51393,1.51437,1.75,1.00
2016.11.21 10:17:48.904,1.51394,1.51436,1.00,1.00
2016.11.21 10:17:49.379,1.51393,1.51427,1.00,1.00
2016.11.21 10:17:49.530,1.5139,1.51436,1.30,1.00
2016.11.21 10:17:49.580,1.51393,1.51437,1.00,1.12
2016.11.21 10:17:51.501,1.51394,1.51439,1.00,1.50
2016.11.21 10:17:51.749,1.5139,1.51437,1.12,1.12
2016.11.21 10:17:51.799,1.51393,1.51437,1.00,1.12
2016.11.21 10:17:52.406,1.51394,1.51442,1.00,1.35
2016.11.21 10:17:52.708,1.51394,1.51441,1.20,1.00
2016.11.21 10:17:52.759,1.51394,1.51445,1.20,1.00
2016.11.21 10:17:52.809,1.51404,1.51445,1.00,1.00
2016.11.21 10:17:53.132,1.51394,1.51437,1.20,1.00
2016.11.21 10:17:53.236,1.51403,1.51443,1.00,1.00
2016.11.21 10:17:53.779,1.51403,1.51444,1.00,1.00
2016.11.21 10:17:55.422,1.51403,1.51445,1.00,1.00
2016.11.21 10:17:56.323,1.51403,1.51447,1.00,1.87
2016.11.21 10:17:56.861,1.51404,1.51446,1.00,1.00
2016.11.21 10:17:57.414,1.51403,1.51447,1.00,1.87
2016.11.21 10:17:57.934,1.51404,1.51446,1.00,1.00
2016.11.21 10:17:58.318,1.51396,1.51436,1.75,1.00
2016.11.21 10:17:58.504,1.51404,1.51444,1.00,1.00
2016.11.21 10:17:58.655,1.51404,1.51446,1.00,1.00
2016.11.21 10:17:58.806,1.51396,1.51436,1.75,1.00
2016.11.21 10:17:58.915,1.51404,1.51446,1.00,1.00
2016.11.21 10:17:59.448,1.51404,1.51444,1.00,1.00
2016.11.21 10:17:59.768,1.51393,1.51437,1.75,1.00
2016.11.21 10:18:00.201,1.51404,1.51442,1.00,1.00
2016.11.21 10:18:00.565,1.51404,1.51444,1.00,1.00
2016.11.21 10:18:00.831,1.51404,1.51441,1.00,1.00
2016.11.21 10:18:01.776,1.51393,1.51437,1.50,1.00
2016.11.21 10:18:01.876,1.51394,1.51435,1.12,1.00
2016.11.21 10:18:02.384,1.51394,1.51434,1.00,1.00
2016.11.21 10:18:02.862,1.51384,1.51426,2.10,1.00
2016.11.21 10:18:03.468,1.51384,1.51426,1.37,1.37
2016.11.21 10:18:03.569,1.51383,1.51427,1.00,1.50
2016.11.21 10:18:03.675,1.51374,1.51422,1.95,1.00
2016.11.21 10:18:03.835,1.51374,1.51417,1.75,1.00
2016.11.21 10:18:04.744,1.51373,1.51417,1.37,1.00
2016.11.21 10:18:04.801,1.51373,1.51417,1.00,1.00
2016.11.21 10:18:05.745,1.51374,1.51416,1.00,1.00
2016.11.21 10:18:05.837,1.5137,1.51416,1.20,1.00
2016.11.21 10:18:06.155,1.51374,1.51416,1.00,1.00
2016.11.21 10:18:07.651,1.51384,1.51419,1.00,1.00
2016.11.21 10:18:07.853,1.5138,1.51427,1.35,1.00
2016.11.21 10:18:08.264,1.51394,1.51433,1.00,1.87
2016.11.21 10:18:09.048,1.51384,1.51426,1.00,1.00
2016.11.21 10:18:09.149,1.51393,1.51434,1.00,1.75
2016.11.21 10:18:09.451,1.51394,1.51436,1.00,1.87
2016.11.21 10:18:09.869,1.51388,1.51436,1.12,1.57
2016.11.21 10:18:09.979,1.51384,1.51434,1.75,1.50
2016.11.21 10:18:10.280,1.51384,1.51426,1.75,1.00
2016.11.21 10:18:11.148,1.51383,1.51427,3.00,1.00
2016.11.21 10:18:11.224,1.51384,1.51434,1.75,1.00
2016.11.21 10:18:11.426,1.51394,1.51434,1.00,1.00
2016.11.21 10:18:12.479,1.51394,1.51436,1.00,2.92
2016.11.21 10:18:14.129,1.51393,1.51437,1.00,1.50
2016.11.21 10:18:16.220,1.51393,1.51437,1.12,1.12
2016.11.21 10:18:18.087,1.51404,1.51443,1.00,2.10
2016.11.21 10:18:18.138,1.51394,1.51443,1.60,1.50
2016.11.21 10:18:18.289,1.51395,1.51445,2.17,1.37
2016.11.21 10:18:18.595,1.51404,1.51446,1.00,1.00
2016.11.21 10:18:19.096,1.51405,1.51447,1.00,1.00
2016.11.21 10:18:19.260,1.51403,1.51447,1.00,1.00
2016.11.21 10:18:19.501,1.51403,1.51447,1.82,1.00
2016.11.21 10:18:19.933,1.51403,1.51447,1.00,1.00
2016.11.21 10:18:20.704,1.51405,1.51447,1.00,1.00
2016.11.21 10:18:20.754,1.51403,1.51447,1.95,1.00
2016.11.21 10:18:20.805,1.51405,1.51447,1.37,1.00
2016.11.21 10:18:21.176,1.51404,1.51446,1.00,1.00
2016.11.21 10:18:23.853,1.51403,1.51447,1.00,1.00
2016.11.21 10:18:24.319,1.51404,1.51436,1.00,1.00
2016.11.21 10:18:24.557,1.51394,1.5144,1.50,1.00
2016.11.21 10:18:24.658,1.51394,1.51436,1.00,1.00
2016.11.21 10:18:25.001,1.51404,1.51436,1.00,1.00
2016.11.21 10:18:25.052,1.51394,1.51436,1.50,1.00
2016.11.21 10:18:25.253,1.51394,1.51443,1.95,1.35
2016.11.21 10:18:25.461,1.51394,1.51436,1.95,1.00
2016.11.21 10:18:26.451,1.51394,1.51437,1.20,1.00
2016.11.21 10:18:26.816,1.51396,1.51436,1.00,1.00
2016.11.21 10:18:27.167,1.51404,1.51443,1.00,1.00
2016.11.21 10:18:27.757,1.51396,1.51437,1.50,1.00
2016.11.21 10:18:27.858,1.51396,1.51442,1.00,1.00
2016.11.21 10:18:27.959,1.51394,1.51441,1.00,1.00
2016.11.21 10:18:28.059,1.51394,1.51437,1.00,1.00
2016.11.21 10:18:28.454,1.51396,1.51436,1.00,1.00
2016.11.21 10:18:29.037,1.51396,1.51437,1.50,1.00
2016.11.21 10:18:29.352,1.51396,1.51437,2.62,1.00
2016.11.21 10:18:29.845,1.51396,1.51447,2.25,3.75
2016.11.21 10:18:30.130,1.51404,1.51446,1.00,3.00
2016.11.21 10:18:30.646,1.51397,1.51436,2.25,1.00
2016.11.21 10:18:31.573,1.51404,1.51446,1.00,1.00
2016.11.21 10:18:32.033,1.51397,1.51436,1.75,1.00
2016.11.21 10:18:34.052,1.51396,1.51446,1.75,3.00
2016.11.21 10:18:34.135,1.51396,1.51446,1.75,1.19
2016.11.21 10:18:34.212,1.51394,1.51442,1.12,1.12
2016.11.21 10:18:34.336,1.51393,1.51437,1.50,1.00
2016.11.21 10:18:34.976,1.51394,1.51436,1.12,1.00
2016.11.21 10:18:38.584,1.5139,1.51427,1.20,1.00
2016.11.21 10:18:40.045,1.51393,1.51437,1.50,1.00
2016.11.21 10:18:40.991,1.51386,1.51436,2.70,1.00
2016.11.21 10:18:41.785,1.51393,1.51437,1.50,1.00
2016.11.21 10:18:42.237,1.51394,1.51436,2.17,1.00
2016.11.21 10:18:42.287,1.51394,1.51442,1.75,1.12
2016.11.21 10:18:42.450,1.51394,1.51444,2.17,1.72
2016.11.21 10:18:42.752,1.51403,1.51437,1.00,1.00
2016.11.21 10:18:42.802,1.51404,1.51446,1.00,1.00
2016.11.21 10:18:44.944,1.51404,1.51446,1.80,1.00
2016.11.21 10:18:44.995,1.51404,1.51446,2.17,1.00
2016.11.21 10:18:45.460,1.51414,1.51456,1.00,3.04
2016.11.21 10:18:45.993,1.51414,1.51456,1.00,2.29
2016.11.21 10:18:46.362,1.51407,1.51446,1.50,1.00
2016.11.21 10:18:48.545,1.51408,1.51446,1.00,1.00
2016.11.21 10:18:48.595,1.51413,1.51447,1.00,1.00
2016.11.21 10:18:50.153,1.51413,1.51447,1.37,1.00
2016.11.21 10:18:50.204,1.5141,1.51456,1.75,1.00
2016.11.21 10:18:50.305,1.51414,1.51459,1.30,1.00
2016.11.21 10:18:50.405,1.51424,1.51464,1.00,1.75
2016.11.21 10:18:50.506,1.51413,1.51463,1.50,1.50
2016.11.21 10:18:50.608,1.51413,1.51447,1.50,1.00
2016.11.21 10:18:50.924,1.51424,1.51456,1.00,1.00
2016.11.21 10:18:53.091,1.51414,1.51446,1.12,1.00
2016.11.21 10:18:54.875,1.51424,1.51456,1.00,1.00
2016.11.21 10:18:56.480,1.51423,1.51457,1.00,1.00
2016.11.21 10:18:56.985,1.51424,1.51456,1.00,1.00
2016.11.21 10:19:00.383,1.51414,1.51456,1.12,1.00
2016.11.21 10:19:00.684,1.51424,1.51463,1.00,1.47
2016.11.21 10:19:02.442,1.51423,1.51457,1.00,1.00
2016.11.21 10:19:02.900,1.51424,1.5146,1.00,1.00
2016.11.21 10:19:03.051,1.51424,1.51465,1.00,1.37
2016.11.21 10:19:03.151,1.51424,1.51464,1.00,1.00
2016.11.21 10:19:03.453,1.51424,1.51461,1.00,1.00
2016.11.21 10:19:03.525,1.51424,1.51463,1.00,1.12
2016.11.21 10:19:04.101,1.51414,1.51456,2.10,1.00
2016.11.21 10:19:04.595,1.51414,1.51456,2.10,1.00
2016.11.21 10:19:05.127,1.51414,1.51457,1.67,1.00
2016.11.21 10:19:05.893,1.51414,1.51456,2.10,1.00
2016.11.21 10:19:07.829,1.51413,1.51457,1.75,1.00
2016.11.21 10:19:07.980,1.51413,1.51457,1.00,1.00
2016.11.21 10:19:08.497,1.51413,1.51456,1.00,1.00
2016.11.21 10:19:08.901,1.51409,1.51446,1.60,1.00
2016.11.21 10:19:09.699,1.51414,1.51456,1.00,1.50
2016.11.21 10:19:10.746,1.51409,1.51447,1.60,1.00
2016.11.21 10:19:11.139,1.51409,1.51446,1.35,1.00
2016.11.21 10:19:11.744,1.51403,1.51447,1.60,1.00
2016.11.21 10:19:12.805,1.51404,1.51446,1.60,1.00
2016.11.21 10:19:13.247,1.51403,1.51447,1.60,1.00
2016.11.21 10:19:15.026,1.51404,1.51446,1.35,1.00
2016.11.21 10:19:15.076,1.51404,1.51446,1.60,1.00
2016.11.21 10:19:15.407,1.51414,1.51456,1.00,1.00
2016.11.21 10:19:16.074,1.51413,1.51457,1.00,1.12
2016.11.21 10:19:16.232,1.51413,1.51457,1.60,1.12
2016.11.21 10:19:16.637,1.51424,1.51462,1.00,1.20
2016.11.21 10:19:17.113,1.51414,1.51456,1.60,1.00
2016.11.21 10:19:17.339,1.51414,1.51456,1.00,1.45
2016.11.21 10:19:17.390,1.51414,1.51455,1.00,1.95
2016.11.21 10:19:17.971,1.51413,1.51456,1.00,1.20
2016.11.21 10:19:18.273,1.51414,1.51455,1.60,1.20
2016.11.21 10:19:20.019,1.51423,1.51455,1.00,1.20
2016.11.21 10:19:20.326,1.51423,1.5146,1.00,1.20
2016.11.21 10:19:20.426,1.51415,1.51456,2.10,1.00
2016.11.21 10:19:20.743,1.51418,1.51456,2.10,1.00
2016.11.21 10:19:21.252,1.51424,1.51464,1.35,1.20
2016.11.21 10:19:23.826,1.51418,1.51456,2.10,1.00
2016.11.21 10:19:24.235,1.51414,1.51457,2.10,1.12
2016.11.21 10:19:24.758,1.51414,1.51456,2.85,1.00
2016.11.21 10:19:25.328,1.51414,1.51457,2.10,1.12
2016.11.21 10:19:25.927,1.51414,1.51457,2.10,1.12
2016.11.21 10:19:26.219,1.51424,1.51466,1.00,1.50
2016.11.21 10:19:32.943,1.5142,1.51466,1.60,1.50
2016.11.21 10:19:33.610,1.51423,1.51467,1.00,1.75
2016.11.21 10:19:34.412,1.51423,1.51467,1.97,1.37
2016.11.21 10:19:34.462,1.51425,1.51467,1.70,1.00
2016.11.21 10:19:34.863,1.51424,1.51475,2.07,1.75
2016.11.21 10:19:34.963,1.51425,1.51473,1.30,1.50
2016.11.21 10:19:35.014,1.51425,1.51469,1.30,1.00
2016.11.21 10:19:35.438,1.51423,1.51466,1.97,1.12
2016.11.21 10:19:36.072,1.51423,1.51466,1.00,1.45
2016.11.21 10:19:36.375,1.51414,1.51456,1.60,1.00
2016.11.21 10:19:36.660,1.51413,1.51457,1.00,1.00
2016.11.21 10:19:36.761,1.51414,1.51457,2.10,1.00
2016.11.21 10:19:36.898,1.51413,1.51457,1.60,1.00
2016.11.21 10:19:37.151,1.51421,1.51457,2.10,1.00
2016.11.21 10:19:37.366,1.51424,1.51466,1.60,1.75
2016.11.21 10:19:37.622,1.51424,1.51466,1.35,1.75
2016.11.21 10:19:37.824,1.51419,1.51456,1.60,1.00
2016.11.21 10:19:37.925,1.51424,1.51466,1.35,1.75
2016.11.21 10:19:41.054,1.51423,1.51467,2.85,1.75
2016.11.21 10:19:41.155,1.5142,1.51467,2.10,1.75
2016.11.21 10:19:41.430,1.5142,1.51457,2.10,1.00
2016.11.21 10:19:41.534,1.51424,1.51465,1.00,1.75
2016.11.21 10:19:41.685,1.51424,1.51466,1.00,1.37
2016.11.21 10:19:41.735,1.5142,1.51456,1.60,1.00
2016.11.21 10:19:42.663,1.51424,1.51465,1.00,1.50
2016.11.21 10:19:42.820,1.51418,1.51465,3.04,1.50
2016.11.21 10:19:42.886,1.51418,1.51462,3.04,1.00
2016.11.21 10:19:43.193,1.51419,1.51457,3.04,1.00
2016.11.21 10:19:43.934,1.51419,1.51456,3.04,1.00
2016.11.21 10:19:44.651,1.51418,1.51457,3.04,1.00
2016.11.21 10:19:44.701,1.51414,1.51457,1.16,1.00
2016.11.21 10:19:44.802,1.51413,1.51457,1.72,1.00
2016.11.21 10:19:45.140,1.51408,1.51447,1.16,1.00
2016.11.21 10:19:45.379,1.51413,1.51457,1.60,1.00
2016.11.21 10:19:45.892,1.51414,1.51456,1.60,1.00
2016.11.21 10:19:45.943,1.51414,1.51464,1.60,1.50
2016.11.21 10:19:46.047,1.51414,1.51457,1.60,1.00
2016.11.21 10:19:49.556,1.51414,1.51456,2.10,1.00
2016.11.21 10:19:50.124,1.51414,1.51457,1.60,1.00
2016.11.21 10:19:50.852,1.51414,1.51456,2.10,1.00
2016.11.21 10:19:52.350,1.51414,1.51457,1.60,1.00
2016.11.21 10:19:54.477,1.51414,1.51456,2.10,1.00
2016.11.21 10:19:55.563,1.51414,1.51456,1.50,1.00
2016.11.21 10:19:55.764,1.51408,1.51456,1.30,1.12
2016.11.21 10:19:56.049,1.51408,1.51447,1.30,1.00
2016.11.21 10:19:56.434,1.51413,1.51457,1.00,2.25
2016.11.21 10:19:58.662,1.51407,1.51456,1.35,1.12
2016.11.21 10:19:58.814,1.51407,1.51458,2.10,1.75
2016.11.21 10:19:58.965,1.51414,1.51458,1.00,1.75
2016.11.21 10:20:01.523,1.51416,1.51465,1.12,1.95
2016.11.21 10:20:01.573,1.51416,1.51465,1.50,1.00
2016.11.21 10:20:01.746,1.51417,1.51456,1.20,1.00
2016.11.21 10:20:01.963,1.51423,1.51465,1.00,1.00
2016.11.21 10:20:02.492,1.5142,1.51457,1.00,1.00
2016.11.21 10:20:03.061,1.51424,1.51465,1.00,1.00
2016.11.21 10:20:04.159,1.51418,1.51465,1.00,1.00
2016.11.21 10:20:04.276,1.51416,1.51463,1.50,1.00
2016.11.21 10:20:04.809,1.51416,1.51457,1.00,1.00
2016.11.21 10:20:05.759,1.51414,1.51462,1.72,1.82
2016.11.21 10:20:05.809,1.51414,1.51458,1.00,1.00
2016.11.21 10:20:05.926,1.51414,1.51456,1.00,1.00
2016.11.21 10:20:06.241,1.51414,1.51452,1.00,1.00
2016.11.21 10:20:06.602,1.51405,1.51447,1.60,1.00
2016.11.21 10:20:08.393,1.51404,1.51446,1.60,1.00
2016.11.21 10:20:09.004,1.51404,1.51452,1.60,1.00
2016.11.21 10:20:14.751,1.51404,1.51446,1.60,1.00
2016.11.21 10:20:16.142,1.51398,1.51436,3.22,1.00
2016.11.21 10:20:19.159,1.51404,1.51446,1.60,1.12
2016.11.21 10:20:19.546,1.51398,1.51437,2.92,1.00
2016.11.21 10:20:20.547,1.51399,1.51437,1.00,1.00
2016.11.21 10:20:20.598,1.51399,1.5145,1.00,1.95
2016.11.21 10:20:20.648,1.51401,1.5145,1.00,1.20
2016.11.21 10:20:20.749,1.51397,1.51447,2.10,1.50
2016.11.21 10:20:21.045,1.51394,1.51443,1.35,1.00
2016.11.21 10:20:21.347,1.51393,1.51437,1.60,1.00
2016.11.21 10:20:21.912,1.51394,1.51436,1.35,1.00
2016.11.21 10:20:22.453,1.51393,1.51437,1.60,1.00
2016.11.21 10:20:24.130,1.51394,1.51437,1.05,1.00
2016.11.21 10:20:24.433,1.51398,1.51436,1.60,1.00
2016.11.21 10:20:24.534,1.51398,1.51436,1.00,1.00
2016.11.21 10:20:24.584,1.51393,1.51433,2.47,1.00
2016.11.21 10:20:24.635,1.51393,1.51433,1.60,1.00
2016.11.21 10:20:24.685,1.51393,1.51427,1.60,1.00
2016.11.21 10:20:25.176,1.51394,1.51433,1.60,1.00
2016.11.21 10:20:25.277,1.5139,1.51426,1.35,1.00
2016.11.21 10:20:25.378,1.51394,1.51436,1.60,1.50
2016.11.21 10:20:26.062,1.51393,1.51437,1.60,1.50
2016.11.21 10:20:26.662,1.5139,1.51426,1.35,1.00
2016.11.21 10:20:29.829,1.51391,1.51426,1.72,1.00
2016.11.21 10:20:29.880,1.51394,1.51435,1.00,1.00
2016.11.21 10:20:29.981,1.51394,1.51426,1.00,1.00
2016.11.21 10:20:30.258,1.51391,1.51426,1.72,1.00
2016.11.21 10:20:30.667,1.51394,1.51435,1.00,1.00
2016.11.21 10:20:31.250,1.51394,1.51436,1.00,1.00
2016.11.21 10:20:31.959,1.51394,1.51436,1.37,1.00
2016.11.21 10:20:32.386,1.51391,1.51427,2.10,1.00
2016.11.21 10:20:32.437,1.51391,1.51427,1.72,1.00
2016.11.21 10:20:32.712,1.51389,1.51431,1.60,1.00
2016.11.21 10:20:32.971,1.51389,1.51426,1.60,1.00
2016.11.21 10:20:33.238,1.51386,1.51426,1.12,1.00
2016.11.21 10:20:34.512,1.51386,1.51426,1.72,1.00
2016.11.21 10:20:35.150,1.51386,1.51427,1.72,1.00
2016.11.21 10:20:35.475,1.51393,1.5143,1.00,1.00
2016.11.21 10:20:35.747,1.51393,1.51432,1.00,1.00
2016.11.21 10:20:36.313,1.51393,1.5143,1.00,1.00
2016.11.21 10:20:36.878,1.51387,1.51426,1.35,1.00
2016.11.21 10:20:37.078,1.51394,1.5143,1.00,1.00
2016.11.21 10:20:38.024,1.51393,1.5143,1.00,1.00
2016.11.21 10:20:38.877,1.51393,1.5143,1.72,1.00
2016.11.21 10:20:39.028,1.51404,1.51446,1.00,1.75
2016.11.21 10:20:39.129,1.51404,1.51446,1.50,1.50
2016.11.21 10:20:39.482,1.51413,1.51448,1.00,1.00
2016.11.21 10:20:39.689,1.51414,1.51451,1.00,1.00
2016.11.21 10:20:39.790,1.51423,1.51453,1.00,1.00
2016.11.21 10:20:39.890,1.51413,1.51452,1.60,1.00
2016.11.21 10:20:40.041,1.51413,1.51447,1.00,1.00
2016.11.21 10:20:40.092,1.5141,1.51447,1.67,1.50
2016.11.21 10:20:40.143,1.5141,1.51445,1.67,1.00
2016.11.21 10:20:40.344,1.51404,1.51446,1.50,1.00
2016.11.21 10:20:40.395,1.51404,1.51446,1.95,1.00
2016.11.21 10:20:40.631,1.51412,1.51453,1.50,1.00
2016.11.21 10:20:41.020,1.51414,1.5145,1.00,1.00
2016.11.21 10:20:42.663,1.51414,1.51452,1.00,1.00
2016.11.21 10:20:43.123,1.51413,1.5145,1.12,1.00
2016.11.21 10:20:43.628,1.51414,1.5145,1.00,1.00
2016.11.21 10:20:43.729,1.51407,1.51447,3.60,1.00
2016.11.21 10:20:43.830,1.51414,1.51447,1.00,1.00
2016.11.21 10:20:44.229,1.51405,1.51448,1.12,1.00
2016.11.21 10:20:44.330,1.51407,1.51446,1.00,1.00
2016.11.21 10:20:44.942,1.51406,1.51447,1.00,1.50
2016.11.21 10:20:45.445,1.51405,1.51445,1.10,1.00
2016.11.21 10:20:48.159,1.51405,1.51447,1.12,1.50
2016.11.21 10:20:48.277,1.51405,1.51447,1.50,1.50
2016.11.21 10:20:48.813,1.51406,1.51446,1.35,1.00
2016.11.21 10:20:49.014,1.51404,1.51444,1.60,1.00
2016.11.21 10:20:49.241,1.51403,1.5144,1.12,1.00
2016.11.21 10:20:49.342,1.51404,1.51444,1.00,1.00
2016.11.21 10:20:49.934,1.51404,1.51443,1.00,1.00
2016.11.21 10:20:50.606,1.51404,1.51444,1.00,1.00
2016.11.21 10:20:50.657,1.51404,1.51442,1.00,1.00
2016.11.21 10:20:51.421,1.51403,1.51442,1.12,1.00
2016.11.21 10:20:51.536,1.51403,1.51444,1.12,1.00
2016.11.21 10:20:54.128,1.51404,1.51444,1.00,1.00
2016.11.21 10:20:55.378,1.51405,1.51446,1.00,1.00
2016.11.21 10:20:55.552,1.51414,1.51446,1.00,1.00
2016.11.21 10:20:56.853,1.51408,1.51447,1.00,1.00
2016.11.21 10:20:57.132,1.51414,1.51452,1.00,1.00
2016.11.21 10:20:57.559,1.51408,1.51446,1.00,1.00
2016.11.21 10:20:58.046,1.51408,1.51446,1.37,1.00
2016.11.21 10:20:59.748,1.51405,1.51445,1.35,1.00
2016.11.21 10:21:00.836,1.51404,1.51445,2.85,1.00
2016.11.21 10:21:00.937,1.51404,1.51445,2.85,1.00
2016.11.21 10:21:02.652,1.51406,1.51446,1.00,1.00
2016.11.21 10:21:03.263,1.51404,1.51445,1.50,1.00
2016.11.21 10:21:03.688,1.51404,1.51436,1.00,1.00
2016.11.21 10:21:04.041,1.51404,1.51441,1.50,1.00
2016.11.21 10:21:04.142,1.51404,1.51436,1.00,1.00
2016.11.21 10:21:04.301,1.514,1.51436,1.60,1.00
2016.11.21 10:21:05.478,1.51403,1.51442,1.00,1.00
2016.11.21 10:21:05.579,1.514,1.51437,1.60,1.00
2016.11.21 10:21:05.859,1.51398,1.51437,1.50,1.00
2016.11.21 10:21:05.960,1.51394,1.51434,1.37,1.00
2016.11.21 10:21:06.011,1.51393,1.51434,1.12,1.00
2016.11.21 10:21:06.172,1.51389,1.5143,1.75,1.00
2016.11.21 10:21:06.222,1.51389,1.5143,1.37,1.00
2016.11.21 10:21:06.273,1.51389,1.51426,1.37,1.00
2016.11.21 10:21:06.324,1.51389,1.51426,1.00,1.00
2016.11.21 10:21:06.486,1.51394,1.5143,1.00,1.00
2016.11.21 10:21:08.368,1.51389,1.51427,1.20,1.00
2016.11.21 10:21:08.891,1.51393,1.5143,1.00,1.00
2016.11.21 10:21:09.149,1.51389,1.51426,1.75,1.00
2016.11.21 10:21:09.872,1.51386,1.51425,1.70,1.00
2016.11.21 10:21:09.972,1.51393,1.51425,1.00,1.00
2016.11.21 10:21:10.074,1.51394,1.51428,1.00,1.00
2016.11.21 10:21:10.175,1.51394,1.51422,1.00,1.00
2016.11.21 10:21:10.380,1.51393,1.51425,1.00,1.00
2016.11.21 10:21:11.452,1.51385,1.51425,1.35,1.00
2016.11.21 10:21:12.751,1.51385,1.51425,1.67,1.00
2016.11.21 10:21:12.802,1.51385,1.51427,2.10,1.00
2016.11.21 10:21:12.907,1.51388,1.51429,1.00,1.00
2016.11.21 10:21:13.249,1.51388,1.51427,1.00,1.00
2016.11.21 10:21:13.904,1.51389,1.51427,1.00,1.00
2016.11.21 10:21:14.403,1.51394,1.51431,1.00,1.00
2016.11.21 10:21:20.964,1.51393,1.51431,1.00,1.00
2016.11.21 10:21:21.620,1.51393,1.51432,1.00,1.00
2016.11.21 10:21:23.115,1.51393,1.5143,1.00,1.00
2016.11.21 10:21:23.420,1.51387,1.51428,1.20,1.00
2016.11.21 10:21:23.795,1.51388,1.5143,1.75,1.00
2016.11.21 10:21:24.002,1.51385,1.51426,1.75,1.00
2016.11.21 10:21:24.057,1.51385,1.51426,1.75,1.00
2016.11.21 10:21:24.137,1.51385,1.51426,1.50,1.00
2016.11.21 10:21:24.329,1.51388,1.51426,1.00,1.00
2016.11.21 10:21:24.704,1.51391,1.51434,1.00,1.00
2016.11.21 10:21:24.805,1.51403,1.51433,1.00,1.00
2016.11.21 10:21:24.906,1.51393,1.51433,1.12,1.00
2016.11.21 10:21:25.006,1.51394,1.51435,1.00,1.00
2016.11.21 10:21:25.285,1.51393,1.51433,1.12,1.00
2016.11.21 10:21:26.424,1.51394,1.51433,1.00,1.00
2016.11.21 10:21:26.736,1.51393,1.51428,1.00,1.00
2016.11.21 10:21:27.088,1.51393,1.51425,1.00,1.00
2016.11.21 10:21:28.187,1.51394,1.51425,1.00,1.00
2016.11.21 10:21:29.309,1.51393,1.51426,1.00,1.00
2016.11.21 10:21:29.739,1.51393,1.51428,1.00,1.00
2016.11.21 10:21:29.840,1.51393,1.51434,1.00,1.37
2016.11.21 10:21:30.393,1.51393,1.5143,1.00,1.00
2016.11.21 10:21:30.629,1.51393,1.51432,1.00,1.00
2016.11.21 10:21:30.831,1.51393,1.51429,1.00,1.00
2016.11.21 10:21:31.148,1.51393,1.51427,1.00,1.00
2016.11.21 10:21:34.819,1.51393,1.51429,1.00,1.00
2016.11.21 10:21:34.920,1.51393,1.51431,1.00,1.00
2016.11.21 10:21:35.121,1.51395,1.51437,1.00,1.50
2016.11.21 10:21:35.222,1.51394,1.51435,1.00,1.00
2016.11.21 10:21:35.743,1.51395,1.51436,1.00,1.00
2016.11.21 10:21:36.019,1.51393,1.51435,1.50,1.00
2016.11.21 10:21:36.888,1.51394,1.51435,1.00,1.00
2016.11.21 10:21:37.242,1.5139,1.51433,1.75,1.00
2016.11.21 10:21:37.557,1.51394,1.51431,1.00,1.00
2016.11.21 10:21:38.199,1.51394,1.51432,1.00,1.00
2016.11.21 10:21:38.651,1.51394,1.5143,1.00,1.00
2016.11.21 10:21:41.647,1.51394,1.51434,1.00,1.12
2016.11.21 10:21:42.194,1.51394,1.51433,1.00,1.00
2016.11.21 10:21:43.125,1.51394,1.51434,1.00,1.12
2016.11.21 10:21:46.914,1.51394,1.51433,1.00,1.00
2016.11.21 10:21:47.015,1.51394,1.5143,1.00,1.00
2016.11.21 10:21:47.126,1.51393,1.51433,1.00,1.00
2016.11.21 10:21:47.755,1.51393,1.51432,1.00,1.00
2016.11.21 10:21:50.752,1.51393,1.51428,1.00,1.00
2016.11.21 10:21:51.130,1.51387,1.51428,1.30,1.00
2016.11.21 10:21:51.331,1.51394,1.51428,1.00,1.00
2016.11.21 10:21:51.405,1.51385,1.51426,1.75,1.00
2016.11.21 10:21:52.005,1.51394,1.51428,1.00,1.00
2016.11.21 10:21:52.056,1.51394,1.5143,1.00,1.00
2016.11.21 10:21:52.635,1.51386,1.51426,1.50,1.00
2016.11.21 10:21:52.823,1.51394,1.5143,1.00,1.00
2016.11.21 10:21:53.219,1.51394,1.51433,1.00,1.00
2016.11.21 10:21:53.370,1.51393,1.51435,1.37,1.00
2016.11.21 10:21:54.064,1.51394,1.51436,1.12,1.00
2016.11.21 10:21:54.164,1.51393,1.51432,1.00,1.00
2016.11.21 10:21:54.265,1.51393,1.51434,1.00,1.00
2016.11.21 10:21:54.527,1.51392,1.51434,1.60,1.00
2016.11.21 10:21:54.629,1.51395,1.51439,1.60,1.00
2016.11.21 10:21:54.715,1.51395,1.51437,1.60,1.00
2016.11.21 10:21:55.025,1.51394,1.51435,1.72,1.00
2016.11.21 10:21:55.476,1.51394,1.51433,1.72,1.00
2016.11.21 10:21:56.523,1.51394,1.51432,1.72,1.00
2016.11.21 10:21:57.183,1.51394,1.51433,1.72,1.00
2016.11.21 10:22:00.878,1.51394,1.51432,1.72,1.00
2016.11.21 10:22:06.058,1.51394,1.51433,1.72,1.00
2016.11.21 10:22:07.164,1.51394,1.51433,1.12,1.00
2016.11.21 10:22:07.265,1.51394,1.5143,1.00,1.00
2016.11.21 10:22:07.581,1.51394,1.51426,1.00,1.00
2016.11.21 10:22:07.975,1.51384,1.51417,1.60,1.00
2016.11.21 10:22:08.026,1.51384,1.51417,1.00,1.00
2016.11.21 10:22:08.127,1.51384,1.51426,1.50,1.00
2016.11.21 10:22:08.385,1.51386,1.51426,1.00,1.00
2016.11.21 10:22:08.791,1.51383,1.51424,1.87,1.00
2016.11.21 10:22:10.950,1.51384,1.51423,1.00,1.00
2016.11.21 10:22:11.379,1.51384,1.51426,1.00,1.50
2016.11.21 10:22:11.784,1.51386,1.51426,1.00,1.00
2016.11.21 10:22:12.322,1.51385,1.51426,1.00,1.00
2016.11.21 10:22:14.498,1.51384,1.51422,1.35,1.00
2016.11.21 10:22:14.876,1.51382,1.51416,1.00,1.00
2016.11.21 10:22:14.978,1.51378,1.51416,1.00,1.00
2016.11.21 10:22:15.546,1.51377,1.51416,1.30,1.00
2016.11.21 10:22:15.983,1.51374,1.51407,1.00,1.00
2016.11.21 10:22:16.033,1.51368,1.51407,1.37,1.00
2016.11.21 10:22:16.084,1.51363,1.51404,2.25,1.00
2016.11.21 10:22:16.185,1.51363,1.51401,1.50,1.00
2016.11.21 10:22:16.487,1.51364,1.51403,1.12,1.00
2016.11.21 10:22:17.382,1.51364,1.51405,1.12,1.00
2016.11.21 10:22:17.755,1.51364,1.51407,1.12,1.00
2016.11.21 10:22:18.256,1.51364,1.51406,1.87,1.00
2016.11.21 10:22:20.197,1.51363,1.51404,4.35,1.00
2016.11.21 10:22:20.298,1.5137,1.51407,1.00,1.00
2016.11.21 10:22:20.349,1.5137,1.51407,1.37,1.00
2016.11.21 10:22:20.399,1.51373,1.51414,1.37,1.00
2016.11.21 10:22:21.096,1.5137,1.51406,1.75,1.00
2016.11.21 10:22:21.635,1.51369,1.51407,1.80,1.00
2016.11.21 10:22:22.152,1.51369,1.51406,1.80,1.00
2016.11.21 10:22:22.360,1.51372,1.51412,1.35,1.00
2016.11.21 10:22:22.461,1.51384,1.51417,1.00,1.00
2016.11.21 10:22:22.511,1.51384,1.51419,1.00,1.00
2016.11.21 10:22:22.562,1.51377,1.51416,1.00,1.00
2016.11.21 10:22:23.202,1.51376,1.51416,1.00,1.00
2016.11.21 10:22:25.281,1.51374,1.51414,1.72,1.00
2016.11.21 10:22:25.601,1.51383,1.51413,1.00,1.00
2016.11.21 10:22:25.964,1.5137,1.51413,1.60,1.00
2016.11.21 10:22:26.093,1.51384,1.51416,1.00,1.37
2016.11.21 10:22:27.661,1.51377,1.51417,1.00,1.50
2016.11.21 10:22:27.712,1.51375,1.51417,1.00,1.50
2016.11.21 10:22:27.762,1.51383,1.51419,1.00,1.75
2016.11.21 10:22:28.209,1.51383,1.51422,1.00,1.00
2016.11.21 10:22:28.707,1.51383,1.51424,1.50,1.00
2016.11.21 10:22:31.605,1.5138,1.51416,1.60,1.00
2016.11.21 10:22:32.974,1.51384,1.51421,1.00,1.00
2016.11.21 10:22:33.176,1.51384,1.51423,1.00,1.00
2016.11.21 10:22:33.563,1.51384,1.51425,1.00,2.25
2016.11.21 10:22:33.820,1.51386,1.51425,1.00,1.00
2016.11.21 10:22:34.320,1.5139,1.51425,1.00,1.00
2016.11.21 10:22:34.421,1.5139,1.51427,1.00,1.00
2016.11.21 10:22:34.522,1.51387,1.51427,1.35,1.00
2016.11.21 10:22:34.572,1.51393,1.51427,1.00,1.00
2016.11.21 10:22:35.175,1.51394,1.51426,1.00,1.00
2016.11.21 10:22:36.584,1.51393,1.5143,1.00,1.00
2016.11.21 10:22:36.689,1.51387,1.51426,1.35,1.00
2016.11.21 10:22:36.740,1.51388,1.51426,1.60,1.00
2016.11.21 10:22:37.281,1.51388,1.51427,1.60,1.00
2016.11.21 10:22:38.088,1.51388,1.51426,1.60,1.00
2016.11.21 10:22:43.726,1.51385,1.51426,1.00,1.12
2016.11.21 10:22:43.877,1.51383,1.51426,1.00,1.95
2016.11.21 10:22:44.179,1.51393,1.51431,1.00,2.10
2016.11.21 10:22:44.230,1.51387,1.51426,1.00,1.00
2016.11.21 10:22:45.046,1.51386,1.51426,1.00,1.00
2016.11.21 10:22:45.329,1.51383,1.51427,1.50,1.50
2016.11.21 10:22:49.142,1.51393,1.51427,1.00,1.00
2016.11.21 10:22:50.434,1.51384,1.51426,1.00,1.00
2016.11.21 10:22:50.544,1.51387,1.51426,1.00,1.00
2016.11.21 10:22:50.847,1.51384,1.51423,1.00,1.50
2016.11.21 10:22:51.356,1.51384,1.5142,1.00,1.00
2016.11.21 10:22:51.406,1.51377,1.5142,3.00,1.00
2016.11.21 10:22:51.457,1.51379,1.51421,1.00,1.12
2016.11.21 10:22:51.788,1.51379,1.51417,1.00,1.00
2016.11.21 10:22:52.110,1.51384,1.51421,1.00,1.12
2016.11.21 10:22:52.333,1.51381,1.51423,1.00,1.50
2016.11.21 10:22:52.450,1.51384,1.51423,1.00,1.50
2016.11.21 10:22:54.543,1.51384,1.51419,1.00,1.00
2016.11.21 10:22:55.186,1.51384,1.51418,1.00,1.00
2016.11.21 10:22:55.648,1.51375,1.51417,1.79,1.00
2016.11.21 10:22:56.519,1.51375,1.51417,1.79,1.00
2016.11.21 10:22:56.921,1.51384,1.51418,1.00,1.00
2016.11.21 10:22:57.021,1.51375,1.51419,1.79,1.00
2016.11.21 10:22:57.072,1.51374,1.51417,1.16,1.00
2016.11.21 10:22:57.122,1.51373,1.51417,2.47,1.50
2016.11.21 10:22:57.351,1.51373,1.51415,2.47,1.00
2016.11.21 10:22:57.957,1.51375,1.51416,1.35,1.00
2016.11.21 10:22:58.058,1.51377,1.5142,1.00,1.00
2016.11.21 10:22:58.113,1.51383,1.5142,1.00,1.00
2016.11.21 10:22:58.415,1.51377,1.51416,1.25,1.00
2016.11.21 10:22:58.726,1.51383,1.51417,1.00,1.00
2016.11.21 10:22:58.776,1.51383,1.51419,1.00,1.00
2016.11.21 10:22:59.445,1.51384,1.51419,1.00,1.00
2016.11.21 10:22:59.717,1.51384,1.51416,1.00,1.00
2016.11.21 10:23:00.727,1.51376,1.5142,1.35,1.00
2016.11.21 10:23:01.002,1.51376,1.51416,1.00,1.00
2016.11.21 10:23:01.754,1.51377,1.51416,1.00,1.00
2016.11.21 10:23:01.954,1.51375,1.51416,1.00,1.00
2016.11.21 10:23:02.455,1.51374,1.51415,1.12,1.00
2016.11.21 10:23:03.257,1.51373,1.51414,1.72,1.00
2016.11.21 10:23:03.358,1.51372,1.51407,1.60,1.00
2016.11.21 10:23:03.425,1.51374,1.51414,1.00,1.12
2016.11.21 10:23:03.476,1.51374,1.51409,1.00,1.00
2016.11.21 10:23:03.687,1.51374,1.51414,1.00,1.12
2016.11.21 10:23:03.738,1.51374,1.51414,1.37,1.12
2016.11.21 10:23:03.839,1.51376,1.51417,1.50,1.00
2016.11.21 10:23:04.372,1.51374,1.51416,2.70,1.00
2016.11.21 10:23:04.731,1.51374,1.51416,1.50,1.00
2016.11.21 10:23:04.781,1.51374,1.51413,1.00,1.00
2016.11.21 10:23:05.330,1.51374,1.51414,1.00,1.00
2016.11.21 10:23:05.592,1.51374,1.51416,1.00,1.50
2016.11.21 10:23:05.902,1.51374,1.51413,1.00,1.00
2016.11.21 10:23:06.088,1.51374,1.51415,1.00,1.00
2016.11.21 10:23:06.550,1.51373,1.51415,1.35,1.45
2016.11.21 10:23:06.775,1.51364,1.51406,1.50,1.50
2016.11.21 10:23:06.995,1.51364,1.51404,1.00,1.00
2016.11.21 10:23:07.501,1.51364,1.51406,1.50,1.50
2016.11.21 10:23:08.840,1.51363,1.51405,1.00,1.00
2016.11.21 10:23:09.001,1.51363,1.51403,1.00,1.00
2016.11.21 10:23:09.393,1.51364,1.51401,1.00,1.00
2016.11.21 10:23:09.865,1.5136,1.51401,1.35,1.00
2016.11.21 10:23:10.138,1.51364,1.51401,1.00,1.00
2016.11.21 10:23:11.383,1.51364,1.51404,1.00,1.00
2016.11.21 10:23:12.225,1.51363,1.51404,1.50,1.00
2016.11.21 10:23:13.602,1.51363,1.51403,1.00,1.00
2016.11.21 10:23:14.393,1.51363,1.51402,1.00,1.00
2016.11.21 10:23:16.332,1.51363,1.51403,1.00,1.00
2016.11.21 10:23:19.180,1.51363,1.51401,1.00,1.00
2016.11.21 10:23:21.195,1.51363,1.51403,1.00,1.00
2016.11.21 10:23:21.624,1.51364,1.51406,1.50,1.50
2016.11.21 10:23:21.725,1.51364,1.51406,2.25,1.50
2016.11.21 10:23:23.967,1.51374,1.51407,1.00,1.00
2016.11.21 10:23:24.018,1.51374,1.51413,1.00,1.12
2016.11.21 10:23:24.488,1.51371,1.51406,1.00,1.00
2016.11.21 10:23:24.555,1.51374,1.51413,1.00,1.12
2016.11.21 10:23:24.657,1.51368,1.51412,1.75,1.00
2016.11.21 10:23:24.708,1.51368,1.51409,1.75,1.00
2016.11.21 10:23:25.032,1.51374,1.51409,1.00,1.00
2016.11.21 10:23:25.899,1.51374,1.51411,1.00,1.00
2016.11.21 10:23:26.358,1.51368,1.51406,1.00,1.00
2016.11.21 10:23:26.510,1.51365,1.51406,1.12,1.00
2016.11.21 10:23:28.815,1.51369,1.51406,1.00,1.00
2016.11.21 10:23:29.292,1.51367,1.51406,1.00,1.00
2016.11.21 10:23:29.539,1.51365,1.51406,1.12,1.00
2016.11.21 10:23:30.451,1.51365,1.51406,1.72,1.00
2016.11.21 10:23:30.837,1.51364,1.51406,1.87,1.50
2016.11.21 10:23:31.448,1.51366,1.51406,1.00,1.00
2016.11.21 10:23:32.012,1.51366,1.51407,1.00,1.00
2016.11.21 10:23:40.612,1.51363,1.51407,2.25,1.50
2016.11.21 10:23:41.362,1.51364,1.51407,1.00,1.50
2016.11.21 10:23:41.412,1.51366,1.51407,1.00,1.50
2016.11.21 10:23:41.743,1.51367,1.51406,1.75,1.00
2016.11.21 10:23:42.662,1.51368,1.51407,1.50,1.00
2016.11.21 10:23:43.201,1.51366,1.51406,1.00,1.00
2016.11.21 10:23:43.510,1.51363,1.51407,1.50,1.50
2016.11.21 10:23:43.860,1.51363,1.51405,1.00,1.00
2016.11.21 10:23:44.412,1.51363,1.51407,1.50,1.50
2016.11.21 10:23:45.332,1.51363,1.51405,1.00,1.00
2016.11.21 10:23:45.864,1.51364,1.51406,1.50,1.50
2016.11.21 10:23:46.190,1.51364,1.51404,1.00,1.00
2016.11.21 10:23:48.820,1.51365,1.51406,1.00,1.00
2016.11.21 10:23:49.021,1.51366,1.51407,1.50,1.00
2016.11.21 10:23:49.616,1.51366,1.51406,1.50,1.00
2016.11.21 10:23:51.023,1.51369,1.51406,1.00,1.00
2016.11.21 10:23:51.123,1.51363,1.51407,3.00,1.50
2016.11.21 10:23:51.224,1.51363,1.51402,1.97,1.00
2016.11.21 10:23:51.325,1.5136,1.51403,1.60,1.12
2016.11.21 10:23:51.426,1.51364,1.514,1.00,1.00
2016.11.21 10:23:51.764,1.51365,1.51407,1.00,1.87
2016.11.21 10:23:51.865,1.51373,1.51407,1.00,1.00
2016.11.21 10:23:51.936,1.51364,1.51406,1.00,1.00
2016.11.21 10:23:52.038,1.51367,1.51406,1.00,1.00
2016.11.21 10:23:52.358,1.51374,1.51407,1.00,1.00
2016.11.21 10:23:52.459,1.51369,1.51407,1.00,1.00
2016.11.21 10:23:52.523,1.51364,1.51406,1.60,1.00
2016.11.21 10:23:52.824,1.51364,1.51406,1.50,1.50
2016.11.21 10:23:53.092,1.51364,1.51406,1.60,1.00
2016.11.21 10:23:53.255,1.51365,1.51406,1.00,1.00
2016.11.21 10:23:53.534,1.51364,1.51404,1.35,1.00
2016.11.21 10:23:53.883,1.51364,1.51402,1.35,1.00
2016.11.21 10:23:54.654,1.5136,1.51396,1.00,1.00
2016.11.21 10:23:54.873,1.51363,1.51402,1.00,1.00
2016.11.21 10:23:54.927,1.51364,1.51405,1.00,1.50
2016.11.21 10:23:54.977,1.51364,1.51397,1.00,1.00
2016.11.21 10:23:55.028,1.51362,1.51397,1.00,1.00
2016.11.21 10:23:55.129,1.51364,1.51402,1.00,1.00
2016.11.21 10:23:55.339,1.51364,1.51405,1.00,1.50
2016.11.21 10:23:55.674,1.51363,1.51397,1.00,1.00
2016.11.21 10:23:55.980,1.51364,1.51405,1.00,1.50
2016.11.21 10:23:57.252,1.51361,1.51397,1.60,1.00
2016.11.21 10:23:57.353,1.51364,1.51405,1.35,1.50
2016.11.21 10:23:57.648,1.51361,1.51397,1.60,1.00
2016.11.21 10:23:57.796,1.51361,1.51397,1.00,1.00
2016.11.21 10:23:57.897,1.51358,1.51397,1.60,1.00
2016.11.21 10:23:57.997,1.51355,1.51396,1.00,1.00
2016.11.21 10:23:58.249,1.51354,1.51393,1.00,1.00
2016.11.21 10:23:58.350,1.51355,1.51396,1.00,1.00
2016.11.21 10:23:58.940,1.51354,1.51395,1.00,1.00
2016.11.21 10:23:59.143,1.51354,1.51393,1.00,1.00
2016.11.21 10:23:59.529,1.51354,1.51386,1.00,1.00
2016.11.21 10:23:59.687,1.51356,1.51396,1.60,1.00
2016.11.21 10:23:59.938,1.5136,1.51396,1.00,1.00
2016.11.21 10:24:00.249,1.51354,1.51393,1.00,1.00
2016.11.21 10:24:00.484,1.51354,1.51386,1.00,1.00
2016.11.21 10:24:16.887,1.51363,1.51393,1.00,1.00
2016.11.21 10:24:16.981,1.51363,1.51397,1.00,1.12
2016.11.21 10:24:17.082,1.51356,1.51396,1.00,1.00
2016.11.21 10:24:17.360,1.5136,1.51396,1.00,1.00
2016.11.21 10:24:18.173,1.51358,1.51396,1.00,1.00
2016.11.21 10:24:18.762,1.51361,1.51397,1.00,1.00
2016.11.21 10:24:18.913,1.51364,1.51403,1.00,1.50
2016.11.21 10:24:21.327,1.51363,1.51402,1.00,1.12
2016.11.21 10:24:21.538,1.51366,1.51406,1.00,1.00
2016.11.21 10:24:21.639,1.51372,1.51406,1.00,1.00
2016.11.21 10:24:21.842,1.51368,1.51406,1.00,1.00
2016.11.21 10:24:22.013,1.51371,1.51406,1.00,1.00
2016.11.21 10:24:22.335,1.51374,1.51407,1.00,1.00
2016.11.21 10:24:22.649,1.51371,1.51407,1.00,1.00
2016.11.21 10:24:23.102,1.51374,1.51415,1.00,1.50
2016.11.21 10:24:23.515,1.51374,1.51413,1.00,1.00
2016.11.21 10:24:23.716,1.51374,1.51415,1.00,1.50
2016.11.21 10:24:23.926,1.51373,1.51406,1.00,1.00
2016.11.21 10:24:24.044,1.51371,1.51406,1.00,1.00
2016.11.21 10:24:24.095,1.51374,1.51414,1.00,1.00
2016.11.21 10:24:24.389,1.51373,1.51406,1.00,1.00
2016.11.21 10:24:24.828,1.51374,1.51415,1.00,1.50
2016.11.21 10:24:27.058,1.51376,1.51416,1.00,1.37
2016.11.21 10:24:27.209,1.51376,1.51417,1.00,1.00
2016.11.21 10:24:29.251,1.51375,1.51417,1.00,1.00
2016.11.21 10:24:29.410,1.51373,1.51417,1.87,1.50
2016.11.21 10:24:29.496,1.51373,1.51407,1.12,1.00
2016.11.21 10:24:31.124,1.51373,1.51415,1.57,1.00
2016.11.21 10:24:31.225,1.51376,1.51415,1.05,1.00
2016.11.21 10:24:31.644,1.51382,1.51416,1.00,1.00
2016.11.21 10:24:32.112,1.51383,1.51427,1.50,1.50
2016.11.21 10:24:32.527,1.51386,1.51427,1.00,1.50
2016.11.21 10:24:32.729,1.51384,1.51426,1.00,1.00
2016.11.21 10:24:33.046,1.51385,1.51417,1.00,1.00
2016.11.21 10:24:33.608,1.51382,1.51417,1.00,1.00
2016.11.21 10:24:33.659,1.5138,1.51417,1.12,1.00
2016.11.21 10:24:33.874,1.51384,1.51417,1.00,1.00
2016.11.21 10:24:34.272,1.51382,1.51416,1.00,1.00
2016.11.21 10:24:34.373,1.51379,1.51423,2.10,1.00
2016.11.21 10:24:34.623,1.51379,1.51416,2.10,1.00
2016.11.21 10:24:35.430,1.51379,1.51417,2.10,1.00
2016.11.21 10:24:36.555,1.51383,1.51417,1.00,1.00
2016.11.21 10:24:36.756,1.51381,1.51417,1.00,1.00
2016.11.21 10:24:37.385,1.51381,1.51416,1.00,1.00
2016.11.21 10:24:37.436,1.51384,1.51425,1.00,1.00
2016.11.21 10:24:38.209,1.51384,1.51426,1.00,1.00
2016.11.21 10:24:38.851,1.51383,1.51427,1.00,1.50
2016.11.21 10:24:39.068,1.51383,1.51423,1.00,1.00
2016.11.21 10:24:39.696,1.51381,1.51423,1.00,1.00
2016.11.21 10:24:39.914,1.51381,1.51416,1.00,1.00
2016.11.21 10:24:44.363,1.51382,1.51416,1.00,1.00
2016.11.21 10:24:45.893,1.51383,1.51416,1.00,1.00
2016.11.21 10:24:46.129,1.51383,1.51427,1.50,1.00
2016.11.21 10:24:46.774,1.51384,1.51427,1.00,1.00
2016.11.21 10:24:47.357,1.51385,1.51427,1.00,1.00
2016.11.21 10:24:48.850,1.51385,1.51426,1.00,1.00
2016.11.21 10:24:49.187,1.51388,1.51426,1.00,1.00
2016.11.21 10:24:49.750,1.51389,1.51427,1.00,1.00
2016.11.21 10:24:50.328,1.51389,1.51426,1.00,1.00
2016.11.21 10:24:50.852,1.51388,1.51426,1.00,1.00
2016.11.21 10:24:51.203,1.51392,1.51426,1.00,1.00
2016.11.21 10:24:51.384,1.5139,1.51426,1.00,1.00
2016.11.21 10:24:51.569,1.51396,1.51436,1.00,1.00
2016.11.21 10:24:51.771,1.51398,1.51437,1.00,1.00
2016.11.21 10:24:52.356,1.514,1.51437,1.00,1.00
2016.11.21 10:24:53.167,1.51402,1.51437,1.00,1.00
2016.11.21 10:24:53.556,1.514,1.51437,1.00,1.00
2016.11.21 10:24:53.956,1.51402,1.51437,1.00,1.00
2016.11.21 10:24:54.487,1.51399,1.51437,1.00,1.00
2016.11.21 10:24:54.587,1.51396,1.51436,1.00,1.00
2016.11.21 10:24:56.816,1.51396,1.51426,1.00,1.00
2016.11.21 10:24:57.585,1.51394,1.51426,1.60,1.00
2016.11.21 10:24:58.418,1.51393,1.51427,1.60,1.00
2016.11.21 10:24:59.519,1.51394,1.51436,1.60,1.50
2016.11.21 10:25:00.374,1.51394,1.51436,1.45,1.50
2016.11.21 10:25:00.526,1.51405,1.51442,1.35,1.00
2016.11.21 10:25:00.627,1.51404,1.51442,1.60,1.00
2016.11.21 10:25:00.728,1.51405,1.51446,1.35,1.00
2016.11.21 10:25:00.879,1.51402,1.51446,1.37,1.50
2016.11.21 10:25:00.980,1.51395,1.51435,1.35,1.00
2016.11.21 10:25:01.231,1.51395,1.51438,2.10,1.00
2016.11.21 10:25:01.670,1.514,1.51442,1.00,1.00
2016.11.21 10:25:02.552,1.514,1.51436,1.00,1.00
2016.11.21 10:25:02.613,1.514,1.51442,1.00,1.00
2016.11.21 10:25:04.670,1.51397,1.51439,1.60,1.00
2016.11.21 10:25:05.181,1.51398,1.5144,1.35,1.00
2016.11.21 10:25:05.765,1.51395,1.51439,2.10,1.00
2016.11.21 10:25:06.452,1.51395,1.51437,2.10,1.00
2016.11.21 10:25:07.869,1.51396,1.51436,1.72,1.00
2016.11.21 10:25:12.427,1.51395,1.51437,2.10,1.00
2016.11.21 10:25:16.241,1.51395,1.51437,1.50,1.50
2016.11.21 10:25:16.292,1.51393,1.51434,1.75,1.00
2016.11.21 10:25:16.392,1.51393,1.51437,1.50,1.50
2016.11.21 10:25:16.565,1.51394,1.51426,1.00,1.00
2016.11.21 10:25:16.898,1.51404,1.51436,1.00,1.00
2016.11.21 10:25:19.004,1.51404,1.51435,1.00,1.00
2016.11.21 10:25:19.508,1.51404,1.51436,1.00,1.00
2016.11.21 10:25:20.268,1.51399,1.51443,1.00,1.75
2016.11.21 10:25:21.078,1.51399,1.51436,1.00,1.00
2016.11.21 10:25:21.493,1.51401,1.51436,1.00,1.00
2016.11.21 10:25:22.023,1.514,1.51436,1.00,1.00
2016.11.21 10:25:22.238,1.51398,1.51436,1.00,1.00
2016.11.21 10:25:22.671,1.51404,1.51439,1.00,1.00
2016.11.21 10:25:23.196,1.51404,1.51443,1.00,1.75
2016.11.21 10:25:25.482,1.51397,1.5144,1.00,1.12
2016.11.21 10:25:25.646,1.51395,1.51439,1.00,1.00
2016.11.21 10:25:25.699,1.51398,1.51441,1.00,1.50
2016.11.21 10:25:26.024,1.51398,1.51436,1.00,1.00
2016.11.21 10:25:26.277,1.514,1.51444,1.00,1.75
2016.11.21 10:25:26.328,1.51403,1.51445,1.00,1.75
2016.11.21 10:25:27.010,1.51404,1.51443,1.00,1.75
2016.11.21 10:25:28.210,1.51401,1.51436,1.00,1.00
2016.11.21 10:25:28.581,1.51404,1.51443,1.00,1.75
2016.11.21 10:25:30.205,1.51401,1.51443,1.00,1.75
2016.11.21 10:25:30.383,1.51401,1.51437,1.00,1.00
2016.11.21 10:25:31.167,1.514,1.51437,1.00,1.00
2016.11.21 10:25:31.946,1.51399,1.51437,1.00,1.00
2016.11.21 10:25:32.207,1.51396,1.51437,1.00,1.00
2016.11.21 10:25:32.742,1.51395,1.51436,1.00,1.00
2016.11.21 10:25:33.556,1.51394,1.51435,2.10,1.00
2016.11.21 10:25:34.024,1.51394,1.51432,1.00,1.00
2016.11.21 10:25:34.437,1.51389,1.51426,1.60,1.00
2016.11.21 10:25:34.620,1.51389,1.51433,1.60,1.00
2016.11.21 10:25:35.144,1.51389,1.51433,1.00,1.00
2016.11.21 10:25:35.244,1.51388,1.51431,1.00,1.00
2016.11.21 10:25:35.546,1.51389,1.5143,1.00,1.75
2016.11.21 10:25:36.000,1.51393,1.51431,1.00,1.20
2016.11.21 10:25:36.123,1.51389,1.51426,1.00,1.00
2016.11.21 10:25:37.616,1.51391,1.51426,1.00,1.00
2016.11.21 10:25:37.916,1.51389,1.51426,1.00,1.00
2016.11.21 10:25:38.116,1.51391,1.51426,1.00,1.00
2016.11.21 10:25:39.026,1.51387,1.51426,1.00,1.00
2016.11.21 10:25:39.438,1.51393,1.51433,1.00,1.12
2016.11.21 10:25:40.119,1.51394,1.51435,1.00,1.50
2016.11.21 10:25:41.693,1.51394,1.51435,1.00,1.00
2016.11.21 10:25:41.744,1.51395,1.51437,1.00,1.00
2016.11.21 10:25:41.844,1.514,1.51437,1.35,1.00
2016.11.21 10:25:43.136,1.51403,1.5144,1.00,1.50
2016.11.21 10:25:43.438,1.51404,1.51445,1.50,1.00
2016.11.21 10:25:44.120,1.51404,1.51446,1.50,1.00
2016.11.21 10:25:44.171,1.51413,1.51448,1.00,1.12
2016.11.21 10:25:44.271,1.51404,1.51446,2.10,1.00
2016.11.21 10:25:44.419,1.51414,1.51451,1.00,1.75
2016.11.21 10:25:44.728,1.51414,1.51446,1.00,1.00
2016.11.21 10:25:44.828,1.51414,1.51448,1.00,1.12
2016.11.21 10:25:44.930,1.51414,1.51446,1.00,1.00
2016.11.21 10:25:45.016,1.51404,1.51446,1.50,1.00
2016.11.21 10:25:45.172,1.51406,1.51446,1.00,1.00
2016.11.21 10:25:45.424,1.51408,1.51449,1.00,1.00
2016.11.21 10:25:45.525,1.51407,1.51447,1.12,1.00
2016.11.21 10:25:45.758,1.51405,1.51447,1.00,1.87
2016.11.21 10:25:45.859,1.51403,1.51442,1.00,1.00
2016.11.21 10:25:46.375,1.51403,1.51445,1.00,1.00
2016.11.21 10:25:46.954,1.51404,1.51445,1.00,1.00
2016.11.21 10:25:49.956,1.51402,1.51445,1.00,1.00
2016.11.21 10:25:50.057,1.51404,1.51446,1.00,1.12
2016.11.21 10:25:51.240,1.51404,1.51445,1.50,1.00
2016.11.21 10:25:53.182,1.51404,1.51447,1.12,1.00
2016.11.21 10:25:53.283,1.51406,1.51447,1.00,1.50
2016.11.21 10:25:53.843,1.51407,1.51446,1.00,1.00
2016.11.21 10:25:56.640,1.51406,1.51446,1.00,1.00
2016.11.21 10:25:56.943,1.51414,1.51448,1.00,1.00
2016.11.21 10:25:57.554,1.51413,1.51448,1.00,1.00
2016.11.21 10:25:57.655,1.51409,1.5145,1.00,1.00
2016.11.21 10:25:57.756,1.51414,1.51456,1.00,1.75
2016.11.21 10:25:57.857,1.51414,1.51456,1.50,1.50
2016.11.21 10:25:58.581,1.51413,1.51456,1.00,1.00
2016.11.21 10:26:00.299,1.51413,1.51453,1.00,1.00
2016.11.21 10:26:00.677,1.51413,1.51456,1.00,1.00
2016.11.21 10:26:00.950,1.51415,1.51457,1.00,1.50
2016.11.21 10:26:01.672,1.51414,1.51455,1.00,1.00
2016.11.21 10:26:01.976,1.51413,1.51449,1.00,1.00
2016.11.21 10:26:02.223,1.51405,1.51446,1.00,1.00
2016.11.21 10:26:02.361,1.51407,1.51446,1.00,1.00
2016.11.21 10:26:02.464,1.51405,1.51446,1.00,1.00
2016.11.21 10:26:02.565,1.51406,1.51446,1.60,1.00
2016.11.21 10:26:02.666,1.51413,1.51451,1.00,1.50
2016.11.21 10:26:02.915,1.5141,1.51447,1.35,1.00
2016.11.21 10:26:03.538,1.51409,1.51447,1.00,1.00
2016.11.21 10:26:03.589,1.51407,1.51447,1.35,1.00
2016.11.21 10:26:04.109,1.51407,1.51446,1.35,1.00
2016.11.21 10:26:04.569,1.51404,1.51446,1.00,1.00
2016.11.21 10:26:05.120,1.51403,1.51447,1.87,1.50
2016.11.21 10:26:05.493,1.51403,1.51445,1.12,1.00
2016.11.21 10:26:05.795,1.51398,1.51436,1.75,1.00
2016.11.21 10:26:05.845,1.51404,1.51442,1.00,1.00
2016.11.21 10:26:06.086,1.51404,1.51446,1.50,1.00
2016.11.21 10:26:06.137,1.51404,1.51447,1.60,3.75
2016.11.21 10:26:06.679,1.51406,1.51446,1.00,1.00
2016.11.21 10:26:06.780,1.51404,1.51446,1.50,1.00
2016.11.21 10:26:07.398,1.51404,1.51447,1.00,1.00
2016.11.21 10:26:09.607,1.51406,1.51447,1.00,1.00
2016.11.21 10:26:11.325,1.51406,1.51446,1.00,1.00
2016.11.21 10:26:11.653,1.51409,1.51446,1.00,1.00
2016.11.21 10:26:12.110,1.51411,1.51446,1.00,1.00
2016.11.21 10:26:12.161,1.51414,1.51453,1.00,1.75
2016.11.21 10:26:12.645,1.51411,1.51447,1.00,1.00
2016.11.21 10:26:14.535,1.51411,1.51446,1.00,1.00
2016.11.21 10:26:14.585,1.51404,1.51445,1.00,1.00
2016.11.21 10:26:15.872,1.51404,1.51443,1.00,1.00
2016.11.21 10:26:16.693,1.51404,1.51444,1.00,1.00
2016.11.21 10:26:17.230,1.51404,1.51445,1.50,1.50
2016.11.21 10:26:17.873,1.51403,1.51445,1.50,1.00
2016.11.21 10:26:18.420,1.51403,1.51444,1.00,1.00
2016.11.21 10:26:19.033,1.51403,1.51445,1.00,1.00
2016.11.21 10:26:19.555,1.51404,1.51445,1.00,1.00
2016.11.21 10:26:20.163,1.51404,1.51446,1.50,1.50
2016.11.21 10:26:20.676,1.51401,1.51436,1.75,1.00
2016.11.21 10:26:20.738,1.51401,1.51445,1.75,1.00
2016.11.21 10:26:21.080,1.51403,1.51447,1.87,1.50
2016.11.21 10:26:25.520,1.51403,1.51445,1.12,1.12
2016.11.21 10:26:25.830,1.51403,1.51442,1.00,1.00
2016.11.21 10:26:25.932,1.51403,1.51444,1.00,1.00
2016.11.21 10:26:26.233,1.51406,1.51447,1.00,1.00
2016.11.21 10:26:26.586,1.51403,1.51447,1.87,1.50
2016.11.21 10:26:26.904,1.51403,1.51444,1.12,1.00
2016.11.21 10:26:27.248,1.51397,1.51437,1.00,1.00
2016.11.21 10:26:27.698,1.51404,1.51441,1.00,1.00
2016.11.21 10:26:28.333,1.51404,1.51441,1.00,1.37
2016.11.21 10:26:28.384,1.51397,1.51436,1.00,1.00
2016.11.21 10:26:28.689,1.51394,1.51436,1.60,1.50
2016.11.21 10:26:29.230,1.51394,1.51435,1.00,1.00
2016.11.21 10:26:29.331,1.51394,1.51432,1.00,1.00
2016.11.21 10:26:29.432,1.51394,1.51434,1.00,1.00
2016.11.21 10:26:29.975,1.51393,1.51435,1.00,1.00
2016.11.21 10:26:31.198,1.51394,1.51435,1.00,1.00
2016.11.21 10:26:31.298,1.51394,1.51437,1.00,1.00
2016.11.21 10:26:31.561,1.51404,1.51436,1.00,1.00
2016.11.21 10:26:31.611,1.51404,1.51438,1.00,1.00
2016.11.21 10:26:31.662,1.51395,1.51436,1.12,1.00
2016.11.21 10:26:35.272,1.51394,1.51437,1.37,1.00
2016.11.21 10:26:35.323,1.51394,1.51435,1.37,1.00
2016.11.21 10:26:35.687,1.51386,1.51426,1.37,1.00
2016.11.21 10:26:36.187,1.51394,1.51433,1.00,1.00
2016.11.21 10:26:36.965,1.51391,1.51433,1.00,1.00
2016.11.21 10:26:37.066,1.51394,1.51432,1.00,1.00
2016.11.21 10:26:37.391,1.51394,1.5143,1.00,1.00
2016.11.21 10:26:37.542,1.51389,1.5143,1.00,1.00
2016.11.21 10:26:37.643,1.51388,1.51426,1.00,1.00
2016.11.21 10:26:37.993,1.51394,1.5143,1.00,1.50
2016.11.21 10:26:41.843,1.51385,1.51429,1.00,1.12
2016.11.21 10:26:41.950,1.51391,1.51435,1.00,1.75
2016.11.21 10:26:42.051,1.51389,1.51433,1.00,1.75
2016.11.21 10:26:42.168,1.51393,1.51434,1.00,1.75
2016.11.21 10:26:42.952,1.51389,1.51426,1.00,1.00
2016.11.21 10:26:43.223,1.51387,1.51426,1.00,1.00
2016.11.21 10:26:43.274,1.51394,1.51429,1.00,1.12
2016.11.21 10:26:43.778,1.51394,1.51428,1.00,1.00
2016.11.21 10:26:44.136,1.51383,1.51427,1.50,1.00
2016.11.21 10:26:44.437,1.51385,1.51427,1.00,1.50
2016.11.21 10:26:44.764,1.51383,1.51424,1.00,1.50
2016.11.21 10:26:45.160,1.51394,1.51428,1.00,1.95
2016.11.21 10:26:46.049,1.51394,1.51428,1.00,1.00
2016.11.21 10:26:46.595,1.51394,1.51429,1.00,1.00
2016.11.21 10:26:46.746,1.51384,1.51428,2.10,1.00
2016.11.21 10:26:46.847,1.51391,1.51432,1.00,1.50
2016.11.21 10:26:47.209,1.51394,1.51433,1.00,1.00
2016.11.21 10:26:47.260,1.51396,1.51436,1.00,1.00
2016.11.21 10:26:47.663,1.51394,1.51436,1.00,1.50
2016.11.21 10:26:48.528,1.51396,1.51436,1.00,1.00
2016.11.21 10:26:49.923,1.51396,1.51437,1.00,1.50
2016.11.21 10:26:50.275,1.51394,1.51433,1.00,1.00
2016.11.21 10:26:50.870,1.51393,1.51433,1.00,1.12
2016.11.21 10:26:52.428,1.51394,1.51433,1.00,1.12
2016.11.21 10:26:53.128,1.51393,1.51433,1.00,1.12
2016.11.21 10:26:55.673,1.51394,1.51434,1.00,1.50
2016.11.21 10:26:56.670,1.51394,1.51432,1.00,1.00
2016.11.21 10:26:59.798,1.51394,1.51434,1.00,1.50
2016.11.21 10:26:59.849,1.51392,1.51434,1.00,1.50
2016.11.21 10:26:59.950,1.51387,1.51429,1.00,1.00
2016.11.21 10:27:00.051,1.51385,1.51426,1.72,1.00
2016.11.21 10:27:00.737,1.51393,1.51427,1.00,1.00
2016.11.21 10:27:01.241,1.51394,1.51426,1.00,1.00
2016.11.21 10:27:03.115,1.51389,1.51434,1.00,1.50
2016.11.21 10:27:03.340,1.51394,1.51434,1.00,1.50
2016.11.21 10:27:03.724,1.51394,1.5143,1.00,1.00
2016.11.21 10:27:04.505,1.51393,1.5143,1.00,1.00
2016.11.21 10:27:04.631,1.51388,1.5143,1.00,1.00
2016.11.21 10:27:04.732,1.51394,1.5143,1.00,1.00
2016.11.21 10:27:04.863,1.51388,1.5143,1.00,1.00
2016.11.21 10:27:05.017,1.51393,1.5143,1.00,1.00
2016.11.21 10:27:06.007,1.51393,1.51428,1.00,1.00
2016.11.21 10:27:06.341,1.51386,1.51428,1.00,1.00
2016.11.21 10:27:06.508,1.5139,1.51433,1.00,1.12
2016.11.21 10:27:06.620,1.51393,1.51433,1.00,1.12
2016.11.21 10:27:06.922,1.51393,1.51429,1.00,1.75
2016.11.21 10:27:07.028,1.51386,1.51426,1.00,1.75
2016.11.21 10:27:07.129,1.51384,1.51426,1.50,1.75
2016.11.21 10:27:07.655,1.51383,1.51426,1.00,1.75
2016.11.21 10:27:08.111,1.51384,1.51424,1.60,1.12
2016.11.21 10:27:08.427,1.51393,1.51426,1.00,1.75
2016.11.21 10:27:10.234,1.51384,1.51426,1.00,1.75
2016.11.21 10:27:10.441,1.51384,1.51426,2.10,1.00
2016.11.21 10:27:10.542,1.5139,1.51432,1.00,1.00
2016.11.21 10:27:10.861,1.51393,1.51429,1.00,1.00
2016.11.21 10:27:11.155,1.51385,1.51428,1.00,1.00
2016.11.21 10:27:11.215,1.5139,1.51432,1.00,1.00
2016.11.21 10:27:11.538,1.51394,1.51431,1.00,1.00
2016.11.21 10:27:12.116,1.51394,1.5143,1.00,1.00
2016.11.21 10:27:13.919,1.51394,1.51426,1.00,1.00
2016.11.21 10:27:14.148,1.51387,1.51429,1.00,1.00
2016.11.21 10:27:14.333,1.51394,1.51429,1.00,1.00
2016.11.21 10:27:14.744,1.51394,1.51433,1.00,1.12
2016.11.21 10:27:14.844,1.51394,1.51435,1.50,1.00
2016.11.21 10:27:15.491,1.51393,1.51435,1.00,1.00
2016.11.21 10:27:15.542,1.51393,1.51433,1.00,1.00
2016.11.21 10:27:16.065,1.51393,1.51434,1.00,1.00
2016.11.21 10:27:17.445,1.51393,1.51432,1.00,1.00
2016.11.21 10:27:18.149,1.51394,1.51432,1.00,1.00
2016.11.21 10:27:18.504,1.51394,1.5143,1.00,1.00
2016.11.21 10:27:18.655,1.51394,1.51432,1.00,1.00
2016.11.21 10:27:19.437,1.51394,1.51434,1.00,1.50
2016.11.21 10:27:20.929,1.51395,1.51436,1.00,1.75
2016.11.21 10:27:21.644,1.51394,1.51436,1.00,2.25
2016.11.21 10:27:22.185,1.51398,1.51436,1.00,1.37
2016.11.21 10:27:22.236,1.51398,1.51436,1.00,1.00
2016.11.21 10:27:22.431,1.51396,1.51436,1.00,1.00
2016.11.21 10:27:23.015,1.51396,1.51437,1.00,1.00
2016.11.21 10:27:23.742,1.51396,1.51436,1.00,1.00
2016.11.21 10:27:23.843,1.51394,1.51436,1.50,1.00
2016.11.21 10:27:24.516,1.51394,1.51435,1.50,1.00
2016.11.21 10:27:25.676,1.51394,1.51436,1.50,1.00
2016.11.21 10:27:26.219,1.51395,1.51436,1.00,1.00
2016.11.21 10:27:26.935,1.51394,1.51436,1.00,1.50
2016.11.21 10:27:28.453,1.51397,1.51436,1.00,1.00
2016.11.21 10:27:29.775,1.51398,1.51436,1.00,1.00
2016.11.21 10:27:30.189,1.514,1.51436,1.00,1.00
2016.11.21 10:27:31.257,1.51402,1.51437,1.00,1.00
2016.11.21 10:27:31.462,1.51403,1.51446,1.00,1.50
2016.11.21 10:27:31.562,1.51405,1.51446,1.00,1.00
2016.11.21 10:27:32.152,1.51405,1.51447,1.00,1.50
2016.11.21 10:27:34.080,1.51405,1.51446,1.00,1.00
2016.11.21 10:27:34.780,1.51408,1.51446,1.00,1.00
2016.11.21 10:27:35.286,1.51408,1.51447,1.00,1.00
2016.11.21 10:27:35.978,1.51406,1.51447,1.00,1.00
2016.11.21 10:27:37.277,1.51406,1.51446,1.00,1.00
2016.11.21 10:27:37.846,1.51406,1.51447,1.00,1.00
2016.11.21 10:27:39.161,1.51406,1.51446,1.00,1.00
2016.11.21 10:27:41.955,1.51405,1.51446,1.00,1.00
2016.11.21 10:27:47.467,1.51411,1.51446,1.00,1.00
2016.11.21 10:27:48.497,1.51412,1.51446,1.00,1.00
2016.11.21 10:27:49.035,1.51414,1.51446,1.00,1.00
2016.11.21 10:27:50.299,1.51415,1.51446,1.00,1.00
2016.11.21 10:27:50.602,1.51412,1.51447,1.00,1.00
2016.11.21 10:27:51.121,1.51411,1.51447,1.00,1.00
2016.11.21 10:27:53.647,1.51411,1.51446,1.00,1.00
2016.11.21 10:27:55.985,1.51414,1.51447,1.00,1.00
2016.11.21 10:27:56.476,1.51412,1.51446,1.00,1.00
2016.11.21 10:27:56.747,1.51414,1.51456,1.00,1.50
2016.11.21 10:27:56.875,1.51417,1.51456,1.00,1.00
2016.11.21 10:27:57.675,1.51416,1.51456,1.00,1.00
2016.11.21 10:27:58.217,1.51417,1.51456,1.00,1.00
2016.11.21 10:28:00.848,1.51417,1.51457,1.00,1.50
2016.11.21 10:28:02.481,1.51414,1.51456,1.00,1.00
2016.11.21 10:28:03.011,1.51414,1.51453,1.00,1.00
2016.11.21 10:28:03.693,1.51413,1.51453,1.00,1.00
2016.11.21 10:28:04.218,1.51414,1.51453,1.00,1.00
2016.11.21 10:28:04.330,1.51414,1.51455,1.00,1.12
2016.11.21 10:28:04.921,1.51413,1.51455,1.50,1.12
2016.11.21 10:28:05.762,1.51414,1.51455,1.00,1.12
2016.11.21 10:28:06.339,1.51413,1.51455,1.00,1.12
2016.11.21 10:28:06.390,1.51415,1.51456,1.00,1.37
2016.11.21 10:28:06.909,1.51416,1.51456,1.00,1.37
2016.11.21 10:28:08.885,1.51418,1.51462,1.00,1.37
2016.11.21 10:28:08.936,1.51424,1.51464,1.00,1.50
2016.11.21 10:28:12.449,1.51433,1.51463,1.00,1.37
2016.11.21 10:28:12.550,1.51433,1.51468,1.00,1.00
2016.11.21 10:28:12.993,1.51434,1.51466,1.00,1.00
2016.11.21 10:28:13.044,1.51428,1.5147,1.00,1.00
2016.11.21 10:28:13.144,1.51425,1.51467,1.12,1.00
2016.11.21 10:28:13.710,1.51433,1.51468,1.00,1.00
2016.11.21 10:28:14.111,1.51423,1.51467,2.25,1.50
2016.11.21 10:28:14.535,1.51434,1.51466,1.00,1.00
2016.11.21 10:28:15.212,1.51444,1.51468,1.00,1.00
2016.11.21 10:28:17.212,1.51444,1.51467,1.00,1.00
2016.11.21 10:28:17.727,1.51444,1.51468,1.00,1.00
2016.11.21 10:28:20.109,1.51444,1.51467,1.00,1.00
2016.11.21 10:28:20.159,1.51434,1.51467,1.00,1.00
2016.11.21 10:28:20.289,1.51434,1.51467,1.00,1.37
2016.11.21 10:28:20.653,1.51434,1.51462,1.00,1.00
2016.11.21 10:28:20.947,1.51424,1.51462,1.00,1.00
2016.11.21 10:28:21.213,1.51433,1.51463,1.00,1.00
2016.11.21 10:28:21.448,1.51424,1.51463,1.00,1.00
2016.11.21 10:28:22.199,1.51424,1.51464,1.00,1.00
2016.11.21 10:28:22.250,1.51434,1.51464,1.00,1.00
2016.11.21 10:28:22.350,1.51425,1.51465,1.00,1.00
2016.11.21 10:28:22.852,1.51423,1.51465,1.50,1.00
2016.11.21 10:28:23.354,1.51424,1.51462,1.00,1.00
2016.11.21 10:28:23.764,1.51424,1.5146,1.00,1.00
2016.11.21 10:28:25.358,1.51424,1.51462,1.00,1.00
2016.11.21 10:28:25.762,1.51424,1.51457,1.00,1.00
2016.11.21 10:28:26.013,1.51423,1.5146,1.00,1.00
2016.11.21 10:28:26.130,1.51416,1.51456,1.50,1.00
2016.11.21 10:28:26.352,1.51419,1.51461,1.00,1.00
2016.11.21 10:28:26.453,1.51422,1.51457,1.00,1.00
2016.11.21 10:28:26.554,1.51424,1.51464,1.00,1.00
2016.11.21 10:28:26.963,1.51424,1.51461,1.00,1.00
2016.11.21 10:28:27.915,1.51424,1.51462,1.00,1.00
2016.11.21 10:28:28.319,1.51423,1.51465,1.00,1.50
2016.11.21 10:28:28.835,1.51424,1.51462,1.00,1.00
2016.11.21 10:28:29.821,1.51424,1.51463,1.00,1.00
2016.11.21 10:28:30.725,1.51423,1.51463,1.00,1.00
2016.11.21 10:28:35.124,1.51423,1.51461,1.00,1.00
2016.11.21 10:28:35.628,1.51423,1.51462,1.00,1.00
2016.11.21 10:28:38.728,1.51423,1.51461,1.00,1.00
2016.11.21 10:28:39.447,1.51423,1.51462,1.00,1.00
2016.11.21 10:28:42.032,1.51423,1.51466,1.00,1.75
2016.11.21 10:28:42.718,1.51424,1.51466,1.00,2.25
2016.11.21 10:28:46.748,1.51425,1.51466,1.00,1.75
2016.11.21 10:28:47.051,1.51429,1.51473,1.50,1.00
2016.11.21 10:28:47.325,1.51434,1.51473,1.00,1.00
2016.11.21 10:28:47.639,1.51434,1.5147,1.00,1.00
2016.11.21 10:28:47.742,1.51426,1.51468,2.10,1.00
2016.11.21 10:28:47.793,1.51433,1.51468,1.05,1.00
2016.11.21 10:28:47.966,1.51435,1.51477,1.37,1.00
2016.11.21 10:28:48.016,1.51435,1.51477,1.75,1.00
2016.11.21 10:28:48.328,1.51433,1.51473,1.37,1.00
2016.11.21 10:28:48.378,1.51433,1.51471,1.00,1.00
2016.11.21 10:28:49.180,1.51433,1.5147,1.00,1.00
2016.11.21 10:28:49.485,1.51433,1.51465,1.00,1.00
2016.11.21 10:28:49.776,1.51433,1.51467,1.00,1.00
2016.11.21 10:28:50.186,1.51433,1.51464,1.00,1.00
2016.11.21 10:28:50.286,1.51434,1.51466,1.00,1.00
2016.11.21 10:28:50.432,1.51424,1.51465,1.00,1.00
2016.11.21 10:28:51.088,1.51423,1.51465,1.50,1.00
2016.11.21 10:28:52.245,1.51424,1.51465,1.00,1.00
2016.11.21 10:28:52.295,1.51424,1.51463,1.00,1.00
2016.11.21 10:28:52.597,1.51434,1.51466,1.00,1.00
2016.11.21 10:28:52.736,1.51424,1.51466,2.70,1.00
2016.11.21 10:28:53.272,1.51424,1.51467,1.95,1.00
2016.11.21 10:28:54.261,1.51424,1.51466,1.95,1.00
2016.11.21 10:29:01.767,1.51433,1.51469,1.00,1.00
2016.11.21 10:29:02.082,1.51427,1.51466,1.75,1.00
2016.11.21 10:29:06.355,1.51434,1.51468,1.00,1.00
2016.11.21 10:29:06.405,1.51434,1.51471,1.00,1.00
2016.11.21 10:29:06.555,1.51427,1.51466,1.75,1.00
2016.11.21 10:29:07.797,1.51427,1.51471,1.75,1.00
2016.11.21 10:29:07.898,1.51433,1.51467,1.00,1.00
2016.11.21 10:29:10.599,1.51434,1.51473,1.00,1.35
2016.11.21 10:29:12.374,1.51434,1.51472,1.00,1.00
2016.11.21 10:29:12.876,1.51434,1.51475,1.00,1.72
2016.11.21 10:29:13.194,1.51434,1.5147,1.00,1.00
2016.11.21 10:29:14.184,1.51434,1.51469,1.00,1.00
2016.11.21 10:29:14.514,1.51434,1.51467,1.00,1.00
2016.11.21 10:29:14.666,1.51425,1.51466,1.50,1.00
2016.11.21 10:29:16.067,1.51433,1.51467,1.00,1.00
2016.11.21 10:29:16.417,1.51433,1.51465,1.00,1.00
2016.11.21 10:29:16.918,1.51433,1.51467,1.00,1.00
2016.11.21 10:29:17.870,1.51444,1.51467,1.00,1.00
2016.11.21 10:29:18.855,1.51444,1.51469,1.00,1.00
2016.11.21 10:29:19.111,1.51444,1.51471,1.00,1.00
2016.11.21 10:29:23.278,1.51434,1.51471,1.00,1.00
2016.11.21 10:29:23.415,1.51434,1.51473,1.00,1.35
2016.11.21 10:29:23.716,1.51434,1.5147,1.00,1.00
2016.11.21 10:29:26.952,1.51434,1.51472,1.00,1.00
2016.11.21 10:29:27.301,1.51444,1.51472,1.00,1.00
2016.11.21 10:29:27.351,1.51444,1.51476,1.00,1.50
2016.11.21 10:29:28.090,1.51443,1.51477,1.00,2.25
2016.11.21 10:29:29.417,1.51454,1.51477,1.00,1.37
2016.11.21 10:29:29.468,1.51454,1.5148,1.00,1.00
2016.11.21 10:29:29.569,1.51443,1.51482,1.00,1.00
2016.11.21 10:29:29.772,1.51443,1.5148,1.00,1.00
2016.11.21 10:29:30.146,1.51444,1.51478,1.00,1.00
2016.11.21 10:29:30.449,1.51444,1.51476,1.00,1.00
2016.11.21 10:29:31.847,1.51444,1.51473,1.00,1.00
2016.11.21 10:29:31.897,1.51433,1.51473,1.12,1.00
2016.11.21 10:29:32.036,1.51444,1.51473,1.00,1.00
2016.11.21 10:29:32.349,1.51433,1.5147,1.00,1.00
2016.11.21 10:29:32.449,1.51433,1.51473,1.00,1.00
2016.11.21 10:29:32.629,1.51433,1.51471,1.00,1.00
2016.11.21 10:29:33.251,1.51433,1.51469,1.00,1.00
2016.11.21 10:29:33.363,1.51433,1.51471,1.00,1.00
2016.11.21 10:29:33.429,1.51433,1.51473,1.00,1.00
2016.11.21 10:29:33.560,1.51434,1.51471,1.00,1.00
2016.11.21 10:29:33.868,1.51434,1.51466,1.00,1.00
2016.11.21 10:29:34.561,1.51434,1.51467,1.00,1.00
2016.11.21 10:29:35.098,1.51433,1.51467,1.00,1.00
2016.11.21 10:29:35.629,1.51434,1.51467,1.00,1.00
2016.11.21 10:29:35.867,1.51434,1.5147,1.00,1.60
2016.11.21 10:29:37.071,1.51433,1.5147,1.00,1.60
2016.11.21 10:29:39.212,1.51433,1.5147,1.00,1.60
2016.11.21 10:29:39.742,1.51434,1.51466,1.00,1.00
2016.11.21 10:29:40.402,1.51434,1.51468,1.00,1.60
2016.11.21 10:29:43.273,1.51433,1.51466,1.00,1.00
2016.11.21 10:29:43.566,1.51423,1.51466,1.50,1.00
2016.11.21 10:29:44.515,1.51434,1.51466,1.00,1.00
2016.11.21 10:29:45.310,1.51434,1.51465,1.00,1.00
2016.11.21 10:29:45.475,1.51424,1.51465,1.50,1.60
2016.11.21 10:29:45.676,1.51424,1.5146,1.00,1.00
2016.11.21 10:29:46.081,1.51423,1.51458,1.00,1.00
2016.11.21 10:29:50.175,1.51424,1.51458,1.00,1.00
2016.11.21 10:29:51.552,1.51424,1.51459,1.00,1.00
2016.11.21 10:29:52.212,1.51423,1.51462,1.00,2.10
2016.11.21 10:29:52.905,1.51415,1.51457,1.00,1.00
2016.11.21 10:29:53.457,1.51418,1.51457,1.00,1.00
2016.11.21 10:29:53.798,1.51423,1.51463,1.00,1.60
2016.11.21 10:29:54.382,1.51424,1.51463,1.00,1.60
2016.11.21 10:29:55.000,1.51423,1.51463,1.00,1.60
2016.11.21 10:29:56.701,1.51423,1.51461,1.00,1.00
2016.11.21 10:29:57.237,1.51423,1.51462,1.00,1.35
2016.11.21 10:29:58.305,1.51423,1.51463,1.00,1.00
2016.11.21 10:29:59.258,1.51424,1.51465,1.50,1.60
2016.11.21 10:30:02.187,1.51422,1.51464,1.00,1.35
2016.11.21 10:30:02.368,1.51424,1.51467,1.00,1.35
2016.11.21 10:30:02.603,1.51422,1.51464,1.00,1.35
2016.11.21 10:30:02.654,1.51424,1.51464,1.00,1.35
2016.11.21 10:30:03.005,1.51423,1.5146,1.00,1.00
2016.11.21 10:30:03.106,1.51424,1.51463,1.00,1.00
2016.11.21 10:30:03.206,1.5142,1.51463,1.00,1.00
2016.11.21 10:30:03.360,1.51423,1.51463,1.00,1.00
2016.11.21 10:30:03.634,1.51423,1.51465,1.50,1.00
2016.11.21 10:30:03.871,1.51424,1.51462,1.00,1.00
2016.11.21 10:30:04.244,1.51424,1.51462,1.00,1.60
2016.11.21 10:30:05.969,1.51418,1.51456,1.50,1.00
2016.11.21 10:30:06.466,1.51423,1.51462,1.00,1.60
2016.11.21 10:30:06.574,1.51418,1.51457,1.50,1.00
2016.11.21 10:30:06.775,1.51413,1.51457,1.50,1.50
2016.11.21 10:30:06.826,1.51415,1.51457,1.00,1.00
2016.11.21 10:30:09.227,1.51418,1.51457,1.00,1.00
2016.11.21 10:30:09.756,1.51423,1.51459,1.00,1.67
2016.11.21 10:30:09.857,1.51415,1.51456,1.00,1.00
2016.11.21 10:30:10.061,1.51424,1.51459,1.00,1.50
2016.11.21 10:30:10.363,1.51424,1.51456,1.00,1.00
2016.11.21 10:30:10.465,1.51413,1.51454,1.20,1.00
2016.11.21 10:30:10.526,1.5142,1.51462,1.20,1.37
2016.11.21 10:30:10.576,1.5142,1.51462,1.20,1.00
2016.11.21 10:30:10.627,1.51422,1.51464,1.37,1.00
2016.11.21 10:30:11.075,1.51433,1.51467,1.00,1.00
2016.11.21 10:30:11.241,1.51423,1.51467,1.87,1.00
2016.11.21 10:30:11.583,1.51433,1.51467,1.00,1.00
2016.11.21 10:30:11.635,1.51433,1.51469,1.00,1.00
2016.11.21 10:30:11.902,1.51433,1.51467,1.00,1.00
2016.11.21 10:30:12.546,1.51424,1.51466,1.00,1.00
2016.11.21 10:30:12.706,1.51424,1.51463,1.00,1.00
2016.11.21 10:30:13.201,1.51424,1.5146,1.00,1.00
2016.11.21 10:30:13.737,1.51424,1.51459,1.00,1.00
2016.11.21 10:30:14.438,1.51423,1.51459,1.00,1.00
2016.11.21 10:30:15.090,1.51423,1.51463,1.00,1.00
2016.11.21 10:30:15.298,1.51424,1.51466,1.00,1.87
2016.11.21 10:30:15.500,1.51426,1.51466,1.00,1.12
2016.11.21 10:30:15.600,1.51424,1.51466,1.00,1.87
2016.11.21 10:30:17.301,1.51426,1.51468,1.00,1.75
2016.11.21 10:30:17.726,1.51424,1.51466,1.00,1.12
2016.11.21 10:30:18.121,1.51424,1.51463,1.00,1.00
2016.11.21 10:30:18.436,1.51424,1.51461,1.00,1.00
2016.11.21 10:30:18.537,1.51424,1.51463,1.00,1.00
2016.11.21 10:30:19.122,1.51423,1.51463,1.00,1.00
2016.11.21 10:30:19.865,1.51423,1.51462,1.00,1.00
2016.11.21 10:30:20.059,1.51418,1.51462,1.12,1.00
2016.11.21 10:30:20.110,1.51419,1.5146,1.00,1.37
2016.11.21 10:30:20.211,1.51416,1.5146,1.00,1.37
2016.11.21 10:30:20.362,1.51416,1.51457,1.00,1.00
2016.11.21 10:30:21.898,1.51414,1.51456,1.00,1.00
2016.11.21 10:30:22.799,1.51416,1.51457,1.00,1.00
2016.11.21 10:30:23.339,1.51416,1.51456,1.00,1.00
2016.11.21 10:30:23.815,1.51418,1.51456,1.00,1.00
2016.11.21 10:30:24.390,1.5142,1.51456,1.00,1.00
2016.11.21 10:30:24.502,1.51418,1.51456,1.00,1.00
2016.11.21 10:30:24.704,1.51423,1.51462,1.00,1.75
2016.11.21 10:30:24.804,1.51421,1.51463,1.00,3.00
2016.11.21 10:30:24.905,1.51423,1.51464,1.00,1.75
2016.11.21 10:30:25.106,1.51421,1.51464,1.00,1.75
2016.11.21 10:30:25.165,1.51423,1.51464,1.00,1.75
2016.11.21 10:30:25.466,1.5142,1.51457,1.00,1.00
2016.11.21 10:30:27.097,1.5142,1.51463,1.00,1.00
2016.11.21 10:30:27.369,1.51424,1.51463,1.00,1.00
2016.11.21 10:30:27.687,1.5142,1.51457,1.00,1.00
2016.11.21 10:30:27.769,1.51423,1.51463,1.00,1.00
2016.11.21 10:30:28.171,1.5142,1.51463,1.00,1.00
2016.11.21 10:30:28.470,1.51424,1.51463,1.00,1.00
2016.11.21 10:30:28.771,1.5142,1.51457,1.00,1.00
2016.11.21 10:30:29.511,1.51417,1.51457,1.75,1.00
2016.11.21 10:30:30.674,1.51423,1.51463,1.00,1.00
2016.11.21 10:30:31.745,1.51423,1.51461,1.00,1.00
2016.11.21 10:30:32.823,1.51421,1.51457,1.00,1.00
2016.11.21 10:30:34.395,1.51421,1.51463,1.00,1.00
2016.11.21 10:30:34.679,1.51421,1.51457,1.00,1.00
2016.11.21 10:30:34.779,1.51424,1.51463,1.00,1.00
2016.11.21 10:30:35.016,1.51424,1.51465,1.00,1.00
2016.11.21 10:30:35.180,1.5142,1.51456,1.00,1.00
2016.11.21 10:30:36.990,1.5142,1.51465,1.00,1.50
2016.11.21 10:30:37.041,1.51423,1.51466,1.00,2.25
2016.11.21 10:30:37.343,1.5142,1.51456,1.00,1.00
2016.11.21 10:30:37.923,1.51415,1.51456,1.75,1.00
2016.11.21 10:30:38.507,1.51415,1.51457,1.75,1.50
2016.11.21 10:30:38.809,1.51404,1.51446,1.37,1.35
2016.11.21 10:30:38.859,1.51404,1.51444,1.00,1.00
2016.11.21 10:30:39.069,1.51405,1.51446,1.00,1.00
2016.11.21 10:30:39.170,1.51408,1.51446,1.00,1.00
2016.11.21 10:30:39.449,1.51406,1.51447,1.00,1.00
2016.11.21 10:30:39.824,1.51409,1.51447,1.00,1.00
2016.11.21 10:30:40.539,1.51414,1.51451,1.00,1.35
2016.11.21 10:30:40.730,1.51409,1.51447,1.00,1.00
2016.11.21 10:30:46.096,1.51408,1.51447,1.00,1.00
2016.11.21 10:30:46.197,1.51405,1.51447,1.50,1.00
2016.11.21 10:30:46.712,1.51405,1.51446,1.00,1.50
2016.11.21 10:30:48.331,1.51404,1.51446,1.50,1.00
2016.11.21 10:30:48.874,1.51404,1.51445,1.00,1.00
2016.11.21 10:30:49.430,1.51404,1.51446,1.00,1.50
2016.11.21 10:30:49.951,1.51405,1.51446,1.00,1.00
2016.11.21 10:30:50.438,1.51404,1.51444,1.00,1.00
2016.11.21 10:30:51.267,1.51403,1.51444,1.00,1.00
2016.11.21 10:30:54.142,1.51402,1.51436,1.00,1.00
2016.11.21 10:30:54.945,1.514,1.51436,1.00,1.00
2016.11.21 10:30:55.124,1.51404,1.51442,1.00,1.00
2016.11.21 10:30:55.313,1.514,1.51437,1.00,1.00
2016.11.21 10:30:55.514,1.51403,1.51442,1.00,1.00
2016.11.21 10:30:56.053,1.51399,1.51437,1.00,1.00
2016.11.21 10:30:56.305,1.51386,1.51425,1.00,1.00
2016.11.21 10:30:57.265,1.51387,1.51426,1.00,1.00
2016.11.21 10:30:57.529,1.51387,1.51429,1.00,1.00
2016.11.21 10:30:57.579,1.51386,1.51427,1.00,1.00
2016.11.21 10:30:57.919,1.51386,1.51424,1.00,1.00
2016.11.21 10:30:58.264,1.51386,1.51427,1.00,1.00
2016.11.21 10:30:58.820,1.51386,1.51426,1.00,1.00
2016.11.21 10:31:00.894,1.51388,1.51426,1.00,1.00
2016.11.21 10:31:01.026,1.51388,1.51429,1.00,1.00
2016.11.21 10:31:01.200,1.51388,1.51432,1.00,1.00
2016.11.21 10:31:01.260,1.51391,1.51435,1.00,1.00
2016.11.21 10:31:01.655,1.51394,1.51435,1.00,1.00
2016.11.21 10:31:02.163,1.51394,1.51429,1.00,1.00
2016.11.21 10:31:02.364,1.51388,1.51426,1.00,1.00
2016.11.21 10:31:02.465,1.51386,1.51426,1.00,1.00
2016.11.21 10:31:02.666,1.51386,1.51424,1.00,1.00
2016.11.21 10:31:02.982,1.51384,1.51421,1.00,1.00
2016.11.21 10:31:03.378,1.51383,1.51419,1.00,1.00
2016.11.21 10:31:03.680,1.51377,1.51416,1.75,1.00
2016.11.21 10:31:03.732,1.51384,1.51421,1.00,1.00
2016.11.21 10:31:03.952,1.5138,1.51416,1.50,1.00
2016.11.21 10:31:04.053,1.51384,1.51423,1.00,1.60
2016.11.21 10:31:04.478,1.51379,1.51421,1.75,1.00
2016.11.21 10:31:04.580,1.51382,1.51416,1.00,1.00
2016.11.21 10:31:04.635,1.51384,1.51425,1.00,1.00
2016.11.21 10:31:04.847,1.51383,1.51427,1.50,1.50
2016.11.21 10:31:05.392,1.51384,1.51426,1.00,1.00
2016.11.21 10:31:05.922,1.51385,1.51426,1.00,1.00
2016.11.21 10:31:06.269,1.51394,1.51429,1.00,1.00
2016.11.21 10:31:06.823,1.51394,1.5143,1.00,1.00
2016.11.21 10:31:07.261,1.51404,1.5143,1.00,1.00
2016.11.21 10:31:07.816,1.51404,1.51431,1.00,1.00
2016.11.21 10:31:09.072,1.51404,1.51433,1.00,1.00
2016.11.21 10:31:09.272,1.51404,1.51435,1.00,1.72
2016.11.21 10:31:09.483,1.51394,1.51435,1.00,1.12
2016.11.21 10:31:09.753,1.51404,1.51435,1.00,1.12
2016.11.21 10:31:11.162,1.51394,1.51437,1.00,1.75
2016.11.21 10:31:11.298,1.51394,1.51433,1.00,1.00
2016.11.21 10:31:12.361,1.51403,1.51433,1.00,1.00
2016.11.21 10:31:12.851,1.51393,1.51433,1.00,1.00
2016.11.21 10:31:13.283,1.51394,1.51436,1.00,1.50
2016.11.21 10:31:14.462,1.51404,1.51436,1.00,1.50
2016.11.21 10:31:14.704,1.51403,1.51441,1.00,1.00
2016.11.21 10:31:15.225,1.51404,1.51437,1.00,1.00
2016.11.21 10:31:15.376,1.51395,1.51436,1.00,1.12
2016.11.21 10:31:15.647,1.51394,1.5143,1.00,1.00
2016.11.21 10:31:15.697,1.51388,1.51427,1.72,1.00
2016.11.21 10:31:15.965,1.51394,1.51428,1.00,1.00
2016.11.21 10:31:16.592,1.51394,1.51434,1.00,1.75
2016.11.21 10:31:17.229,1.51394,1.51428,1.00,1.00
2016.11.21 10:31:17.581,1.51394,1.51426,1.00,1.00
2016.11.21 10:31:18.083,1.51394,1.51427,1.00,1.00
2016.11.21 10:31:18.719,1.51384,1.51426,1.50,1.00
2016.11.21 10:31:18.818,1.51384,1.51424,1.00,1.00
2016.11.21 10:31:19.169,1.51394,1.51424,1.00,1.00
2016.11.21 10:31:19.220,1.51394,1.51428,1.00,1.00
2016.11.21 10:31:19.322,1.51394,1.51426,1.00,1.00
2016.11.21 10:31:19.423,1.51394,1.51428,1.00,1.00
2016.11.21 10:31:19.766,1.51394,1.51425,1.00,1.00
2016.11.21 10:31:19.870,1.51384,1.51424,1.00,1.00
2016.11.21 10:31:20.126,1.51384,1.51422,1.00,1.00
2016.11.21 10:31:20.220,1.51384,1.51424,1.00,1.12
2016.11.21 10:31:20.886,1.51394,1.5143,1.00,1.57
2016.11.21 10:31:21.569,1.51393,1.51432,1.00,1.75
2016.11.21 10:31:21.626,1.51389,1.51427,1.00,1.00
2016.11.21 10:31:21.728,1.51386,1.51429,1.00,1.45
2016.11.21 10:31:21.829,1.51386,1.51427,1.00,1.75
2016.11.21 10:31:22.062,1.51384,1.51425,1.00,1.75
2016.11.21 10:31:22.557,1.51387,1.51428,1.00,1.20
2016.11.21 10:31:22.608,1.51387,1.51431,1.60,1.50
2016.11.21 10:31:22.659,1.51386,1.51427,1.60,1.00
2016.11.21 10:31:22.813,1.51382,1.51423,1.00,1.00
2016.11.21 10:31:22.864,1.51384,1.51423,1.00,1.00
2016.11.21 10:31:22.979,1.51382,1.51423,1.00,1.00
2016.11.21 10:31:23.029,1.51384,1.51425,1.00,1.37
2016.11.21 10:31:23.689,1.51383,1.51424,1.00,1.12
2016.11.21 10:31:24.662,1.51381,1.51424,1.00,1.12
2016.11.21 10:31:24.952,1.51379,1.51423,3.00,1.00
2016.11.21 10:31:25.160,1.51384,1.51421,1.00,1.00
2016.11.21 10:31:25.363,1.51375,1.51416,1.37,1.00
2016.11.21 10:31:25.414,1.51375,1.51418,1.37,1.00
2016.11.21 10:31:25.464,1.51378,1.5142,1.00,1.00
2016.11.21 10:31:25.784,1.51384,1.5142,1.00,1.00
2016.11.21 10:31:26.200,1.51384,1.51418,1.00,1.00
2016.11.21 10:31:26.360,1.51384,1.51421,1.00,1.00
2016.11.21 10:31:26.816,1.51377,1.51421,1.00,1.00
2016.11.21 10:31:26.917,1.51383,1.51421,1.00,1.00
2016.11.21 10:31:27.018,1.51375,1.51418,1.37,1.00
2016.11.21 10:31:27.251,1.51383,1.5142,1.00,1.00
2016.11.21 10:31:28.383,1.51383,1.51418,1.00,1.50
2016.11.21 10:31:29.522,1.51384,1.51416,1.00,1.12
2016.11.21 10:31:34.847,1.51383,1.51416,1.00,1.12
2016.11.21 10:31:41.077,1.51384,1.51423,1.00,1.95
2016.11.21 10:31:41.228,1.51385,1.51425,1.25,1.20
2016.11.21 10:31:41.279,1.51385,1.51426,1.25,1.20
2016.11.21 10:31:41.379,1.51393,1.51427,1.00,1.75
2016.11.21 10:31:41.537,1.51388,1.51426,1.00,1.50
2016.11.21 10:31:41.588,1.51384,1.51425,1.69,1.12
2016.11.21 10:31:41.638,1.51394,1.51425,1.00,1.12
2016.11.21 10:31:42.774,1.51393,1.51429,1.00,1.75
2016.11.21 10:31:43.147,1.51393,1.51429,1.00,1.00
2016.11.21 10:31:47.074,1.51393,1.5143,1.00,1.00
2016.11.21 10:31:47.175,1.51393,1.51432,1.00,1.00
2016.11.21 10:31:47.276,1.51394,1.51437,1.00,1.00
2016.11.21 10:31:47.377,1.51397,1.51437,1.00,1.00
2016.11.21 10:31:47.704,1.51403,1.51438,1.00,1.00
2016.11.21 10:31:48.459,1.51395,1.51438,1.75,1.00
2016.11.21 10:31:48.567,1.51397,1.51441,1.12,1.00
2016.11.21 10:31:48.731,1.51404,1.51441,1.00,1.00
2016.11.21 10:31:50.734,1.51403,1.51441,1.00,1.00
2016.11.21 10:31:51.245,1.51403,1.51441,1.00,1.37
2016.11.21 10:31:51.576,1.51403,1.51438,1.00,1.00
2016.11.21 10:31:52.400,1.51403,1.51437,1.00,1.00
2016.11.21 10:31:52.451,1.51394,1.51437,1.00,1.00
2016.11.21 10:31:52.667,1.51397,1.51438,1.00,1.00
2016.11.21 10:31:53.236,1.51403,1.51438,1.00,1.00
2016.11.21 10:31:54.366,1.51403,1.5144,1.00,1.12
2016.11.21 10:31:54.672,1.51403,1.51438,1.00,1.00
2016.11.21 10:31:55.504,1.51403,1.51437,1.00,1.00
2016.11.21 10:31:55.771,1.51397,1.51438,1.60,1.00
2016.11.21 10:31:56.174,1.51403,1.51437,1.00,1.00
2016.11.21 10:31:56.684,1.51404,1.51437,1.00,1.00
2016.11.21 10:31:56.862,1.51393,1.51437,1.50,1.00
2016.11.21 10:31:56.945,1.51404,1.51437,1.00,1.00
2016.11.21 10:31:57.482,1.51404,1.51439,1.00,1.00
2016.11.21 10:31:57.883,1.51397,1.51439,1.72,1.00
2016.11.21 10:31:57.984,1.51403,1.5144,1.00,1.00
2016.11.21 10:31:58.589,1.51404,1.51443,1.00,1.00
2016.11.21 10:31:58.891,1.51397,1.51439,1.12,1.00
2016.11.21 10:31:58.992,1.51403,1.51439,1.00,1.00
2016.11.21 10:31:59.590,1.51404,1.5144,1.00,1.00
2016.11.21 10:32:00.133,1.51404,1.51441,1.00,1.00
2016.11.21 10:32:00.634,1.51403,1.51441,1.00,1.00
2016.11.21 10:32:00.776,1.51403,1.51443,1.00,1.00
2016.11.21 10:32:01.076,1.51403,1.51441,1.00,1.00
2016.11.21 10:32:01.524,1.51404,1.51443,1.00,1.00
2016.11.21 10:32:02.267,1.51403,1.51443,1.00,1.00
2016.11.21 10:32:02.318,1.51403,1.5144,1.00,1.00
2016.11.21 10:32:02.419,1.51403,1.51442,1.00,1.00
2016.11.21 10:32:02.570,1.51404,1.51436,1.00,1.00
2016.11.21 10:32:03.722,1.51414,1.51442,1.00,1.00
2016.11.21 10:32:03.831,1.51403,1.51437,1.00,1.00
2016.11.21 10:32:04.254,1.51404,1.51442,1.00,1.00
2016.11.21 10:32:04.511,1.51404,1.51444,1.00,1.00
2016.11.21 10:32:05.085,1.51403,1.51444,1.00,1.00
2016.11.21 10:32:05.676,1.51404,1.51446,2.47,1.00
2016.11.21 10:32:05.727,1.51406,1.51449,1.00,1.00
2016.11.21 10:32:05.827,1.51406,1.51447,1.00,1.00
2016.11.21 10:32:06.147,1.51409,1.51447,1.50,1.00
2016.11.21 10:32:06.668,1.51414,1.51453,1.00,1.00
2016.11.21 10:32:07.128,1.51409,1.51447,1.50,1.00
2016.11.21 10:32:07.445,1.51409,1.5145,1.50,1.00
2016.11.21 10:32:07.495,1.51404,1.51445,1.75,1.00
2016.11.21 10:32:07.596,1.51404,1.51445,1.00,1.00
2016.11.21 10:32:08.101,1.51403,1.51444,1.00,1.00
2016.11.21 10:32:08.325,1.51403,1.51442,1.00,1.00
2016.11.21 10:32:08.627,1.51404,1.5144,1.00,1.00
2016.11.21 10:32:09.205,1.51404,1.51438,1.00,1.00
2016.11.21 10:32:09.356,1.51394,1.51437,1.37,1.00
2016.11.21 10:32:09.407,1.51394,1.51434,1.37,1.00
2016.11.21 10:32:12.493,1.51394,1.51435,1.37,1.00
2016.11.21 10:32:15.814,1.51393,1.51431,1.00,1.00
2016.11.21 10:32:16.164,1.51394,1.51429,1.00,1.00
2016.11.21 10:32:16.215,1.51394,1.51431,1.00,1.00
2016.11.21 10:32:18.730,1.51394,1.51428,1.00,1.00
2016.11.21 10:32:19.222,1.51396,1.5143,1.60,1.00
2016.11.21 10:32:19.323,1.51404,1.51439,1.00,1.00
2016.11.21 10:32:19.378,1.51404,1.51443,1.00,1.00
2016.11.21 10:32:19.428,1.51414,1.51446,1.00,1.00
2016.11.21 10:32:19.987,1.51413,1.51447,1.00,1.12
2016.11.21 10:32:20.324,1.51413,1.51445,1.00,1.00
2016.11.21 10:32:21.333,1.51403,1.51445,1.50,1.00
2016.11.21 10:32:21.706,1.51404,1.51443,1.00,1.00
2016.11.21 10:32:22.319,1.51403,1.51443,1.00,1.00
2016.11.21 10:32:23.372,1.51404,1.51444,1.00,1.00
2016.11.21 10:32:25.645,1.51404,1.5144,1.00,1.00
2016.11.21 10:32:25.768,1.51404,1.51442,1.00,1.00
2016.11.21 10:32:25.819,1.51404,1.51445,1.50,1.00
2016.11.21 10:32:25.970,1.51413,1.51445,1.00,1.00
2016.11.21 10:32:26.522,1.51414,1.51445,1.00,1.00
2016.11.21 10:32:28.647,1.51414,1.51442,1.00,1.00
2016.11.21 10:32:29.174,1.51414,1.51443,1.00,1.00
2016.11.21 10:32:29.828,1.51414,1.51446,1.00,1.50
2016.11.21 10:32:30.568,1.51414,1.51444,1.00,1.00
2016.11.21 10:32:35.243,1.51414,1.51446,1.00,1.50
2016.11.21 10:32:35.466,1.51414,1.51443,1.00,1.00
2016.11.21 10:32:36.335,1.51413,1.51443,1.00,1.00
2016.11.21 10:32:36.443,1.51413,1.51445,1.00,1.00
2016.11.21 10:32:38.941,1.51414,1.51445,1.00,1.00
2016.11.21 10:32:39.464,1.51414,1.51444,1.00,1.00
2016.11.21 10:32:40.149,1.51414,1.51447,1.00,1.12
2016.11.21 10:32:40.541,1.51404,1.51446,2.10,1.00
2016.11.21 10:32:40.671,1.51413,1.51447,1.00,1.00
2016.11.21 10:32:41.298,1.51413,1.51448,1.00,1.00
2016.11.21 10:32:42.248,1.51413,1.5145,1.00,1.12
2016.11.21 10:32:46.118,1.51414,1.5145,1.00,1.12
2016.11.21 10:32:47.520,1.51405,1.51447,1.35,1.00
2016.11.21 10:32:50.405,1.51413,1.5145,1.00,1.12
2016.11.21 10:32:50.994,1.51413,1.51451,1.00,1.00
2016.11.21 10:32:51.542,1.51413,1.51452,1.00,1.00
2016.11.21 10:32:52.244,1.51414,1.51452,1.00,1.00
2016.11.21 10:32:52.545,1.51414,1.5145,1.00,1.00
2016.11.21 10:32:53.342,1.51413,1.5145,1.00,1.00
2016.11.21 10:32:53.744,1.51424,1.51451,1.00,1.00
2016.11.21 10:32:53.794,1.51424,1.51453,1.00,1.00
2016.11.21 10:32:53.845,1.51414,1.51453,1.00,1.00
2016.11.21 10:32:54.125,1.51423,1.51453,1.00,1.00
2016.11.21 10:32:54.176,1.51413,1.51453,1.00,1.00
2016.11.21 10:32:55.931,1.51414,1.51453,1.00,1.00
2016.11.21 10:32:56.472,1.51413,1.51453,1.00,1.00
2016.11.21 10:32:56.681,1.51414,1.51451,1.00,1.00
2016.11.21 10:32:57.033,1.51413,1.51448,1.00,1.00
2016.11.21 10:32:57.574,1.51414,1.51448,1.00,1.00
2016.11.21 10:32:58.062,1.51414,1.51446,1.00,1.00
2016.11.21 10:33:00.383,1.51414,1.51444,1.00,1.00
2016.11.21 10:33:00.716,1.51413,1.5144,1.00,1.00
2016.11.21 10:33:01.366,1.51413,1.51442,1.00,1.00
2016.11.21 10:33:01.765,1.51413,1.51437,1.00,1.00
2016.11.21 10:33:02.022,1.51403,1.51437,1.00,1.00
2016.11.21 10:33:02.073,1.51403,1.5144,1.00,1.00
2016.11.21 10:33:02.271,1.51403,1.51438,1.00,1.00
2016.11.21 10:33:02.619,1.51413,1.51436,1.00,1.00
2016.11.21 10:33:02.669,1.51413,1.51439,1.00,1.00
2016.11.21 10:33:03.320,1.51414,1.51439,1.00,1.00
2016.11.21 10:33:03.964,1.51404,1.51435,1.00,1.00
2016.11.21 10:33:04.383,1.51403,1.51433,1.00,1.00
2016.11.21 10:33:04.874,1.51404,1.51437,1.00,1.57
2016.11.21 10:33:05.308,1.51404,1.51434,1.00,1.00
2016.11.21 10:33:05.466,1.51403,1.51436,1.00,1.12
2016.11.21 10:33:05.975,1.51404,1.51436,1.00,1.12
2016.11.21 10:33:06.779,1.51404,1.51434,1.00,1.00
2016.11.21 10:33:07.147,1.51394,1.51434,1.00,1.00
2016.11.21 10:33:07.328,1.51404,1.51434,1.00,1.00
2016.11.21 10:33:07.530,1.51393,1.5143,1.00,1.00
2016.11.21 10:33:08.730,1.51394,1.5143,1.00,1.00
2016.11.21 10:33:09.748,1.51393,1.5143,1.20,1.00
2016.11.21 10:33:09.799,1.51393,1.5143,1.57,1.00
2016.11.21 10:33:09.899,1.51397,1.5144,2.85,1.00
2016.11.21 10:33:09.995,1.514,1.51444,1.60,1.00
2016.11.21 10:33:10.047,1.51413,1.51444,1.00,1.00
2016.11.21 10:33:10.502,1.51413,1.51446,1.00,1.12
2016.11.21 10:33:11.011,1.51414,1.51447,1.00,1.00
2016.11.21 10:33:11.243,1.51403,1.51446,2.47,1.00
2016.11.21 10:33:11.763,1.51413,1.51446,1.00,1.00
2016.11.21 10:33:12.192,1.51413,1.5145,1.00,1.50
2016.11.21 10:33:12.292,1.51413,1.51445,1.00,1.00
2016.11.21 10:33:12.841,1.51414,1.51445,1.00,1.12
2016.11.21 10:33:13.159,1.51414,1.51441,1.00,1.00
2016.11.21 10:33:13.373,1.51404,1.51441,1.60,1.00
2016.11.21 10:33:13.424,1.51404,1.51439,1.60,1.00
2016.11.21 10:33:13.731,1.51414,1.51445,1.00,1.12
2016.11.21 10:33:13.946,1.51403,1.51444,1.60,1.00
2016.11.21 10:33:14.533,1.51414,1.51444,1.00,1.00
2016.11.21 10:33:15.280,1.51414,1.51442,1.00,1.00
2016.11.21 10:33:15.481,1.51403,1.51436,1.00,1.00
2016.11.21 10:33:15.901,1.51403,1.51433,1.00,1.00
2016.11.21 10:33:16.325,1.51403,1.51431,1.00,1.00
2016.11.21 10:33:16.683,1.51403,1.51427,1.00,1.00
2016.11.21 10:33:16.784,1.51394,1.51427,1.00,1.00
2016.11.21 10:33:16.914,1.51404,1.51429,1.00,1.00
2016.11.21 10:33:17.065,1.51393,1.51429,1.35,1.00
2016.11.21 10:33:17.278,1.51403,1.5143,1.00,1.00
2016.11.21 10:33:17.328,1.51403,1.51432,1.00,1.12
2016.11.21 10:33:18.483,1.51394,1.51435,1.00,1.75
2016.11.21 10:33:18.583,1.51404,1.51435,1.00,1.75
2016.11.21 10:33:18.690,1.51394,1.51435,1.00,1.75
2016.11.21 10:33:19.222,1.51395,1.51435,2.10,1.75
2016.11.21 10:33:19.431,1.51397,1.51436,1.60,1.00
2016.11.21 10:33:19.565,1.51403,1.51438,1.00,1.00
2016.11.21 10:33:19.666,1.51403,1.5144,1.00,1.00
2016.11.21 10:33:19.716,1.51403,1.51438,1.00,1.00
2016.11.21 10:33:20.037,1.51404,1.51435,1.00,1.00
2016.11.21 10:33:20.387,1.51403,1.51438,1.00,1.00
2016.11.21 10:33:21.188,1.51403,1.51439,1.00,1.00
2016.11.21 10:33:21.239,1.51404,1.51436,1.00,1.00
2016.11.21 10:33:21.767,1.51414,1.51438,1.00,1.00
2016.11.21 10:33:22.128,1.51403,1.51437,1.00,1.00
2016.11.21 10:33:22.823,1.51413,1.51437,1.00,1.00
2016.11.21 10:33:23.774,1.51413,1.51438,1.00,1.00
2016.11.21 10:33:23.825,1.51403,1.51437,1.00,1.00
2016.11.21 10:33:23.926,1.51414,1.51443,1.00,1.50
2016.11.21 10:33:24.522,1.51414,1.51443,1.00,1.00
2016.11.21 10:33:25.042,1.51413,1.51443,1.00,1.00
2016.11.21 10:33:28.709,1.51413,1.51444,1.00,1.00
2016.11.21 10:33:36.883,1.51404,1.51444,1.60,1.00
2016.11.21 10:33:36.983,1.51406,1.51444,2.10,1.00
2016.11.21 10:33:37.034,1.51407,1.51446,1.60,1.00
2016.11.21 10:33:37.085,1.51414,1.51448,1.00,1.12
2016.11.21 10:33:37.135,1.51414,1.51451,1.00,1.00
2016.11.21 10:33:37.306,1.51414,1.51453,1.00,1.00
2016.11.21 10:33:37.981,1.51413,1.51453,1.00,1.00
2016.11.21 10:33:38.352,1.51423,1.51454,1.00,1.00
2016.11.21 10:33:38.921,1.51424,1.51454,1.00,1.00
2016.11.21 10:33:44.666,1.51423,1.51454,1.00,1.00
2016.11.21 10:33:44.767,1.51413,1.51453,2.85,1.00
2016.11.21 10:33:45.220,1.51424,1.51453,1.00,1.00
2016.11.21 10:33:45.525,1.51424,1.51447,1.00,1.00
2016.11.21 10:33:45.625,1.51413,1.51447,1.00,1.00
2016.11.21 10:33:47.024,1.51414,1.51449,1.00,1.00
2016.11.21 10:33:47.125,1.51424,1.51455,1.00,2.62
2016.11.21 10:33:47.848,1.51423,1.51456,1.00,1.00
2016.11.21 10:33:48.480,1.51424,1.51456,1.00,1.00
2016.11.21 10:33:49.426,1.51423,1.51456,1.00,1.00
2016.11.21 10:33:49.734,1.51424,1.51454,1.00,1.00
2016.11.21 10:33:49.835,1.51415,1.51454,1.00,1.00
2016.11.21 10:33:50.022,1.51415,1.51456,1.00,1.50
2016.11.21 10:33:50.544,1.51415,1.51454,1.00,1.00
2016.11.21 10:33:53.125,1.51415,1.51455,1.00,1.00
2016.11.21 10:33:53.522,1.51415,1.51452,1.00,1.00
2016.11.21 10:33:53.998,1.51415,1.51451,1.60,1.00
2016.11.21 10:33:54.049,1.51415,1.51455,1.60,1.00
2016.11.21 10:33:54.250,1.51423,1.51457,1.00,1.00
2016.11.21 10:33:54.823,1.5142,1.51457,1.35,1.00
2016.11.21 10:33:55.040,1.51423,1.51461,1.00,1.00
2016.11.21 10:33:55.145,1.5142,1.51456,1.35,1.00
2016.11.21 10:33:55.467,1.51424,1.51461,1.00,1.00
2016.11.21 10:33:55.775,1.51424,1.51456,1.00,1.00
2016.11.21 10:33:56.266,1.51413,1.51447,1.50,1.00
2016.11.21 10:33:56.781,1.51414,1.51446,1.00,1.50
2016.11.21 10:33:57.303,1.51413,1.51447,1.00,1.50
2016.11.21 10:33:57.403,1.51404,1.51446,1.60,1.12
2016.11.21 10:33:57.953,1.51403,1.51443,1.60,1.00
2016.11.21 10:33:58.534,1.51403,1.51445,2.10,1.00
2016.11.21 10:33:59.192,1.51403,1.51444,1.60,1.00
2016.11.21 10:34:00.436,1.51403,1.51445,2.10,1.00
2016.11.21 10:34:02.261,1.51403,1.51444,1.60,1.00
2016.11.21 10:34:02.363,1.51405,1.51447,1.60,1.87
2016.11.21 10:34:02.693,1.51414,1.51447,1.00,1.37
2016.11.21 10:34:05.360,1.51406,1.51446,1.60,1.12
2016.11.21 10:34:06.051,1.51405,1.51444,2.29,1.00
2016.11.21 10:34:06.656,1.51405,1.51445,2.29,1.00
2016.11.21 10:34:07.258,1.51406,1.51446,1.60,1.12
2016.11.21 10:34:07.825,1.51406,1.51447,1.60,1.50
2016.11.21 10:34:09.112,1.51406,1.51447,1.60,1.50
2016.11.21 10:34:09.263,1.51405,1.51446,1.16,1.50
2016.11.21 10:34:10.779,1.51404,1.51445,1.97,1.00
2016.11.21 10:34:10.883,1.51404,1.51443,1.60,1.00
2016.11.21 10:34:11.091,1.51404,1.51445,1.60,1.00
2016.11.21 10:34:11.493,1.51403,1.51443,1.60,1.00
2016.11.21 10:34:11.855,1.51403,1.5144,1.60,1.00
2016.11.21 10:34:12.980,1.51403,1.51443,1.60,1.00
2016.11.21 10:34:13.367,1.51403,1.5144,1.60,1.00
2016.11.21 10:34:14.358,1.51403,1.51443,1.60,1.00
2016.11.21 10:34:15.002,1.51403,1.51445,2.10,1.00
2016.11.21 10:34:15.103,1.51404,1.51442,1.60,1.00
2016.11.21 10:34:15.669,1.51404,1.51441,1.60,1.00
2016.11.21 10:34:16.583,1.51404,1.51443,1.60,1.00
2016.11.21 10:34:17.147,1.51404,1.51442,1.60,1.00
2016.11.21 10:34:17.747,1.51404,1.51441,1.60,1.00
2016.11.21 10:34:18.161,1.51404,1.51444,1.60,1.00
2016.11.21 10:34:19.771,1.51404,1.5144,1.60,1.00
2016.11.21 10:34:20.523,1.51404,1.51439,1.60,1.00
2016.11.21 10:34:24.992,1.51403,1.51442,1.60,1.12
2016.11.21 10:34:25.325,1.51413,1.51442,1.00,1.00
2016.11.21 10:34:26.999,1.51414,1.51444,1.00,1.00
2016.11.21 10:34:30.488,1.51413,1.51444,1.00,1.00
2016.11.21 10:34:31.713,1.51413,1.51442,1.00,1.00
2016.11.21 10:34:31.817,1.51404,1.51443,1.60,1.00
2016.11.21 10:34:31.925,1.51413,1.51442,1.00,1.00
2016.11.21 10:34:32.028,1.51403,1.51441,1.60,1.00
2016.11.21 10:34:32.378,1.51403,1.51443,1.60,1.00
2016.11.21 10:34:36.283,1.51404,1.51445,1.60,1.00
2016.11.21 10:34:37.955,1.51414,1.51445,1.00,1.00
2016.11.21 10:34:38.786,1.51414,1.51448,1.00,1.75
2016.11.21 10:34:40.247,1.51413,1.51448,1.00,1.75
2016.11.21 10:34:40.555,1.51414,1.51443,1.00,1.00
2016.11.21 10:34:41.090,1.51414,1.51444,1.00,1.00
2016.11.21 10:34:41.654,1.51414,1.51446,1.00,2.25
2016.11.21 10:34:43.071,1.51413,1.51445,1.00,1.12
2016.11.21 10:34:43.646,1.51413,1.51444,1.00,1.00
2016.11.21 10:34:44.721,1.51413,1.5144,1.00,1.00
2016.11.21 10:34:44.772,1.51404,1.5144,1.60,1.00
2016.11.21 10:34:44.873,1.51404,1.51443,1.60,1.00
2016.11.21 10:34:45.016,1.51404,1.51438,1.60,1.00
2016.11.21 10:34:45.343,1.514,1.51436,2.10,1.00
2016.11.21 10:34:46.825,1.514,1.51434,2.10,1.00
2016.11.21 10:34:46.926,1.51394,1.51434,1.60,1.00
2016.11.21 10:34:48.745,1.51394,1.51434,1.00,1.00
2016.11.21 10:34:48.846,1.51393,1.51433,1.00,1.50
2016.11.21 10:34:48.976,1.51385,1.51426,1.30,1.00
2016.11.21 10:34:49.027,1.51385,1.51421,1.30,1.00
2016.11.21 10:34:49.587,1.51383,1.5142,1.60,1.00
2016.11.21 10:34:49.952,1.51383,1.51424,1.60,1.00
2016.11.21 10:34:50.473,1.51384,1.51425,1.60,1.00
2016.11.21 10:34:53.295,1.51394,1.51425,1.00,1.00
2016.11.21 10:34:53.527,1.51394,1.51429,1.00,1.50
2016.11.21 10:34:53.628,1.51386,1.51427,1.35,1.12
2016.11.21 10:34:53.901,1.51394,1.51431,1.00,1.75
2016.11.21 10:34:56.252,1.51394,1.51431,1.00,1.00
2016.11.21 10:34:57.148,1.51394,1.51434,1.00,2.25
2016.11.21 10:34:57.860,1.51394,1.51431,1.00,1.00
2016.11.21 10:35:02.605,1.51394,1.51431,1.60,1.00
2016.11.21 10:35:04.523,1.51394,1.51433,1.60,1.50
2016.11.21 10:35:08.610,1.51393,1.51433,1.00,1.50
2016.11.21 10:35:09.145,1.51394,1.51431,1.00,1.00
2016.11.21 10:35:09.196,1.51389,1.51431,1.00,1.00
2016.11.21 10:35:09.274,1.51394,1.51431,1.00,1.00
2016.11.21 10:35:09.950,1.51394,1.51433,1.00,1.50
2016.11.21 10:35:10.310,1.51404,1.51439,1.00,1.37
2016.11.21 10:35:10.361,1.51404,1.5144,1.00,1.37
2016.11.21 10:35:10.783,1.51396,1.51436,1.60,1.00
2016.11.21 10:35:10.984,1.51403,1.51443,1.00,1.75
2016.11.21 10:35:11.186,1.51403,1.51445,1.00,2.32
2016.11.21 10:35:11.236,1.51403,1.5144,1.00,1.00
2016.11.21 10:35:11.549,1.51403,1.51443,1.00,1.00
2016.11.21 10:35:12.480,1.51399,1.51436,1.00,1.00
2016.11.21 10:35:13.408,1.51404,1.51443,1.00,1.50
2016.11.21 10:35:17.086,1.51403,1.51443,1.00,1.00
2016.11.21 10:35:19.391,1.51403,1.51443,1.60,1.00
2016.11.21 10:35:19.441,1.51403,1.51445,2.85,1.87
2016.11.21 10:35:19.639,1.51408,1.51451,1.60,1.00
2016.11.21 10:35:19.690,1.51413,1.51456,1.00,1.50
2016.11.21 10:35:20.020,1.51416,1.51456,1.00,1.00
2016.11.21 10:35:20.416,1.51418,1.51457,1.00,1.00
2016.11.21 10:35:21.185,1.51422,1.51457,1.00,1.00
2016.11.21 10:35:21.523,1.51423,1.51466,1.00,1.94
2016.11.21 10:35:22.773,1.51423,1.51467,1.50,2.44
2016.11.21 10:35:23.602,1.51423,1.51456,1.00,1.00
2016.11.21 10:35:23.703,1.51424,1.51465,1.50,1.50
2016.11.21 10:35:23.854,1.51426,1.51466,1.00,1.00
2016.11.21 10:35:24.377,1.51426,1.51467,1.00,1.00
2016.11.21 10:35:24.855,1.51428,1.51467,1.00,1.00
2016.11.21 10:35:25.177,1.51431,1.51466,1.00,1.00
2016.11.21 10:35:25.243,1.51429,1.51466,1.00,1.00
2016.11.21 10:35:25.746,1.51429,1.51467,1.00,1.00
2016.11.21 10:35:27.260,1.51428,1.51467,1.00,1.00
2016.11.21 10:35:30.655,1.51426,1.51467,1.00,1.00
2016.11.21 10:35:30.755,1.51424,1.51466,1.00,1.00
2016.11.21 10:35:30.856,1.51424,1.51464,1.00,1.00
2016.11.21 10:35:31.158,1.51424,1.51462,1.00,1.00
2016.11.21 10:35:34.758,1.51418,1.51457,1.00,1.00
2016.11.21 10:35:35.229,1.51418,1.51461,1.00,1.87
2016.11.21 10:35:35.529,1.51418,1.51457,1.00,1.00
2016.11.21 10:35:36.792,1.5142,1.51457,1.00,1.00
2016.11.21 10:35:36.892,1.51418,1.51457,1.00,1.00
2016.11.21 10:35:38.634,1.51418,1.51462,1.00,1.87
2016.11.21 10:35:38.869,1.51418,1.51456,1.00,1.00
2016.11.21 10:35:39.410,1.51419,1.51456,1.00,1.00
2016.11.21 10:35:39.975,1.51421,1.51456,1.00,1.00
2016.11.21 10:35:41.388,1.51423,1.51456,1.00,1.00
2016.11.21 10:35:41.465,1.51421,1.51456,1.00,1.00
2016.11.21 10:35:42.666,1.51419,1.51456,1.00,1.00
2016.11.21 10:35:43.197,1.51417,1.51457,1.00,1.12
2016.11.21 10:35:43.247,1.51417,1.51457,1.00,1.50
2016.11.21 10:35:43.298,1.51414,1.51456,1.00,1.37
2016.11.21 10:35:43.449,1.51414,1.51447,1.00,1.00
2016.11.21 10:35:43.650,1.51414,1.51456,1.00,1.37
2016.11.21 10:35:43.804,1.51417,1.51457,1.00,1.50
2016.11.21 10:35:47.997,1.51415,1.51457,1.00,2.25
2016.11.21 10:35:48.847,1.51414,1.51455,1.00,1.12
2016.11.21 10:35:49.106,1.51416,1.51457,1.00,2.25
2016.11.21 10:35:49.475,1.51413,1.51456,1.50,1.37
2016.11.21 10:35:49.976,1.51416,1.51457,1.00,2.25
2016.11.21 10:35:50.521,1.51417,1.51457,1.00,1.50
2016.11.21 10:35:51.028,1.51418,1.51456,1.00,1.37
2016.11.21 10:35:51.078,1.51412,1.51455,1.35,1.00
2016.11.21 10:35:51.180,1.51407,1.51448,1.97,1.00
2016.11.21 10:35:51.381,1.51411,1.51454,1.60,1.12
2016.11.21 10:35:51.487,1.51411,1.51447,1.60,1.00
2016.11.21 10:35:51.688,1.51413,1.51454,1.00,1.12
2016.11.21 10:35:52.219,1.51414,1.51456,1.00,1.75
2016.11.21 10:35:52.745,1.51415,1.51457,1.00,1.75
2016.11.21 10:35:55.571,1.51415,1.51457,1.00,1.00
2016.11.21 10:35:55.621,1.51422,1.51457,1.00,1.00
2016.11.21 10:35:55.924,1.51419,1.51456,1.00,1.00
2016.11.21 10:35:56.188,1.51415,1.51456,1.00,1.00
2016.11.21 10:35:56.697,1.51414,1.51455,1.00,1.00
2016.11.21 10:35:58.809,1.51418,1.51457,1.00,1.00
2016.11.21 10:35:59.475,1.51418,1.51456,1.00,1.00
2016.11.21 10:36:00.289,1.51419,1.51456,1.00,1.00
2016.11.21 10:36:01.397,1.51419,1.5146,1.00,1.50
2016.11.21 10:36:01.498,1.51416,1.51455,1.60,1.00
2016.11.21 10:36:01.548,1.51416,1.51455,1.00,1.00
2016.11.21 10:36:01.649,1.51413,1.51454,1.50,1.37
2016.11.21 10:36:01.700,1.51416,1.51457,1.00,1.75
2016.11.21 10:36:02.021,1.51413,1.51455,1.00,1.75
2016.11.21 10:36:02.293,1.51416,1.51456,1.00,1.75
2016.11.21 10:36:02.669,1.51416,1.51447,1.00,1.00
2016.11.21 10:36:02.719,1.51413,1.51447,1.00,1.00
2016.11.21 10:36:02.870,1.51414,1.51454,1.00,1.75
2016.11.21 10:36:03.140,1.51416,1.51456,1.00,1.95
2016.11.21 10:36:03.427,1.51414,1.51452,1.00,1.57
2016.11.21 10:36:03.481,1.51414,1.51451,1.00,1.20
2016.11.21 10:36:04.106,1.51416,1.51447,1.00,1.00
2016.11.21 10:36:04.206,1.51404,1.51444,1.19,1.00
2016.11.21 10:36:04.311,1.51403,1.51444,1.00,1.45
2016.11.21 10:36:04.436,1.51404,1.51443,1.00,1.95
2016.11.21 10:36:04.587,1.51399,1.51441,1.35,1.75
2016.11.21 10:36:04.738,1.51401,1.51437,1.00,1.00
2016.11.21 10:36:05.016,1.51399,1.51437,1.00,1.00
2016.11.21 10:36:05.116,1.51395,1.51436,1.00,1.00
2016.11.21 10:36:05.429,1.51393,1.51437,1.50,1.50
2016.11.21 10:36:05.809,1.51398,1.51436,1.00,1.00
2016.11.21 10:36:06.369,1.51398,1.51437,1.00,1.00
2016.11.21 10:36:08.889,1.51398,1.51436,1.00,1.00
2016.11.21 10:36:11.250,1.514,1.51436,1.00,1.00
2016.11.21 10:36:11.579,1.51403,1.51441,1.00,1.75
2016.11.21 10:36:12.317,1.51403,1.51437,1.60,1.00
2016.11.21 10:36:12.418,1.51405,1.51442,1.60,1.00
2016.11.21 10:36:12.519,1.51406,1.51446,1.00,1.00
2016.11.21 10:36:12.619,1.51409,1.51446,1.00,1.00
2016.11.21 10:36:13.136,1.51408,1.51446,1.00,1.00
2016.11.21 10:36:13.438,1.51403,1.51445,1.50,1.75
2016.11.21 10:36:14.988,1.514,1.51436,1.00,1.00
2016.11.21 10:36:15.089,1.51404,1.51442,1.00,1.12
2016.11.21 10:36:15.140,1.51406,1.51446,1.00,3.00
2016.11.21 10:36:15.341,1.51404,1.51446,1.50,1.50
2016.11.21 10:36:15.442,1.51403,1.51444,1.00,1.12
2016.11.21 10:36:15.774,1.51405,1.51446,1.00,1.75
2016.11.21 10:36:16.109,1.51414,1.51445,1.00,1.37
2016.11.21 10:36:16.239,1.51405,1.51445,1.00,1.37
2016.11.21 10:36:16.926,1.51408,1.51447,1.00,1.75
2016.11.21 10:36:17.228,1.51413,1.5145,1.00,1.20
2016.11.21 10:36:17.895,1.51414,1.51446,1.00,1.75
2016.11.21 10:36:18.937,1.51414,1.51453,1.00,1.20
2016.11.21 10:36:24.356,1.51415,1.51453,1.00,1.00
2016.11.21 10:36:24.457,1.5142,1.51453,1.00,1.00
2016.11.21 10:36:24.558,1.51421,1.51456,1.00,1.00
2016.11.21 10:36:24.659,1.51419,1.51456,1.00,1.00
2016.11.21 10:36:24.861,1.51421,1.51456,1.00,1.00
2016.11.21 10:36:25.261,1.51418,1.51457,1.00,1.00
2016.11.21 10:36:25.311,1.51424,1.51461,1.00,1.12
2016.11.21 10:36:25.522,1.5142,1.51464,1.00,2.25
2016.11.21 10:36:25.718,1.51424,1.51464,1.00,1.75
2016.11.21 10:36:29.421,1.51423,1.51461,1.00,1.87
2016.11.21 10:36:29.835,1.51423,1.51459,1.00,1.00
2016.11.21 10:36:32.420,1.51424,1.51459,1.00,1.00
2016.11.21 10:36:32.720,1.51416,1.51456,1.00,1.00
2016.11.21 10:36:33.813,1.51416,1.51457,1.00,1.00
2016.11.21 10:36:36.292,1.51414,1.51456,1.00,1.00
2016.11.21 10:36:36.394,1.51414,1.51456,1.50,1.87
2016.11.21 10:36:37.447,1.51414,1.51453,1.00,1.00
2016.11.21 10:36:38.147,1.51414,1.51456,1.00,2.25
2016.11.21 10:36:38.888,1.51419,1.51456,1.00,1.37
2016.11.21 10:36:39.039,1.51419,1.51457,1.00,1.00
2016.11.21 10:36:39.144,1.51424,1.51463,1.00,1.12
2016.11.21 10:36:39.521,1.51419,1.51457,1.00,1.00
2016.11.21 10:36:42.382,1.51422,1.51457,1.00,1.00
2016.11.21 10:36:42.795,1.51419,1.51457,1.00,1.00
2016.11.21 10:36:43.171,1.51422,1.51457,1.00,1.00
2016.11.21 10:36:43.641,1.51423,1.51466,1.00,1.95
2016.11.21 10:36:43.691,1.51418,1.51462,1.00,1.82
2016.11.21 10:36:43.893,1.51415,1.51457,1.00,1.95
2016.11.21 10:36:45.686,1.51417,1.51456,1.00,1.57
2016.11.21 10:36:45.996,1.51413,1.5145,1.50,1.00
2016.11.21 10:36:47.036,1.51413,1.51446,1.00,1.00
2016.11.21 10:36:47.086,1.51411,1.51446,1.00,1.00
2016.11.21 10:36:47.187,1.51409,1.51446,1.00,1.00
2016.11.21 10:36:49.177,1.51412,1.51446,1.00,1.00
2016.11.21 10:36:49.610,1.51414,1.51447,1.00,1.00
2016.11.21 10:36:49.711,1.51411,1.51447,1.00,1.00
2016.11.21 10:36:49.811,1.51409,1.51446,1.00,1.00
2016.11.21 10:36:50.013,1.51412,1.51446,1.00,1.00
2016.11.21 10:36:50.164,1.51414,1.51452,1.00,1.00
2016.11.21 10:36:50.394,1.51414,1.51456,1.00,2.62
2016.11.21 10:36:51.874,1.51415,1.51456,1.00,1.12
2016.11.21 10:36:52.599,1.51415,1.51455,1.00,1.00
2016.11.21 10:36:53.248,1.51414,1.51455,1.00,1.00
2016.11.21 10:36:54.524,1.51414,1.51455,1.00,1.37
2016.11.21 10:36:55.316,1.51418,1.51456,1.00,1.95
2016.11.21 10:36:55.751,1.51424,1.51459,1.00,1.95
2016.11.21 10:36:55.801,1.51424,1.5146,1.00,1.75
2016.11.21 10:36:55.852,1.51424,1.5146,1.00,1.50
2016.11.21 10:36:56.136,1.51418,1.51456,1.00,1.00
2016.11.21 10:36:57.574,1.51419,1.51456,1.00,1.00
2016.11.21 10:37:00.260,1.51423,1.51461,1.00,1.75
2016.11.21 10:37:01.326,1.51419,1.51456,1.00,1.00
2016.11.21 10:37:01.489,1.51422,1.51456,1.00,1.00
2016.11.21 10:37:01.540,1.51422,1.51464,1.60,1.94
2016.11.21 10:37:01.590,1.51431,1.51466,1.00,1.94
2016.11.21 10:37:01.691,1.51431,1.51462,1.00,1.00
2016.11.21 10:37:01.792,1.51433,1.51473,1.00,1.31
2016.11.21 10:37:01.892,1.51433,1.51475,1.50,2.29
2016.11.21 10:37:02.405,1.51433,1.51471,1.00,1.25
2016.11.21 10:37:02.455,1.51428,1.51466,1.00,1.00
2016.11.21 10:37:02.773,1.51433,1.51471,1.00,1.25
2016.11.21 10:37:03.457,1.51429,1.51467,1.00,1.00
2016.11.21 10:37:03.608,1.51427,1.51467,1.00,1.00
2016.11.21 10:37:03.944,1.51433,1.51468,1.00,1.00
2016.11.21 10:37:04.045,1.51428,1.51467,1.00,1.35
2016.11.21 10:37:04.146,1.51425,1.51467,1.12,1.50
2016.11.21 10:37:04.251,1.51425,1.51465,1.00,1.00
2016.11.21 10:37:04.412,1.51425,1.51467,1.00,2.62
2016.11.21 10:37:04.609,1.51424,1.51465,1.50,1.00
2016.11.21 10:37:06.013,1.51424,1.51464,1.00,1.00
2016.11.21 10:37:06.927,1.51426,1.51466,1.00,1.00
2016.11.21 10:37:08.462,1.51426,1.51467,1.00,1.12
2016.11.21 10:37:09.622,1.51426,1.51466,1.00,1.00
2016.11.21 10:37:12.813,1.51427,1.51466,1.00,1.50
2016.11.21 10:37:13.115,1.51431,1.51467,1.00,1.00
2016.11.21 10:37:14.397,1.51434,1.51467,1.00,1.00
2016.11.21 10:37:14.702,1.51436,1.51467,1.00,1.00
2016.11.21 10:37:14.752,1.51436,1.51477,1.00,1.00
2016.11.21 10:37:17.113,1.51436,1.51478,1.00,1.00
2016.11.21 10:37:17.685,1.51436,1.51477,1.00,1.00
2016.11.21 10:37:25.741,1.51437,1.51477,1.00,1.00
2016.11.21 10:37:28.763,1.51437,1.51476,1.00,1.00
2016.11.21 10:37:28.863,1.51441,1.51476,1.00,1.00
2016.11.21 10:37:29.181,1.51444,1.51477,1.00,1.00
2016.11.21 10:37:29.233,1.51444,1.51486,1.00,1.79
2016.11.21 10:37:30.107,1.51444,1.51486,1.00,1.79
2016.11.21 10:37:30.697,1.51443,1.5148,1.00,1.69
2016.11.21 10:37:31.829,1.51439,1.51477,1.00,1.00
2016.11.21 10:37:33.138,1.51439,1.51476,1.00,1.00
2016.11.21 10:37:33.674,1.51438,1.51477,1.00,1.00
2016.11.21 10:37:33.976,1.51443,1.51477,1.00,1.00
2016.11.21 10:37:34.077,1.51439,1.51476,1.00,1.00
2016.11.21 10:37:34.546,1.51444,1.51481,1.00,1.75
2016.11.21 10:37:36.251,1.51439,1.51476,1.00,1.00
2016.11.21 10:37:36.437,1.51444,1.51481,1.00,1.75
2016.11.21 10:37:36.753,1.5144,1.51476,1.00,1.00
2016.11.21 10:37:36.856,1.51437,1.51476,1.00,1.00
2016.11.21 10:37:37.281,1.51443,1.51477,1.00,1.00
2016.11.21 10:37:37.339,1.51436,1.51476,1.00,1.00
2016.11.21 10:37:37.626,1.51434,1.51475,1.50,1.00
2016.11.21 10:37:39.228,1.51435,1.51476,1.00,1.00
2016.11.21 10:37:41.369,1.51439,1.51476,1.00,1.00
2016.11.21 10:37:41.470,1.51434,1.51475,1.50,1.00
2016.11.21 10:37:41.570,1.51434,1.51475,1.50,2.25
2016.11.21 10:37:42.140,1.51434,1.51471,1.00,1.00
2016.11.21 10:37:42.622,1.51428,1.51466,1.00,1.00
2016.11.21 10:37:42.823,1.51433,1.51471,1.00,1.00
2016.11.21 10:37:44.878,1.51433,1.5147,1.00,1.00
2016.11.21 10:37:45.737,1.51433,1.51467,1.00,1.00
2016.11.21 10:37:47.840,1.51433,1.51466,1.00,1.00
2016.11.21 10:37:48.276,1.51424,1.51466,1.37,1.50
2016.11.21 10:37:48.377,1.51424,1.51464,1.00,1.00
2016.11.21 10:37:49.753,1.51424,1.51465,1.50,1.00
2016.11.21 10:37:54.288,1.51426,1.51467,1.00,2.62
2016.11.21 10:37:54.635,1.51428,1.51471,1.12,1.60
2016.11.21 10:37:54.735,1.51424,1.51467,1.00,1.12
2016.11.21 10:37:54.786,1.51423,1.51464,1.00,1.00
2016.11.21 10:37:55.114,1.5142,1.51457,1.72,1.00
2016.11.21 10:37:55.365,1.51418,1.51459,1.50,1.00
2016.11.21 10:37:55.516,1.51418,1.51459,1.00,1.00
2016.11.21 10:37:55.567,1.51418,1.51457,1.00,1.00
2016.11.21 10:37:56.080,1.5142,1.51457,2.62,1.00
2016.11.21 10:37:56.314,1.51428,1.51467,1.00,1.25
2016.11.21 10:37:56.647,1.51433,1.51471,1.00,1.00
2016.11.21 10:37:56.849,1.51434,1.51476,1.00,1.87
2016.11.21 10:37:57.514,1.51435,1.51476,1.00,1.37
2016.11.21 10:37:58.453,1.51433,1.51475,1.00,1.12
2016.11.21 10:37:59.784,1.51433,1.51474,1.00,1.00
2016.11.21 10:37:59.834,1.51432,1.5147,1.00,1.00
2016.11.21 10:37:59.885,1.51424,1.51466,2.25,1.00
2016.11.21 10:37:59.986,1.51425,1.51468,1.50,1.00
2016.11.21 10:38:00.086,1.51424,1.51465,1.87,1.00
2016.11.21 10:38:00.137,1.51424,1.51465,1.00,1.00
2016.11.21 10:38:00.288,1.51424,1.51462,1.00,1.00
2016.11.21 10:38:00.822,1.51423,1.51462,1.00,1.12
2016.11.21 10:38:03.106,1.51423,1.5146,1.00,1.00
2016.11.21 10:38:05.224,1.51424,1.5146,1.00,1.00
2016.11.21 10:38:06.408,1.51424,1.51459,1.00,1.00
2016.11.21 10:38:07.226,1.51417,1.51457,1.50,1.00
2016.11.21 10:38:07.465,1.51414,1.51456,2.10,1.00
2016.11.21 10:38:07.980,1.51414,1.51456,1.50,1.00
2016.11.21 10:38:08.031,1.51414,1.51455,1.50,1.35
2016.11.21 10:38:08.081,1.51406,1.51447,1.00,1.00
2016.11.21 10:38:08.182,1.51403,1.51445,2.25,1.00
2016.11.21 10:38:08.434,1.51403,1.51445,1.50,1.12
2016.11.21 10:38:09.168,1.51406,1.51447,1.00,2.25
2016.11.21 10:38:10.287,1.51403,1.51445,1.00,1.12
2016.11.21 10:38:10.441,1.51414,1.51445,1.00,1.12
2016.11.21 10:38:11.834,1.51403,1.51445,1.50,1.12
2016.11.21 10:38:11.923,1.51405,1.51447,1.00,2.25
2016.11.21 10:38:12.027,1.51405,1.51447,1.00,1.50
2016.11.21 10:38:12.077,1.51414,1.51449,1.00,1.00
2016.11.21 10:38:13.884,1.51414,1.51447,1.00,1.00
2016.11.21 10:38:13.937,1.51405,1.51447,1.00,1.50
2016.11.21 10:38:16.131,1.51406,1.51447,1.00,1.00
2016.11.21 10:38:16.283,1.51409,1.51446,1.00,1.00
2016.11.21 10:38:16.875,1.5141,1.51446,1.00,1.00
2016.11.21 10:38:17.415,1.5141,1.51446,1.37,1.00
2016.11.21 10:38:17.717,1.51414,1.51446,1.00,1.00
2016.11.21 10:38:17.767,1.51414,1.51457,1.00,1.00
2016.11.21 10:38:18.004,1.51417,1.51457,1.00,1.00
2016.11.21 10:38:18.949,1.51417,1.51456,1.50,1.00
2016.11.21 10:38:19.302,1.51421,1.51456,1.00,1.00
2016.11.21 10:38:20.360,1.51423,1.51463,1.00,1.00
2016.11.21 10:38:21.364,1.51421,1.51462,1.00,1.00
2016.11.21 10:38:21.414,1.51424,1.51462,1.00,1.00
2016.11.21 10:38:22.887,1.51423,1.51462,1.50,1.00
2016.11.21 10:38:23.888,1.51423,1.51462,1.50,1.45
2016.11.21 10:38:23.939,1.5142,1.51462,1.00,1.95
2016.11.21 10:38:24.423,1.51418,1.5146,1.00,1.00
2016.11.21 10:38:24.473,1.51418,1.51456,1.00,1.00
2016.11.21 10:38:24.528,1.51418,1.5146,1.00,1.00
2016.11.21 10:38:24.740,1.51418,1.51456,1.00,1.00
2016.11.21 10:38:25.405,1.51418,1.51457,1.00,1.00
2016.11.21 10:38:25.921,1.5142,1.51457,1.00,1.00
2016.11.21 10:38:26.075,1.51423,1.51462,1.00,1.00
2016.11.21 10:38:26.776,1.5142,1.51456,1.00,1.00
2016.11.21 10:38:27.079,1.51421,1.51462,1.00,1.00
2016.11.21 10:38:27.129,1.51423,1.51462,1.00,1.00
2016.11.21 10:38:27.180,1.51423,1.51465,1.00,1.00
2016.11.21 10:38:27.846,1.51424,1.51466,1.50,1.00
2016.11.21 10:38:30.445,1.51424,1.51467,1.00,1.00
2016.11.21 10:38:30.603,1.51433,1.51467,1.00,1.00
2016.11.21 10:38:30.653,1.51434,1.51474,1.00,1.12
2016.11.21 10:38:30.955,1.51434,1.51467,1.00,1.00
2016.11.21 10:38:31.006,1.51431,1.51467,1.00,1.00
2016.11.21 10:38:31.107,1.51433,1.51466,1.00,1.00
2016.11.21 10:38:31.158,1.51434,1.51475,1.00,1.50
2016.11.21 10:38:31.776,1.51435,1.51476,1.00,1.75
2016.11.21 10:38:31.826,1.51438,1.51476,1.00,1.75
2016.11.21 10:38:31.927,1.51434,1.51475,1.00,1.50
2016.11.21 10:38:32.552,1.51435,1.51476,1.00,1.75
2016.11.21 10:38:33.094,1.51434,1.51475,1.00,1.50
2016.11.21 10:38:34.925,1.51433,1.51473,1.00,1.00
2016.11.21 10:38:34.975,1.51429,1.51466,1.60,1.00
2016.11.21 10:38:35.127,1.51426,1.51466,1.50,1.00
2016.11.21 10:38:35.682,1.51428,1.51466,1.00,1.00
2016.11.21 10:38:36.201,1.51427,1.51466,1.00,1.00
2016.11.21 10:38:36.608,1.51425,1.51467,1.00,1.50
2016.11.21 10:38:37.155,1.51425,1.51466,1.00,1.00
2016.11.21 10:38:37.657,1.51427,1.51466,1.00,1.00
2016.11.21 10:38:38.158,1.51424,1.51466,1.50,1.00
2016.11.21 10:38:38.756,1.51424,1.51467,1.00,1.00
2016.11.21 10:38:40.050,1.5143,1.51466,1.60,1.00
2016.11.21 10:38:40.151,1.51437,1.51477,1.35,1.75
2016.11.21 10:38:40.202,1.51437,1.51477,1.35,1.00
2016.11.21 10:38:40.253,1.51439,1.51481,1.00,1.12
2016.11.21 10:38:40.356,1.51444,1.51485,1.00,1.95
2016.11.21 10:38:40.509,1.51446,1.51486,1.00,1.00
2016.11.21 10:38:40.559,1.51451,1.51486,1.00,1.00
2016.11.21 10:38:40.820,1.51449,1.51491,1.00,1.50
2016.11.21 10:38:40.965,1.5145,1.51487,1.00,1.00
2016.11.21 10:38:41.066,1.51452,1.51495,1.00,1.75
2016.11.21 10:38:41.117,1.51454,1.51496,1.00,2.25
2016.11.21 10:38:41.477,1.51452,1.51492,1.00,1.20
2016.11.21 10:38:41.628,1.51449,1.51486,1.00,1.00
2016.11.21 10:38:41.970,1.51453,1.51493,1.00,1.75
2016.11.21 10:38:42.328,1.51453,1.51493,1.00,1.00
2016.11.21 10:38:42.518,1.51453,1.51495,1.50,1.00
2016.11.21 10:38:42.619,1.51456,1.51497,1.00,1.12
2016.11.21 10:38:43.334,1.51456,1.51496,1.00,1.00
2016.11.21 10:38:44.020,1.51457,1.51496,1.00,1.00
2016.11.21 10:38:44.321,1.51461,1.51496,1.00,1.00
2016.11.21 10:38:44.827,1.51461,1.51497,1.00,1.12
2016.11.21 10:38:45.585,1.51464,1.51502,1.00,1.75
2016.11.21 10:38:45.762,1.51457,1.51497,1.00,1.12
2016.11.21 10:38:46.065,1.51455,1.51495,1.30,1.00
2016.11.21 10:38:46.166,1.51454,1.51497,1.60,1.87
2016.11.21 10:38:46.373,1.51453,1.51495,2.10,1.00
2016.11.21 10:38:46.424,1.51456,1.51497,1.00,1.87
2016.11.21 10:38:47.118,1.51456,1.51496,1.00,1.00
2016.11.21 10:38:47.418,1.51464,1.51496,1.00,1.00
2016.11.21 10:38:48.745,1.51456,1.51497,1.00,1.87
2016.11.21 10:38:48.846,1.51453,1.51495,1.00,1.00
2016.11.21 10:38:48.949,1.51453,1.51493,1.00,1.00
2016.11.21 10:38:49.259,1.51454,1.51493,1.00,1.75
2016.11.21 10:38:50.230,1.51456,1.51496,1.00,1.00
2016.11.21 10:38:50.431,1.51454,1.51496,1.50,1.50
2016.11.21 10:38:50.777,1.51464,1.51494,1.00,1.00
2016.11.21 10:38:50.827,1.51453,1.51494,1.00,1.00
2016.11.21 10:38:51.135,1.51454,1.51496,2.10,1.00
2016.11.21 10:38:51.437,1.51465,1.51502,1.00,1.00
2016.11.21 10:38:51.641,1.51465,1.51506,1.00,1.00
2016.11.21 10:38:51.847,1.51474,1.51509,1.00,1.00
2016.11.21 10:38:53.239,1.51484,1.51513,1.60,1.75
2016.11.21 10:38:53.340,1.5149,1.51526,1.00,1.19
2016.11.21 10:38:53.448,1.5149,1.51526,1.00,1.00
2016.11.21 10:38:54.436,1.51487,1.51526,1.50,1.00
2016.11.21 10:38:57.983,1.51484,1.51525,2.10,1.00
2016.11.21 10:39:00.219,1.51484,1.51525,1.00,1.00
2016.11.21 10:39:00.269,1.51484,1.51523,1.00,1.00
2016.11.21 10:39:00.571,1.51474,1.51514,1.00,1.00
2016.11.21 10:39:01.133,1.51473,1.51513,1.00,1.00
2016.11.21 10:39:01.665,1.51474,1.51512,1.00,1.00
2016.11.21 10:39:01.887,1.51474,1.51509,1.00,1.00
2016.11.21 10:39:02.184,1.51474,1.51512,1.00,1.00
2016.11.21 10:39:02.497,1.51474,1.51514,1.00,1.00
2016.11.21 10:39:03.173,1.51474,1.51512,1.00,1.00
2016.11.21 10:39:03.768,1.51474,1.51514,1.00,1.00
2016.11.21 10:39:04.552,1.51474,1.51512,1.00,1.00
2016.11.21 10:39:05.154,1.51474,1.5151,1.00,1.00
2016.11.21 10:39:05.682,1.51474,1.51507,1.00,1.00
2016.11.21 10:39:05.733,1.51466,1.51507,1.75,1.50
2016.11.21 10:39:05.882,1.51466,1.51507,1.00,1.50
2016.11.21 10:39:06.472,1.51473,1.51507,1.00,1.00
2016.11.21 10:39:06.573,1.51473,1.51512,1.50,1.50
2016.11.21 10:39:06.673,1.51476,1.51517,1.00,1.00
2016.11.21 10:39:06.985,1.51474,1.51517,1.00,1.00
2016.11.21 10:39:08.320,1.51474,1.51516,1.50,1.00
2016.11.21 10:39:08.479,1.51474,1.51513,1.00,1.00
2016.11.21 10:39:08.814,1.51473,1.51507,1.00,1.00
2016.11.21 10:39:10.122,1.51474,1.51516,1.00,1.50
2016.11.21 10:39:10.274,1.51474,1.51513,1.00,1.00
2016.11.21 10:39:10.805,1.51473,1.51511,1.00,1.00
2016.11.21 10:39:11.204,1.51473,1.51509,1.00,1.00
2016.11.21 10:39:11.305,1.51474,1.51511,1.00,1.00
2016.11.21 10:39:11.407,1.51474,1.51513,1.00,1.12
2016.11.21 10:39:11.457,1.51474,1.51506,1.00,1.00
2016.11.21 10:39:12.115,1.51473,1.51507,1.00,1.00
2016.11.21 10:39:12.671,1.51474,1.51506,1.00,1.00
2016.11.21 10:39:18.658,1.51484,1.51511,1.00,1.00
2016.11.21 10:39:19.098,1.51484,1.51513,1.00,1.00
2016.11.21 10:39:19.952,1.51483,1.51513,1.00,1.00
2016.11.21 10:39:20.106,1.51483,1.51515,1.00,1.00
2016.11.21 10:39:20.633,1.51483,1.51517,1.00,1.60
2016.11.21 10:39:21.361,1.51483,1.51517,1.00,1.00
2016.11.21 10:39:26.066,1.51484,1.51516,1.00,1.00
2016.11.21 10:39:26.714,1.51483,1.51517,1.00,1.00
2016.11.21 10:39:26.828,1.51476,1.51518,1.00,1.00
2016.11.21 10:39:27.384,1.51474,1.51518,1.00,1.00
2016.11.21 10:39:27.985,1.51475,1.51519,1.00,1.12
2016.11.21 10:39:28.926,1.51474,1.51518,1.00,1.00
2016.11.21 10:39:29.418,1.51484,1.51516,1.00,1.00
2016.11.21 10:39:41.319,1.51484,1.51516,1.60,1.00
2016.11.21 10:39:41.369,1.51476,1.5152,1.60,1.00
2016.11.21 10:39:41.420,1.5148,1.51524,1.00,1.75
2016.11.21 10:39:41.561,1.51484,1.51524,1.00,1.75
2016.11.21 10:39:42.057,1.51484,1.51516,1.00,1.00
2016.11.21 10:39:42.159,1.51481,1.51523,1.00,1.50
2016.11.21 10:39:42.262,1.51484,1.51522,1.00,1.30
2016.11.21 10:39:42.570,1.51483,1.51517,1.00,1.00
2016.11.21 10:39:42.620,1.51481,1.51517,1.00,1.00
2016.11.21 10:39:42.736,1.51483,1.51517,1.00,1.00
2016.11.21 10:39:43.255,1.51483,1.51525,1.00,1.00
2016.11.21 10:39:43.520,1.51484,1.51523,1.00,1.00
2016.11.21 10:39:43.887,1.51483,1.51517,1.00,1.00
2016.11.21 10:39:44.362,1.5148,1.51523,1.50,1.00
2016.11.21 10:39:44.412,1.51484,1.51526,1.00,1.00
2016.11.21 10:39:45.072,1.51484,1.51527,1.00,1.00
2016.11.21 10:39:47.361,1.51484,1.51528,1.00,1.00
2016.11.21 10:39:47.663,1.51484,1.51516,1.00,1.00
2016.11.21 10:39:50.046,1.51483,1.51517,1.00,1.00
2016.11.21 10:39:50.517,1.51479,1.5152,1.00,1.00
2016.11.21 10:39:50.621,1.51484,1.51516,1.00,1.00
2016.11.21 10:40:02.557,1.51483,1.51517,1.00,1.00
2016.11.21 10:40:04.077,1.51484,1.5152,1.00,1.57
2016.11.21 10:40:04.618,1.51483,1.5152,1.00,1.10
2016.11.21 10:40:06.107,1.51483,1.51526,1.50,1.87
2016.11.21 10:40:06.157,1.51488,1.51526,1.00,1.37
2016.11.21 10:40:06.208,1.51488,1.5153,1.00,1.75
2016.11.21 10:40:06.258,1.51493,1.51532,1.00,1.95
2016.11.21 10:40:08.081,1.51493,1.51535,1.00,1.50
2016.11.21 10:40:08.183,1.51493,1.51535,1.00,1.50
2016.11.21 10:40:10.036,1.51494,1.51535,1.00,1.00
2016.11.21 10:40:10.673,1.51497,1.51535,1.00,1.00
2016.11.21 10:40:11.466,1.51494,1.51535,1.50,1.00
2016.11.21 10:40:11.757,1.51496,1.51535,1.00,1.00
2016.11.21 10:40:13.154,1.51499,1.51535,1.00,1.00
2016.11.21 10:40:13.464,1.51502,1.51536,1.00,1.00
2016.11.21 10:40:14.004,1.51501,1.51536,1.00,1.00
2016.11.21 10:40:14.054,1.51499,1.51536,1.00,1.00
2016.11.21 10:40:14.688,1.51498,1.51536,1.00,1.00
2016.11.21 10:40:15.074,1.515,1.51536,1.00,1.00
2016.11.21 10:40:15.128,1.515,1.51542,1.00,1.50
2016.11.21 10:40:15.179,1.515,1.51538,1.00,1.00
2016.11.21 10:40:15.380,1.51496,1.51537,1.00,2.25
2016.11.21 10:40:18.525,1.51497,1.51536,1.00,1.50
2016.11.21 10:40:18.924,1.51499,1.51536,1.00,1.50
2016.11.21 10:40:20.351,1.515,1.51537,1.00,1.75
2016.11.21 10:40:21.106,1.51504,1.5154,1.00,2.25
2016.11.21 10:40:23.468,1.51499,1.51536,1.50,1.50
2016.11.21 10:40:23.837,1.51503,1.5154,1.00,2.25
2016.11.21 10:40:24.438,1.51501,1.51537,1.00,1.75
2016.11.21 10:40:25.142,1.51501,1.51542,1.00,1.12
2016.11.21 10:40:25.193,1.51504,1.51543,1.00,2.25
2016.11.21 10:40:25.718,1.51505,1.51547,1.00,1.75
2016.11.21 10:40:26.993,1.51509,1.51547,1.00,1.75
2016.11.21 10:40:27.044,1.51509,1.51546,1.00,1.00
2016.11.21 10:40:27.095,1.51511,1.51546,1.00,1.00
2016.11.21 10:40:27.383,1.51509,1.51546,1.00,1.00
2016.11.21 10:40:27.983,1.51514,1.51551,1.00,1.67
2016.11.21 10:40:28.293,1.51514,1.51546,1.50,1.00
2016.11.21 10:40:28.444,1.51514,1.51555,1.00,1.20
2016.11.21 10:40:28.545,1.5151,1.51546,1.00,1.00
2016.11.21 10:40:28.749,1.51514,1.51551,1.00,1.50
2016.11.21 10:40:29.063,1.51514,1.51546,1.00,1.00
2016.11.21 10:40:29.627,1.51513,1.51546,1.00,1.00
2016.11.21 10:40:29.677,1.51511,1.51546,1.00,1.00
2016.11.21 10:40:30.478,1.51514,1.51546,1.00,1.00
2016.11.21 10:40:30.796,1.51514,1.51556,1.00,1.00
2016.11.21 10:40:31.389,1.51516,1.51556,1.00,1.00
2016.11.21 10:40:32.067,1.51517,1.51556,1.00,1.00
2016.11.21 10:40:32.371,1.51521,1.51556,1.00,1.00
2016.11.21 10:40:33.060,1.51524,1.51563,1.00,1.00
2016.11.21 10:40:33.313,1.51519,1.51556,1.00,1.00
2016.11.21 10:40:34.086,1.51523,1.51556,1.00,1.00
2016.11.21 10:40:35.553,1.51524,1.51565,1.00,1.50
2016.11.21 10:40:36.018,1.51523,1.51556,1.00,1.00
2016.11.21 10:40:36.419,1.51524,1.51565,1.00,1.00
2016.11.21 10:40:36.577,1.51526,1.51566,1.00,1.00
2016.11.21 10:40:36.902,1.5153,1.51567,1.00,1.00
2016.11.21 10:40:37.570,1.5153,1.51566,1.00,1.00
2016.11.21 10:40:38.101,1.51528,1.51566,1.37,1.00
2016.11.21 10:40:38.186,1.51534,1.51574,1.00,1.00
2016.11.21 10:40:39.228,1.51528,1.51567,1.37,1.00
2016.11.21 10:40:39.324,1.51534,1.51574,1.00,1.00
2016.11.21 10:40:39.578,1.51536,1.51574,1.00,1.00
2016.11.21 10:40:39.628,1.51536,1.51576,1.00,1.12
2016.11.21 10:40:39.877,1.51533,1.51577,1.00,1.37
2016.11.21 10:40:40.490,1.51534,1.51576,1.00,1.12
2016.11.21 10:40:40.795,1.51534,1.51574,1.00,1.00
2016.11.21 10:40:41.223,1.51534,1.51572,1.00,1.00
2016.11.21 10:40:41.534,1.51526,1.51566,1.75,1.00
2016.11.21 10:40:42.261,1.51534,1.5157,1.00,1.00
2016.11.21 10:40:42.362,1.51526,1.51568,1.75,1.05
2016.11.21 10:40:42.463,1.51523,1.51557,1.00,1.00
2016.11.21 10:40:46.741,1.51524,1.51556,1.00,1.00
2016.11.21 10:40:49.523,1.51534,1.51566,1.00,2.25
2016.11.21 10:40:52.124,1.51534,1.51564,1.00,1.72
2016.11.21 10:40:52.175,1.51523,1.51564,1.00,1.72
2016.11.21 10:40:52.879,1.51524,1.51561,1.00,1.35
2016.11.21 10:40:53.132,1.51524,1.51558,1.00,1.00
2016.11.21 10:40:55.652,1.51524,1.5156,1.00,1.00
2016.11.21 10:40:56.233,1.51534,1.51561,1.00,1.35
2016.11.21 10:40:56.850,1.51533,1.51562,1.00,1.60
2016.11.21 10:40:59.351,1.51533,1.5156,1.00,1.00
2016.11.21 10:41:00.239,1.51523,1.5156,1.00,1.00
2016.11.21 10:41:00.618,1.51524,1.51558,1.00,1.00
2016.11.21 10:41:00.831,1.51523,1.51562,1.00,1.60
2016.11.21 10:41:01.010,1.51524,1.51564,1.00,1.50
2016.11.21 10:41:01.176,1.51534,1.51564,1.00,1.50
2016.11.21 10:41:01.370,1.51523,1.51564,1.00,1.50
2016.11.21 10:41:01.928,1.51524,1.51564,1.00,1.50
2016.11.21 10:41:02.029,1.51527,1.51566,1.00,1.75
2016.11.21 10:41:02.079,1.51524,1.51566,1.00,1.75
2016.11.21 10:41:02.130,1.51527,1.51566,1.00,1.00
2016.11.21 10:41:02.497,1.5152,1.51563,1.37,1.37
2016.11.21 10:41:02.548,1.51524,1.51563,1.00,1.00
2016.11.21 10:41:03.010,1.51524,1.51561,1.00,1.00
2016.11.21 10:41:03.744,1.51524,1.51563,1.00,1.35
2016.11.21 10:41:03.846,1.51524,1.51563,1.00,2.10
2016.11.21 10:41:05.217,1.51514,1.51556,1.50,1.50
2016.11.21 10:41:05.918,1.51523,1.51559,1.00,1.75
2016.11.21 10:41:07.641,1.51524,1.5156,1.00,1.75
2016.11.21 10:41:07.846,1.51523,1.51562,1.00,1.00
2016.11.21 10:41:07.946,1.51524,1.5156,1.00,1.00
2016.11.21 10:41:08.322,1.51524,1.51556,1.00,1.00
2016.11.21 10:41:09.524,1.51523,1.51557,1.00,1.00
2016.11.21 10:41:10.426,1.51524,1.51561,1.00,1.00
2016.11.21 10:41:11.603,1.51523,1.51561,1.00,1.00
2016.11.21 10:41:13.533,1.51524,1.51558,1.00,1.00
2016.11.21 10:41:14.052,1.51524,1.51557,1.00,1.00
2016.11.21 10:41:20.932,1.51524,1.51558,1.00,1.00
2016.11.21 10:41:21.601,1.51524,1.51557,1.00,1.00
2016.11.21 10:41:23.487,1.51524,1.51558,1.00,1.00
2016.11.21 10:41:23.735,1.51523,1.5156,1.00,1.00
2016.11.21 10:41:24.136,1.51523,1.51558,1.00,1.00
2016.11.21 10:41:25.838,1.51523,1.51555,1.00,1.00
2016.11.21 10:41:27.459,1.51524,1.51555,1.00,1.00
2016.11.21 10:41:27.561,1.51524,1.5156,1.00,1.35
2016.11.21 10:41:27.661,1.51524,1.51555,1.00,1.00
2016.11.21 10:41:28.254,1.51523,1.51555,1.00,1.00
2016.11.21 10:41:28.527,1.51514,1.51555,1.00,1.00
2016.11.21 10:41:29.283,1.51514,1.51556,1.00,1.87
2016.11.21 10:41:29.635,1.51524,1.51558,1.00,1.75
2016.11.21 10:41:29.844,1.51514,1.51556,1.00,1.12
2016.11.21 10:41:29.945,1.51523,1.51558,1.00,1.75
2016.11.21 10:41:30.450,1.51524,1.51558,1.00,1.75
2016.11.21 10:41:30.587,1.51524,1.51558,1.00,1.00
2016.11.21 10:41:31.456,1.51523,1.51564,1.00,1.72
2016.11.21 10:41:36.371,1.51524,1.51564,1.00,2.17
2016.11.21 10:41:37.647,1.51523,1.51559,1.00,1.35
2016.11.21 10:41:38.244,1.51524,1.51559,1.00,1.35
2016.11.21 10:41:38.601,1.51524,1.51557,1.00,1.00
2016.11.21 10:41:38.702,1.51524,1.51559,1.00,1.35
2016.11.21 10:41:39.004,1.51524,1.51557,1.00,1.00
2016.11.21 10:41:39.558,1.51524,1.51556,1.00,1.00
2016.11.21 10:41:40.105,1.51523,1.51555,1.00,1.12
2016.11.21 10:41:43.051,1.51523,1.51544,1.00,1.00
2016.11.21 10:41:43.834,1.51523,1.51546,1.00,1.00
2016.11.21 10:41:44.410,1.51523,1.51545,1.00,1.00
2016.11.21 10:41:45.252,1.51524,1.51545,1.00,1.00
2016.11.21 10:41:46.596,1.51524,1.51546,1.00,1.00
2016.11.21 10:41:48.549,1.51524,1.51545,1.00,1.00
2016.11.21 10:41:49.112,1.51524,1.51544,1.00,1.00
2016.11.21 10:41:50.240,1.51524,1.51543,1.00,1.00
2016.11.21 10:41:53.754,1.51524,1.51544,1.00,1.00
2016.11.21 10:41:54.892,1.51523,1.51545,1.00,1.00
2016.11.21 10:41:56.833,1.51523,1.51544,1.00,1.00
2016.11.21 10:41:57.207,1.51523,1.51547,1.00,1.00
2016.11.21 10:41:57.307,1.51524,1.51549,1.00,1.00
2016.11.21 10:41:57.409,1.51524,1.51546,1.00,1.00
2016.11.21 10:41:57.620,1.51524,1.51548,1.00,1.00
2016.11.21 10:41:57.905,1.51534,1.51549,1.00,1.00
2016.11.21 10:41:58.074,1.51523,1.51549,1.00,1.00
2016.11.21 10:41:58.175,1.51534,1.5155,1.00,1.00
2016.11.21 10:41:58.496,1.51524,1.51549,1.00,1.00
2016.11.21 10:41:58.647,1.51524,1.51538,1.00,1.00
2016.11.21 10:41:58.698,1.51514,1.51539,1.00,1.00
2016.11.21 10:41:58.748,1.51514,1.51532,1.00,1.00
2016.11.21 10:41:58.799,1.51508,1.51529,1.00,1.00
2016.11.21 10:41:58.900,1.51514,1.51529,1.00,1.00
2016.11.21 10:41:59.643,1.51513,1.51528,1.00,1.00
2016.11.21 10:41:59.694,1.51504,1.51528,1.00,1.00
2016.11.21 10:41:59.795,1.51497,1.51528,1.00,1.00
2016.11.21 10:41:59.895,1.51514,1.51532,1.00,1.00
2016.11.21 10:42:00.561,1.51514,1.51533,1.00,1.00
2016.11.21 10:42:00.612,1.51504,1.51533,1.00,1.00
2016.11.21 10:42:01.192,1.51513,1.51532,1.00,1.00
2016.11.21 10:42:01.495,1.51513,1.51528,1.00,1.00
2016.11.21 10:42:01.880,1.51504,1.51528,1.00,1.00
2016.11.21 10:42:02.410,1.51503,1.51529,1.00,1.00
2016.11.21 10:42:02.511,1.51503,1.51527,1.00,1.00
2016.11.21 10:42:02.818,1.51503,1.51529,1.00,1.00
2016.11.21 10:42:03.164,1.51503,1.51534,1.00,1.00
2016.11.21 10:42:03.315,1.51504,1.51536,1.00,1.00
2016.11.21 10:42:03.516,1.51514,1.51533,1.00,1.00
2016.11.21 10:42:03.575,1.51514,1.51535,1.00,1.00
2016.11.21 10:42:03.948,1.51514,1.51532,1.00,1.00
2016.11.21 10:42:07.311,1.51514,1.51533,1.00,1.00
2016.11.21 10:42:07.411,1.51503,1.51529,1.00,1.00
2016.11.21 10:42:07.462,1.51503,1.51535,1.00,1.00
2016.11.21 10:42:07.512,1.51514,1.51533,1.00,1.00
2016.11.21 10:42:07.857,1.51514,1.51531,1.00,1.00
2016.11.21 10:42:07.907,1.51503,1.5153,1.00,1.00
2016.11.21 10:42:08.008,1.51503,1.51528,1.00,1.00
2016.11.21 10:42:08.513,1.51504,1.51528,1.00,1.00
2016.11.21 10:42:08.614,1.51493,1.51526,1.00,1.00
2016.11.21 10:42:08.715,1.51493,1.51523,1.00,1.00
2016.11.21 10:42:09.121,1.51494,1.51519,1.00,1.00
2016.11.21 10:42:09.272,1.51493,1.51521,1.00,1.00
2016.11.21 10:42:09.510,1.51493,1.51518,1.00,1.00
2016.11.21 10:42:10.067,1.51494,1.51518,1.00,1.00
2016.11.21 10:42:10.600,1.51493,1.51518,1.00,1.00
2016.11.21 10:42:10.701,1.51493,1.5152,1.00,1.00
2016.11.21 10:42:11.331,1.51485,1.5152,1.00,1.00
2016.11.21 10:42:11.433,1.51494,1.51519,1.00,1.00
2016.11.21 10:42:11.997,1.51494,1.5152,1.00,1.00
2016.11.21 10:42:12.396,1.51494,1.51522,1.00,1.00
2016.11.21 10:42:12.655,1.51494,1.5152,1.00,1.00
2016.11.21 10:42:13.373,1.51494,1.51515,1.00,1.00
2016.11.21 10:42:13.515,1.51483,1.51514,1.50,1.00
2016.11.21 10:42:13.618,1.51494,1.51515,1.00,1.00
2016.11.21 10:42:13.828,1.51483,1.51513,1.00,1.00
2016.11.21 10:42:13.878,1.51483,1.51511,1.00,1.00
2016.11.21 10:42:14.203,1.51484,1.51509,1.00,1.00
2016.11.21 10:42:14.595,1.51484,1.51507,1.00,1.00
2016.11.21 10:42:14.847,1.51474,1.51506,1.00,1.00
2016.11.21 10:42:15.444,1.51474,1.51505,1.00,1.00
2016.11.21 10:42:16.017,1.51474,1.51507,1.00,1.00
2016.11.21 10:42:16.117,1.51474,1.51505,1.00,1.00
2016.11.21 10:42:16.434,1.51483,1.51503,1.00,1.00
2016.11.21 10:42:16.654,1.51474,1.51501,1.00,1.00
2016.11.21 10:42:18.019,1.51473,1.51501,1.00,1.00
2016.11.21 10:42:18.379,1.51474,1.51499,1.00,1.00
2016.11.21 10:42:18.480,1.51474,1.51501,1.00,1.00
2016.11.21 10:42:19.025,1.51474,1.515,1.00,1.00
2016.11.21 10:42:20.202,1.51474,1.51498,1.00,1.00
2016.11.21 10:42:20.303,1.51474,1.515,1.00,1.00
2016.11.21 10:42:20.354,1.51474,1.51497,1.00,1.00
2016.11.21 10:42:20.410,1.51474,1.51499,1.00,1.00
2016.11.21 10:42:20.974,1.51474,1.515,1.00,1.00
2016.11.21 10:42:22.267,1.51474,1.51502,1.00,1.00
2016.11.21 10:42:22.972,1.51484,1.51505,1.00,1.00
2016.11.21 10:42:23.022,1.51484,1.51507,1.00,1.00
2016.11.21 10:42:28.582,1.51473,1.51502,1.00,1.00
2016.11.21 10:42:28.783,1.51467,1.51501,1.00,1.00
2016.11.21 10:42:28.834,1.51469,1.515,1.00,1.00
2016.11.21 10:42:28.985,1.51464,1.51499,1.50,1.00
2016.11.21 10:42:29.259,1.51474,1.51501,1.00,1.00
2016.11.21 10:42:29.796,1.51473,1.515,1.00,1.00
2016.11.21 10:42:29.940,1.51473,1.51502,1.00,1.00
2016.11.21 10:42:29.990,1.51473,1.515,1.00,1.00
2016.11.21 10:42:30.245,1.51465,1.51498,1.00,1.00
2016.11.21 10:42:30.295,1.51465,1.51496,1.00,1.00
2016.11.21 10:42:30.346,1.51463,1.51496,1.00,1.00
2016.11.21 10:42:30.651,1.51473,1.51499,1.00,1.00
2016.11.21 10:42:31.274,1.51474,1.51499,1.00,1.00
2016.11.21 10:42:31.812,1.51474,1.51498,1.00,1.00
2016.11.21 10:42:32.582,1.51474,1.51502,1.00,1.00
2016.11.21 10:42:32.787,1.51473,1.515,1.00,1.00
2016.11.21 10:42:32.988,1.51464,1.515,1.00,1.00
2016.11.21 10:42:33.166,1.51474,1.51499,1.00,1.00
2016.11.21 10:42:33.376,1.51474,1.51501,1.00,1.00
2016.11.21 10:42:34.009,1.51474,1.515,1.00,1.00
2016.11.21 10:42:34.110,1.51474,1.51502,1.00,1.00
2016.11.21 10:42:34.211,1.51474,1.51504,1.00,1.00
2016.11.21 10:42:34.391,1.51484,1.51504,1.00,1.00
2016.11.21 10:42:34.765,1.51484,1.51506,1.00,1.00
2016.11.21 10:42:34.865,1.51474,1.51504,1.00,1.00
2016.11.21 10:42:35.116,1.51484,1.51505,1.00,1.00
2016.11.21 10:42:35.266,1.51474,1.51505,1.00,1.00
2016.11.21 10:42:35.769,1.51474,1.51506,1.00,1.00
2016.11.21 10:42:35.992,1.51484,1.51505,1.00,1.00
2016.11.21 10:42:37.329,1.51483,1.51505,1.00,1.00
2016.11.21 10:42:37.943,1.51483,1.51504,1.00,1.00
2016.11.21 10:42:38.481,1.51483,1.51505,1.00,1.00
2016.11.21 10:42:38.714,1.51483,1.51509,1.00,1.12
2016.11.21 10:42:39.232,1.51484,1.51507,1.00,1.00
2016.11.21 10:42:39.334,1.51474,1.51506,1.00,1.00
2016.11.21 10:42:39.385,1.51474,1.51508,1.00,1.00
2016.11.21 10:42:39.712,1.51484,1.51507,1.00,1.00
2016.11.21 10:42:39.913,1.51473,1.51504,1.00,1.00
2016.11.21 10:42:40.460,1.51474,1.51505,1.00,1.00
2016.11.21 10:42:40.511,1.51473,1.51508,1.00,1.00
2016.11.21 10:42:40.612,1.51483,1.51508,1.00,1.00
2016.11.21 10:42:41.117,1.51484,1.51507,1.00,1.00
2016.11.21 10:42:41.701,1.51484,1.51506,1.00,1.00
2016.11.21 10:42:41.905,1.51474,1.51506,1.00,1.00
2016.11.21 10:42:42.006,1.51473,1.51509,1.50,1.00
2016.11.21 10:42:42.107,1.51474,1.51507,1.00,1.00
2016.11.21 10:42:43.027,1.51473,1.51507,1.50,1.00
2016.11.21 10:42:43.397,1.51483,1.51506,1.00,1.00
2016.11.21 10:42:45.827,1.51483,1.51505,1.00,1.00
2016.11.21 10:42:46.132,1.51471,1.51505,1.00,1.00
2016.11.21 10:42:46.545,1.51474,1.51508,1.00,1.00
2016.11.21 10:42:47.341,1.51475,1.51508,1.00,1.00
2016.11.21 10:42:47.723,1.51484,1.51506,1.00,1.00
2016.11.21 10:42:48.267,1.51483,1.51506,1.00,1.00
2016.11.21 10:42:49.765,1.51483,1.51507,1.00,1.00
2016.11.21 10:42:50.126,1.51483,1.51505,1.00,1.00
2016.11.21 10:42:51.813,1.51483,1.51506,1.00,1.00
2016.11.21 10:42:51.864,1.51484,1.51508,1.00,1.00
2016.11.21 10:42:51.969,1.51479,1.5151,1.00,1.00
2016.11.21 10:42:52.022,1.51484,1.51512,1.00,1.00
2016.11.21 10:42:52.324,1.51483,1.51505,1.00,1.00
2016.11.21 10:42:52.703,1.51483,1.51508,1.00,1.00
2016.11.21 10:42:52.754,1.51483,1.51505,1.00,1.00
2016.11.21 10:42:52.995,1.51483,1.5151,1.00,1.00
2016.11.21 10:42:53.100,1.51483,1.51512,1.00,1.00
2016.11.21 10:42:53.151,1.51484,1.51509,1.00,1.00
2016.11.21 10:42:54.641,1.51483,1.51512,1.00,1.00
2016.11.21 10:42:55.158,1.51484,1.51511,1.00,1.00
2016.11.21 10:42:55.209,1.51484,1.51509,1.00,1.00
2016.11.21 10:42:55.603,1.51483,1.51507,1.00,1.00
2016.11.21 10:42:56.125,1.51484,1.51507,1.00,1.00
2016.11.21 10:42:56.349,1.51473,1.51507,1.00,1.00
2016.11.21 10:42:56.980,1.51473,1.51504,1.00,1.00
2016.11.21 10:42:57.322,1.51484,1.51502,1.00,1.00
2016.11.21 10:42:57.372,1.51474,1.51504,1.00,1.00
2016.11.21 10:42:57.475,1.51474,1.51502,1.00,1.00
2016.11.21 10:42:57.576,1.51473,1.51504,1.00,1.00
2016.11.21 10:42:57.627,1.51473,1.51506,1.00,1.00
2016.11.21 10:42:57.829,1.51483,1.51505,1.00,1.00
2016.11.21 10:43:01.234,1.51484,1.51505,1.00,1.00
2016.11.21 10:43:01.753,1.51483,1.51505,1.00,1.00
2016.11.21 10:43:02.598,1.51484,1.51506,1.00,1.00
2016.11.21 10:43:03.185,1.51483,1.51505,1.00,1.00
2016.11.21 10:43:04.207,1.51483,1.51503,1.00,1.00
2016.11.21 10:43:04.258,1.51474,1.51503,1.00,1.00
2016.11.21 10:43:04.358,1.51483,1.51505,1.00,1.00
2016.11.21 10:43:04.680,1.51483,1.51503,1.00,1.00
2016.11.21 10:43:04.842,1.51474,1.51503,1.00,1.00
2016.11.21 10:43:06.029,1.51474,1.51502,1.00,1.00
2016.11.21 10:43:06.130,1.51474,1.51504,1.00,1.00
2016.11.21 10:43:06.439,1.51473,1.51506,1.00,1.00
2016.11.21 10:43:06.490,1.51473,1.51504,1.00,1.00
2016.11.21 10:43:06.796,1.51483,1.51505,1.00,1.00
2016.11.21 10:43:07.166,1.51483,1.51503,1.00,1.00
2016.11.21 10:43:07.267,1.51473,1.51503,1.00,1.00
2016.11.21 10:43:07.418,1.51474,1.51505,1.00,1.00
2016.11.21 10:43:07.519,1.51473,1.51503,1.00,1.00
2016.11.21 10:43:08.045,1.51473,1.51502,1.00,1.00
2016.11.21 10:43:08.694,1.51473,1.51501,1.00,1.00
2016.11.21 10:43:11.950,1.51474,1.51501,1.00,1.00
2016.11.21 10:43:12.054,1.51474,1.51503,1.00,1.00
2016.11.21 10:43:12.398,1.51474,1.51507,1.00,1.00
2016.11.21 10:43:12.758,1.51483,1.51507,1.00,1.00
2016.11.21 10:43:12.859,1.51473,1.51506,1.00,1.00
2016.11.21 10:43:12.960,1.51484,1.51506,1.00,1.00
2016.11.21 10:43:13.061,1.51474,1.51506,1.00,1.00
2016.11.21 10:43:13.253,1.51483,1.51507,1.00,1.00
2016.11.21 10:43:15.773,1.51483,1.51506,1.00,1.00
2016.11.21 10:43:15.824,1.51483,1.5151,1.00,1.00
2016.11.21 10:43:15.925,1.51484,1.5152,1.50,1.37
2016.11.21 10:43:16.025,1.51489,1.51523,1.00,1.00
2016.11.21 10:43:16.076,1.51493,1.51523,1.00,1.00
2016.11.21 10:43:16.177,1.51494,1.51525,1.00,1.00
2016.11.21 10:43:16.363,1.51494,1.51528,1.50,1.00
2016.11.21 10:43:16.413,1.51493,1.51522,1.00,1.00
2016.11.21 10:43:16.768,1.51494,1.51524,1.00,1.00
2016.11.21 10:43:16.861,1.51491,1.51524,1.00,1.00
2016.11.21 10:43:16.911,1.51494,1.51526,1.00,1.00
2016.11.21 10:43:17.419,1.51494,1.51525,1.50,1.00
2016.11.21 10:43:17.520,1.51494,1.51529,1.00,1.00
2016.11.21 10:43:17.659,1.51494,1.51527,1.00,1.00
2016.11.21 10:43:17.963,1.51495,1.51525,1.00,1.00
2016.11.21 10:43:18.555,1.51494,1.51525,1.00,1.00
2016.11.21 10:43:18.605,1.51494,1.51527,1.00,1.00
2016.11.21 10:43:18.890,1.51504,1.51529,1.00,1.00
2016.11.21 10:43:19.516,1.51504,1.5153,1.00,1.00
2016.11.21 10:43:19.718,1.51496,1.51529,1.00,1.00
2016.11.21 10:43:19.818,1.51493,1.51529,1.00,1.00
2016.11.21 10:43:20.134,1.51497,1.51529,1.00,1.00
2016.11.21 10:43:20.660,1.51497,1.5153,1.00,1.00
2016.11.21 10:43:21.036,1.51504,1.51528,1.00,1.00
2016.11.21 10:43:21.095,1.51504,1.5153,1.00,1.00
2016.11.21 10:43:21.656,1.51504,1.51529,1.00,1.00
2016.11.21 10:43:21.707,1.51504,1.51532,1.00,1.12
2016.11.21 10:43:21.858,1.51504,1.51535,1.00,1.00
2016.11.21 10:43:22.311,1.51504,1.51537,1.00,1.00
2016.11.21 10:43:22.526,1.51503,1.51528,1.00,1.00
2016.11.21 10:43:22.627,1.51494,1.51526,1.00,1.00
2016.11.21 10:43:22.678,1.51494,1.51524,1.00,1.00
2016.11.21 10:43:22.980,1.51494,1.5152,1.00,1.00
2016.11.21 10:43:23.080,1.51486,1.51516,1.00,1.00
2016.11.21 10:43:23.185,1.51494,1.51516,1.00,1.00
2016.11.21 10:43:23.510,1.51494,1.51513,1.00,1.00
2016.11.21 10:43:23.663,1.51494,1.51516,1.00,1.00
2016.11.21 10:43:23.714,1.51494,1.51514,1.00,1.00
2016.11.21 10:43:23.915,1.51493,1.51521,1.00,1.00
2016.11.21 10:43:24.003,1.51489,1.51523,1.00,1.00
2016.11.21 10:43:24.104,1.51494,1.51524,1.00,1.00
2016.11.21 10:43:24.406,1.51493,1.51519,1.00,1.00
2016.11.21 10:43:24.941,1.51493,1.5152,1.00,1.00
2016.11.21 10:43:25.242,1.51493,1.51518,1.00,1.00
2016.11.21 10:43:25.663,1.51494,1.51516,1.00,1.00
2016.11.21 10:43:26.317,1.51493,1.51516,1.00,1.00
2016.11.21 10:43:26.418,1.51484,1.51515,1.00,1.00
2016.11.21 10:43:27.826,1.51494,1.51516,1.00,1.00
2016.11.21 10:43:27.876,1.51494,1.51518,1.00,1.00
2016.11.21 10:43:30.126,1.51494,1.51517,1.00,1.00
2016.11.21 10:43:30.177,1.51494,1.5152,1.00,1.00
2016.11.21 10:43:30.723,1.51493,1.51519,1.00,1.00
2016.11.21 10:43:31.427,1.51493,1.51518,1.00,1.00
2016.11.21 10:43:31.755,1.51494,1.51515,1.00,1.00
2016.11.21 10:43:32.036,1.51494,1.51517,1.00,1.00
2016.11.21 10:43:33.010,1.51494,1.51516,1.00,1.00
2016.11.21 10:43:33.226,1.51494,1.51519,1.00,1.00
2016.11.21 10:43:33.277,1.51494,1.51516,1.00,1.00
2016.11.21 10:43:33.783,1.51494,1.51517,1.00,1.00
2016.11.21 10:43:35.230,1.51484,1.51518,1.00,1.00
2016.11.21 10:43:35.331,1.51494,1.51518,1.00,1.00
2016.11.21 10:43:36.843,1.51493,1.51518,1.00,1.00
2016.11.21 10:43:37.175,1.51493,1.51516,1.00,1.00
2016.11.21 10:43:37.225,1.51493,1.51519,1.00,1.00
2016.11.21 10:43:37.376,1.51493,1.51517,1.00,1.00
2016.11.21 10:43:37.578,1.51493,1.51519,1.00,1.00
2016.11.21 10:43:37.632,1.51493,1.51517,1.00,1.00
2016.11.21 10:43:37.817,1.51483,1.51517,1.00,1.00
2016.11.21 10:43:37.867,1.51483,1.51514,1.00,1.00
2016.11.21 10:43:38.264,1.51493,1.51515,1.00,1.00
2016.11.21 10:43:38.922,1.51493,1.51514,1.00,1.00
2016.11.21 10:43:39.518,1.51494,1.51515,1.00,1.00
2016.11.21 10:43:40.084,1.51494,1.51514,1.00,1.00
2016.11.21 10:43:40.135,1.51484,1.51512,1.00,1.00
2016.11.21 10:43:40.235,1.51484,1.51515,1.00,1.00
2016.11.21 10:43:40.437,1.51483,1.51517,1.00,1.00
2016.11.21 10:43:40.537,1.51484,1.51519,1.00,1.00
2016.11.21 10:43:41.077,1.51484,1.51521,1.00,1.00
2016.11.21 10:43:42.239,1.51483,1.51521,1.00,1.00
2016.11.21 10:43:44.023,1.51483,1.51519,1.00,1.00
2016.11.21 10:43:44.742,1.51483,1.51518,1.00,1.00
2016.11.21 10:43:45.535,1.51483,1.51517,1.00,1.00
2016.11.21 10:43:46.469,1.51483,1.51516,1.00,1.00
2016.11.21 10:43:46.786,1.51483,1.51513,1.00,1.00
2016.11.21 10:43:47.043,1.51484,1.51518,1.00,1.00
2016.11.21 10:43:47.144,1.51483,1.51516,1.00,1.00
2016.11.21 10:43:47.788,1.51483,1.51515,1.00,1.00
2016.11.21 10:43:47.963,1.51479,1.51514,1.00,1.00
2016.11.21 10:43:48.072,1.51479,1.51516,1.00,1.00
2016.11.21 10:43:48.122,1.51484,1.51517,1.00,1.00
2016.11.21 10:43:49.043,1.51484,1.51515,1.00,1.00
2016.11.21 10:43:49.597,1.51483,1.51515,1.00,1.00
2016.11.21 10:43:50.117,1.51484,1.51515,1.00,1.00
2016.11.21 10:43:50.647,1.51484,1.51514,1.00,1.00
2016.11.21 10:43:52.224,1.51483,1.51511,1.00,1.00
2016.11.21 10:43:52.274,1.51483,1.51513,1.00,1.00
2016.11.21 10:43:53.269,1.51483,1.51514,1.00,1.00
2016.11.21 10:43:54.023,1.51484,1.51514,1.00,1.00
2016.11.21 10:43:57.918,1.51484,1.51513,1.00,1.00
2016.11.21 10:43:57.968,1.51484,1.51511,1.00,1.00
2016.11.21 10:43:58.564,1.51484,1.51512,1.00,1.00
2016.11.21 10:43:59.274,1.51484,1.51511,1.00,1.00
2016.11.21 10:43:59.375,1.51475,1.51507,1.00,1.00
2016.11.21 10:43:59.630,1.51484,1.51508,1.00,1.00
2016.11.21 10:43:59.931,1.51473,1.51507,1.00,1.50
2016.11.21 10:44:00.039,1.51473,1.51505,1.00,1.00
2016.11.21 10:44:00.365,1.51473,1.51507,1.50,1.00
2016.11.21 10:44:00.725,1.51473,1.51509,1.50,1.00
2016.11.21 10:44:01.316,1.51473,1.51508,1.50,1.00
2016.11.21 10:44:01.843,1.51473,1.51506,1.50,1.00
2016.11.21 10:44:02.874,1.51473,1.51507,1.50,1.00
2016.11.21 10:44:03.771,1.51473,1.51508,1.50,1.00
2016.11.21 10:44:04.276,1.51473,1.51507,1.00,1.00
2016.11.21 10:44:06.162,1.51473,1.51506,1.00,1.00
2016.11.21 10:44:06.680,1.51473,1.51505,1.00,1.00
2016.11.21 10:44:07.251,1.51473,1.51506,1.00,1.00
2016.11.21 10:44:07.788,1.51474,1.51506,1.00,1.00
2016.11.21 10:44:08.137,1.51473,1.51508,1.00,1.00
2016.11.21 10:44:08.752,1.51473,1.51505,1.00,1.00
2016.11.21 10:44:08.853,1.51465,1.51499,1.12,1.00
2016.11.21 10:44:08.954,1.51464,1.51497,1.37,1.00
2016.11.21 10:44:09.005,1.51463,1.51497,1.00,1.00
2016.11.21 10:44:09.195,1.51473,1.51497,1.00,1.00
2016.11.21 10:44:09.246,1.51465,1.51497,1.00,1.00
2016.11.21 10:44:09.692,1.51474,1.51497,1.00,1.00
2016.11.21 10:44:09.747,1.51465,1.51497,1.00,1.00
2016.11.21 10:44:10.284,1.51464,1.51495,1.00,1.00
2016.11.21 10:44:10.670,1.51464,1.51493,1.00,1.00
2016.11.21 10:44:11.052,1.51464,1.51495,1.00,1.00
2016.11.21 10:44:11.675,1.51464,1.51496,1.00,1.00
2016.11.21 10:44:12.214,1.51464,1.51495,1.00,1.00
2016.11.21 10:44:12.749,1.51464,1.51494,1.00,1.00
2016.11.21 10:44:12.983,1.51464,1.51496,1.00,1.00
2016.11.21 10:44:13.521,1.51464,1.51495,1.00,1.00
2016.11.21 10:44:14.105,1.51464,1.51497,1.00,1.00
2016.11.21 10:44:14.306,1.51464,1.51494,1.00,1.00
2016.11.21 10:44:14.855,1.51464,1.51493,1.00,1.00
2016.11.21 10:44:16.696,1.51464,1.51492,1.00,1.00
2016.11.21 10:44:17.642,1.51464,1.51491,1.00,1.00
2016.11.21 10:44:18.199,1.51464,1.5149,1.00,1.00
2016.11.21 10:44:18.689,1.51474,1.5149,1.00,1.00
2016.11.21 10:44:18.763,1.51464,1.5149,1.00,1.00
2016.11.21 10:44:19.364,1.51474,1.5149,1.00,1.00
2016.11.21 10:44:21.242,1.51474,1.51491,1.00,1.00
2016.11.21 10:44:21.293,1.51464,1.51491,1.00,1.00
2016.11.21 10:44:21.394,1.51464,1.51493,1.00,1.00
2016.11.21 10:44:23.752,1.51464,1.51495,1.00,1.00
2016.11.21 10:44:23.852,1.51464,1.51499,1.00,1.00
2016.11.21 10:44:24.019,1.51464,1.51501,1.00,1.00
2016.11.21 10:44:24.120,1.51473,1.51501,1.00,1.00
2016.11.21 10:44:24.642,1.51474,1.51502,1.00,1.00
2016.11.21 10:44:24.951,1.51474,1.51506,1.00,1.00
2016.11.21 10:44:25.103,1.51473,1.51503,1.00,1.00
2016.11.21 10:44:25.445,1.51473,1.51505,1.00,1.00
2016.11.21 10:44:25.646,1.51473,1.51503,1.00,1.00
2016.11.21 10:44:26.602,1.51473,1.51504,1.00,1.00
2016.11.21 10:44:28.379,1.51474,1.51504,1.00,1.00
2016.11.21 10:44:28.959,1.51474,1.51503,1.00,1.00
2016.11.21 10:44:29.606,1.51474,1.51502,1.00,1.00
2016.11.21 10:44:30.136,1.51474,1.51505,1.00,1.00
2016.11.21 10:44:30.187,1.51474,1.51507,1.00,1.00
2016.11.21 10:44:30.483,1.51483,1.51507,1.00,1.00
2016.11.21 10:44:30.843,1.51484,1.51504,1.00,1.00
2016.11.21 10:44:31.004,1.51474,1.51505,1.00,1.00
2016.11.21 10:44:31.055,1.51474,1.51508,1.00,1.00
2016.11.21 10:44:31.206,1.51484,1.51507,1.00,1.00
2016.11.21 10:44:31.511,1.51484,1.51513,1.00,1.00
2016.11.21 10:44:33.480,1.51484,1.51513,1.00,1.60
2016.11.21 10:44:33.732,1.51457,1.51493,1.45,1.00
2016.11.21 10:44:34.156,1.51464,1.51491,1.00,1.00
2016.11.21 10:44:34.692,1.51463,1.51491,1.00,1.00
2016.11.21 10:44:35.353,1.51464,1.51492,1.00,1.00
2016.11.21 10:44:38.072,1.51464,1.51494,1.00,1.00
2016.11.21 10:44:38.122,1.51474,1.51494,1.00,1.00
2016.11.21 10:44:38.450,1.51463,1.51494,1.00,1.00
2016.11.21 10:44:39.001,1.51464,1.51494,1.00,1.00
2016.11.21 10:44:39.570,1.51464,1.51493,1.00,1.00
2016.11.21 10:44:39.987,1.51464,1.51495,1.00,1.00
2016.11.21 10:44:40.385,1.51464,1.51497,1.00,1.00
2016.11.21 10:44:40.527,1.51474,1.51497,1.00,1.00
2016.11.21 10:44:41.006,1.51474,1.515,1.00,1.00
2016.11.21 10:44:41.211,1.51474,1.51497,1.00,1.00
2016.11.21 10:44:41.261,1.51474,1.51499,1.00,1.00
2016.11.21 10:44:42.091,1.51474,1.515,1.00,1.00
2016.11.21 10:44:42.304,1.51474,1.51498,1.00,1.00
2016.11.21 10:44:42.846,1.51474,1.51499,1.00,1.00
2016.11.21 10:44:43.245,1.51463,1.51498,1.00,1.00
2016.11.21 10:44:43.761,1.51463,1.51499,1.00,1.00
2016.11.21 10:44:43.816,1.51463,1.51497,1.00,1.00
2016.11.21 10:44:44.001,1.51463,1.51501,1.00,1.00
2016.11.21 10:44:44.148,1.51473,1.51503,1.00,1.00
2016.11.21 10:44:44.458,1.51473,1.51501,1.00,1.00
2016.11.21 10:44:44.971,1.51473,1.515,1.00,1.00
2016.11.21 10:44:45.315,1.51473,1.51498,1.00,1.00
2016.11.21 10:44:46.863,1.51473,1.515,1.00,1.00
2016.11.21 10:44:46.914,1.51473,1.51502,1.00,1.00
2016.11.21 10:44:47.335,1.51467,1.51502,1.00,1.00
2016.11.21 10:44:48.507,1.51467,1.51504,1.00,1.00
2016.11.21 10:44:48.658,1.51474,1.51503,1.00,1.00
2016.11.21 10:44:48.997,1.51474,1.51505,1.00,1.00
2016.11.21 10:44:49.161,1.51474,1.51502,1.00,1.00
2016.11.21 10:44:49.671,1.51473,1.51501,1.00,1.00
2016.11.21 10:44:49.721,1.51473,1.51503,1.00,1.00
2016.11.21 10:44:50.227,1.51474,1.51503,1.00,1.00
2016.11.21 10:44:50.736,1.51473,1.51504,1.00,1.00
2016.11.21 10:44:51.230,1.51473,1.51506,1.00,1.00
2016.11.21 10:44:51.736,1.51474,1.51505,1.00,1.00
2016.11.21 10:44:52.448,1.51474,1.51506,1.00,1.00
2016.11.21 10:44:53.268,1.51473,1.51507,1.00,1.00
2016.11.21 10:44:53.841,1.51473,1.51506,1.00,1.00
2016.11.21 10:44:54.524,1.51474,1.51506,1.00,1.00
2016.11.21 10:44:55.354,1.51474,1.51502,1.00,1.00
2016.11.21 10:44:55.957,1.51474,1.51501,1.00,1.00
2016.11.21 10:44:56.541,1.51474,1.515,1.00,1.00
2016.11.21 10:44:57.056,1.51474,1.51499,1.00,1.00
2016.11.21 10:44:57.467,1.51474,1.51502,1.00,1.00
2016.11.21 10:44:57.944,1.51474,1.51499,1.00,1.00
2016.11.21 10:44:58.301,1.51474,1.51497,1.00,1.00
2016.11.21 10:44:58.503,1.51464,1.51491,1.00,1.00
2016.11.21 10:44:58.603,1.51463,1.51496,1.00,1.00
2016.11.21 10:44:58.856,1.51474,1.51499,1.00,1.00
2016.11.21 10:44:59.008,1.51474,1.51502,1.00,1.00
2016.11.21 10:44:59.257,1.51464,1.51503,1.00,1.00
2016.11.21 10:45:00.428,1.51464,1.51504,1.00,1.35
2016.11.21 10:45:01.461,1.51463,1.51506,1.00,2.10
2016.11.21 10:45:01.660,1.51473,1.51506,1.00,2.10
2016.11.21 10:45:01.711,1.51473,1.51506,1.00,1.50
2016.11.21 10:45:02.247,1.51474,1.51508,1.00,2.85
2016.11.21 10:45:03.523,1.51474,1.51504,1.00,1.00
2016.11.21 10:45:03.573,1.51464,1.51504,1.00,1.50
2016.11.21 10:45:03.674,1.51473,1.51503,1.00,1.00
2016.11.21 10:45:03.775,1.51473,1.51507,1.00,1.12
2016.11.21 10:45:04.379,1.51473,1.51505,1.00,1.00
2016.11.21 10:45:04.894,1.51473,1.51507,1.00,1.50
2016.11.21 10:45:05.105,1.51483,1.51509,1.00,1.00
2016.11.21 10:45:05.276,1.51483,1.51511,1.00,1.00
2016.11.21 10:45:05.507,1.51483,1.51509,1.00,1.00
2016.11.21 10:45:06.003,1.51473,1.51507,1.00,1.00
2016.11.21 10:45:06.259,1.51473,1.51503,1.00,1.00
2016.11.21 10:45:06.611,1.51463,1.51503,1.00,1.00
2016.11.21 10:45:06.712,1.51463,1.51501,1.00,1.12
2016.11.21 10:45:07.034,1.51474,1.51501,1.00,1.87
2016.11.21 10:45:07.085,1.51464,1.51499,1.00,1.00
2016.11.21 10:45:07.608,1.51463,1.51499,1.00,1.00
2016.11.21 10:45:07.719,1.51473,1.51499,1.00,1.00
2016.11.21 10:45:07.872,1.51463,1.515,1.00,1.00
2016.11.21 10:45:08.886,1.51463,1.51499,1.00,1.00
2016.11.21 10:45:09.398,1.51473,1.51501,1.00,1.00
2016.11.21 10:45:09.580,1.51464,1.51501,1.00,1.50
2016.11.21 10:45:09.971,1.51464,1.51498,1.00,1.50
2016.11.21 10:45:10.284,1.51464,1.51496,1.00,1.00
2016.11.21 10:45:10.807,1.51464,1.51498,1.00,1.00
2016.11.21 10:45:11.092,1.51474,1.51505,1.00,1.37
2016.11.21 10:45:11.143,1.51474,1.51505,1.00,1.00
2016.11.21 10:45:11.294,1.51473,1.51507,1.00,1.00
2016.11.21 10:45:11.395,1.51473,1.51503,1.00,1.00
2016.11.21 10:45:11.797,1.51464,1.51503,1.00,1.50
2016.11.21 10:45:12.017,1.51473,1.51503,1.00,1.50
2016.11.21 10:45:12.396,1.51464,1.51503,1.00,1.50
2016.11.21 10:45:14.628,1.51474,1.51503,1.00,1.00
2016.11.21 10:45:14.896,1.51474,1.51506,1.00,1.00
2016.11.21 10:45:15.437,1.51474,1.51507,1.00,1.50
2016.11.21 10:45:15.487,1.51474,1.51505,1.00,1.00
2016.11.21 10:45:16.098,1.51474,1.51507,1.00,1.50
2016.11.21 10:45:16.836,1.51464,1.51505,1.37,2.10
2016.11.21 10:45:16.937,1.51463,1.51499,1.00,1.00
2016.11.21 10:45:16.988,1.51463,1.51501,1.00,1.00
2016.11.21 10:45:17.589,1.51474,1.51502,1.00,1.37
2016.11.21 10:45:18.324,1.51473,1.51502,1.00,1.87
2016.11.21 10:45:18.526,1.51463,1.51501,1.00,1.00
2016.11.21 10:45:18.627,1.51474,1.51501,1.00,1.00
2016.11.21 10:45:18.677,1.51474,1.51504,1.00,1.00
2016.11.21 10:45:18.847,1.51464,1.51504,1.50,1.00
2016.11.21 10:45:19.193,1.51464,1.51502,1.00,1.00
2016.11.21 10:45:19.527,1.51463,1.51501,1.00,2.10
2016.11.21 10:45:19.829,1.51464,1.51492,1.00,1.00
2016.11.21 10:45:19.930,1.51453,1.51492,1.12,1.00
2016.11.21 10:45:19.980,1.51456,1.51493,1.00,1.00
2016.11.21 10:45:20.081,1.51454,1.51493,1.00,1.00
2016.11.21 10:45:20.244,1.51464,1.51497,1.00,1.00
2016.11.21 10:45:20.295,1.51464,1.51499,1.00,1.50
2016.11.21 10:45:20.824,1.51464,1.51496,1.00,1.00
2016.11.21 10:45:21.399,1.51463,1.51495,1.00,1.00
2016.11.21 10:45:21.700,1.51454,1.51495,1.50,1.50
2016.11.21 10:45:21.988,1.51456,1.51497,1.00,1.87
2016.11.21 10:45:22.038,1.51456,1.51497,1.00,1.50
2016.11.21 10:45:22.089,1.51453,1.51496,1.87,1.00
2016.11.21 10:45:22.301,1.51463,1.51496,1.00,1.00
2016.11.21 10:45:22.381,1.51463,1.51498,1.00,2.25
2016.11.21 10:45:22.640,1.51456,1.51498,1.00,1.00
2016.11.21 10:45:22.910,1.51457,1.51494,1.00,1.00
2016.11.21 10:45:23.257,1.51454,1.5149,1.00,1.00
2016.11.21 10:45:23.308,1.51451,1.51493,1.00,1.50
2016.11.21 10:45:23.641,1.51454,1.51493,1.00,1.00
2016.11.21 10:45:23.962,1.51454,1.5149,1.00,1.00
2016.11.21 10:45:24.585,1.51454,1.51489,1.00,1.00
2016.11.21 10:45:24.914,1.51449,1.51488,1.00,1.00
2016.11.21 10:45:24.965,1.51449,1.51486,1.00,1.00
2016.11.21 10:45:25.015,1.51446,1.51486,1.50,1.00
2016.11.21 10:45:25.626,1.51446,1.51485,1.00,1.00
2016.11.21 10:45:26.885,1.51454,1.51485,1.00,1.00
2016.11.21 10:45:27.210,1.51463,1.51494,1.00,1.00
2016.11.21 10:45:28.155,1.51464,1.51494,1.00,1.00
2016.11.21 10:45:28.205,1.51464,1.51496,1.00,1.00
2016.11.21 10:45:29.143,1.51463,1.51496,1.00,1.00
2016.11.21 10:45:29.793,1.51464,1.51496,1.00,1.00
2016.11.21 10:45:30.325,1.51463,1.51497,1.00,1.00
2016.11.21 10:45:31.117,1.51463,1.51498,1.00,1.50
2016.11.21 10:45:31.634,1.51464,1.51496,1.00,1.00
2016.11.21 10:45:31.937,1.51464,1.51494,1.00,1.00
2016.11.21 10:45:32.451,1.51463,1.51494,1.00,1.50
2016.11.21 10:45:32.985,1.51463,1.51493,1.00,1.00
2016.11.21 10:45:33.136,1.51463,1.51495,1.00,1.00
2016.11.21 10:45:33.641,1.51464,1.51494,1.00,1.00
2016.11.21 10:45:33.981,1.51463,1.51492,1.00,1.00
2016.11.21 10:45:34.224,1.51454,1.51492,1.00,1.00
2016.11.21 10:45:34.424,1.51464,1.51492,1.00,1.00
2016.11.21 10:45:35.416,1.51464,1.51493,1.00,1.50
2016.11.21 10:45:35.467,1.51454,1.51491,1.00,1.00
2016.11.21 10:45:35.806,1.51453,1.51489,1.00,1.00
2016.11.21 10:45:36.394,1.51453,1.51488,1.00,1.00
2016.11.21 10:45:36.696,1.51454,1.51486,1.00,1.00
2016.11.21 10:45:36.848,1.51454,1.51488,1.00,1.00
2016.11.21 10:45:36.949,1.51454,1.5149,1.00,1.00
2016.11.21 10:45:37.110,1.51454,1.51488,1.00,1.00
2016.11.21 10:45:39.197,1.51454,1.51487,1.00,1.00
2016.11.21 10:45:39.662,1.51445,1.51487,1.37,1.50
2016.11.21 10:45:39.712,1.51445,1.51482,1.37,1.00
2016.11.21 10:45:39.763,1.51444,1.51481,1.00,1.00
2016.11.21 10:45:39.814,1.51444,1.51484,1.00,1.00
2016.11.21 10:45:39.934,1.5144,1.51484,1.12,1.00
2016.11.21 10:45:40.262,1.51444,1.51485,1.00,1.50
2016.11.21 10:45:40.564,1.51454,1.51491,1.00,1.00
2016.11.21 10:45:41.007,1.51448,1.51486,1.00,1.00
2016.11.21 10:45:41.108,1.51444,1.51486,2.25,1.50
2016.11.21 10:45:41.360,1.51453,1.51489,1.00,1.00
2016.11.21 10:45:41.839,1.51447,1.51489,1.00,1.00
2016.11.21 10:45:42.138,1.51453,1.51489,1.00,1.00
2016.11.21 10:45:42.545,1.51453,1.51491,1.00,1.00
2016.11.21 10:45:43.071,1.51453,1.5149,1.00,1.00
2016.11.21 10:45:43.592,1.51453,1.51491,1.00,1.00
2016.11.21 10:45:47.290,1.51453,1.51492,1.00,1.00
2016.11.21 10:45:49.476,1.51453,1.51491,1.00,1.00
2016.11.21 10:45:50.478,1.51453,1.51493,1.00,1.12
2016.11.21 10:45:51.200,1.51454,1.51493,1.00,1.12
2016.11.21 10:45:51.401,1.51451,1.51493,1.00,1.12
2016.11.21 10:45:51.819,1.5145,1.51491,1.00,1.00
2016.11.21 10:45:51.870,1.51448,1.5149,1.00,1.00
2016.11.21 10:45:52.073,1.51446,1.51489,1.00,1.00
2016.11.21 10:45:52.274,1.51454,1.5149,1.00,1.00
2016.11.21 10:45:52.576,1.51453,1.51486,1.00,1.00
2016.11.21 10:45:52.908,1.51464,1.51486,1.00,1.00
2016.11.21 10:45:53.179,1.51453,1.51486,1.00,1.00
2016.11.21 10:45:54.501,1.51453,1.51485,1.00,1.00
2016.11.21 10:45:54.552,1.51453,1.51483,1.00,1.00
2016.11.21 10:45:54.854,1.51453,1.51486,1.00,1.37
2016.11.21 10:45:54.904,1.51453,1.51486,1.00,1.00
2016.11.21 10:45:55.458,1.51454,1.51486,1.00,1.00
2016.11.21 10:45:56.320,1.51453,1.51487,1.00,1.00
2016.11.21 10:45:56.987,1.51453,1.51488,1.00,1.50
2016.11.21 10:45:57.088,1.51453,1.51491,1.00,1.00
2016.11.21 10:45:57.189,1.51453,1.51495,1.50,1.37
2016.11.21 10:45:57.290,1.51453,1.51497,1.50,1.00
2016.11.21 10:45:57.391,1.51464,1.51498,1.00,1.00
2016.11.21 10:45:58.101,1.51463,1.51498,1.00,1.00
2016.11.21 10:45:58.886,1.51464,1.51498,1.00,1.00
2016.11.21 10:45:59.203,1.51454,1.51497,1.00,1.00
2016.11.21 10:45:59.581,1.51454,1.51495,1.00,1.00
2016.11.21 10:46:00.206,1.51453,1.51495,1.00,1.00
2016.11.21 10:46:00.523,1.51464,1.51495,1.00,1.00
2016.11.21 10:46:01.573,1.51464,1.51493,1.00,1.50
2016.11.21 10:46:03.599,1.51454,1.51493,1.00,1.50
2016.11.21 10:46:04.111,1.51453,1.51493,1.00,1.00
2016.11.21 10:46:04.178,1.51463,1.51493,1.00,1.00
2016.11.21 10:46:04.578,1.51454,1.51493,1.00,1.00
2016.11.21 10:46:04.679,1.51463,1.51493,1.00,1.00
2016.11.21 10:46:04.846,1.51464,1.51497,1.00,1.00
2016.11.21 10:46:04.947,1.51464,1.51502,1.00,1.87
2016.11.21 10:46:05.098,1.5146,1.51501,1.00,1.00
2016.11.21 10:46:05.380,1.51463,1.51501,1.00,1.00
2016.11.21 10:46:07.182,1.51464,1.51506,1.00,2.25
2016.11.21 10:46:07.500,1.51473,1.51506,1.00,2.25
2016.11.21 10:46:07.925,1.51464,1.51506,1.50,2.25
2016.11.21 10:46:09.109,1.51474,1.51506,1.00,1.75
2016.11.21 10:46:09.962,1.51474,1.51501,1.00,1.50
2016.11.21 10:46:10.227,1.51464,1.515,1.00,1.00
2016.11.21 10:46:10.659,1.51463,1.51504,1.00,1.50
2016.11.21 10:46:10.709,1.51474,1.51504,1.00,2.25
2016.11.21 10:46:11.271,1.51473,1.51505,1.00,1.75
2016.11.21 10:46:14.728,1.51474,1.51506,1.00,1.75
2016.11.21 10:46:16.896,1.51473,1.51508,1.00,1.75
2016.11.21 10:46:17.542,1.51473,1.51509,1.00,1.00
2016.11.21 10:46:17.643,1.51473,1.51515,1.00,1.00
2016.11.21 10:46:17.744,1.51484,1.51515,1.00,1.50
2016.11.21 10:46:18.134,1.51484,1.51517,1.00,1.87
2016.11.21 10:46:18.590,1.51484,1.51519,1.00,1.00
2016.11.21 10:46:19.100,1.51484,1.5152,1.00,1.00
2016.11.21 10:46:19.201,1.51493,1.5152,1.00,1.00
2016.11.21 10:46:19.520,1.51483,1.51518,1.00,1.00
2016.11.21 10:46:19.781,1.51483,1.51516,1.00,1.00
2016.11.21 10:46:20.254,1.51484,1.51514,1.00,1.00
2016.11.21 10:46:20.789,1.51484,1.51513,1.00,1.00
2016.11.21 10:46:22.272,1.51484,1.51515,1.00,1.50
2016.11.21 10:46:22.802,1.51484,1.51514,1.00,1.00
2016.11.21 10:46:23.327,1.51473,1.51512,1.00,1.00
2016.11.21 10:46:24.302,1.51474,1.51512,1.00,1.00
2016.11.21 10:46:24.654,1.51484,1.51511,1.00,1.00
2016.11.21 10:46:25.962,1.51483,1.51511,1.00,1.50
2016.11.21 10:46:26.278,1.51483,1.51509,1.00,1.00
2016.11.21 10:46:26.329,1.51474,1.51509,1.00,1.00
2016.11.21 10:46:26.896,1.51474,1.51511,1.00,1.87
2016.11.21 10:46:27.013,1.5147,1.51511,1.00,1.87
2016.11.21 10:46:27.121,1.51474,1.51511,1.00,1.87
2016.11.21 10:46:27.495,1.51474,1.51509,1.00,1.00
2016.11.21 10:46:27.646,1.51467,1.51509,1.00,1.00
2016.11.21 10:46:27.861,1.51484,1.51509,1.00,1.00
2016.11.21 10:46:28.016,1.51483,1.51511,1.00,1.87
2016.11.21 10:46:28.117,1.51474,1.5151,1.00,1.50
2016.11.21 10:46:28.306,1.51474,1.51506,1.00,1.00
2016.11.21 10:46:28.611,1.51473,1.51504,1.00,1.00
2016.11.21 10:46:29.187,1.51474,1.51504,1.00,1.00
2016.11.21 10:46:29.427,1.51464,1.51502,1.00,1.00
2016.11.21 10:46:29.628,1.51464,1.51504,1.00,1.50
2016.11.21 10:46:29.920,1.51474,1.51507,1.00,2.25
2016.11.21 10:46:30.021,1.51466,1.51505,1.00,1.12
2016.11.21 10:46:30.122,1.51463,1.51503,1.00,1.50
2016.11.21 10:46:30.416,1.51464,1.51505,1.50,1.12
2016.11.21 10:46:30.667,1.51474,1.51506,1.00,2.25
2016.11.21 10:46:31.653,1.51473,1.51502,1.00,1.00
2016.11.21 10:46:31.969,1.51474,1.515,1.00,1.00
2016.11.21 10:46:32.070,1.51463,1.515,1.00,1.00
2016.11.21 10:46:32.121,1.51463,1.51498,1.00,1.00
2016.11.21 10:46:32.344,1.51456,1.51498,1.75,1.00
2016.11.21 10:46:32.445,1.51464,1.51501,1.00,1.50
2016.11.21 10:46:33.279,1.51463,1.51502,1.00,1.00
2016.11.21 10:46:34.071,1.51463,1.51503,1.00,1.00
2016.11.21 10:46:34.610,1.51463,1.51502,1.00,1.00
2016.11.21 10:46:36.069,1.51464,1.51502,1.00,1.00
2016.11.21 10:46:38.076,1.51463,1.51502,1.00,1.00
2016.11.21 10:46:38.666,1.51464,1.51502,1.00,1.00
2016.11.21 10:46:40.388,1.51464,1.515,1.00,1.00
2016.11.21 10:46:40.870,1.51474,1.51499,1.00,1.12
2016.11.21 10:46:41.666,1.51473,1.51499,1.00,1.00
2016.11.21 10:46:41.937,1.51463,1.51499,1.00,1.00
2016.11.21 10:46:43.572,1.51474,1.51498,1.00,1.00
2016.11.21 10:46:43.975,1.51464,1.51498,1.00,1.50
2016.11.21 10:46:44.228,1.51464,1.51496,1.00,1.00
2016.11.21 10:46:45.143,1.51473,1.51496,1.00,1.00
2016.11.21 10:46:45.244,1.51473,1.51498,1.00,1.50
2016.11.21 10:46:45.343,1.51463,1.51498,1.00,1.50
2016.11.21 10:46:46.544,1.51464,1.51498,1.00,1.50
2016.11.21 10:46:47.472,1.51463,1.51498,1.00,1.50
2016.11.21 10:46:47.999,1.51463,1.51497,1.00,1.00
2016.11.21 10:46:48.585,1.51463,1.51496,1.00,1.12
2016.11.21 10:46:49.103,1.51464,1.51496,1.00,1.12
2016.11.21 10:46:49.643,1.51464,1.51493,1.00,1.00
2016.11.21 10:46:49.945,1.51464,1.5149,1.00,1.00
2016.11.21 10:46:50.566,1.51463,1.51489,1.00,1.00
2016.11.21 10:46:51.237,1.51463,1.51488,1.00,1.00
2016.11.21 10:46:51.358,1.51454,1.51488,1.00,1.00
2016.11.21 10:46:52.833,1.51453,1.51488,1.00,1.00
2016.11.21 10:46:52.984,1.51454,1.51492,1.00,1.75
2016.11.21 10:46:53.136,1.51464,1.51495,1.00,1.00
2016.11.21 10:46:54.316,1.51464,1.51498,1.00,1.12
2016.11.21 10:46:54.455,1.51464,1.51492,1.00,1.50
2016.11.21 10:46:54.757,1.51463,1.51488,1.00,1.00
2016.11.21 10:46:55.024,1.51454,1.51489,1.00,1.50
2016.11.21 10:46:56.578,1.51454,1.5149,1.00,1.00
2016.11.21 10:46:59.861,1.51454,1.51489,1.00,1.00
2016.11.21 10:47:00.324,1.51454,1.51487,1.00,1.00
2016.11.21 10:47:01.661,1.51453,1.51487,1.00,1.12
2016.11.21 10:47:02.321,1.51453,1.51486,1.00,1.00
2016.11.21 10:47:04.184,1.51453,1.51489,1.00,1.75
2016.11.21 10:47:13.249,1.51454,1.51487,1.00,1.12
2016.11.21 10:47:13.430,1.51445,1.51486,1.00,1.50
2016.11.21 10:47:14.201,1.51445,1.51483,1.00,1.00
2016.11.21 10:47:14.587,1.51454,1.51483,1.00,1.00
2016.11.21 10:47:14.927,1.51454,1.51487,1.00,1.87
2016.11.21 10:47:16.147,1.51453,1.51487,1.00,1.00
2016.11.21 10:47:16.652,1.51454,1.51487,1.00,1.00
2016.11.21 10:47:17.056,1.51454,1.51485,1.00,1.00
2016.11.21 10:47:19.080,1.51454,1.5149,1.00,1.00
2016.11.21 10:47:19.269,1.51453,1.51487,1.00,1.00
2016.11.21 10:47:19.788,1.51454,1.51487,1.00,1.00
2016.11.21 10:47:20.894,1.51454,1.51486,1.00,1.00
2016.11.21 10:47:21.702,1.51454,1.51485,1.00,1.00
2016.11.21 10:47:22.862,1.51454,1.51486,1.00,1.00
2016.11.21 10:47:24.051,1.51454,1.51485,1.00,1.00
2016.11.21 10:47:24.966,1.51454,1.51486,1.00,1.50
2016.11.21 10:47:25.217,1.51453,1.51488,1.00,1.00
2016.11.21 10:47:25.759,1.51454,1.51487,1.00,1.00
2016.11.21 10:47:31.224,1.51454,1.51482,1.00,1.00
2016.11.21 10:47:31.375,1.51443,1.5148,1.00,1.00
2016.11.21 10:47:31.479,1.51454,1.5148,1.00,1.00
2016.11.21 10:47:31.580,1.51453,1.51482,1.00,1.00
2016.11.21 10:47:31.631,1.51453,1.51484,1.00,1.00
2016.11.21 10:47:31.739,1.51453,1.51482,1.00,1.00
2016.11.21 10:47:31.790,1.51445,1.51481,1.00,1.00
2016.11.21 10:47:31.891,1.51444,1.51479,1.00,1.00
2016.11.21 10:47:32.402,1.51443,1.51479,1.00,1.00
2016.11.21 10:47:35.123,1.51443,1.51478,1.00,1.00
2016.11.21 10:47:35.243,1.51443,1.5148,1.00,1.00
2016.11.21 10:47:42.805,1.51444,1.51483,1.00,1.00
2016.11.21 10:47:43.067,1.51454,1.51484,1.00,1.00
2016.11.21 10:47:43.144,1.51454,1.51486,1.00,1.00
2016.11.21 10:47:43.688,1.51454,1.51485,1.00,1.00
2016.11.21 10:47:43.853,1.51454,1.51482,1.00,1.00
2016.11.21 10:47:44.155,1.51444,1.51468,1.00,1.00
2016.11.21 10:47:44.205,1.51433,1.51468,1.00,1.00
2016.11.21 10:47:44.306,1.51433,1.51466,1.00,1.00
2016.11.21 10:47:45.018,1.51444,1.51467,1.00,1.00
2016.11.21 10:47:45.270,1.51434,1.51467,1.00,1.00
2016.11.21 10:47:45.893,1.51434,1.51466,1.00,1.00
2016.11.21 10:47:48.024,1.51434,1.51465,1.00,1.00
2016.11.21 10:47:48.075,1.51443,1.51463,1.00,1.00
2016.11.21 10:47:48.175,1.51433,1.51465,1.00,1.00
2016.11.21 10:47:48.276,1.51444,1.51464,1.00,1.00
2016.11.21 10:47:48.588,1.51444,1.51462,1.00,1.00
2016.11.21 10:47:49.199,1.51444,1.51463,1.00,1.00
2016.11.21 10:47:49.715,1.51444,1.51464,1.00,1.00
2016.11.21 10:47:50.699,1.51444,1.51465,1.00,1.00
2016.11.21 10:47:51.736,1.51444,1.51464,1.00,1.00
2016.11.21 10:47:52.874,1.51444,1.51465,1.00,1.00
2016.11.21 10:47:53.126,1.51434,1.5146,1.00,1.00
2016.11.21 10:47:53.226,1.51424,1.5146,1.00,1.00
2016.11.21 10:47:53.280,1.51433,1.5146,1.00,1.00
2016.11.21 10:47:53.588,1.51423,1.5146,1.00,1.00
2016.11.21 10:47:53.882,1.51434,1.5146,1.00,1.00
2016.11.21 10:47:54.097,1.51434,1.51463,1.00,1.50
2016.11.21 10:47:54.198,1.51424,1.51463,1.00,1.00
2016.11.21 10:47:54.299,1.51434,1.51463,1.00,1.50
2016.11.21 10:47:54.400,1.51424,1.51463,1.00,1.00
2016.11.21 10:47:54.601,1.51434,1.51463,1.00,1.00
2016.11.21 10:47:55.028,1.51423,1.51462,1.00,1.00
2016.11.21 10:47:55.385,1.51424,1.5146,1.00,1.00
2016.11.21 10:47:55.687,1.51423,1.51457,1.00,1.00
2016.11.21 10:47:56.516,1.51424,1.51457,1.00,1.00
2016.11.21 10:47:57.404,1.51424,1.51462,1.00,1.00
2016.11.21 10:47:57.505,1.51433,1.51464,1.00,1.00
2016.11.21 10:47:57.903,1.51425,1.51463,1.12,1.00
2016.11.21 10:47:58.527,1.51433,1.51463,1.00,1.00
2016.11.21 10:47:58.937,1.51425,1.51464,1.12,1.00
2016.11.21 10:47:59.037,1.51434,1.51464,1.00,1.00
2016.11.21 10:48:00.456,1.51434,1.51465,1.00,1.00
2016.11.21 10:48:00.593,1.51424,1.51465,2.25,1.00
2016.11.21 10:48:00.793,1.51433,1.51464,1.00,1.00
2016.11.21 10:48:01.127,1.51434,1.51462,1.00,1.00
2016.11.21 10:48:01.690,1.51434,1.51463,1.00,1.00
2016.11.21 10:48:02.715,1.51433,1.51463,1.00,1.00
2016.11.21 10:48:03.130,1.51434,1.51461,1.00,1.00
2016.11.21 10:48:03.331,1.51434,1.51463,1.00,1.00
2016.11.21 10:48:03.382,1.51434,1.51468,1.00,1.00
2016.11.21 10:48:03.483,1.51431,1.5147,1.00,1.00
2016.11.21 10:48:03.533,1.51443,1.51468,1.00,1.00
2016.11.21 10:48:04.736,1.51443,1.51467,1.00,1.00
2016.11.21 10:48:05.614,1.51428,1.51467,1.00,1.00
2016.11.21 10:48:06.014,1.51443,1.51466,1.00,1.00
2016.11.21 10:48:07.016,1.51444,1.51466,1.00,1.00
2016.11.21 10:48:07.554,1.51444,1.51465,1.00,1.00
2016.11.21 10:48:08.356,1.51444,1.51467,1.00,1.00
2016.11.21 10:48:09.294,1.51444,1.51468,1.00,1.00
2016.11.21 10:48:09.918,1.51443,1.51468,1.00,1.00
2016.11.21 10:48:10.072,1.51444,1.51465,1.00,1.00
2016.11.21 10:48:10.223,1.51443,1.51467,1.00,1.00
2016.11.21 10:48:10.273,1.51443,1.51465,1.00,1.00
2016.11.21 10:48:10.485,1.51443,1.51467,1.00,1.00
2016.11.21 10:48:10.823,1.51443,1.5147,1.00,1.00
2016.11.21 10:48:11.117,1.51443,1.51468,1.00,1.00
2016.11.21 10:48:11.257,1.51443,1.5147,1.00,1.00
2016.11.21 10:48:11.766,1.51443,1.51471,1.00,1.00
2016.11.21 10:48:14.755,1.51443,1.5147,1.00,1.00
2016.11.21 10:48:16.439,1.51444,1.51474,1.00,1.50
2016.11.21 10:48:16.490,1.51444,1.51477,1.00,1.50
2016.11.21 10:48:16.812,1.51443,1.51475,1.00,1.00
2016.11.21 10:48:17.334,1.51444,1.51474,1.00,1.00
2016.11.21 10:48:17.678,1.51443,1.51472,1.00,1.00
2016.11.21 10:48:18.735,1.51434,1.51472,1.00,1.00
2016.11.21 10:48:19.264,1.51434,1.51471,1.00,1.00
2016.11.21 10:48:20.082,1.51434,1.51472,1.00,1.00
2016.11.21 10:48:20.860,1.51434,1.51471,1.00,1.00
2016.11.21 10:48:20.961,1.51444,1.51471,1.00,1.00
2016.11.21 10:48:21.164,1.51444,1.51473,1.00,1.00
2016.11.21 10:48:23.469,1.51444,1.51471,1.00,1.00
2016.11.21 10:48:23.541,1.51434,1.51471,1.00,1.00
2016.11.21 10:48:23.851,1.51433,1.51474,2.10,1.00
2016.11.21 10:48:23.951,1.51444,1.51481,1.00,1.00
2016.11.21 10:48:24.253,1.51443,1.51483,1.00,1.50
2016.11.21 10:48:24.832,1.51443,1.51482,1.00,1.00
2016.11.21 10:48:24.883,1.51443,1.51485,1.35,1.00
2016.11.21 10:48:24.984,1.51443,1.51483,1.00,1.00
2016.11.21 10:48:25.286,1.51444,1.51477,1.00,1.00
2016.11.21 10:48:25.796,1.51444,1.51478,1.00,1.00
2016.11.21 10:48:26.405,1.51444,1.51479,1.00,1.50
2016.11.21 10:48:27.272,1.51444,1.51478,1.00,1.50
2016.11.21 10:48:27.839,1.51443,1.51478,1.00,1.50
2016.11.21 10:48:28.077,1.51435,1.51478,1.00,1.00
2016.11.21 10:48:28.173,1.51439,1.5148,1.00,1.00
2016.11.21 10:48:28.489,1.51444,1.51482,1.00,1.50
2016.11.21 10:48:29.103,1.51444,1.51481,1.00,1.00
2016.11.21 10:48:29.598,1.51454,1.51482,1.00,1.50
2016.11.21 10:48:29.651,1.51444,1.51482,1.00,1.50
2016.11.21 10:48:29.816,1.51447,1.51486,1.00,1.87
2016.11.21 10:48:29.918,1.51445,1.51484,1.00,1.00
2016.11.21 10:48:30.092,1.51444,1.51482,1.12,1.00
2016.11.21 10:48:30.445,1.51453,1.51481,1.00,1.00
2016.11.21 10:48:30.545,1.51444,1.5148,1.00,1.00
2016.11.21 10:48:31.146,1.51443,1.51479,1.00,1.50
2016.11.21 10:48:31.801,1.51443,1.51476,1.00,1.00
2016.11.21 10:48:32.196,1.51444,1.51474,1.00,1.00
2016.11.21 10:48:32.246,1.51433,1.51474,1.00,1.00
2016.11.21 10:48:32.451,1.51443,1.51473,1.00,1.00
2016.11.21 10:48:32.652,1.51434,1.51475,1.50,1.00
2016.11.21 10:48:32.922,1.51443,1.51475,1.00,1.00
2016.11.21 10:48:35.123,1.51444,1.51475,1.00,1.00
2016.11.21 10:48:36.847,1.51444,1.51473,1.00,1.50
2016.11.21 10:48:37.210,1.51444,1.5147,1.00,1.50
2016.11.21 10:48:37.361,1.51434,1.51467,1.00,1.00
2016.11.21 10:48:37.612,1.51433,1.51463,1.00,1.00
2016.11.21 10:48:37.946,1.51434,1.51466,1.00,1.00
2016.11.21 10:48:43.183,1.51425,1.51466,1.00,1.00
2016.11.21 10:48:43.283,1.51425,1.51468,1.00,1.00
2016.11.21 10:48:43.335,1.51434,1.51468,1.00,1.00
2016.11.21 10:48:44.221,1.51433,1.51468,1.00,1.00
2016.11.21 10:48:45.818,1.51433,1.51464,1.00,1.00
2016.11.21 10:48:46.072,1.51423,1.51464,2.25,1.00
2016.11.21 10:48:46.137,1.51434,1.51464,1.00,1.00
2016.11.21 10:48:46.289,1.51434,1.51466,1.00,1.00
2016.11.21 10:48:46.536,1.51434,1.51468,1.00,1.00
2016.11.21 10:48:47.045,1.51434,1.51469,1.00,1.50
2016.11.21 10:48:48.514,1.51434,1.5147,1.00,1.50
2016.11.21 10:48:50.404,1.51434,1.51466,1.00,1.00
2016.11.21 10:48:50.924,1.51433,1.51465,1.00,1.00
2016.11.21 10:48:50.975,1.51425,1.51465,1.00,1.00
2016.11.21 10:48:51.178,1.51424,1.51463,1.50,1.00
2016.11.21 10:48:51.708,1.51424,1.51464,1.50,1.00
2016.11.21 10:48:52.638,1.51424,1.51463,1.60,1.00
2016.11.21 10:48:52.739,1.51433,1.51472,1.00,1.50
2016.11.21 10:48:52.840,1.51435,1.51479,1.00,4.50
2016.11.21 10:48:52.890,1.51443,1.51479,1.00,1.00
2016.11.21 10:48:53.147,1.51443,1.51481,1.00,1.00
2016.11.21 10:48:54.521,1.51443,1.51479,1.00,1.00
2016.11.21 10:48:55.351,1.51443,1.5148,1.00,1.00
2016.11.21 10:48:55.982,1.51444,1.5148,1.00,1.00
2016.11.21 10:48:56.033,1.51444,1.51484,1.00,1.75
2016.11.21 10:48:56.548,1.51445,1.51486,1.00,2.70
2016.11.21 10:49:01.788,1.51443,1.51483,1.00,1.50
2016.11.21 10:49:02.530,1.51443,1.51483,1.00,1.00
2016.11.21 10:49:02.580,1.51453,1.51483,1.00,1.00
2016.11.21 10:49:04.270,1.51445,1.51486,1.00,1.50
2016.11.21 10:49:04.672,1.51454,1.51487,1.00,1.00
2016.11.21 10:49:04.773,1.51445,1.51486,1.00,1.00
2016.11.21 10:49:04.904,1.51453,1.51489,1.00,1.50
2016.11.21 10:49:05.449,1.51454,1.51489,1.00,1.50
2016.11.21 10:49:05.570,1.51446,1.51486,1.00,1.00
2016.11.21 10:49:06.890,1.51446,1.51487,1.00,1.00
2016.11.21 10:49:06.941,1.51449,1.51487,1.00,1.00
2016.11.21 10:49:07.041,1.51447,1.51487,1.00,1.00
2016.11.21 10:49:07.497,1.51454,1.5149,1.00,1.00
2016.11.21 10:49:07.613,1.51447,1.51487,1.00,1.00
2016.11.21 10:49:07.714,1.51445,1.51486,1.00,1.00
2016.11.21 10:49:07.824,1.51445,1.51483,1.00,1.00
2016.11.21 10:49:09.285,1.51444,1.51483,1.00,1.00
2016.11.21 10:49:11.041,1.51444,1.51485,1.00,1.00
2016.11.21 10:49:11.489,1.51447,1.51487,1.00,1.12
2016.11.21 10:49:12.022,1.51453,1.51488,1.00,1.50
2016.11.21 10:49:12.471,1.51453,1.51484,1.00,1.00
2016.11.21 10:49:12.521,1.51444,1.51484,1.00,1.00
2016.11.21 10:49:13.069,1.51443,1.51482,1.00,1.00
2016.11.21 10:49:16.522,1.51444,1.51482,1.00,1.00
2016.11.21 10:49:16.572,1.51444,1.51484,1.00,1.00
2016.11.21 10:49:17.083,1.51454,1.51484,1.00,1.00
2016.11.21 10:49:17.183,1.51444,1.51484,1.00,1.00
2016.11.21 10:49:17.840,1.51454,1.51484,1.00,1.00
2016.11.21 10:49:18.651,1.51454,1.51481,1.00,1.00
2016.11.21 10:49:18.751,1.51454,1.51483,1.00,1.00
2016.11.21 10:49:18.953,1.51454,1.51487,1.00,1.12
2016.11.21 10:49:19.485,1.51453,1.51485,1.00,1.00
2016.11.21 10:49:20.030,1.51454,1.51485,1.00,1.00
2016.11.21 10:49:20.081,1.51454,1.51488,1.00,1.50
2016.11.21 10:49:20.333,1.51453,1.51492,1.00,1.00
2016.11.21 10:49:20.573,1.51453,1.51488,1.00,1.00
2016.11.21 10:49:20.891,1.51447,1.51486,1.00,1.00
2016.11.21 10:49:21.092,1.51443,1.51485,1.00,1.00
2016.11.21 10:49:21.355,1.51445,1.51486,1.00,1.00
2016.11.21 10:49:21.704,1.51443,1.51485,1.00,1.00
2016.11.21 10:49:22.223,1.51444,1.51485,1.00,1.00
2016.11.21 10:49:22.374,1.51444,1.51481,1.00,1.00
2016.11.21 10:49:22.921,1.51444,1.5148,1.00,1.00
2016.11.21 10:49:23.713,1.51444,1.51481,1.00,1.00
2016.11.21 10:49:24.267,1.51443,1.51481,1.00,1.00
2016.11.21 10:49:25.374,1.51443,1.51478,1.00,1.00
2016.11.21 10:49:25.525,1.51437,1.51477,1.50,1.00
2016.11.21 10:49:27.618,1.51443,1.51477,1.00,1.00
2016.11.21 10:49:27.668,1.51443,1.51481,1.00,1.00
2016.11.21 10:49:27.769,1.51443,1.51477,1.00,1.00
2016.11.21 10:49:27.920,1.51437,1.51476,1.00,1.00
2016.11.21 10:49:27.971,1.51434,1.51476,1.50,1.00
2016.11.21 10:49:28.274,1.51436,1.51479,1.00,1.00
2016.11.21 10:49:28.401,1.51436,1.51476,1.00,1.00
2016.11.21 10:49:28.752,1.51444,1.51481,1.00,1.00
2016.11.21 10:49:29.504,1.51443,1.51481,1.00,1.00
2016.11.21 10:49:30.735,1.51444,1.51481,1.00,1.00
2016.11.21 10:49:31.649,1.51443,1.51481,1.00,1.00
2016.11.21 10:49:32.315,1.51443,1.51483,1.00,1.50
2016.11.21 10:49:32.774,1.51454,1.51487,1.00,1.00
2016.11.21 10:49:32.875,1.51455,1.51496,1.00,1.37
2016.11.21 10:49:32.927,1.51455,1.51496,1.00,1.00
2016.11.21 10:49:33.028,1.51464,1.51496,1.00,1.00
2016.11.21 10:49:33.343,1.51464,1.51494,1.00,1.00
2016.11.21 10:49:33.548,1.51454,1.51494,1.00,1.00
2016.11.21 10:49:33.701,1.51455,1.51496,1.00,1.50
2016.11.21 10:49:33.751,1.51464,1.51496,1.00,1.00
2016.11.21 10:49:33.802,1.51464,1.51499,1.00,1.50
2016.11.21 10:49:36.391,1.51464,1.51493,1.00,1.00
2016.11.21 10:49:36.441,1.51454,1.51493,1.00,1.00
2016.11.21 10:49:36.787,1.51454,1.51495,1.00,1.00
2016.11.21 10:49:36.837,1.51464,1.51495,1.00,1.00
2016.11.21 10:49:36.888,1.51464,1.51498,1.00,1.00
2016.11.21 10:49:37.117,1.51455,1.51497,1.00,1.00
2016.11.21 10:49:37.218,1.51464,1.51498,1.00,1.50
2016.11.21 10:49:37.323,1.51455,1.51498,1.00,1.00
2016.11.21 10:49:37.484,1.51454,1.51495,1.00,1.00
2016.11.21 10:49:37.789,1.51463,1.51495,1.00,1.00
2016.11.21 10:49:37.890,1.51464,1.51499,1.00,1.00
2016.11.21 10:49:38.448,1.51474,1.51499,1.00,1.00
2016.11.21 10:49:39.344,1.51464,1.51499,1.50,1.00
2016.11.21 10:49:39.445,1.51464,1.51502,1.12,1.00
2016.11.21 10:49:39.495,1.51464,1.51498,1.12,1.00
2016.11.21 10:49:39.804,1.51463,1.515,1.00,1.00
2016.11.21 10:49:40.357,1.51464,1.51501,1.00,1.00
2016.11.21 10:49:40.875,1.51463,1.51503,1.00,1.37
2016.11.21 10:49:41.825,1.51464,1.51503,1.00,1.37
2016.11.21 10:49:42.616,1.51464,1.51501,1.00,1.00
2016.11.21 10:49:43.244,1.51464,1.515,1.00,1.00
2016.11.21 10:49:44.731,1.51463,1.515,1.00,1.00
2016.11.21 10:49:45.389,1.51464,1.515,1.00,1.00
2016.11.21 10:49:47.934,1.51463,1.515,1.00,1.00
2016.11.21 10:49:48.228,1.51463,1.51498,1.00,1.00
2016.11.21 10:49:48.823,1.51464,1.51498,1.00,1.00
2016.11.21 10:49:49.800,1.51464,1.51501,1.00,1.50
2016.11.21 10:49:50.325,1.51463,1.51501,1.00,1.50
2016.11.21 10:49:50.716,1.51466,1.51501,1.00,1.00
2016.11.21 10:49:50.918,1.51463,1.51504,1.00,1.50
2016.11.21 10:49:51.032,1.51465,1.51506,1.00,1.37
2016.11.21 10:49:51.083,1.51465,1.51506,1.00,1.00
2016.11.21 10:49:51.133,1.51462,1.51503,1.50,1.00
2016.11.21 10:49:51.234,1.51463,1.51506,1.12,1.00
2016.11.21 10:49:51.335,1.51465,1.51507,1.00,1.00
2016.11.21 10:49:51.636,1.51463,1.51502,1.00,1.00
2016.11.21 10:49:51.943,1.51464,1.51498,1.00,1.00
2016.11.21 10:49:52.087,1.51464,1.51502,1.00,1.00
2016.11.21 10:49:52.350,1.51473,1.51502,1.00,1.00
2016.11.21 10:49:53.196,1.51473,1.51501,1.00,1.00
2016.11.21 10:49:53.550,1.51463,1.515,1.00,1.00
2016.11.21 10:49:53.801,1.51463,1.51502,1.00,1.00
2016.11.21 10:49:53.851,1.51474,1.51502,1.00,1.00
2016.11.21 10:49:55.546,1.51473,1.51502,1.00,1.00
2016.11.21 10:49:58.427,1.51474,1.51502,1.00,1.00
2016.11.21 10:49:59.051,1.51464,1.51502,1.00,1.00
2016.11.21 10:49:59.253,1.51474,1.51502,1.00,1.00
2016.11.21 10:49:59.383,1.51473,1.51504,1.00,1.00
2016.11.21 10:49:59.550,1.51463,1.51504,1.00,1.00
2016.11.21 10:50:00.434,1.51473,1.51506,1.00,1.50
2016.11.21 10:50:00.752,1.51464,1.51506,1.00,2.25
2016.11.21 10:50:00.832,1.51473,1.51506,1.00,1.50
2016.11.21 10:50:01.248,1.51463,1.51506,1.50,1.50
2016.11.21 10:50:01.452,1.51463,1.51503,1.00,1.00
2016.11.21 10:50:02.132,1.51464,1.51503,1.00,1.00
2016.11.21 10:50:02.255,1.51464,1.51505,1.00,1.00
2016.11.21 10:50:03.835,1.51474,1.51505,1.00,1.00
2016.11.21 10:50:05.905,1.51474,1.51502,1.00,1.00
2016.11.21 10:50:06.050,1.51464,1.51496,1.00,1.00
2016.11.21 10:50:06.151,1.51464,1.51504,1.00,1.37
2016.11.21 10:50:06.202,1.51464,1.51504,1.00,1.00
2016.11.21 10:50:06.253,1.51464,1.51507,1.00,1.00
2016.11.21 10:50:06.303,1.51464,1.51505,1.00,1.00
2016.11.21 10:50:06.615,1.51463,1.51502,1.00,1.50
2016.11.21 10:50:06.964,1.51464,1.51499,1.00,1.00
2016.11.21 10:50:07.508,1.51464,1.51498,1.00,1.00
2016.11.21 10:50:07.835,1.51464,1.51495,1.00,1.00
2016.11.21 10:50:08.392,1.51463,1.51494,1.00,1.00
2016.11.21 10:50:08.863,1.51464,1.51497,1.00,1.50
2016.11.21 10:50:09.420,1.51463,1.51497,1.00,1.50
2016.11.21 10:50:10.021,1.51464,1.51497,1.00,1.50
2016.11.21 10:50:12.465,1.51463,1.51497,1.00,1.50
2016.11.21 10:50:12.828,1.51463,1.51496,1.00,1.72
2016.11.21 10:50:12.878,1.51454,1.51496,1.00,3.22
2016.11.21 10:50:13.245,1.51454,1.51493,1.00,1.35
2016.11.21 10:50:13.649,1.51463,1.51496,1.00,1.97
2016.11.21 10:50:14.426,1.51464,1.51497,1.00,1.35
2016.11.21 10:50:18.538,1.51452,1.51493,1.00,1.35
2016.11.21 10:50:18.933,1.51464,1.51493,1.00,1.00
2016.11.21 10:50:18.984,1.51464,1.51496,1.00,1.72
2016.11.21 10:50:19.085,1.51464,1.51492,1.00,1.00
2016.11.21 10:50:19.618,1.51454,1.51493,1.00,1.00
2016.11.21 10:50:19.886,1.51454,1.51491,1.00,1.00
2016.11.21 10:50:20.444,1.51453,1.51491,1.00,1.00
2016.11.21 10:50:21.940,1.51454,1.51491,1.00,1.00
2016.11.21 10:50:22.278,1.51454,1.51486,1.00,1.00
2016.11.21 10:50:24.172,1.51444,1.51486,1.37,1.00
2016.11.21 10:50:24.273,1.51444,1.51482,1.00,1.00
2016.11.21 10:50:24.652,1.51454,1.51482,1.00,1.00
2016.11.21 10:50:25.860,1.51443,1.51482,1.00,1.00
2016.11.21 10:50:27.029,1.51444,1.51482,1.00,1.00
2016.11.21 10:50:27.693,1.51444,1.5148,1.00,1.00
2016.11.21 10:50:28.288,1.51444,1.51479,1.00,1.00
2016.11.21 10:50:30.170,1.51444,1.51482,1.00,1.00
2016.11.21 10:50:30.935,1.51443,1.51482,1.00,1.00
2016.11.21 10:50:35.154,1.51443,1.51479,1.00,1.00
2016.11.21 10:50:35.495,1.51443,1.51475,1.00,1.00
2016.11.21 10:50:35.837,1.51443,1.51473,1.00,1.00
2016.11.21 10:50:35.888,1.51434,1.51473,1.00,1.00
2016.11.21 10:50:36.200,1.51433,1.51475,1.00,1.00
2016.11.21 10:50:36.250,1.51443,1.51475,1.00,1.00
2016.11.21 10:50:37.057,1.51443,1.51474,1.00,1.00
2016.11.21 10:50:38.620,1.51444,1.51474,1.00,1.00
2016.11.21 10:50:38.771,1.51444,1.51477,1.00,1.50
2016.11.21 10:50:40.207,1.51444,1.51473,1.00,1.00
2016.11.21 10:50:41.762,1.51444,1.51475,1.00,1.00
2016.11.21 10:50:46.076,1.51444,1.51476,1.00,1.00
2016.11.21 10:50:46.176,1.51444,1.51472,1.00,1.00
2016.11.21 10:50:46.277,1.51433,1.51472,1.00,1.00
2016.11.21 10:50:46.378,1.51434,1.5147,1.00,1.00
2016.11.21 10:50:46.968,1.51434,1.51469,1.00,1.00
2016.11.21 10:50:48.583,1.51434,1.51467,1.00,1.00
2016.11.21 10:50:49.111,1.51433,1.51467,1.00,1.50
2016.11.21 10:50:50.276,1.51424,1.51467,1.50,1.00
2016.11.21 10:50:50.377,1.51424,1.51464,1.00,1.00
2016.11.21 10:50:50.578,1.51424,1.51466,1.00,1.50
2016.11.21 10:50:51.714,1.51426,1.51467,1.00,1.00
2016.11.21 10:50:52.425,1.51426,1.51467,1.37,1.00
2016.11.21 10:50:54.867,1.51427,1.51466,1.00,1.50
2016.11.21 10:50:55.169,1.51423,1.51463,1.00,1.00
2016.11.21 10:50:56.040,1.51424,1.51463,1.00,1.00
2016.11.21 10:50:56.594,1.51424,1.51464,1.50,1.00
2016.11.21 10:50:56.695,1.51427,1.51464,1.00,1.00
2016.11.21 10:50:56.796,1.51427,1.51466,1.00,1.00
2016.11.21 10:50:56.973,1.51434,1.51471,1.00,1.75
2016.11.21 10:50:59.458,1.51427,1.51467,1.00,1.00
2016.11.21 10:51:01.801,1.51433,1.51471,1.00,1.00
2016.11.21 10:51:02.618,1.51433,1.51473,1.00,1.00
2016.11.21 10:51:02.970,1.51429,1.51473,1.00,1.00
2016.11.21 10:51:03.024,1.51431,1.51475,1.00,1.00
2016.11.21 10:51:03.326,1.51433,1.51472,1.00,1.00
2016.11.21 10:51:03.944,1.51434,1.51472,1.00,1.00
2016.11.21 10:51:04.353,1.51433,1.5147,1.00,1.00
2016.11.21 10:51:11.823,1.51433,1.51473,1.00,1.00
2016.11.21 10:51:16.641,1.51433,1.51471,1.00,1.00
2016.11.21 10:51:16.742,1.51435,1.51476,1.00,1.60
2016.11.21 10:51:16.843,1.51436,1.51474,1.00,1.35
2016.11.21 10:51:17.855,1.51433,1.51474,1.00,1.35
2016.11.21 10:51:19.131,1.51434,1.51474,1.00,1.35
2016.11.21 10:51:22.438,1.51437,1.51476,1.00,3.22
2016.11.21 10:51:22.488,1.51437,1.51476,1.00,2.85
2016.11.21 10:51:22.780,1.51447,1.51476,1.00,2.85
2016.11.21 10:51:22.934,1.51445,1.51476,1.00,2.85
2016.11.21 10:51:24.345,1.51444,1.51476,1.00,2.85
2016.11.21 10:51:24.537,1.51439,1.51476,1.00,2.85
2016.11.21 10:51:24.587,1.51447,1.51476,1.00,2.85
2016.11.21 10:51:24.917,1.51444,1.51476,1.00,1.60
2016.11.21 10:51:24.968,1.51441,1.51476,1.00,1.60
2016.11.21 10:51:25.018,1.51445,1.51476,1.00,1.60
2016.11.21 10:51:25.321,1.5145,1.51476,1.00,1.60
2016.11.21 10:51:25.371,1.51446,1.51476,1.00,1.60
2016.11.21 10:51:25.647,1.51448,1.51476,1.00,1.60
2016.11.21 10:51:26.490,1.51447,1.51476,1.00,1.60
2016.11.21 10:51:28.516,1.51444,1.51479,1.00,3.60
2016.11.21 10:51:29.080,1.51447,1.51479,1.00,1.35
2016.11.21 10:51:33.737,1.51446,1.51479,1.00,3.60
2016.11.21 10:51:36.013,1.51447,1.51479,1.00,5.10
2016.11.21 10:51:36.064,1.51445,1.51479,1.00,5.10
2016.11.21 10:51:36.215,1.51443,1.51479,1.50,4.35
2016.11.21 10:51:36.265,1.51445,1.51478,1.00,1.72
2016.11.21 10:51:36.617,1.51456,1.51479,1.00,3.75
2016.11.21 10:51:36.718,1.51457,1.5148,1.00,2.25
2016.11.21 10:51:36.819,1.51453,1.51484,1.00,1.30
2016.11.21 10:51:37.081,1.51458,1.51493,1.00,2.10
2016.11.21 10:51:37.131,1.51454,1.51493,1.00,2.10
2016.11.21 10:51:37.182,1.51459,1.51493,1.00,2.10
2016.11.21 10:51:37.466,1.51463,1.51495,1.50,1.35
2016.11.21 10:51:37.517,1.51467,1.51495,1.00,1.35
2016.11.21 10:51:37.567,1.51465,1.51496,1.00,1.42
2016.11.21 10:51:37.618,1.51467,1.51499,1.00,1.16
2016.11.21 10:51:37.828,1.51464,1.51499,1.00,1.16
2016.11.21 10:51:41.955,1.51463,1.51499,1.50,1.91
2016.11.21 10:51:42.613,1.51464,1.51499,1.00,1.16
2016.11.21 10:51:44.656,1.51457,1.51496,1.00,1.60
2016.11.21 10:51:44.706,1.51457,1.51495,1.00,2.10
2016.11.21 10:51:45.299,1.51457,1.51491,1.00,1.00
2016.11.21 10:51:45.771,1.51454,1.51491,1.00,1.00
2016.11.21 10:51:45.829,1.51458,1.51491,1.00,1.00
2016.11.21 10:51:45.879,1.51458,1.51493,1.00,1.12
2016.11.21 10:51:46.643,1.51462,1.51493,1.00,1.12
2016.11.21 10:51:47.161,1.51455,1.51495,1.00,1.35
2016.11.21 10:51:47.212,1.51462,1.51495,1.00,1.35
2016.11.21 10:51:47.825,1.51464,1.51495,1.00,1.35
2016.11.21 10:51:49.455,1.51465,1.51495,1.00,1.35
2016.11.21 10:51:49.720,1.51466,1.515,1.00,1.16
2016.11.21 10:51:49.771,1.51468,1.515,1.00,1.16
2016.11.21 10:51:49.930,1.51465,1.515,1.00,1.16
2016.11.21 10:51:49.981,1.51467,1.515,1.00,1.16
2016.11.21 10:51:50.291,1.51465,1.515,1.00,1.16
2016.11.21 10:51:56.037,1.51466,1.515,1.00,1.16
2016.11.21 10:51:56.087,1.51475,1.51506,1.00,1.94
2016.11.21 10:51:56.188,1.5147,1.51508,1.50,1.54
2016.11.21 10:51:56.239,1.51477,1.51499,1.00,2.25
2016.11.21 10:51:56.340,1.51473,1.51512,1.00,1.60
2016.11.21 10:51:56.390,1.51479,1.51514,1.00,1.35
2016.11.21 10:51:57.153,1.51484,1.51514,1.00,1.35
2016.11.21 10:51:57.439,1.51479,1.51513,1.00,1.72
2016.11.21 10:51:57.547,1.51477,1.51513,1.00,1.72
2016.11.21 10:51:59.757,1.51479,1.51513,1.00,1.72
2016.11.21 10:52:00.239,1.51473,1.51513,1.00,1.72
2016.11.21 10:52:02.691,1.51474,1.51514,1.00,1.35
2016.11.21 10:52:02.872,1.51483,1.51516,1.00,1.75
2016.11.21 10:52:03.274,1.51484,1.51522,1.00,1.91
2016.11.21 10:52:03.479,1.51475,1.51519,1.00,1.54
2016.11.21 10:52:03.784,1.51483,1.5152,1.00,1.85
2016.11.21 10:52:04.288,1.51484,1.51522,1.00,1.16
2016.11.21 10:52:05.851,1.51482,1.51516,1.00,1.00
2016.11.21 10:52:08.353,1.51483,1.51522,1.00,1.16
2016.11.21 10:52:08.530,1.51483,1.5152,1.00,2.29
2016.11.21 10:52:08.630,1.51478,1.5152,1.00,3.04
2016.11.21 10:52:08.681,1.51484,1.5152,1.00,3.04
2016.11.21 10:52:08.782,1.51476,1.51517,1.00,1.60
2016.11.21 10:52:08.833,1.51476,1.51517,1.00,1.00
2016.11.21 10:52:08.933,1.51477,1.51519,1.00,1.25
2016.11.21 10:52:09.085,1.51477,1.51517,1.00,1.00
2016.11.21 10:52:09.417,1.51479,1.51516,1.00,1.00
2016.11.21 10:52:09.517,1.51477,1.51516,1.00,1.00
2016.11.21 10:52:09.568,1.51483,1.51519,1.00,4.35
2016.11.21 10:52:09.667,1.51477,1.51517,1.00,1.00
2016.11.21 10:52:09.811,1.51474,1.51517,1.12,1.50
2016.11.21 10:52:10.045,1.51474,1.51515,1.12,1.00
2016.11.21 10:52:10.613,1.51477,1.51517,1.00,1.00
2016.11.21 10:52:11.113,1.51474,1.51516,1.12,1.50
2016.11.21 10:52:11.561,1.51473,1.51514,1.00,1.00
2016.11.21 10:52:11.893,1.51478,1.51517,1.00,1.00
2016.11.21 10:52:14.049,1.5148,1.51517,1.00,1.00
2016.11.21 10:52:14.099,1.5148,1.51519,1.00,3.00
2016.11.21 10:52:14.150,1.51485,1.51519,1.00,3.00
2016.11.21 10:52:14.201,1.51485,1.51526,1.00,1.35
2016.11.21 10:52:14.302,1.51493,1.51527,1.00,1.60
2016.11.21 10:52:14.453,1.51493,1.51529,1.00,1.91
2016.11.21 10:52:14.713,1.51488,1.51526,1.00,1.00
2016.11.21 10:52:14.903,1.51493,1.5153,1.00,2.10
2016.11.21 10:52:15.216,1.51486,1.51527,1.00,1.50
2016.11.21 10:52:15.403,1.51484,1.51526,1.50,1.00
2016.11.21 10:52:15.767,1.51484,1.51524,1.00,1.00
2016.11.21 10:52:15.918,1.51482,1.51523,1.12,1.00
2016.11.21 10:52:15.969,1.51482,1.51517,1.12,1.00
2016.11.21 10:52:16.130,1.51479,1.51517,1.00,1.00
2016.11.21 10:52:16.422,1.51481,1.51517,1.00,1.00
2016.11.21 10:52:16.710,1.51481,1.5152,1.00,1.00
2016.11.21 10:52:16.875,1.51481,1.51523,1.00,1.30
2016.11.21 10:52:17.623,1.51479,1.51522,1.00,1.00
2016.11.21 10:52:18.121,1.51479,1.51517,1.00,1.00
2016.11.21 10:52:18.810,1.51479,1.51516,1.00,1.00
2016.11.21 10:52:18.860,1.51477,1.51516,1.00,1.00
2016.11.21 10:52:19.125,1.5148,1.51516,1.00,1.00
2016.11.21 10:52:19.708,1.5148,1.51517,1.00,1.00
2016.11.21 10:52:20.294,1.51479,1.51517,1.00,1.00
2016.11.21 10:52:20.753,1.51482,1.51517,1.00,1.00
2016.11.21 10:52:20.904,1.51482,1.51522,1.00,3.00
2016.11.21 10:52:21.076,1.51482,1.51516,1.00,1.00
2016.11.21 10:52:21.328,1.51479,1.51516,1.00,1.00
2016.11.21 10:52:21.628,1.51481,1.51516,1.00,1.00
2016.11.21 10:52:21.878,1.51484,1.51522,1.00,3.60
2016.11.21 10:52:27.653,1.51484,1.51521,1.00,1.50
2016.11.21 10:52:27.793,1.51474,1.51519,1.37,1.00
2016.11.21 10:52:27.844,1.51476,1.51521,1.00,1.54
2016.11.21 10:52:27.895,1.51476,1.51517,1.00,2.25
2016.11.21 10:52:28.197,1.51478,1.51518,1.00,1.00
2016.11.21 10:52:28.498,1.51478,1.51516,1.00,1.00
2016.11.21 10:52:28.832,1.51478,1.51521,1.00,1.54
2016.11.21 10:52:28.985,1.51481,1.51521,1.00,1.05
2016.11.21 10:52:29.338,1.51484,1.51521,1.00,1.35
2016.11.21 10:52:29.885,1.51483,1.51522,1.00,1.60
2016.11.21 10:52:30.451,1.51484,1.51522,1.00,1.60
2016.11.21 10:52:30.710,1.51484,1.51524,1.00,1.00
2016.11.21 10:52:30.861,1.51482,1.51524,1.00,1.00
2016.11.21 10:52:31.278,1.51479,1.51524,1.00,1.00
2016.11.21 10:52:33.747,1.51478,1.51524,1.00,1.50
2016.11.21 10:52:34.136,1.51477,1.51516,1.00,1.00
2016.11.21 10:52:34.469,1.51484,1.51524,1.00,1.60
2016.11.21 10:52:35.346,1.51478,1.51516,1.00,1.00
2016.11.21 10:52:35.746,1.51474,1.51516,2.25,1.00
2016.11.21 10:52:37.820,1.51475,1.51516,1.00,1.00
2016.11.21 10:52:39.329,1.51474,1.51516,2.70,1.00
2016.11.21 10:52:39.430,1.51476,1.51516,1.00,1.00
2016.11.21 10:52:39.480,1.51476,1.51524,1.00,1.60
2016.11.21 10:52:39.581,1.51483,1.51524,1.00,1.60
2016.11.21 10:52:40.322,1.51476,1.51516,1.00,1.00
2016.11.21 10:52:40.853,1.51484,1.51524,1.00,1.80
2016.11.21 10:52:41.236,1.51476,1.51517,1.00,1.00
2016.11.21 10:52:41.444,1.51484,1.51524,1.00,1.60
2016.11.21 10:52:41.805,1.51478,1.51516,1.00,1.00
2016.11.21 10:52:42.066,1.51484,1.51524,1.00,1.60
2016.11.21 10:52:48.460,1.51479,1.51524,1.00,1.00
2016.11.21 10:52:48.561,1.51479,1.51525,1.37,1.37
2016.11.21 10:52:48.670,1.51481,1.51526,1.00,1.00
2016.11.21 10:52:49.045,1.51477,1.51523,1.12,1.00
2016.11.21 10:52:49.126,1.51479,1.51525,1.00,1.50
2016.11.21 10:52:49.426,1.51477,1.51524,1.12,1.12
2016.11.21 10:52:49.526,1.51479,1.51525,1.00,1.50
2016.11.21 10:52:50.427,1.51477,1.51525,1.12,1.50
2016.11.21 10:52:54.234,1.51475,1.51523,1.75,1.00
2016.11.21 10:52:55.651,1.51473,1.51521,1.75,1.50
2016.11.21 10:52:55.903,1.51473,1.51518,1.00,1.87
2016.11.21 10:52:56.054,1.51473,1.51516,1.00,1.50
2016.11.21 10:52:56.105,1.51466,1.51516,1.20,1.50
2016.11.21 10:52:56.155,1.51466,1.51513,1.20,1.00
2016.11.21 10:52:56.692,1.51465,1.51514,1.20,1.00
2016.11.21 10:52:57.261,1.51465,1.51515,1.95,1.00
2016.11.21 10:52:58.172,1.51465,1.51513,1.20,1.00
2016.11.21 10:52:58.536,1.51465,1.51515,1.95,1.00
2016.11.21 10:52:58.837,1.51464,1.51517,2.25,1.00
2016.11.21 10:52:59.258,1.51464,1.51515,2.25,1.00
2016.11.21 10:53:00.972,1.51464,1.51515,1.87,1.37
2016.11.21 10:53:01.022,1.51464,1.51513,1.50,1.00
2016.11.21 10:53:04.270,1.51467,1.51513,1.00,1.00
2016.11.21 10:53:04.426,1.51464,1.51513,1.00,1.50
2016.11.21 10:53:04.476,1.51474,1.51513,1.00,1.00
2016.11.21 10:53:04.870,1.51465,1.51513,1.00,1.00
2016.11.21 10:53:04.951,1.51463,1.51513,3.00,1.00
2016.11.21 10:53:05.087,1.51473,1.51513,1.00,1.00
2016.11.21 10:53:05.653,1.51474,1.51513,1.00,1.00
2016.11.21 10:53:06.212,1.51463,1.51513,3.00,1.00
2016.11.21 10:53:06.602,1.51463,1.51507,2.25,1.00
2016.11.21 10:53:07.082,1.51465,1.51507,1.00,1.00
2016.11.21 10:53:07.648,1.51463,1.51507,3.75,1.00
2016.11.21 10:53:08.158,1.51465,1.51507,1.00,1.00
2016.11.21 10:53:09.177,1.51465,1.51506,1.00,1.00
2016.11.21 10:53:09.378,1.51465,1.51513,1.50,1.00
2016.11.21 10:53:09.585,1.51465,1.51506,1.00,1.00
2016.11.21 10:53:10.794,1.51464,1.51507,1.50,1.00
2016.11.21 10:53:11.906,1.51464,1.51506,1.50,1.00
2016.11.21 10:53:12.230,1.51464,1.51512,1.00,1.00
2016.11.21 10:53:12.684,1.51463,1.51507,1.50,1.00
2016.11.21 10:53:13.805,1.51464,1.51506,1.00,1.00
2016.11.21 10:53:14.375,1.51464,1.51504,1.00,1.00
2016.11.21 10:53:18.196,1.51463,1.51504,1.00,1.00
2016.11.21 10:53:18.701,1.51464,1.51505,1.50,1.00
2016.11.21 10:53:19.232,1.51463,1.51504,1.00,1.00
2016.11.21 10:53:19.781,1.51463,1.5151,1.00,2.85
2016.11.21 10:53:19.832,1.5146,1.5151,1.00,2.85
2016.11.21 10:53:21.297,1.51463,1.5151,1.00,1.35
2016.11.21 10:53:21.669,1.51461,1.51509,1.00,1.75
2016.11.21 10:53:23.072,1.5146,1.51507,1.00,1.12
2016.11.21 10:53:23.223,1.51464,1.51507,1.00,1.12
2016.11.21 10:53:23.324,1.51458,1.51507,1.50,1.87
2016.11.21 10:53:23.425,1.51464,1.51507,1.00,1.87
2016.11.21 10:53:23.526,1.51458,1.51507,1.50,1.87
2016.11.21 10:53:23.820,1.51463,1.51507,1.00,1.87
2016.11.21 10:53:24.132,1.51474,1.51513,1.00,1.30
2016.11.21 10:53:24.680,1.51473,1.51513,1.00,1.30
2016.11.21 10:53:25.296,1.51473,1.51513,1.00,1.75
2016.11.21 10:53:25.524,1.51466,1.51506,1.00,1.12
2016.11.21 10:53:25.575,1.51464,1.51506,1.00,2.32
2016.11.21 10:53:26.019,1.51474,1.51506,1.00,1.12
2016.11.21 10:53:26.658,1.51463,1.51509,1.00,1.20
2016.11.21 10:53:28.724,1.5146,1.5151,1.00,1.20
2016.11.21 10:53:30.103,1.51458,1.5151,1.00,1.95
2016.11.21 10:53:33.706,1.51454,1.51507,2.25,1.50
2016.11.21 10:53:34.933,1.51454,1.51505,1.75,1.00
2016.11.21 10:53:35.231,1.51464,1.51508,1.00,1.75
2016.11.21 10:53:35.534,1.51474,1.51516,1.00,1.00
2016.11.21 10:53:37.055,1.51484,1.51521,1.00,2.47
2016.11.21 10:53:37.155,1.51473,1.51517,1.00,1.00
2016.11.21 10:53:38.563,1.51483,1.51521,1.00,1.72
2016.11.21 10:53:38.858,1.51473,1.51517,1.50,1.00
2016.11.21 10:53:40.165,1.51474,1.51516,1.00,1.00
2016.11.21 10:53:40.279,1.51484,1.51522,1.00,3.60
2016.11.21 10:53:40.480,1.51474,1.51516,1.00,1.00
2016.11.21 10:53:42.243,1.51484,1.51521,1.00,2.47
2016.11.21 10:53:50.653,1.51474,1.51516,1.50,1.00
2016.11.21 10:53:51.963,1.51483,1.51521,1.00,2.47
2016.11.21 10:53:52.174,1.51474,1.51516,1.00,1.00
2016.11.21 10:53:55.102,1.51484,1.51519,1.00,1.57
2016.11.21 10:53:55.498,1.51484,1.5152,1.00,2.55
2016.11.21 10:53:56.585,1.51484,1.51522,1.00,2.85
2016.11.21 10:53:58.771,1.51474,1.51516,1.87,1.00
2016.11.21 10:53:59.765,1.51483,1.51521,1.00,1.70
2016.11.21 10:53:59.996,1.51474,1.51516,1.87,1.00
2016.11.21 10:54:00.704,1.51484,1.51521,1.00,1.70
2016.11.21 10:54:01.268,1.51473,1.51517,2.25,1.00
2016.11.21 10:54:03.719,1.51484,1.5152,1.00,2.10
2016.11.21 10:54:03.985,1.51474,1.51516,1.12,1.00
2016.11.21 10:54:04.373,1.51484,1.5152,1.00,1.35
2016.11.21 10:54:04.886,1.51474,1.51516,1.12,1.00
2016.11.21 10:54:14.172,1.51475,1.51516,1.00,1.00
2016.11.21 10:54:14.388,1.51483,1.51522,1.00,1.75
2016.11.21 10:54:14.505,1.51483,1.51522,1.00,1.00
2016.11.21 10:54:14.725,1.51477,1.51516,1.75,1.00
2016.11.21 10:54:15.637,1.51484,1.5152,1.00,1.00
2016.11.21 10:54:15.688,1.51484,1.51522,1.00,1.00
2016.11.21 10:54:17.843,1.51484,1.5152,1.00,1.00
2016.11.21 10:54:18.365,1.51484,1.51519,1.00,1.00
2016.11.21 10:54:18.990,1.51484,1.51521,1.00,3.00
2016.11.21 10:54:20.100,1.51483,1.51521,1.00,1.00
2016.11.21 10:54:22.299,1.51483,1.51522,1.00,1.50
2016.11.21 10:54:22.450,1.51474,1.51517,2.25,1.00
2016.11.21 10:54:24.007,1.51484,1.5152,1.00,1.00
2016.11.21 10:54:24.151,1.51484,1.51522,1.00,1.50
2016.11.21 10:54:24.681,1.51483,1.51522,1.00,1.00
2016.11.21 10:54:25.259,1.51484,1.51522,1.00,1.00
2016.11.21 10:54:25.771,1.51484,1.51521,1.00,1.00
2016.11.21 10:54:33.965,1.51485,1.51521,1.30,1.00
2016.11.21 10:54:34.065,1.51484,1.51528,1.50,3.00
2016.11.21 10:54:34.166,1.51484,1.51532,1.50,1.12
2016.11.21 10:54:34.267,1.51494,1.51534,1.00,1.75
2016.11.21 10:54:34.875,1.51494,1.51531,1.00,1.00
2016.11.21 10:54:43.228,1.51494,1.51532,1.00,1.12
2016.11.21 10:54:43.678,1.51494,1.5153,1.00,1.00
2016.11.21 10:54:44.771,1.51493,1.51529,1.00,1.00
2016.11.21 10:54:44.974,1.51483,1.51526,1.00,2.25
2016.11.21 10:54:46.170,1.51484,1.51516,1.00,1.00
2016.11.21 10:54:46.428,1.51483,1.51526,1.00,1.75
2016.11.21 10:54:46.479,1.51483,1.51526,1.35,1.00
2016.11.21 10:54:47.082,1.51484,1.51526,1.00,1.00
2016.11.21 10:54:47.479,1.51484,1.51526,1.00,1.60
2016.11.21 10:54:47.781,1.51484,1.51521,1.00,1.50
2016.11.21 10:54:48.266,1.51484,1.51519,1.00,1.00
2016.11.21 10:54:48.884,1.51484,1.5152,1.00,1.00
2016.11.21 10:54:51.665,1.51484,1.51519,1.00,1.00
2016.11.21 10:54:54.388,1.51483,1.51519,1.00,1.00
2016.11.21 10:54:55.371,1.51484,1.51519,1.00,1.00
2016.11.21 10:54:55.522,1.51485,1.51526,1.00,1.12
2016.11.21 10:54:55.573,1.51493,1.51535,1.00,1.95
2016.11.21 10:54:55.623,1.51493,1.51535,1.00,1.75
2016.11.21 10:55:01.073,1.51484,1.51532,2.25,1.00
2016.11.21 10:55:01.174,1.51483,1.51527,2.10,1.50
2016.11.21 10:55:01.746,1.51483,1.51525,2.10,1.00
2016.11.21 10:55:08.773,1.51483,1.51527,1.75,1.00
2016.11.21 10:55:08.924,1.51483,1.51528,1.00,1.00
2016.11.21 10:55:09.075,1.51484,1.51526,1.00,1.50
2016.11.21 10:55:11.271,1.51483,1.51527,1.00,1.00
2016.11.21 10:55:11.802,1.51494,1.51528,1.00,1.00
2016.11.21 10:55:11.972,1.51483,1.51527,1.00,1.00
2016.11.21 10:55:17.296,1.51484,1.51528,1.00,1.00
2016.11.21 10:55:17.396,1.51493,1.51528,1.00,1.00
2016.11.21 10:55:17.497,1.51484,1.51528,1.00,1.00
2016.11.21 10:55:17.884,1.51484,1.51526,1.00,1.00
2016.11.21 10:55:21.314,1.51494,1.51528,1.00,1.00
2016.11.21 10:55:21.614,1.51484,1.51526,1.00,1.00
2016.11.21 10:55:24.024,1.51493,1.51528,1.00,2.25
2016.11.21 10:55:24.275,1.51494,1.51536,1.00,1.87
2016.11.21 10:55:28.223,1.51493,1.51536,1.00,1.12
2016.11.21 10:55:28.861,1.51493,1.51534,1.00,1.00
2016.11.21 10:55:29.405,1.51493,1.51532,1.00,1.00
2016.11.21 10:55:29.782,1.51494,1.51532,1.00,2.10
2016.11.21 10:55:30.157,1.51494,1.51532,1.00,1.00
2016.11.21 10:55:30.583,1.51494,1.5153,1.00,1.00
2016.11.21 10:55:30.734,1.51484,1.51526,1.00,1.87
2016.11.21 10:55:30.835,1.51494,1.51526,1.00,1.12
2016.11.21 10:55:31.157,1.51474,1.51524,3.75,1.00
2016.11.21 10:55:31.307,1.51473,1.5152,1.75,1.00
2016.11.21 10:55:31.459,1.51473,1.51517,1.00,1.00
2016.11.21 10:55:31.629,1.51483,1.51517,1.00,1.00
2016.11.21 10:55:31.735,1.51473,1.51517,1.00,1.00
2016.11.21 10:55:32.186,1.51473,1.51515,1.00,1.00
2016.11.21 10:55:33.512,1.51473,1.51517,1.00,1.95
2016.11.21 10:55:33.664,1.51474,1.51506,1.00,1.00
2016.11.21 10:55:33.732,1.51467,1.51517,2.10,3.45
2016.11.21 10:55:33.833,1.51474,1.51517,1.00,2.70
2016.11.21 10:55:34.135,1.51473,1.51507,1.00,1.00
2016.11.21 10:55:34.240,1.51474,1.51514,1.00,1.75
2016.11.21 10:55:34.913,1.51473,1.51514,1.00,1.75
2016.11.21 10:55:36.066,1.51474,1.51515,1.00,2.70
2016.11.21 10:55:36.701,1.51473,1.51515,1.00,1.95
2016.11.21 10:55:36.752,1.51464,1.51515,1.50,1.95
2016.11.21 10:55:36.961,1.51474,1.51515,1.00,1.95
2016.11.21 10:55:37.462,1.51473,1.51515,1.00,1.95
2016.11.21 10:55:39.472,1.51474,1.51515,1.00,3.00
2016.11.21 10:55:39.573,1.51464,1.51512,1.00,1.75
2016.11.21 10:55:40.240,1.51463,1.51512,1.87,1.75
2016.11.21 10:55:40.742,1.51464,1.51512,1.00,1.75
2016.11.21 10:55:42.154,1.51463,1.51512,1.87,1.75
2016.11.21 10:55:45.017,1.51457,1.51509,1.75,1.00
2016.11.21 10:55:45.189,1.51455,1.51509,1.75,1.37
2016.11.21 10:55:45.240,1.51455,1.51509,1.50,1.75
2016.11.21 10:55:45.391,1.51463,1.51511,1.00,1.95
2016.11.21 10:55:45.901,1.51464,1.51511,1.00,1.20
2016.11.21 10:55:49.361,1.51463,1.51512,1.00,1.95
2016.11.21 10:55:53.101,1.51473,1.51513,1.00,1.75
2016.11.21 10:55:53.152,1.51473,1.51514,1.00,1.20
2016.11.21 10:55:53.203,1.51464,1.51506,1.00,1.00
2016.11.21 10:55:53.359,1.51474,1.51514,1.00,1.20
2016.11.21 10:55:53.460,1.51464,1.51515,1.00,1.95
2016.11.21 10:55:55.600,1.5146,1.51513,1.75,1.75
2016.11.21 10:55:56.338,1.51462,1.51512,1.72,1.50
2016.11.21 10:55:56.639,1.51473,1.51517,1.00,1.00
2016.11.21 10:55:59.514,1.51484,1.51524,1.00,1.75
2016.11.21 10:56:00.569,1.51474,1.51516,1.00,1.00
2016.11.21 10:56:05.011,1.51484,1.51526,1.00,1.50
2016.11.21 10:56:05.062,1.51484,1.51526,1.00,1.12
2016.11.21 10:56:05.224,1.51475,1.51516,1.75,1.00
2016.11.21 10:56:05.375,1.51484,1.51526,1.00,1.12
2016.11.21 10:56:06.494,1.51474,1.51516,1.75,1.00
2016.11.21 10:56:08.424,1.51483,1.51527,1.00,2.32
2016.11.21 10:56:13.034,1.51483,1.51525,1.00,1.00
2016.11.21 10:56:15.489,1.51484,1.51525,1.00,1.00
2016.11.21 10:56:16.135,1.51483,1.51527,1.00,1.37
2016.11.21 10:56:16.685,1.51484,1.51526,1.00,1.12
2016.11.21 10:56:17.260,1.51484,1.51525,1.00,1.00
2016.11.21 10:56:20.933,1.51484,1.51525,1.00,1.37
2016.11.21 10:56:22.352,1.51484,1.51522,1.00,1.00
2016.11.21 10:56:23.029,1.51483,1.51524,1.00,2.25
2016.11.21 10:56:23.984,1.51483,1.51521,1.00,1.00
2016.11.21 10:56:24.236,1.51474,1.51516,1.00,1.12
2016.11.21 10:56:24.337,1.51484,1.51517,1.00,1.37
2016.11.21 10:56:24.518,1.51474,1.51516,1.00,1.12
2016.11.21 10:56:24.761,1.51468,1.51519,1.37,1.75
2016.11.21 10:56:24.963,1.51464,1.51506,1.95,1.00
2016.11.21 10:56:25.218,1.51466,1.51516,1.75,3.37
2016.11.21 10:56:29.071,1.51465,1.51515,2.25,1.00
2016.11.21 10:56:31.855,1.51474,1.51511,1.00,1.00
2016.11.21 10:56:31.956,1.51474,1.51514,1.00,1.00
2016.11.21 10:56:32.162,1.51473,1.51517,1.00,1.37
2016.11.21 10:56:33.866,1.51474,1.51516,1.00,1.12
2016.11.21 10:56:33.967,1.51473,1.5152,1.57,1.37
2016.11.21 10:56:34.018,1.51473,1.5152,1.95,1.00
2016.11.21 10:56:34.164,1.51474,1.51524,1.75,1.00
2016.11.21 10:56:35.166,1.51474,1.51528,1.75,3.00
2016.11.21 10:56:35.940,1.51483,1.51527,1.00,1.50
2016.11.21 10:56:36.112,1.51484,1.51531,1.00,2.25
2016.11.21 10:56:36.361,1.51483,1.51531,1.12,1.50
2016.11.21 10:56:36.912,1.51483,1.51529,1.12,3.00
2016.11.21 10:56:36.962,1.51477,1.51526,1.20,1.00
2016.11.21 10:56:37.063,1.51477,1.51529,1.20,3.00
2016.11.21 10:56:37.692,1.51477,1.51533,2.70,2.70
2016.11.21 10:56:42.261,1.51484,1.51533,1.00,2.70
2016.11.21 10:56:43.748,1.5148,1.51533,1.75,2.70
2016.11.21 10:56:48.358,1.51484,1.51532,1.00,1.75
2016.11.21 10:56:48.801,1.51481,1.51538,1.20,1.95
2016.11.21 10:56:48.852,1.51488,1.51537,1.00,1.00
2016.11.21 10:57:07.380,1.51493,1.51537,1.00,1.00
2016.11.21 10:57:08.076,1.51488,1.51537,1.00,1.00
2016.11.21 10:57:09.148,1.51486,1.51541,1.20,1.75
2016.11.21 10:57:09.677,1.51486,1.51541,1.20,2.25
2016.11.21 10:57:11.314,1.51493,1.5154,1.00,1.50
2016.11.21 10:57:11.642,1.51485,1.51534,1.20,1.00
2016.11.21 10:57:11.693,1.51484,1.51536,1.12,3.00
2016.11.21 10:57:11.798,1.51494,1.51536,1.00,3.00
2016.11.21 10:57:12.349,1.51493,1.51534,1.00,1.75
2016.11.21 10:57:13.105,1.51494,1.51536,1.00,1.75
2016.11.21 10:57:14.623,1.51484,1.51536,1.12,1.95
2016.11.21 10:57:14.905,1.51483,1.51527,1.50,1.00
2016.11.21 10:57:15.250,1.51493,1.51535,1.00,1.20
2016.11.21 10:57:15.789,1.51494,1.51535,1.00,1.20
2016.11.21 10:57:16.811,1.51493,1.51537,1.00,1.00
2016.11.21 10:57:16.861,1.51493,1.51537,1.37,1.00
2016.11.21 10:57:16.912,1.51491,1.51541,1.20,1.00
2016.11.21 10:57:17.013,1.51504,1.51541,1.00,1.00
2016.11.21 10:57:17.113,1.51503,1.51545,1.00,1.30
2016.11.21 10:57:17.992,1.51504,1.51545,1.00,1.30
2016.11.21 10:57:18.293,1.51493,1.51537,1.75,1.00
2016.11.21 10:57:18.594,1.51504,1.51546,1.00,1.50
2016.11.21 10:57:19.150,1.51504,1.51546,1.00,1.00
2016.11.21 10:57:19.483,1.51503,1.51547,1.00,1.75
2016.11.21 10:57:20.335,1.51504,1.51546,1.00,1.50
2016.11.21 10:57:20.722,1.51504,1.5154,1.00,1.00
2016.11.21 10:57:20.823,1.51494,1.51539,1.75,1.05
2016.11.21 10:57:20.873,1.51494,1.51539,1.37,2.17
2016.11.21 10:57:21.388,1.51494,1.51536,1.00,1.50
2016.11.21 10:57:22.258,1.51493,1.51537,1.00,2.10
2016.11.21 10:57:24.523,1.51494,1.51536,1.00,2.10
2016.11.21 10:57:24.844,1.51493,1.51528,1.00,1.00
2016.11.21 10:57:25.046,1.51484,1.51526,1.00,1.00
2016.11.21 10:57:25.516,1.51476,1.51526,1.75,1.50
2016.11.21 10:57:25.617,1.51484,1.51526,1.00,1.00
2016.11.21 10:57:26.106,1.51493,1.5153,1.00,1.75
2016.11.21 10:57:26.674,1.51494,1.5153,1.00,3.00
2016.11.21 10:57:26.725,1.51484,1.51526,1.00,1.35
2016.11.21 10:57:26.775,1.51484,1.51523,1.00,1.37
2016.11.21 10:57:27.077,1.51494,1.51529,1.00,1.37
2016.11.21 10:57:27.128,1.51494,1.51529,1.00,1.00
2016.11.21 10:57:27.229,1.51483,1.51529,1.12,1.00
2016.11.21 10:57:27.280,1.51483,1.51523,1.12,1.00
2016.11.21 10:57:27.932,1.51484,1.51523,1.00,1.00
2016.11.21 10:57:30.078,1.51484,1.51522,1.00,1.00
2016.11.21 10:57:30.712,1.51483,1.51522,1.00,1.00
2016.11.21 10:57:31.229,1.51484,1.51523,1.00,1.00
2016.11.21 10:57:31.710,1.51484,1.5152,1.00,1.37
2016.11.21 10:57:33.551,1.51484,1.51518,1.00,1.00
2016.11.21 10:57:35.017,1.51474,1.51516,1.00,1.00
2016.11.21 10:57:36.063,1.51483,1.51516,1.00,1.00
2016.11.21 10:57:38.021,1.51474,1.51516,1.00,1.50
2016.11.21 10:57:39.345,1.51484,1.51516,1.00,1.00
2016.11.21 10:57:39.540,1.51474,1.51516,1.00,1.50
2016.11.21 10:57:40.323,1.51466,1.51506,1.75,1.00
2016.11.21 10:57:41.162,1.51467,1.51514,1.35,1.00
2016.11.21 10:57:41.264,1.51467,1.51516,1.35,1.00
2016.11.21 10:57:41.325,1.51474,1.51516,1.00,1.00
2016.11.21 10:57:43.753,1.51473,1.51517,1.00,1.35
2016.11.21 10:57:44.042,1.51467,1.51517,2.10,2.10
2016.11.21 10:57:44.128,1.51474,1.51516,1.00,1.00
2016.11.21 10:57:44.586,1.51474,1.51513,1.00,1.00
2016.11.21 10:57:44.637,1.5147,1.51513,1.20,1.37
2016.11.21 10:57:44.738,1.5147,1.51519,1.95,2.25
2016.11.21 10:57:44.839,1.51483,1.51519,1.00,2.25
2016.11.21 10:57:45.178,1.51483,1.51524,1.00,2.25
2016.11.21 10:57:46.760,1.51484,1.51524,1.00,1.50
2016.11.21 10:57:47.843,1.51483,1.51524,1.00,1.50
2016.11.21 10:57:51.064,1.51483,1.51528,1.00,1.00
2016.11.21 10:57:51.251,1.51493,1.51528,1.00,1.00
2016.11.21 10:57:51.453,1.51483,1.51527,1.00,1.00
2016.11.21 10:57:51.554,1.51494,1.51532,1.00,1.75
2016.11.21 10:57:52.079,1.51483,1.51527,1.00,1.00
2016.11.21 10:57:52.180,1.51484,1.5153,1.00,1.12
2016.11.21 10:57:52.329,1.51493,1.5153,1.00,1.12
2016.11.21 10:57:52.757,1.51484,1.51526,1.00,1.00
2016.11.21 10:57:54.796,1.51484,1.51526,1.00,1.60
2016.11.21 10:57:54.897,1.51484,1.51525,1.00,1.60
2016.11.21 10:57:54.947,1.51473,1.51525,1.75,1.60
2016.11.21 10:57:55.048,1.51474,1.51522,1.00,1.50
2016.11.21 10:57:55.199,1.51474,1.51519,1.00,1.00
2016.11.21 10:57:55.520,1.51484,1.51519,1.00,1.00
2016.11.21 10:57:56.056,1.51484,1.51518,1.00,1.00
2016.11.21 10:57:57.838,1.51474,1.51516,1.00,1.00
2016.11.21 10:57:58.071,1.51483,1.51518,1.00,1.00
2016.11.21 10:57:58.370,1.51474,1.51516,1.00,1.00
2016.11.21 10:57:58.532,1.51474,1.51515,1.00,1.60
2016.11.21 10:57:58.839,1.51483,1.51518,1.00,2.10
2016.11.21 10:57:58.940,1.51483,1.51518,1.00,1.00
2016.11.21 10:57:59.140,1.51474,1.51516,1.00,1.00
2016.11.21 10:57:59.328,1.51474,1.51516,1.00,2.10
2016.11.21 10:57:59.529,1.51473,1.51517,1.12,1.50
2016.11.21 10:57:59.580,1.51483,1.51522,1.00,2.25
2016.11.21 10:58:00.083,1.51484,1.51524,1.00,1.75
2016.11.21 10:58:01.062,1.51483,1.51521,1.00,1.30
2016.11.21 10:58:01.552,1.51475,1.51526,1.50,2.25
2016.11.21 10:58:01.652,1.51484,1.51526,1.00,1.75
2016.11.21 10:58:06.964,1.51473,1.51521,1.12,1.30
2016.11.21 10:58:07.014,1.51473,1.51518,1.12,1.00
2016.11.21 10:58:07.484,1.51474,1.51516,1.00,1.00
2016.11.21 10:58:08.081,1.51474,1.51515,1.00,1.00
2016.11.21 10:58:08.781,1.51474,1.51514,1.00,1.00
2016.11.21 10:58:09.630,1.51474,1.51512,1.00,1.00
2016.11.21 10:58:11.196,1.51474,1.51513,1.00,1.00
2016.11.21 10:58:11.496,1.51474,1.51515,1.00,2.62
2016.11.21 10:58:12.086,1.51474,1.51513,1.00,1.00
2016.11.21 10:58:13.187,1.51474,1.51515,1.00,1.12
2016.11.21 10:58:13.688,1.51473,1.51512,1.00,1.00
2016.11.21 10:58:13.942,1.51473,1.51514,1.00,1.00
2016.11.21 10:58:20.125,1.51473,1.51515,1.00,1.12
2016.11.21 10:58:20.225,1.51474,1.51509,1.00,1.00
2016.11.21 10:58:20.276,1.51463,1.51507,1.95,1.00
2016.11.21 10:58:20.430,1.51463,1.51507,1.00,1.00
2016.11.21 10:58:20.480,1.51474,1.51509,1.00,1.12
2016.11.21 10:58:20.540,1.51464,1.51506,1.00,1.00
2016.11.21 10:58:21.641,1.51474,1.51506,1.00,1.00
2016.11.21 10:58:21.842,1.51474,1.51509,1.00,1.12
2016.11.21 10:58:22.275,1.51463,1.51507,1.00,1.00
2016.11.21 10:58:24.600,1.51463,1.51506,1.00,1.00
2016.11.21 10:58:26.903,1.51463,1.51505,1.00,1.00
2016.11.21 10:58:28.539,1.51464,1.51505,1.00,1.12
2016.11.21 10:58:28.593,1.51464,1.51505,1.00,1.50
2016.11.21 10:58:29.035,1.51463,1.51506,1.00,1.00
2016.11.21 10:58:37.715,1.51463,1.51507,1.00,1.00
2016.11.21 10:58:40.322,1.51463,1.51506,1.00,1.00
2016.11.21 10:58:41.833,1.51464,1.51506,1.00,1.50
2016.11.21 10:58:42.377,1.51463,1.51506,1.00,1.00
2016.11.21 10:58:43.848,1.51464,1.51506,1.00,1.50
2016.11.21 10:58:48.577,1.51464,1.51511,1.00,1.00
2016.11.21 10:58:48.629,1.51471,1.51511,1.00,1.00
2016.11.21 10:58:48.729,1.51473,1.51514,1.00,1.00
2016.11.21 10:58:48.780,1.51484,1.51522,1.00,1.35
2016.11.21 10:58:48.881,1.51474,1.51516,1.00,1.00
2016.11.21 10:58:49.082,1.51484,1.51519,1.00,1.00
2016.11.21 10:58:49.412,1.51484,1.51506,1.00,1.00
2016.11.21 10:58:49.462,1.51471,1.51506,1.37,1.60
2016.11.21 10:58:49.617,1.51467,1.51505,1.75,1.00
2016.11.21 10:58:49.669,1.51474,1.51503,1.00,1.00
2016.11.21 10:58:49.871,1.51473,1.5151,2.32,3.00
2016.11.21 10:58:49.972,1.51473,1.51518,1.95,2.25
2016.11.21 10:58:50.180,1.51478,1.51516,1.00,1.00
2016.11.21 10:58:50.343,1.51474,1.51515,1.00,1.00
2016.11.21 10:58:50.606,1.51474,1.51515,1.00,1.60
2016.11.21 10:58:52.858,1.51464,1.5151,1.37,1.60
2016.11.21 10:58:52.959,1.51464,1.51507,1.00,1.35
2016.11.21 10:58:53.499,1.51464,1.51506,1.00,1.50
2016.11.21 10:58:55.331,1.51464,1.51506,1.00,2.10
2016.11.21 10:58:55.817,1.51463,1.51509,1.50,1.35
2016.11.21 10:58:56.029,1.51464,1.51506,1.00,1.00
2016.11.21 10:58:56.361,1.51463,1.51506,1.00,1.60
2016.11.21 10:58:56.831,1.51473,1.51511,1.00,2.85
2016.11.21 10:58:57.057,1.51463,1.51507,1.50,1.60
2016.11.21 10:58:57.108,1.51463,1.51507,1.95,1.35
2016.11.21 10:58:57.158,1.51473,1.5151,1.00,1.60
2016.11.21 10:58:57.209,1.51473,1.5151,1.00,1.60
2016.11.21 10:58:57.364,1.51465,1.51514,1.20,1.60
2016.11.21 10:58:57.465,1.51465,1.51506,1.20,1.00
2016.11.21 10:58:57.859,1.51473,1.51516,1.00,2.10
2016.11.21 10:58:58.241,1.51464,1.51506,2.70,1.00
2016.11.21 10:58:58.771,1.51474,1.51514,1.00,1.60
2016.11.21 10:58:58.823,1.51464,1.51507,1.20,1.00
2016.11.21 10:58:59.445,1.51474,1.5151,1.00,1.35
2016.11.21 10:58:59.725,1.51465,1.51508,1.20,1.00
2016.11.21 10:59:00.426,1.51465,1.51506,1.20,1.00
2016.11.21 10:59:01.196,1.51464,1.51507,1.00,1.60
2016.11.21 10:59:01.679,1.51473,1.51508,1.00,1.60
2016.11.21 10:59:01.779,1.51473,1.51507,1.00,1.00
2016.11.21 10:59:01.830,1.51465,1.51508,1.20,1.00
2016.11.21 10:59:02.031,1.51464,1.51506,1.75,1.00
2016.11.21 10:59:02.577,1.51463,1.51507,1.75,2.10
2016.11.21 10:59:02.815,1.51464,1.51508,1.50,1.60
2016.11.21 10:59:03.067,1.51474,1.51513,1.00,1.60
2016.11.21 10:59:08.131,1.51466,1.5151,1.20,1.60
2016.11.21 10:59:08.366,1.51474,1.5151,1.00,1.60
2016.11.21 10:59:08.621,1.51463,1.51506,1.00,2.10
2016.11.21 10:59:09.060,1.51474,1.51506,1.00,1.60
2016.11.21 10:59:09.122,1.51464,1.5151,1.00,2.85
2016.11.21 10:59:09.411,1.51463,1.51507,1.50,1.60
2016.11.21 10:59:09.923,1.51464,1.51504,1.00,1.00
2016.11.21 10:59:10.437,1.51464,1.51503,1.00,1.00
2016.11.21 10:59:11.567,1.51463,1.51503,1.50,1.00
2016.11.21 10:59:12.121,1.51464,1.51504,1.00,2.25
2016.11.21 10:59:13.123,1.51464,1.51503,1.00,1.00
2016.11.21 10:59:13.625,1.51464,1.51504,1.00,1.00
2016.11.21 10:59:14.090,1.51464,1.51502,1.00,1.00
2016.11.21 10:59:14.602,1.51463,1.51497,1.00,1.00
2016.11.21 10:59:14.703,1.51463,1.51503,1.00,1.00
2016.11.21 10:59:14.754,1.51463,1.51507,1.45,1.35
2016.11.21 10:59:15.073,1.51473,1.51509,1.00,1.60
2016.11.21 10:59:15.742,1.51464,1.51506,1.12,2.10
2016.11.21 10:59:15.975,1.51464,1.515,1.00,1.00
2016.11.21 10:59:16.026,1.51458,1.515,1.00,1.00
2016.11.21 10:59:16.127,1.51464,1.515,1.00,1.00
2016.11.21 10:59:16.177,1.51464,1.51503,1.00,1.00
2016.11.21 10:59:16.904,1.51463,1.51503,1.00,1.00
2016.11.21 10:59:17.493,1.51463,1.51504,1.00,1.00
2016.11.21 10:59:18.167,1.51464,1.51504,1.00,1.00
2016.11.21 10:59:18.824,1.51464,1.51503,1.00,1.00
2016.11.21 10:59:20.304,1.51464,1.51505,1.00,1.35
2016.11.21 10:59:20.824,1.51463,1.51506,1.00,1.60
2016.11.21 10:59:21.056,1.51463,1.51506,1.00,1.80
2016.11.21 10:59:21.725,1.51464,1.51499,1.00,1.00
2016.11.21 10:59:21.826,1.51453,1.51497,1.00,1.60
2016.11.21 10:59:26.776,1.51454,1.51492,1.00,1.60
2016.11.21 10:59:27.333,1.51453,1.51493,1.00,1.60
2016.11.21 10:59:32.991,1.51454,1.51492,1.00,1.60
2016.11.21 10:59:33.042,1.51453,1.51497,1.00,1.35
2016.11.21 10:59:33.557,1.51454,1.51496,1.95,1.00
2016.11.21 10:59:34.072,1.51453,1.51497,1.95,1.00
2016.11.21 10:59:34.351,1.51454,1.51501,1.75,1.60
2016.11.21 10:59:34.456,1.51454,1.51496,1.75,1.00
2016.11.21 10:59:38.057,1.51454,1.51496,1.37,1.00
2016.11.21 10:59:38.157,1.51453,1.51497,1.50,1.00
2016.11.21 10:59:38.559,1.51464,1.51498,1.00,1.00
2016.11.21 10:59:38.660,1.51453,1.51498,1.00,1.00
2016.11.21 10:59:39.490,1.51453,1.51497,1.50,1.00
2016.11.21 10:59:39.928,1.51454,1.51501,1.00,1.12
2016.11.21 10:59:39.979,1.51458,1.51501,1.00,1.00
2016.11.21 10:59:40.323,1.51463,1.51504,1.00,1.00
2016.11.21 10:59:40.987,1.51464,1.51504,1.00,1.00
2016.11.21 10:59:41.336,1.51464,1.51506,1.00,1.35
2016.11.21 10:59:42.442,1.51464,1.51505,1.00,1.00
2016.11.21 10:59:43.083,1.51464,1.51506,1.00,2.10
2016.11.21 10:59:51.459,1.51464,1.51505,1.00,1.00
2016.11.21 10:59:51.976,1.51464,1.51506,1.00,1.35
2016.11.21 10:59:52.177,1.51473,1.51505,1.00,1.00
2016.11.21 10:59:52.712,1.51473,1.51504,1.00,1.00
2016.11.21 10:59:52.864,1.51474,1.51507,1.00,1.00
2016.11.21 10:59:52.964,1.51464,1.51511,1.20,1.00
2016.11.21 10:59:53.115,1.51468,1.51511,1.57,1.00
2016.11.21 10:59:53.166,1.51474,1.51516,1.00,1.12
2016.11.21 10:59:53.217,1.51474,1.51516,1.75,1.00
2016.11.21 10:59:53.267,1.51484,1.51524,1.00,1.00
2016.11.21 10:59:53.318,1.51484,1.51524,1.00,1.60
2016.11.21 10:59:53.373,1.51474,1.51518,1.37,1.00
2016.11.21 10:59:53.556,1.51474,1.51516,1.00,1.00
2016.11.21 10:59:54.045,1.51474,1.51513,1.00,1.00
2016.11.21 10:59:55.937,1.51473,1.51513,1.00,1.00
2016.11.21 10:59:56.621,1.51474,1.51513,1.00,1.00
2016.11.21 10:59:57.555,1.51474,1.51509,1.00,1.00
2016.11.21 10:59:57.727,1.51474,1.51511,1.00,1.00
2016.11.21 10:59:57.828,1.51464,1.51506,1.75,1.00
2016.11.21 10:59:58.129,1.51473,1.51511,1.00,1.00
2016.11.21 10:59:58.565,1.51473,1.51509,1.00,1.00
