2010.07.30 16:00:02.286,1.7999,1.8006,1.30,2.40
2010.07.30 16:00:03.566,1.7997,1.80045,1.30,2.40
2010.07.30 16:00:04.846,1.80015,1.8008,2.00,2.40
2010.07.30 16:00:07.637,1.79975,1.80055,4.80,1.70
2010.07.30 16:00:07.896,1.79965,1.80035,1.30,4.80
2010.07.30 16:00:08.539,1.7995,1.80035,1.30,4.80
2010.07.30 16:00:08.817,1.7995,1.8002,1.30,4.80
2010.07.30 16:00:09.097,1.7994,1.80015,1.30,4.80
2010.07.30 16:00:09.974,1.7995,1.8002,2.00,2.40
2010.07.30 16:00:10.314,1.7994,1.8002,2.00,2.40
2010.07.30 16:00:10.938,1.7994,1.80015,2.00,2.40
2010.07.30 16:00:11.197,1.7994,1.80015,2.00,4.80
2010.07.30 16:00:12.254,1.79935,1.80005,2.00,2.40
2010.07.30 16:00:12.571,1.7994,1.8001,2.00,2.40
2010.07.30 16:00:12.893,1.79935,1.80005,2.00,2.40
2010.07.30 16:00:14.259,1.7994,1.80005,2.00,2.40
2010.07.30 16:00:15.012,1.79935,1.80005,2.00,2.40
2010.07.30 16:00:17.049,1.7992,1.7999,1.30,2.40
2010.07.30 16:00:17.180,1.79925,1.7999,1.30,2.40
2010.07.30 16:00:17.939,1.79925,1.79995,1.30,2.40
2010.07.30 16:00:19.511,1.7992,1.7999,1.30,4.80
2010.07.30 16:00:20.013,1.79925,1.79995,1.30,2.40
2010.07.30 16:00:22.806,1.7993,1.79975,1.00,1.00
2010.07.30 16:00:23.094,1.79915,1.79965,2.00,1.20
2010.07.30 16:00:23.820,1.79915,1.79965,2.00,1.00
2010.07.30 16:00:26.364,1.79925,1.7998,2.00,2.40
2010.07.30 16:00:26.530,1.79915,1.7999,2.00,4.80
2010.07.30 16:00:26.685,1.79915,1.79985,1.00,2.40
2010.07.30 16:00:26.991,1.7991,1.7998,2.00,4.80
2010.07.30 16:00:27.767,1.79935,1.79985,1.00,2.40
2010.07.30 16:00:28.117,1.7992,1.8,2.00,5.20
2010.07.30 16:00:28.464,1.79915,1.8,2.00,5.20
2010.07.30 16:00:29.739,1.79915,1.79995,2.00,2.40
2010.07.30 16:00:29.803,1.79905,1.79985,2.00,2.40
2010.07.30 16:00:30.477,1.79905,1.7998,2.00,2.40
2010.07.30 16:00:30.521,1.79905,1.7998,2.00,4.80
2010.07.30 16:00:32.791,1.79905,1.7997,2.00,2.40
2010.07.30 16:00:33.135,1.7989,1.7997,1.30,4.80
2010.07.30 16:00:33.473,1.7989,1.7996,1.30,2.40
2010.07.30 16:00:33.820,1.799,1.79975,1.00,2.40
2010.07.30 16:00:34.476,1.79905,1.79975,1.30,2.40
2010.07.30 16:00:36.043,1.79885,1.79965,2.00,2.40
2010.07.30 16:00:36.177,1.79885,1.79965,2.00,5.20
2010.07.30 16:00:38.222,1.79885,1.79965,2.00,4.80
2010.07.30 16:00:38.263,1.79895,1.79965,1.30,4.80
2010.07.30 16:00:38.304,1.79895,1.7997,1.30,3.00
2010.07.30 16:00:39.019,1.7989,1.7997,1.00,5.20
2010.07.30 16:00:39.067,1.7989,1.79965,1.00,2.40
2010.07.30 16:00:39.791,1.7989,1.79965,1.00,4.80
2010.07.30 16:00:40.137,1.7988,1.7996,1.00,5.20
2010.07.30 16:00:41.001,1.799,1.7996,1.00,4.80
2010.07.30 16:00:41.226,1.79895,1.7997,1.00,2.40
2010.07.30 16:00:41.721,1.79895,1.7997,1.00,4.80
2010.07.30 16:00:42.648,1.7989,1.79965,1.00,4.80
2010.07.30 16:00:42.937,1.799,1.7997,2.00,4.80
2010.07.30 16:00:43.226,1.799,1.79975,2.00,2.40
2010.07.30 16:00:44.488,1.799,1.79975,2.00,2.80
2010.07.30 16:00:44.781,1.799,1.79975,2.00,2.40
2010.07.30 16:00:47.487,1.799,1.7997,1.30,2.40
2010.07.30 16:00:47.704,1.799,1.7997,1.00,2.40
2010.07.30 16:00:48.618,1.799,1.7998,2.00,5.20
2010.07.30 16:00:48.923,1.799,1.7998,2.00,4.80
2010.07.30 16:00:51.214,1.799,1.7997,1.00,2.40
2010.07.30 16:00:51.453,1.79895,1.7997,1.00,2.40
2010.07.30 16:00:52.261,1.799,1.7998,2.00,5.60
2010.07.30 16:00:53.815,1.799,1.79975,1.30,3.00
2010.07.30 16:00:54.135,1.7989,1.79965,1.00,4.80
2010.07.30 16:00:55.094,1.799,1.79975,2.00,1.00
2010.07.30 16:00:56.226,1.79895,1.79975,1.00,1.00
2010.07.30 16:00:56.468,1.799,1.79975,2.00,2.80
2010.07.30 16:00:56.705,1.799,1.79975,2.00,1.00
2010.07.30 16:00:56.937,1.79915,1.79985,2.00,2.00
2010.07.30 16:00:57.865,1.7991,1.79985,1.00,5.20
2010.07.30 16:00:59.334,1.79915,1.79985,1.00,4.80
2010.07.30 16:00:59.584,1.79915,1.79985,2.00,2.40
2010.07.30 16:00:59.833,1.79915,1.7999,2.00,2.40
2010.07.30 16:01:00.818,1.79915,1.79985,2.00,4.80
2010.07.30 16:01:02.477,1.79915,1.79985,2.00,2.40
2010.07.30 16:01:02.596,1.79915,1.7999,2.00,2.40
2010.07.30 16:01:04.800,1.79915,1.7999,2.00,2.80
2010.07.30 16:01:05.070,1.79915,1.7999,2.00,2.40
2010.07.30 16:01:07.827,1.7991,1.79985,1.00,4.80
2010.07.30 16:01:08.043,1.79905,1.7999,1.00,2.80
2010.07.30 16:01:08.253,1.79905,1.79985,1.00,4.80
2010.07.30 16:01:10.813,1.7989,1.79975,1.00,5.20
2010.07.30 16:01:11.685,1.7989,1.7997,1.00,2.40
2010.07.30 16:01:12.835,1.7991,1.79985,2.00,6.40
2010.07.30 16:01:13.109,1.79915,1.7999,2.00,2.40
2010.07.30 16:01:13.408,1.79915,1.7999,1.00,2.40
2010.07.30 16:01:14.222,1.7991,1.7999,1.00,3.00
2010.07.30 16:01:14.535,1.7991,1.79985,1.00,2.40
2010.07.30 16:01:15.806,1.799,1.7998,2.00,4.80
2010.07.30 16:01:16.096,1.79915,1.7998,1.30,4.80
2010.07.30 16:01:17.011,1.79915,1.7998,2.00,4.80
2010.07.30 16:01:17.283,1.79915,1.7999,2.00,2.80
2010.07.30 16:01:23.479,1.7992,1.7999,1.00,2.40
2010.07.30 16:01:23.726,1.7992,1.8,1.00,5.20
2010.07.30 16:01:23.925,1.79915,1.7999,2.00,2.40
2010.07.30 16:01:25.141,1.79925,1.7999,1.30,2.40
2010.07.30 16:01:25.365,1.7993,1.80005,1.00,2.80
2010.07.30 16:01:26.429,1.7993,1.80005,1.00,5.20
2010.07.30 16:01:27.311,1.79925,1.80005,2.00,5.20
2010.07.30 16:01:30.845,1.79925,1.80005,2.00,2.80
2010.07.30 16:01:31.471,1.79925,1.80005,2.00,5.20
2010.07.30 16:01:32.424,1.79925,1.80005,2.00,2.80
2010.07.30 16:01:32.953,1.79925,1.80005,2.00,5.20
2010.07.30 16:01:35.645,1.79925,1.80005,2.00,2.80
2010.07.30 16:01:35.796,1.79925,1.80005,2.00,5.20
2010.07.30 16:01:37.235,1.7992,1.7999,1.00,1.00
2010.07.30 16:01:38.679,1.79905,1.79975,5.40,1.00
2010.07.30 16:01:38.967,1.7992,1.7998,1.00,1.00
2010.07.30 16:01:40.351,1.7992,1.79965,1.00,1.00
2010.07.30 16:01:41.518,1.79925,1.7997,2.00,1.00
2010.07.30 16:01:43.082,1.7993,1.7997,1.00,1.00
2010.07.30 16:01:44.712,1.79915,1.7996,1.30,1.00
2010.07.30 16:01:44.952,1.79905,1.7996,1.00,1.00
2010.07.30 16:01:45.971,1.7989,1.79945,2.00,1.00
2010.07.30 16:01:46.213,1.79885,1.79935,5.40,1.00
2010.07.30 16:01:47.069,1.79885,1.79935,1.00,1.00
2010.07.30 16:01:47.320,1.7992,1.79955,1.00,1.00
2010.07.30 16:01:48.605,1.79905,1.79955,1.00,1.00
2010.07.30 16:01:48.849,1.79905,1.79945,1.00,1.00
2010.07.30 16:01:50.124,1.79925,1.7996,2.00,1.00
2010.07.30 16:01:50.455,1.79925,1.7996,1.30,1.00
2010.07.30 16:01:51.205,1.79915,1.7996,1.00,1.00
2010.07.30 16:01:51.483,1.79915,1.79965,1.00,1.00
2010.07.30 16:01:56.232,1.79905,1.79965,1.00,1.00
2010.07.30 16:01:56.559,1.799,1.7995,1.00,1.00
2010.07.30 16:01:58.036,1.79895,1.7995,1.00,1.00
2010.07.30 16:01:59.433,1.79885,1.7996,1.00,1.00
2010.07.30 16:02:01.440,1.79905,1.7997,3.70,1.00
2010.07.30 16:02:01.602,1.79905,1.7997,2.40,1.00
2010.07.30 16:02:02.314,1.79885,1.7997,1.00,3.00
2010.07.30 16:02:04.034,1.7988,1.7996,3.70,1.00
2010.07.30 16:02:04.233,1.79875,1.7996,4.40,1.00
2010.07.30 16:02:04.975,1.79885,1.7996,2.40,1.00
2010.07.30 16:02:06.238,1.79875,1.7996,4.40,1.00
2010.07.30 16:02:07.191,1.79875,1.7996,4.40,1.00
2010.07.30 16:02:08.776,1.79875,1.79955,3.70,1.00
2010.07.30 16:02:08.991,1.79875,1.79955,2.40,1.00
2010.07.30 16:02:09.776,1.7987,1.79955,1.00,1.00
2010.07.30 16:02:09.950,1.79885,1.7996,1.00,8.10
2010.07.30 16:02:10.114,1.79885,1.7996,1.00,5.20
2010.07.30 16:02:10.915,1.79865,1.7995,2.00,3.00
2010.07.30 16:02:11.252,1.79865,1.7995,1.00,4.40
2010.07.30 16:02:11.593,1.79865,1.79945,1.00,2.40
2010.07.30 16:02:12.391,1.79865,1.7995,1.00,4.40
2010.07.30 16:02:14.836,1.7986,1.79935,3.70,1.00
2010.07.30 16:02:15.824,1.79855,1.7994,1.00,1.00
2010.07.30 16:02:17.134,1.7985,1.79935,6.80,2.00
2010.07.30 16:02:17.454,1.79855,1.7994,1.00,1.00
2010.07.30 16:02:18.734,1.79865,1.79945,1.00,1.00
2010.07.30 16:02:23.213,1.79865,1.7993,1.00,1.00
2010.07.30 16:02:28.371,1.79885,1.7995,1.00,1.00
2010.07.30 16:02:29.615,1.799,1.7996,1.00,1.00
2010.07.30 16:02:31.386,1.7989,1.7996,1.00,1.00
2010.07.30 16:02:31.729,1.79885,1.79955,1.00,1.00
2010.07.30 16:02:34.650,1.7988,1.79945,6.10,1.00
2010.07.30 16:02:34.836,1.79875,1.79945,4.40,1.00
2010.07.30 16:02:37.198,1.79875,1.79945,3.00,1.00
2010.07.30 16:02:37.472,1.79875,1.7993,2.40,1.00
2010.07.30 16:02:38.215,1.79875,1.79945,3.70,1.00
2010.07.30 16:02:38.421,1.79875,1.79945,4.40,1.00
2010.07.30 16:02:39.573,1.79875,1.79935,2.40,1.00
2010.07.30 16:02:41.392,1.79875,1.79935,6.10,1.00
2010.07.30 16:02:41.631,1.79875,1.79935,6.80,1.00
2010.07.30 16:02:43.813,1.79875,1.7992,6.80,1.00
2010.07.30 16:02:44.677,1.79855,1.7992,1.00,1.00
2010.07.30 16:02:44.907,1.79855,1.79915,1.00,1.00
2010.07.30 16:02:45.800,1.7985,1.79915,2.00,1.00
2010.07.30 16:02:48.646,1.79865,1.79935,1.00,1.00
2010.07.30 16:02:48.913,1.7985,1.7992,2.00,1.00
2010.07.30 16:02:50.445,1.7987,1.7993,1.00,1.00
2010.07.30 16:02:50.786,1.79865,1.7993,2.00,1.00
2010.07.30 16:02:53.210,1.7985,1.79915,2.00,1.00
2010.07.30 16:02:54.328,1.7985,1.7993,2.00,2.00
2010.07.30 16:02:54.569,1.79845,1.79925,2.40,3.60
2010.07.30 16:03:00.492,1.79845,1.7992,2.40,1.60
2010.07.30 16:03:00.583,1.79855,1.7992,1.00,1.60
2010.07.30 16:03:00.854,1.79855,1.79925,1.00,1.30
2010.07.30 16:03:01.516,1.79855,1.79925,3.40,1.30
2010.07.30 16:03:01.696,1.7986,1.7993,2.40,1.00
2010.07.30 16:03:03.191,1.7986,1.79935,2.40,3.30
2010.07.30 16:03:04.014,1.7985,1.79925,6.10,1.00
2010.07.30 16:03:04.253,1.7985,1.79925,4.80,1.00
2010.07.30 16:03:07.555,1.79845,1.79915,2.40,1.00
2010.07.30 16:03:07.804,1.79835,1.79915,6.80,1.00
2010.07.30 16:03:08.054,1.7984,1.79915,5.40,1.00
2010.07.30 16:03:09.472,1.79845,1.79925,1.70,2.20
2010.07.30 16:03:09.707,1.79845,1.7993,8.80,1.00
2010.07.30 16:03:10.642,1.79845,1.7993,8.10,1.00
2010.07.30 16:03:11.461,1.7985,1.7993,1.00,1.00
2010.07.30 16:03:14.815,1.79855,1.7993,1.00,1.00
2010.07.30 16:03:32.534,1.7986,1.7994,3.70,1.00
2010.07.30 16:03:32.782,1.7986,1.79945,3.70,1.00
2010.07.30 16:03:34.822,1.79855,1.7994,5.20,2.00
2010.07.30 16:03:35.922,1.79855,1.7994,1.00,2.00
2010.07.30 16:03:44.102,1.7985,1.7994,6.80,1.70
2010.07.30 16:03:50.983,1.7987,1.79945,1.00,2.00
2010.07.30 16:03:51.223,1.79865,1.7994,1.60,1.70
2010.07.30 16:03:52.078,1.7986,1.7995,3.70,4.40
2010.07.30 16:03:52.294,1.799,1.7995,1.00,2.40
2010.07.30 16:03:53.118,1.79895,1.79955,1.30,1.60
2010.07.30 16:03:53.389,1.79865,1.7994,2.40,1.00
2010.07.30 16:03:53.652,1.79865,1.79955,2.40,4.40
2010.07.30 16:03:53.923,1.79865,1.79955,4.80,2.00
2010.07.30 16:03:56.554,1.79865,1.7994,2.40,2.00
2010.07.30 16:03:58.611,1.79865,1.79955,2.40,4.40
2010.07.30 16:03:58.731,1.79865,1.79955,4.80,4.40
2010.07.30 16:03:59.410,1.79865,1.79955,4.80,2.00
2010.07.30 16:03:59.763,1.7986,1.79945,4.80,1.70
2010.07.30 16:04:03.083,1.79865,1.79945,2.40,1.00
2010.07.30 16:04:03.282,1.79865,1.79945,4.80,1.00
2010.07.30 16:04:04.501,1.79865,1.79955,4.80,2.00
2010.07.30 16:04:07.162,1.79875,1.79955,1.30,1.00
2010.07.30 16:04:07.922,1.7987,1.7996,6.50,4.40
2010.07.30 16:04:10.719,1.79845,1.79935,6.50,4.40
2010.07.30 16:04:10.873,1.7986,1.7993,2.40,1.30
2010.07.30 16:04:11.881,1.79845,1.79935,3.70,4.40
2010.07.30 16:04:12.862,1.79845,1.79905,3.70,1.00
2010.07.30 16:04:17.143,1.7985,1.79905,3.00,1.00
2010.07.30 16:04:17.830,1.7985,1.79905,6.80,1.00
2010.07.30 16:04:18.113,1.7985,1.7991,6.80,1.00
2010.07.30 16:04:19.458,1.7984,1.799,2.40,1.00
2010.07.30 16:04:20.286,1.79835,1.799,4.40,1.00
2010.07.30 16:04:20.535,1.7983,1.799,6.80,1.00
2010.07.30 16:04:20.784,1.79835,1.79915,2.40,1.20
2010.07.30 16:04:21.033,1.7983,1.79915,6.80,1.20
2010.07.30 16:04:21.885,1.7984,1.79915,3.70,1.00
2010.07.30 16:04:22.222,1.79845,1.79915,6.80,1.00
2010.07.30 16:04:25.346,1.79845,1.79925,6.80,1.00
2010.07.30 16:04:26.513,1.79845,1.79935,6.50,4.40
2010.07.30 16:04:26.930,1.79845,1.79935,6.80,4.40
2010.07.30 16:04:29.311,1.79845,1.7993,3.70,3.00
2010.07.30 16:04:29.344,1.79845,1.7993,1.30,5.40
2010.07.30 16:04:29.691,1.7984,1.7993,2.40,6.80
2010.07.30 16:04:30.293,1.7984,1.7992,2.40,2.00
2010.07.30 16:04:31.127,1.7983,1.7992,6.80,2.00
2010.07.30 16:04:32.645,1.79845,1.79925,3.70,2.40
2010.07.30 16:04:32.836,1.79845,1.79935,3.70,4.40
2010.07.30 16:04:36.018,1.79845,1.7993,3.70,1.00
2010.07.30 16:04:36.232,1.79845,1.79925,3.70,1.00
2010.07.30 16:04:37.764,1.79845,1.7992,3.70,1.00
2010.07.30 16:04:37.861,1.7983,1.7992,6.80,2.00
2010.07.30 16:04:37.961,1.7983,1.79915,6.80,1.00
2010.07.30 16:04:43.934,1.7983,1.79905,5.40,1.30
2010.07.30 16:04:44.205,1.7983,1.7991,1.30,4.80
2010.07.30 16:04:44.456,1.7983,1.7991,6.10,1.00
2010.07.30 16:04:45.303,1.7983,1.79915,6.10,1.00
2010.07.30 16:04:47.335,1.79845,1.79925,3.70,2.00
2010.07.30 16:04:47.651,1.79845,1.79925,3.70,1.00
2010.07.30 16:04:51.124,1.79845,1.7992,3.70,1.00
2010.07.30 16:04:51.876,1.7983,1.79885,2.00,2.40
2010.07.30 16:04:55.982,1.7983,1.7989,2.00,2.40
2010.07.30 16:04:56.847,1.7983,1.799,2.00,2.40
2010.07.30 16:04:57.712,1.79835,1.7992,2.40,1.70
2010.07.30 16:05:01.486,1.7985,1.7993,2.40,1.00
2010.07.30 16:05:01.734,1.79845,1.7993,6.80,1.00
2010.07.30 16:05:02.728,1.79845,1.79925,1.30,1.00
2010.07.30 16:05:02.926,1.79835,1.7992,2.40,1.70
2010.07.30 16:05:03.886,1.7984,1.79925,2.40,1.00
2010.07.30 16:05:07.982,1.7984,1.7992,2.40,1.30
2010.07.30 16:05:08.135,1.7983,1.7992,6.80,1.70
2010.07.30 16:05:08.433,1.7983,1.79915,3.00,1.30
2010.07.30 16:05:09.161,1.7983,1.79915,1.00,3.70
2010.07.30 16:05:09.345,1.79825,1.79915,2.40,4.40
2010.07.30 16:05:10.158,1.79825,1.79915,3.70,3.00
2010.07.30 16:05:10.501,1.79825,1.79915,4.40,3.00
2010.07.30 16:05:12.151,1.7983,1.79915,2.40,1.00
2010.07.30 16:05:12.448,1.7985,1.7993,1.30,1.00
2010.07.30 16:05:13.262,1.7985,1.79935,1.30,4.80
2010.07.30 16:05:13.486,1.79825,1.7991,3.70,1.00
2010.07.30 16:05:13.803,1.7982,1.7991,4.40,6.80
2010.07.30 16:05:14.164,1.7982,1.7991,4.40,6.50
2010.07.30 16:05:18.326,1.79825,1.7991,1.00,6.50
2010.07.30 16:05:18.526,1.79825,1.79915,4.40,5.20
2010.07.30 16:05:20.854,1.79825,1.79915,4.40,5.60
2010.07.30 16:05:24.166,1.79825,1.79915,2.40,7.60
2010.07.30 16:05:24.329,1.7982,1.79905,2.40,1.30
2010.07.30 16:05:28.205,1.7982,1.7991,3.70,6.80
2010.07.30 16:05:28.421,1.7982,1.7991,4.40,6.80
2010.07.30 16:05:31.034,1.7981,1.79895,1.30,1.00
2010.07.30 16:05:31.226,1.7981,1.799,6.80,1.00
2010.07.30 16:05:33.563,1.7982,1.799,2.00,1.00
2010.07.30 16:05:33.751,1.7982,1.799,4.40,1.00
2010.07.30 16:05:34.543,1.7982,1.799,2.00,1.00
2010.07.30 16:05:35.843,1.7982,1.799,4.40,1.00
2010.07.30 16:05:36.082,1.79815,1.799,4.40,1.00
2010.07.30 16:05:36.824,1.79815,1.79895,3.70,1.00
2010.07.30 16:05:37.066,1.79805,1.79895,6.10,2.00
2010.07.30 16:05:37.718,1.79805,1.79895,6.10,4.40
2010.07.30 16:05:43.127,1.79805,1.79895,3.70,4.40
2010.07.30 16:05:44.516,1.7981,1.79895,1.00,3.70
2010.07.30 16:05:44.664,1.7981,1.799,6.50,2.00
2010.07.30 16:05:48.047,1.7982,1.79905,3.00,1.30
2010.07.30 16:05:48.156,1.7982,1.7991,4.40,5.20
2010.07.30 16:05:48.900,1.7982,1.79875,1.30,1.60
2010.07.30 16:05:49.248,1.7981,1.79885,5.20,1.00
2010.07.30 16:05:50.195,1.7981,1.7988,2.80,1.30
2010.07.30 16:05:51.010,1.7981,1.7988,1.00,1.30
2010.07.30 16:05:52.604,1.7981,1.79885,1.00,2.00
2010.07.30 16:05:59.218,1.79815,1.79885,1.00,3.60
2010.07.30 16:06:02.508,1.79815,1.79885,1.00,2.90
2010.07.30 16:06:02.832,1.79815,1.79885,1.00,1.60
2010.07.30 16:06:03.673,1.79815,1.7989,4.40,1.00
2010.07.30 16:06:04.082,1.7982,1.7989,4.80,1.00
2010.07.30 16:06:06.456,1.7982,1.7989,2.40,1.00
2010.07.30 16:06:08.524,1.7982,1.7989,2.40,1.70
2010.07.30 16:06:08.788,1.79825,1.79895,1.00,1.00
2010.07.30 16:06:10.961,1.79825,1.7989,1.00,1.00
2010.07.30 16:06:14.332,1.79825,1.79885,1.00,1.00
2010.07.30 16:06:15.059,1.79825,1.79885,1.00,2.00
2010.07.30 16:06:15.185,1.79825,1.79885,1.00,3.60
2010.07.30 16:06:18.792,1.7982,1.79875,1.60,1.00
2010.07.30 16:06:19.668,1.7981,1.79875,1.00,1.00
2010.07.30 16:06:28.942,1.79805,1.79875,1.00,1.00
2010.07.30 16:06:30.743,1.7982,1.79875,1.00,1.00
2010.07.30 16:06:32.488,1.7982,1.7988,1.00,1.30
2010.07.30 16:06:32.678,1.7982,1.79885,1.00,3.60
2010.07.30 16:06:34.047,1.79835,1.79885,1.00,1.60
2010.07.30 16:06:34.112,1.79835,1.79895,1.00,1.00
2010.07.30 16:06:35.963,1.79835,1.79885,1.00,1.00
2010.07.30 16:06:36.839,1.79825,1.7989,2.00,2.20
2010.07.30 16:06:37.193,1.79825,1.7989,1.00,1.00
2010.07.30 16:06:38.512,1.79825,1.7989,2.00,1.00
2010.07.30 16:06:39.599,1.79835,1.7989,1.00,1.00
2010.07.30 16:06:39.835,1.7985,1.79895,1.00,1.00
2010.07.30 16:06:41.760,1.7984,1.79895,1.60,1.00
2010.07.30 16:06:42.043,1.79835,1.79895,1.00,1.00
2010.07.30 16:06:42.756,1.79825,1.7988,1.60,1.00
2010.07.30 16:06:43.041,1.79815,1.7988,1.00,1.00
2010.07.30 16:06:43.313,1.79815,1.7989,1.00,1.00
2010.07.30 16:06:49.315,1.7982,1.79895,2.80,1.00
2010.07.30 16:06:49.741,1.7982,1.7988,2.80,1.00
2010.07.30 16:06:50.538,1.7982,1.7988,1.00,1.00
2010.07.30 16:06:52.134,1.7982,1.79885,1.00,2.00
2010.07.30 16:06:53.271,1.7982,1.7989,1.00,1.00
2010.07.30 16:06:53.724,1.7982,1.79885,1.00,2.00
2010.07.30 16:06:58.831,1.7981,1.79875,2.00,1.00
2010.07.30 16:06:58.913,1.7981,1.79885,2.00,2.00
2010.07.30 16:06:59.670,1.7981,1.7987,1.60,1.00
2010.07.30 16:07:00.018,1.79785,1.79875,4.40,5.40
2010.07.30 16:07:00.957,1.7978,1.7987,1.00,6.80
2010.07.30 16:07:01.247,1.79805,1.7989,1.00,1.00
2010.07.30 16:07:02.423,1.7981,1.7989,4.40,1.00
2010.07.30 16:07:02.687,1.7981,1.79895,4.40,1.60
2010.07.30 16:07:02.960,1.7982,1.79905,1.00,2.80
2010.07.30 16:07:03.843,1.7982,1.799,1.00,5.40
2010.07.30 16:07:04.113,1.79825,1.79905,2.00,4.80
2010.07.30 16:07:04.383,1.79825,1.7991,2.00,4.80
2010.07.30 16:07:05.522,1.79835,1.7991,2.00,2.40
2010.07.30 16:07:05.824,1.79835,1.79915,2.00,4.80
2010.07.30 16:07:11.254,1.79835,1.79915,1.30,4.80
2010.07.30 16:07:11.517,1.7983,1.7991,1.00,4.80
2010.07.30 16:07:11.788,1.7982,1.79895,1.00,4.80
2010.07.30 16:07:14.462,1.7983,1.79895,1.00,2.40
2010.07.30 16:07:14.748,1.7983,1.7991,1.00,4.80
2010.07.30 16:07:14.945,1.7982,1.7991,2.00,5.40
2010.07.30 16:07:15.711,1.7982,1.799,2.00,2.40
2010.07.30 16:07:15.908,1.7983,1.7991,1.00,4.80
2010.07.30 16:07:18.537,1.79835,1.7991,2.00,4.80
2010.07.30 16:07:18.810,1.79835,1.79915,2.00,4.80
2010.07.30 16:07:19.078,1.7983,1.7991,1.00,4.80
2010.07.30 16:07:24.081,1.79835,1.79915,1.00,4.80
2010.07.30 16:07:24.203,1.79835,1.79915,2.00,4.80
2010.07.30 16:07:24.332,1.7984,1.79915,1.30,4.80
2010.07.30 16:07:24.985,1.7984,1.79915,1.30,2.40
2010.07.30 16:07:25.122,1.7984,1.7992,2.00,2.40
2010.07.30 16:07:28.454,1.7986,1.7992,1.00,2.40
2010.07.30 16:07:28.764,1.7986,1.79935,1.00,1.00
2010.07.30 16:07:30.452,1.7986,1.7994,1.00,3.00
2010.07.30 16:07:30.701,1.7986,1.79935,1.00,1.00
2010.07.30 16:07:33.893,1.79845,1.7992,1.00,2.40
2010.07.30 16:07:34.395,1.7986,1.79935,1.00,4.80
2010.07.30 16:07:34.703,1.7986,1.7994,1.00,3.00
2010.07.30 16:07:35.782,1.7986,1.79935,1.00,1.00
2010.07.30 16:07:35.953,1.7985,1.79935,1.00,5.80
2010.07.30 16:07:36.122,1.7985,1.79935,1.00,6.20
2010.07.30 16:07:38.923,1.79845,1.7993,3.00,2.00
2010.07.30 16:07:39.073,1.79845,1.7993,1.00,6.80
2010.07.30 16:07:40.704,1.79845,1.79925,1.00,1.00
2010.07.30 16:07:41.645,1.79845,1.7993,1.00,6.80
2010.07.30 16:07:49.696,1.79835,1.79915,1.00,6.10
2010.07.30 16:07:50.029,1.7984,1.7992,1.30,2.80
2010.07.30 16:07:50.973,1.79845,1.7993,1.00,6.80
2010.07.30 16:07:52.567,1.7983,1.79915,1.00,6.80
2010.07.30 16:07:53.895,1.79835,1.7992,1.00,2.80
2010.07.30 16:07:55.629,1.7989,1.7996,1.00,3.70
2010.07.30 16:07:55.898,1.79875,1.7996,1.00,2.00
2010.07.30 16:07:56.560,1.79875,1.79955,1.00,1.30
2010.07.30 16:07:56.909,1.7987,1.7995,1.00,1.00
2010.07.30 16:07:57.836,1.79855,1.7994,4.80,1.00
2010.07.30 16:07:58.095,1.79845,1.7993,2.00,3.00
2010.07.30 16:08:00.196,1.79865,1.7995,1.00,3.00
2010.07.30 16:08:01.738,1.79865,1.79945,1.00,3.70
2010.07.30 16:08:02.087,1.7986,1.79945,1.00,6.80
2010.07.30 16:08:02.154,1.7987,1.79945,1.30,5.40
2010.07.30 16:08:02.224,1.7987,1.7995,2.00,4.80
2010.07.30 16:08:03.009,1.7987,1.79955,2.00,5.80
2010.07.30 16:08:05.247,1.79875,1.79955,1.00,4.80
2010.07.30 16:08:05.256,1.79875,1.79955,2.00,4.80
2010.07.30 16:08:05.342,1.79875,1.79955,2.00,2.40
2010.07.30 16:08:06.030,1.79875,1.7996,2.00,2.40
2010.07.30 16:08:09.494,1.79885,1.7996,1.00,2.40
2010.07.30 16:08:09.806,1.79885,1.7997,1.00,6.80
2010.07.30 16:08:17.154,1.7988,1.79955,1.30,1.00
2010.07.30 16:08:17.253,1.79875,1.79955,1.00,1.00
2010.07.30 16:08:24.229,1.79875,1.79955,2.00,1.00
2010.07.30 16:08:24.448,1.7988,1.7996,4.80,2.00
2010.07.30 16:08:25.276,1.79875,1.7995,1.00,1.30
2010.07.30 16:08:25.497,1.7987,1.79945,1.00,1.00
2010.07.30 16:08:30.392,1.7986,1.79945,3.60,1.00
2010.07.30 16:08:30.755,1.7986,1.79945,2.00,1.00
2010.07.30 16:08:33.114,1.79875,1.7996,1.00,6.80
2010.07.30 16:08:55.701,1.79875,1.7992,1.30,1.00
2010.07.30 16:08:56.487,1.7987,1.79925,2.40,4.40
2010.07.30 16:08:56.659,1.79865,1.79935,1.00,2.00
2010.07.30 16:08:57.195,1.7986,1.7993,4.00,1.00
2010.07.30 16:08:58.144,1.79855,1.79925,2.40,2.00
2010.07.30 16:08:58.304,1.7985,1.79925,1.00,2.00
2010.07.30 16:09:09.173,1.7985,1.79935,1.00,4.40
2010.07.30 16:09:11.612,1.79865,1.79935,1.00,3.70
2010.07.30 16:09:12.330,1.79865,1.79935,1.00,1.30
2010.07.30 16:09:12.488,1.7985,1.79935,5.40,2.00
2010.07.30 16:09:12.644,1.7985,1.79935,1.00,4.40
2010.07.30 16:09:18.382,1.7985,1.79935,2.00,3.00
2010.07.30 16:09:20.856,1.7985,1.79935,2.40,3.00
2010.07.30 16:09:21.456,1.7985,1.7993,1.30,3.00
2010.07.30 16:09:22.238,1.7984,1.7993,4.40,5.40
2010.07.30 16:09:22.496,1.7985,1.7993,1.00,5.40
2010.07.30 16:09:23.836,1.7985,1.79935,2.40,2.80
2010.07.30 16:09:24.094,1.79855,1.79935,1.00,2.80
2010.07.30 16:09:24.969,1.79855,1.79945,2.00,5.40
2010.07.30 16:09:25.223,1.7986,1.79895,2.40,1.00
2010.07.30 16:09:25.503,1.79835,1.799,1.00,1.60
2010.07.30 16:09:25.783,1.79835,1.7991,1.00,3.60
2010.07.30 16:09:26.674,1.7985,1.79925,4.40,1.00
2010.07.30 16:09:31.910,1.79855,1.79925,3.70,1.00
2010.07.30 16:09:32.258,1.79855,1.79925,2.00,1.00
2010.07.30 16:09:35.647,1.79855,1.7994,2.40,1.00
2010.07.30 16:09:36.596,1.7985,1.79935,2.00,3.00
2010.07.30 16:09:37.839,1.79845,1.79925,1.00,2.00
2010.07.30 16:09:38.127,1.79845,1.7992,1.00,2.40
2010.07.30 16:09:45.536,1.79845,1.7992,1.00,4.80
2010.07.30 16:09:45.757,1.79835,1.7992,2.00,2.40
2010.07.30 16:09:47.983,1.7985,1.7993,2.00,2.00
2010.07.30 16:09:48.252,1.7985,1.7993,2.00,1.00
2010.07.30 16:09:51.086,1.79845,1.7992,1.00,3.00
2010.07.30 16:09:58.276,1.79835,1.79915,2.90,1.00
2010.07.30 16:09:58.373,1.79835,1.79915,7.70,1.00
2010.07.30 16:09:58.995,1.7984,1.79925,1.00,1.30
2010.07.30 16:09:59.107,1.7986,1.7994,2.00,2.00
2010.07.30 16:09:59.203,1.7986,1.79935,1.00,1.30
2010.07.30 16:09:59.544,1.7986,1.7994,2.00,1.00
2010.07.30 16:10:01.186,1.79865,1.7994,3.00,1.00
2010.07.30 16:10:01.827,1.79865,1.7994,5.40,1.00
2010.07.30 16:10:02.116,1.7986,1.7994,2.00,1.00
2010.07.30 16:10:05.586,1.79875,1.79945,1.00,6.40
2010.07.30 16:10:05.894,1.79875,1.79955,1.00,1.00
2010.07.30 16:10:07.797,1.7986,1.79945,2.00,6.80
2010.07.30 16:10:09.004,1.7986,1.79945,2.00,5.20
2010.07.30 16:10:12.113,1.7986,1.7994,1.30,1.00
2010.07.30 16:10:12.801,1.79855,1.7994,2.40,1.00
2010.07.30 16:10:13.017,1.7985,1.7994,2.00,5.40
2010.07.30 16:10:16.763,1.79845,1.7993,3.60,2.80
2010.07.30 16:10:17.683,1.79845,1.7993,2.00,2.80
2010.07.30 16:10:18.372,1.7985,1.7993,1.00,2.80
2010.07.30 16:10:19.050,1.7985,1.7993,2.00,2.80
2010.07.30 16:10:19.397,1.7985,1.7994,2.00,5.80
2010.07.30 16:10:20.356,1.7985,1.7994,1.30,5.80
2010.07.30 16:10:20.528,1.79845,1.7993,2.00,2.40
2010.07.30 16:10:24.985,1.79855,1.79935,2.40,2.00
2010.07.30 16:10:25.647,1.7986,1.7994,2.00,1.00
2010.07.30 16:10:25.764,1.7985,1.7994,2.00,5.80
2010.07.30 16:10:26.720,1.7986,1.7994,1.00,5.20
2010.07.30 16:10:27.044,1.7986,1.7994,2.00,1.00
2010.07.30 16:10:29.151,1.7986,1.79945,2.00,5.80
2010.07.30 16:10:29.642,1.7986,1.79935,2.00,1.00
2010.07.30 16:10:30.426,1.7985,1.7993,2.40,2.40
2010.07.30 16:10:30.585,1.79845,1.7993,2.00,2.40
2010.07.30 16:10:36.422,1.79845,1.79935,2.00,6.80
2010.07.30 16:10:37.133,1.7984,1.79925,4.80,1.00
2010.07.30 16:10:37.803,1.79835,1.79925,4.80,5.40
2010.07.30 16:10:39.618,1.79845,1.79925,1.30,5.20
2010.07.30 16:10:39.794,1.79845,1.79925,2.00,1.00
2010.07.30 16:10:41.682,1.79845,1.79925,4.40,1.00
2010.07.30 16:10:42.510,1.7986,1.7994,1.00,2.80
2010.07.30 16:10:48.888,1.7986,1.7994,1.00,2.40
2010.07.30 16:10:53.122,1.79865,1.79945,1.00,4.10
2010.07.30 16:10:53.736,1.79865,1.79945,1.00,2.80
2010.07.30 16:10:53.837,1.79865,1.79945,1.00,1.00
2010.07.30 16:10:55.558,1.7987,1.79945,1.30,1.00
2010.07.30 16:10:55.803,1.79875,1.79955,1.00,4.80
2010.07.30 16:10:58.273,1.79885,1.79955,2.00,2.40
2010.07.30 16:10:58.367,1.79885,1.79965,1.30,1.00
2010.07.30 16:10:58.456,1.79875,1.7996,2.00,2.40
2010.07.30 16:11:00.406,1.79865,1.7995,3.00,2.40
2010.07.30 16:11:01.160,1.79865,1.7995,1.00,4.80
2010.07.30 16:11:01.394,1.79865,1.7995,1.00,3.00
2010.07.30 16:11:10.356,1.7989,1.7995,1.00,3.00
2010.07.30 16:11:10.570,1.79875,1.7994,1.00,1.00
2010.07.30 16:11:10.787,1.79885,1.79935,1.00,1.00
2010.07.30 16:11:11.647,1.79885,1.7995,1.00,5.40
2010.07.30 16:11:13.079,1.79885,1.7996,1.00,5.40
2010.07.30 16:11:13.397,1.799,1.79975,1.00,5.40
2010.07.30 16:11:16.194,1.799,1.79965,1.00,1.00
2010.07.30 16:11:17.087,1.79895,1.7997,1.00,1.00
2010.07.30 16:11:17.386,1.79895,1.7998,1.00,6.80
2010.07.30 16:11:17.683,1.79895,1.7997,1.20,1.00
2010.07.30 16:11:18.569,1.7991,1.7998,1.00,2.40
2010.07.30 16:11:18.815,1.7991,1.79985,1.00,3.00
2010.07.30 16:11:19.924,1.7991,1.7998,1.00,1.30
2010.07.30 16:11:20.201,1.7991,1.7998,1.00,6.80
2010.07.30 16:11:20.476,1.7991,1.79975,1.00,1.30
2010.07.30 16:11:21.577,1.7991,1.7997,1.00,1.00
2010.07.30 16:11:21.886,1.7991,1.79975,1.00,1.00
2010.07.30 16:11:22.889,1.7991,1.79985,1.00,5.40
2010.07.30 16:11:34.112,1.79915,1.7999,1.00,6.80
2010.07.30 16:11:34.332,1.79915,1.7999,1.00,4.40
2010.07.30 16:11:39.594,1.79915,1.7999,1.00,2.40
2010.07.30 16:11:39.762,1.79915,1.8,1.00,5.40
2010.07.30 16:11:44.388,1.79925,1.8,1.00,5.40
2010.07.30 16:11:44.424,1.79915,1.8,1.00,5.40
2010.07.30 16:11:44.748,1.79945,1.80005,1.00,1.60
2010.07.30 16:11:45.062,1.79945,1.8001,1.00,3.00
2010.07.30 16:11:48.860,1.7992,1.8,1.00,3.00
2010.07.30 16:11:49.062,1.7992,1.8,1.00,5.40
2010.07.30 16:11:49.463,1.7992,1.8,1.00,3.00
2010.07.30 16:11:51.233,1.79915,1.7999,1.00,2.00
2010.07.30 16:11:52.082,1.79915,1.7999,1.00,4.40
2010.07.30 16:11:52.429,1.79915,1.79985,1.00,1.00
2010.07.30 16:11:53.093,1.79915,1.79985,1.00,5.40
2010.07.30 16:11:53.301,1.79945,1.8002,1.00,1.00
2010.07.30 16:11:54.781,1.79945,1.80025,1.00,1.00
2010.07.30 16:12:01.223,1.7997,1.8003,1.00,4.80
2010.07.30 16:12:02.175,1.79955,1.8004,1.00,4.40
2010.07.30 16:12:02.504,1.79955,1.80035,1.00,1.00
2010.07.30 16:12:02.833,1.79955,1.8004,1.00,4.40
2010.07.30 16:12:04.097,1.79955,1.80015,2.00,1.00
2010.07.30 16:12:04.868,1.7994,1.80015,1.00,1.00
2010.07.30 16:12:05.058,1.79945,1.8002,1.00,2.40
2010.07.30 16:12:05.234,1.79945,1.80025,1.00,2.40
2010.07.30 16:12:05.573,1.79935,1.80015,1.00,1.00
2010.07.30 16:12:17.098,1.79935,1.80015,1.00,2.00
2010.07.30 16:12:17.366,1.79925,1.8001,1.00,3.00
2010.07.30 16:12:19.484,1.79935,1.80015,1.00,5.40
2010.07.30 16:12:20.216,1.79935,1.80015,1.00,1.00
2010.07.30 16:12:22.516,1.7993,1.80015,2.00,1.00
2010.07.30 16:12:28.976,1.7994,1.80025,2.00,3.00
2010.07.30 16:12:38.873,1.7994,1.80025,1.00,4.40
2010.07.30 16:12:39.985,1.79945,1.80025,1.00,4.40
2010.07.30 16:12:40.152,1.79945,1.80025,1.00,3.70
2010.07.30 16:12:40.821,1.79945,1.8002,1.00,2.40
2010.07.30 16:12:40.909,1.79945,1.8002,1.00,1.00
2010.07.30 16:12:44.177,1.7994,1.8002,2.20,1.00
2010.07.30 16:12:44.365,1.79945,1.8002,1.00,1.00
2010.07.30 16:12:44.573,1.79945,1.80025,1.00,1.30
2010.07.30 16:12:44.683,1.79945,1.8003,1.00,5.40
2010.07.30 16:12:44.794,1.79945,1.8003,3.40,1.00
2010.07.30 16:12:45.717,1.79945,1.80025,3.40,1.30
2010.07.30 16:12:45.976,1.79945,1.8002,1.00,1.00
2010.07.30 16:12:47.978,1.7995,1.8003,1.00,1.00
2010.07.30 16:12:48.083,1.7995,1.80035,2.00,1.00
2010.07.30 16:12:48.193,1.7995,1.80035,5.40,2.00
2010.07.30 16:12:48.845,1.7995,1.80035,4.40,3.00
2010.07.30 16:12:48.957,1.7995,1.8003,1.00,1.00
2010.07.30 16:12:50.154,1.79945,1.8003,3.00,1.00
2010.07.30 16:12:50.557,1.79955,1.80045,5.40,3.00
2010.07.30 16:12:50.756,1.79965,1.80045,1.30,1.00
2010.07.30 16:12:50.953,1.79965,1.8005,2.00,2.40
2010.07.30 16:12:51.912,1.7997,1.8006,2.40,6.80
2010.07.30 16:12:52.482,1.7996,1.8005,7.60,2.00
2010.07.30 16:12:53.282,1.79985,1.8005,1.00,1.30
2010.07.30 16:12:53.549,1.7998,1.8007,5.40,4.40
2010.07.30 16:12:56.835,1.7997,1.8006,2.40,6.80
2010.07.30 16:12:57.638,1.79975,1.8006,3.70,3.00
2010.07.30 16:12:57.770,1.7999,1.80075,2.00,5.40
2010.07.30 16:12:59.144,1.7999,1.8007,2.00,2.40
2010.07.30 16:13:00.799,1.7998,1.8006,1.00,4.80
2010.07.30 16:13:01.053,1.7999,1.80065,1.30,4.80
2010.07.30 16:13:01.305,1.7999,1.80065,2.00,2.40
2010.07.30 16:13:08.225,1.7999,1.80055,1.00,1.30
2010.07.30 16:13:08.294,1.79975,1.8005,2.80,1.00
2010.07.30 16:13:08.504,1.79975,1.8005,1.00,1.00
2010.07.30 16:13:08.643,1.7997,1.80045,2.80,1.00
2010.07.30 16:13:08.716,1.7997,1.80045,1.00,1.00
2010.07.30 16:13:09.654,1.7997,1.80045,1.00,3.00
2010.07.30 16:13:16.423,1.7997,1.80045,1.00,4.40
2010.07.30 16:13:17.679,1.79965,1.80045,1.00,2.00
2010.07.30 16:13:18.539,1.7992,1.8,2.80,2.40
2010.07.30 16:13:18.717,1.7992,1.79995,1.00,2.00
2010.07.30 16:13:20.138,1.7993,1.80005,1.00,1.00
2010.07.30 16:13:27.442,1.7993,1.8001,1.00,1.00
2010.07.30 16:13:27.583,1.79925,1.8001,7.20,1.00
2010.07.30 16:13:30.658,1.79935,1.8001,1.30,1.00
2010.07.30 16:13:30.885,1.7996,1.80025,1.00,2.00
2010.07.30 16:13:32.017,1.79955,1.8002,1.00,2.00
2010.07.30 16:13:34.243,1.79945,1.8001,1.00,2.00
2010.07.30 16:13:35.915,1.7994,1.8001,1.00,2.00
2010.07.30 16:13:36.095,1.7994,1.8001,1.00,4.40
2010.07.30 16:13:36.745,1.7994,1.8001,1.00,6.80
2010.07.30 16:13:37.083,1.7994,1.80005,1.00,1.00
2010.07.30 16:13:44.304,1.7994,1.80015,1.00,2.20
2010.07.30 16:13:44.564,1.7994,1.80015,1.00,1.00
2010.07.30 16:13:45.352,1.7995,1.80015,1.00,1.00
2010.07.30 16:13:45.598,1.7995,1.8002,1.00,1.00
2010.07.30 16:13:47.015,1.79965,1.8004,1.00,3.30
2010.07.30 16:13:47.813,1.7998,1.8004,1.00,1.00
2010.07.30 16:13:48.109,1.79985,1.8005,1.00,2.00
2010.07.30 16:13:48.406,1.79985,1.80045,1.00,1.00
2010.07.30 16:13:50.045,1.7997,1.80045,1.60,1.00
2010.07.30 16:13:50.373,1.7996,1.80045,2.80,1.00
2010.07.30 16:13:52.668,1.7996,1.8004,1.00,1.30
2010.07.30 16:13:52.876,1.7996,1.80035,1.00,1.00
2010.07.30 16:13:53.799,1.79995,1.80075,1.00,1.70
2010.07.30 16:13:54.112,1.79995,1.80075,1.00,2.00
2010.07.30 16:13:55.385,1.79985,1.80075,6.50,2.00
2010.07.30 16:13:55.656,1.7999,1.80075,2.40,2.00
2010.07.30 16:13:58.674,1.7999,1.8006,2.40,1.30
2010.07.30 16:14:01.027,1.79975,1.8006,4.80,2.00
2010.07.30 16:14:01.075,1.7998,1.8007,5.40,2.00
2010.07.30 16:14:01.236,1.7998,1.8006,4.80,1.00
2010.07.30 16:14:01.889,1.7998,1.8006,4.80,2.00
2010.07.30 16:14:02.236,1.7997,1.8006,3.30,4.40
2010.07.30 16:14:06.022,1.8,1.8009,2.00,6.50
2010.07.30 16:14:06.933,1.7999,1.80075,3.40,1.30
2010.07.30 16:14:07.185,1.7999,1.80075,1.00,4.40
2010.07.30 16:14:07.844,1.7999,1.8008,2.40,4.80
2010.07.30 16:14:08.582,1.7999,1.8008,2.40,2.40
2010.07.30 16:14:10.206,1.80025,1.80085,1.00,3.70
2010.07.30 16:14:10.306,1.80025,1.80085,1.00,1.30
2010.07.30 16:14:10.538,1.80025,1.8011,1.00,8.40
2010.07.30 16:14:11.363,1.80025,1.8011,1.00,6.00
2010.07.30 16:14:11.702,1.80025,1.8011,1.00,4.40
2010.07.30 16:14:14.544,1.80025,1.8011,1.70,3.00
2010.07.30 16:14:14.615,1.80025,1.8011,4.10,3.00
2010.07.30 16:14:15.275,1.80025,1.8011,7.20,1.00
2010.07.30 16:14:16.714,1.8003,1.8011,1.60,1.00
2010.07.30 16:14:16.923,1.80025,1.8011,7.20,1.00
2010.07.30 16:14:18.954,1.8005,1.80115,1.00,1.30
2010.07.30 16:14:19.707,1.8005,1.80135,2.40,2.00
2010.07.30 16:14:22.814,1.8006,1.80135,1.00,1.30
2010.07.30 16:14:23.132,1.8006,1.80125,1.00,2.00
2010.07.30 16:14:23.828,1.80045,1.80125,5.20,2.00
2010.07.30 16:14:24.041,1.8004,1.8013,6.50,2.00
2010.07.30 16:14:24.463,1.8004,1.8013,6.80,2.00
2010.07.30 16:14:25.507,1.8004,1.8013,6.50,2.00
2010.07.30 16:14:27.896,1.8004,1.80125,6.50,1.00
2010.07.30 16:14:28.002,1.8004,1.80125,5.20,2.00
2010.07.30 16:14:28.114,1.8004,1.80125,5.20,1.30
2010.07.30 16:14:28.965,1.8005,1.8014,2.40,6.80
2010.07.30 16:14:31.144,1.80055,1.8014,1.00,6.80
2010.07.30 16:14:31.243,1.80055,1.8014,1.00,6.10
2010.07.30 16:14:31.969,1.80055,1.8014,1.70,4.80
2010.07.30 16:14:32.318,1.80045,1.8013,1.00,2.00
2010.07.30 16:14:32.645,1.80045,1.8012,1.00,2.00
2010.07.30 16:14:33.937,1.80035,1.80115,2.40,2.00
2010.07.30 16:14:37.803,1.8004,1.80115,1.00,1.30
2010.07.30 16:14:38.597,1.8005,1.8013,3.00,1.30
2010.07.30 16:14:38.794,1.8005,1.8014,3.00,5.40
2010.07.30 16:14:39.461,1.8006,1.8014,4.80,1.00
2010.07.30 16:14:39.659,1.8005,1.8013,2.40,2.00
2010.07.30 16:14:40.873,1.80055,1.8013,2.40,2.00
2010.07.30 16:14:41.143,1.80055,1.80135,4.80,2.00
2010.07.30 16:14:41.905,1.8005,1.80135,1.00,2.00
2010.07.30 16:14:42.053,1.8005,1.8013,1.00,1.00
2010.07.30 16:14:42.204,1.80045,1.8012,7.70,1.00
2010.07.30 16:14:42.895,1.80045,1.8012,2.90,1.00
2010.07.30 16:14:43.242,1.8005,1.80115,2.40,2.00
2010.07.30 16:14:43.586,1.80045,1.80115,2.40,1.30
2010.07.30 16:14:44.204,1.80045,1.80115,4.80,1.30
2010.07.30 16:14:44.476,1.8005,1.80125,2.40,1.00
2010.07.30 16:14:44.743,1.80035,1.80115,4.80,2.00
2010.07.30 16:14:45.014,1.80035,1.80115,2.40,2.00
2010.07.30 16:14:48.096,1.8003,1.80115,2.80,4.40
2010.07.30 16:14:48.308,1.80025,1.801,2.80,1.00
2010.07.30 16:14:49.597,1.80035,1.801,4.80,1.00
2010.07.30 16:14:49.665,1.80035,1.80105,4.80,1.30
2010.07.30 16:14:49.735,1.80035,1.80115,4.80,2.00
2010.07.30 16:14:50.375,1.80035,1.80115,2.40,2.00
2010.07.30 16:14:50.447,1.80025,1.801,2.80,1.00
2010.07.30 16:14:51.196,1.8006,1.80105,1.00,1.30
2010.07.30 16:14:51.990,1.80075,1.8013,1.60,2.40
2010.07.30 16:14:52.217,1.80055,1.8013,1.00,1.00
2010.07.30 16:14:52.853,1.80055,1.80125,1.00,1.30
2010.07.30 16:14:53.069,1.80055,1.8012,1.00,1.00
2010.07.30 16:14:54.415,1.80055,1.8013,2.80,1.00
2010.07.30 16:14:54.943,1.80065,1.80135,1.00,2.00
2010.07.30 16:14:55.216,1.80065,1.80135,1.00,1.00
2010.07.30 16:14:55.924,1.80065,1.8013,1.00,1.00
2010.07.30 16:14:56.178,1.8007,1.80135,1.00,1.00
2010.07.30 16:14:56.435,1.8007,1.8014,1.00,1.30
2010.07.30 16:14:57.289,1.80085,1.80145,1.00,1.00
2010.07.30 16:14:59.235,1.8008,1.80145,1.00,1.00
2010.07.30 16:14:59.485,1.80075,1.80135,1.60,1.00
2010.07.30 16:14:59.663,1.8007,1.80135,1.00,1.00
2010.07.30 16:15:02.944,1.80065,1.80135,2.00,2.00
2010.07.30 16:15:03.626,1.80065,1.80135,2.00,1.00
2010.07.30 16:15:03.921,1.8007,1.80155,3.00,4.00
2010.07.30 16:15:04.145,1.80075,1.80155,2.40,1.60
2010.07.30 16:15:04.364,1.8007,1.8016,5.40,2.00
2010.07.30 16:15:06.706,1.8006,1.80145,1.00,2.00
2010.07.30 16:15:07.024,1.8006,1.80145,2.80,2.00
2010.07.30 16:15:07.958,1.8006,1.80145,2.80,1.30
2010.07.30 16:15:08.176,1.8006,1.8015,4.10,4.40
2010.07.30 16:15:08.994,1.80065,1.8015,4.80,2.00
2010.07.30 16:15:11.763,1.80105,1.8017,1.00,1.00
2010.07.30 16:15:12.734,1.80125,1.8017,1.00,1.00
2010.07.30 16:15:12.945,1.80125,1.80185,1.00,2.00
2010.07.30 16:15:13.893,1.8012,1.80185,1.60,2.00
2010.07.30 16:15:14.605,1.8012,1.8018,1.60,1.30
2010.07.30 16:15:14.733,1.80105,1.8018,2.00,2.00
2010.07.30 16:15:15.066,1.80105,1.8018,1.00,2.00
2010.07.30 16:15:18.176,1.8011,1.80185,2.40,2.00
2010.07.30 16:15:19.216,1.80105,1.8018,1.00,2.00
2010.07.30 16:15:20.235,1.8011,1.80185,2.40,2.00
2010.07.30 16:15:23.930,1.8011,1.8018,2.40,1.30
2010.07.30 16:15:24.103,1.8011,1.8018,2.40,2.00
2010.07.30 16:15:24.282,1.80105,1.8018,1.00,2.00
2010.07.30 16:15:26.241,1.8012,1.8018,1.00,1.00
2010.07.30 16:15:26.317,1.8012,1.8018,1.00,2.00
2010.07.30 16:15:34.659,1.8012,1.80185,5.20,2.00
2010.07.30 16:15:35.896,1.8011,1.8017,1.00,1.00
2010.07.30 16:15:39.065,1.80115,1.8017,2.40,1.00
2010.07.30 16:15:39.233,1.80125,1.80185,1.00,2.00
2010.07.30 16:15:40.599,1.80125,1.80185,1.00,1.00
2010.07.30 16:15:41.974,1.80125,1.80185,1.00,2.00
2010.07.30 16:15:44.223,1.8012,1.8016,6.40,1.00
2010.07.30 16:15:44.452,1.801,1.8016,2.40,2.00
2010.07.30 16:15:48.243,1.801,1.8016,2.40,1.00
2010.07.30 16:15:48.395,1.801,1.8017,2.40,2.00
2010.07.30 16:15:48.543,1.801,1.8017,4.80,2.00
2010.07.30 16:15:51.441,1.801,1.8017,4.80,2.40
2010.07.30 16:15:51.595,1.801,1.8017,4.80,1.00
2010.07.30 16:15:53.207,1.801,1.80165,4.80,1.30
2010.07.30 16:15:53.950,1.80125,1.8016,1.00,1.00
2010.07.30 16:15:53.988,1.80125,1.80185,1.00,1.00
2010.07.30 16:15:59.205,1.8012,1.80185,4.40,1.00
2010.07.30 16:15:59.522,1.8012,1.80185,2.80,1.00
2010.07.30 16:16:00.156,1.8012,1.8017,2.40,1.00
2010.07.30 16:16:00.919,1.80115,1.8017,4.80,1.00
2010.07.30 16:16:01.074,1.8011,1.8017,1.00,1.00
2010.07.30 16:16:03.644,1.8011,1.80165,1.00,1.00
2010.07.30 16:16:04.594,1.8011,1.8017,1.00,2.00
2010.07.30 16:16:04.899,1.80105,1.8017,2.80,1.00
2010.07.30 16:16:05.814,1.80105,1.80165,2.80,1.00
2010.07.30 16:16:06.047,1.80105,1.80165,1.00,1.00
2010.07.30 16:16:07.251,1.80105,1.80155,1.00,1.00
2010.07.30 16:16:09.034,1.80095,1.80155,1.00,1.00
2010.07.30 16:16:10.966,1.80095,1.8015,1.00,1.00
2010.07.30 16:16:15.972,1.80095,1.80155,1.30,1.00
2010.07.30 16:16:16.196,1.8009,1.8017,4.80,2.00
2010.07.30 16:16:16.416,1.80095,1.80155,4.80,1.00
2010.07.30 16:16:17.285,1.80085,1.80155,5.20,1.00
2010.07.30 16:16:18.870,1.80095,1.80165,2.40,1.00
2010.07.30 16:16:21.287,1.80095,1.80155,2.40,1.00
2010.07.30 16:16:21.618,1.80085,1.80155,5.20,1.00
2010.07.30 16:16:24.300,1.80085,1.8016,5.20,1.30
2010.07.30 16:16:24.384,1.80085,1.80165,5.20,1.00
2010.07.30 16:16:24.626,1.801,1.80165,1.00,1.00
2010.07.30 16:16:25.465,1.801,1.8017,2.80,1.00
2010.07.30 16:16:25.675,1.801,1.8017,5.20,1.00
2010.07.30 16:16:27.282,1.80115,1.8018,2.40,1.00
2010.07.30 16:16:27.628,1.80105,1.8017,2.40,1.00
2010.07.30 16:16:28.752,1.80105,1.8017,4.80,1.00
2010.07.30 16:16:28.907,1.80105,1.8017,2.40,1.00
2010.07.30 16:16:33.054,1.801,1.80165,2.80,1.00
2010.07.30 16:16:34.686,1.801,1.80175,4.80,1.00
2010.07.30 16:16:38.724,1.801,1.80175,2.40,1.00
2010.07.30 16:16:41.705,1.8009,1.8017,4.80,2.00
2010.07.30 16:16:41.887,1.80095,1.8017,1.00,1.30
2010.07.30 16:16:42.559,1.801,1.8017,1.00,1.30
2010.07.30 16:16:42.748,1.80095,1.8018,6.80,1.00
2010.07.30 16:16:43.435,1.80105,1.8019,2.40,1.00
2010.07.30 16:16:44.065,1.80105,1.80185,2.40,1.30
2010.07.30 16:16:44.269,1.80095,1.8018,6.80,1.00
2010.07.30 16:16:46.959,1.80095,1.80175,2.40,1.00
2010.07.30 16:16:48.634,1.80095,1.8017,2.40,1.00
2010.07.30 16:16:48.694,1.8009,1.8017,4.80,1.00
2010.07.30 16:16:48.755,1.8009,1.8017,4.80,2.00
2010.07.30 16:16:49.738,1.80085,1.8017,2.40,2.00
2010.07.30 16:16:50.087,1.80095,1.8017,1.00,1.30
2010.07.30 16:16:50.425,1.80095,1.8018,4.40,1.00
2010.07.30 16:16:51.958,1.80105,1.8019,2.40,1.00
2010.07.30 16:16:51.994,1.8011,1.80185,4.80,1.30
2010.07.30 16:16:52.768,1.801,1.80185,4.80,2.00
2010.07.30 16:16:54.465,1.801,1.8015,4.80,1.00
2010.07.30 16:16:54.664,1.8009,1.8015,2.40,1.00
2010.07.30 16:16:54.984,1.80085,1.8015,4.80,1.00
2010.07.30 16:16:56.100,1.8008,1.8015,4.80,1.00
2010.07.30 16:16:58.620,1.80075,1.80145,2.80,1.30
2010.07.30 16:16:58.718,1.80085,1.8015,4.80,1.00
2010.07.30 16:16:59.663,1.80085,1.80145,4.80,1.00
2010.07.30 16:17:00.555,1.80075,1.8013,2.40,1.00
2010.07.30 16:17:00.819,1.80065,1.8014,4.80,1.00
2010.07.30 16:17:01.097,1.80075,1.8014,1.00,1.00
2010.07.30 16:17:01.980,1.80075,1.80145,2.80,1.30
2010.07.30 16:17:02.247,1.80085,1.8015,4.80,1.00
2010.07.30 16:17:36.831,1.8008,1.8015,1.00,1.00
2010.07.30 16:17:36.954,1.80075,1.8015,2.40,1.00
2010.07.30 16:17:41.367,1.80075,1.80155,3.00,2.00
2010.07.30 16:17:42.095,1.80075,1.8015,3.00,1.30
2010.07.30 16:17:42.437,1.801,1.8016,1.00,1.30
2010.07.30 16:17:43.362,1.801,1.80165,2.00,1.00
2010.07.30 16:17:48.474,1.801,1.80165,4.40,1.00
2010.07.30 16:17:48.554,1.801,1.80165,6.80,1.00
2010.07.30 16:17:49.223,1.801,1.8017,4.40,1.30
2010.07.30 16:17:49.557,1.801,1.80165,2.00,1.00
2010.07.30 16:17:52.673,1.801,1.8016,1.60,2.00
2010.07.30 16:17:52.938,1.80085,1.80155,2.00,1.00
2010.07.30 16:17:53.828,1.80075,1.8014,1.00,1.00
2010.07.30 16:17:58.520,1.80075,1.8015,2.80,1.00
2010.07.30 16:18:05.124,1.8007,1.8014,1.60,1.00
2010.07.30 16:18:05.344,1.8006,1.8014,5.20,1.00
2010.07.30 16:18:10.043,1.80075,1.8015,2.40,1.00
2010.07.30 16:18:14.111,1.80075,1.80155,6.80,1.00
2010.07.30 16:18:15.688,1.80075,1.80155,5.20,1.00
2010.07.30 16:18:15.823,1.80075,1.80155,4.80,1.00
2010.07.30 16:18:19.023,1.80075,1.80145,4.80,1.00
2010.07.30 16:18:20.126,1.8009,1.80155,2.40,1.00
2010.07.30 16:18:24.875,1.8011,1.80165,4.80,1.60
2010.07.30 16:18:25.224,1.801,1.8017,4.80,1.00
2010.07.30 16:18:30.265,1.80095,1.8017,2.40,1.00
2010.07.30 16:18:33.794,1.80095,1.80165,2.40,1.00
2010.07.30 16:18:34.554,1.8009,1.80165,1.00,1.00
2010.07.30 16:18:34.647,1.80085,1.80165,4.80,1.00
2010.07.30 16:18:42.522,1.80085,1.8016,4.80,1.30
2010.07.30 16:18:42.703,1.80085,1.80155,4.80,1.00
2010.07.30 16:18:43.559,1.80085,1.80165,4.80,1.00
2010.07.30 16:18:47.425,1.8008,1.80165,3.00,1.00
2010.07.30 16:18:48.082,1.80085,1.80165,2.40,1.00
2010.07.30 16:18:48.408,1.80085,1.80165,4.80,1.00
2010.07.30 16:18:53.412,1.80085,1.8016,4.80,1.30
2010.07.30 16:18:53.484,1.8008,1.80155,2.40,1.00
2010.07.30 16:18:53.554,1.80085,1.80155,2.40,1.00
2010.07.30 16:18:54.224,1.80085,1.80155,4.80,1.00
2010.07.30 16:18:54.297,1.80085,1.80165,4.80,1.00
2010.07.30 16:18:54.873,1.80085,1.8016,4.80,1.30
2010.07.30 16:18:55.651,1.80085,1.80155,2.80,1.00
2010.07.30 16:18:55.825,1.80085,1.80155,1.00,1.00
2010.07.30 16:18:56.173,1.801,1.8017,1.00,2.00
2010.07.30 16:18:57.136,1.80085,1.80155,1.00,1.00
2010.07.30 16:18:57.474,1.80085,1.80165,4.80,2.00
2010.07.30 16:18:58.457,1.80075,1.8015,1.00,1.00
2010.07.30 16:18:58.747,1.80075,1.80135,1.00,1.00
2010.07.30 16:18:59.035,1.80075,1.8014,1.00,1.00
2010.07.30 16:19:00.289,1.80075,1.8015,1.00,1.00
2010.07.30 16:19:01.257,1.8007,1.8014,2.00,1.00
2010.07.30 16:19:01.429,1.80075,1.8015,1.00,1.00
2010.07.30 16:19:02.925,1.80075,1.80155,2.80,2.20
2010.07.30 16:19:03.124,1.80075,1.8014,1.00,1.00
2010.07.30 16:19:04.605,1.80065,1.80135,1.00,1.00
2010.07.30 16:19:05.809,1.80065,1.8013,1.00,2.00
2010.07.30 16:19:09.327,1.80075,1.80155,6.80,2.00
2010.07.30 16:19:09.707,1.8008,1.80155,1.00,2.00
2010.07.30 16:19:10.792,1.80075,1.8013,2.00,2.00
2010.07.30 16:19:10.925,1.8005,1.8013,6.80,2.00
2010.07.30 16:19:12.506,1.80055,1.8013,2.40,2.00
2010.07.30 16:19:12.844,1.8006,1.8014,2.80,2.00
2010.07.30 16:19:13.592,1.8006,1.8014,5.20,2.00
2010.07.30 16:19:13.938,1.8007,1.8015,4.80,1.00
2010.07.30 16:19:22.285,1.8007,1.8014,2.40,1.00
2010.07.30 16:19:22.424,1.80065,1.8014,4.80,1.00
2010.07.30 16:19:23.210,1.80075,1.80145,2.40,1.30
2010.07.30 16:19:23.534,1.80065,1.8014,4.80,1.00
2010.07.30 16:19:25.489,1.8007,1.8015,1.00,1.00
2010.07.30 16:19:25.608,1.8007,1.8015,2.80,1.00
2010.07.30 16:19:26.257,1.8007,1.8015,5.20,1.00
2010.07.30 16:19:26.594,1.8007,1.8015,6.80,1.00
2010.07.30 16:19:32.067,1.8007,1.8014,6.80,1.00
2010.07.30 16:19:32.386,1.8007,1.8015,6.80,1.00
2010.07.30 16:19:34.115,1.8007,1.8014,6.80,1.00
2010.07.30 16:19:34.360,1.8007,1.8014,1.00,1.00
2010.07.30 16:19:38.205,1.80085,1.80145,1.00,1.30
2010.07.30 16:19:39.079,1.80085,1.8015,1.00,1.00
2010.07.30 16:19:40.465,1.80085,1.8014,1.00,1.00
2010.07.30 16:19:40.645,1.8007,1.8015,6.80,1.00
2010.07.30 16:19:42.537,1.80065,1.8014,4.80,1.00
2010.07.30 16:19:42.603,1.8007,1.80145,2.40,1.70
2010.07.30 16:19:42.743,1.8007,1.80145,4.80,1.00
2010.07.30 16:19:48.534,1.80065,1.8014,4.80,1.00
2010.07.30 16:19:52.727,1.8006,1.80135,2.40,1.00
2010.07.30 16:19:52.944,1.8006,1.80135,2.80,1.00
2010.07.30 16:19:53.711,1.8006,1.80135,4.40,1.00
2010.07.30 16:20:02.393,1.8006,1.8013,4.00,2.00
2010.07.30 16:20:02.524,1.8006,1.8013,1.60,2.00
2010.07.30 16:20:02.783,1.80055,1.8013,1.00,2.00
2010.07.30 16:20:04.887,1.80055,1.80135,2.80,1.00
2010.07.30 16:20:04.995,1.8006,1.80135,2.40,1.00
2010.07.30 16:20:11.603,1.80065,1.80135,4.80,1.00
2010.07.30 16:20:11.757,1.8007,1.8014,1.00,1.00
2010.07.30 16:20:15.269,1.8007,1.80135,1.00,1.00
2010.07.30 16:20:19.413,1.80065,1.80135,2.00,1.00
2010.07.30 16:20:19.543,1.8007,1.8015,1.00,1.00
2010.07.30 16:20:19.903,1.8007,1.8015,2.80,1.00
2010.07.30 16:20:20.594,1.80075,1.80155,2.40,1.00
2010.07.30 16:20:20.797,1.80075,1.80155,4.80,1.00
2010.07.30 16:20:21.594,1.80075,1.80155,5.20,1.00
2010.07.30 16:20:30.883,1.801,1.80155,1.00,1.00
2010.07.30 16:20:35.978,1.80085,1.80155,2.00,1.00
2010.07.30 16:20:36.373,1.80085,1.80155,1.00,1.00
2010.07.30 16:20:36.533,1.80075,1.80155,6.80,1.00
2010.07.30 16:20:36.726,1.80075,1.80155,5.20,1.00
2010.07.30 16:20:44.583,1.8009,1.8017,2.40,2.00
2010.07.30 16:20:50.308,1.80095,1.8017,2.40,1.00
2010.07.30 16:20:51.239,1.80095,1.8017,2.80,1.00
2010.07.30 16:20:52.984,1.80095,1.80165,2.40,1.00
2010.07.30 16:20:53.434,1.80085,1.80165,6.80,1.00
2010.07.30 16:20:53.663,1.8009,1.80165,1.00,1.00
2010.07.30 16:20:56.315,1.80095,1.8017,2.80,1.00
2010.07.30 16:20:58.463,1.80095,1.8017,4.40,1.00
2010.07.30 16:20:59.282,1.801,1.80165,1.00,1.00
2010.07.30 16:21:01.089,1.801,1.80155,1.00,1.00
2010.07.30 16:21:08.627,1.80095,1.80155,1.60,1.00
2010.07.30 16:21:09.074,1.8009,1.80155,1.00,1.00
2010.07.30 16:21:22.975,1.8008,1.80155,4.00,1.00
2010.07.30 16:21:23.225,1.80075,1.8014,1.00,1.00
2010.07.30 16:21:26.744,1.8007,1.8013,1.60,2.00
2010.07.30 16:21:27.710,1.80065,1.80135,1.00,1.00
2010.07.30 16:21:28.057,1.80065,1.8013,1.00,1.30
2010.07.30 16:21:28.958,1.80065,1.8013,1.00,2.00
2010.07.30 16:21:29.233,1.8006,1.80135,2.80,1.00
2010.07.30 16:21:31.156,1.80075,1.80135,1.00,1.00
2010.07.30 16:21:31.377,1.80075,1.8014,1.00,1.00
2010.07.30 16:21:32.787,1.80065,1.80135,1.00,1.00
2010.07.30 16:21:33.118,1.80065,1.8013,1.00,2.00
2010.07.30 16:21:45.919,1.80055,1.8013,2.00,2.00
2010.07.30 16:21:46.856,1.80055,1.8013,1.00,2.00
2010.07.30 16:21:50.150,1.80045,1.80115,1.00,1.00
2010.07.30 16:22:01.219,1.80055,1.8013,1.00,2.00
2010.07.30 16:22:01.583,1.80055,1.80125,1.00,1.00
2010.07.30 16:22:02.274,1.8005,1.80115,1.60,1.00
2010.07.30 16:22:02.529,1.80045,1.80125,1.00,2.00
2010.07.30 16:22:03.393,1.80045,1.80125,5.20,2.00
2010.07.30 16:22:06.253,1.8006,1.80125,1.00,2.00
2010.07.30 16:22:06.354,1.8006,1.80125,1.00,1.00
2010.07.30 16:22:06.463,1.8006,1.8014,1.00,1.30
2010.07.30 16:22:07.370,1.80075,1.8015,1.00,2.00
2010.07.30 16:22:09.506,1.8007,1.8015,5.20,2.00
2010.07.30 16:22:11.659,1.8007,1.80145,1.00,1.30
2010.07.30 16:22:11.918,1.8007,1.8014,1.00,1.00
2010.07.30 16:22:14.430,1.8007,1.8014,1.00,2.00
2010.07.30 16:22:14.566,1.80065,1.8012,4.00,1.00
2010.07.30 16:22:15.196,1.80065,1.8012,2.40,1.00
2010.07.30 16:22:15.448,1.8005,1.80125,2.40,2.00
2010.07.30 16:22:20.015,1.80055,1.80125,1.00,2.00
2010.07.30 16:22:29.723,1.80055,1.8012,1.00,1.30
2010.07.30 16:22:30.790,1.80055,1.80125,1.00,2.00
2010.07.30 16:22:32.586,1.8005,1.8011,4.00,1.30
2010.07.30 16:22:32.806,1.80045,1.80105,2.40,1.00
2010.07.30 16:22:33.531,1.80035,1.80105,5.20,1.00
2010.07.30 16:22:33.818,1.80035,1.80115,5.20,2.00
2010.07.30 16:22:34.722,1.8004,1.8012,4.80,2.00
2010.07.30 16:22:39.780,1.8004,1.8012,5.20,2.00
2010.07.30 16:22:42.190,1.80055,1.8012,1.00,1.30
2010.07.30 16:22:42.348,1.8005,1.8013,5.20,2.00
2010.07.30 16:22:43.296,1.80045,1.80115,1.00,2.00
2010.07.30 16:22:51.407,1.80055,1.80125,1.00,1.00
2010.07.30 16:22:52.319,1.80055,1.8013,1.00,2.00
2010.07.30 16:22:57.889,1.8004,1.8011,1.00,2.00
2010.07.30 16:22:58.053,1.8004,1.8011,1.00,2.00
2010.07.30 16:23:06.239,1.8004,1.8011,1.00,1.00
2010.07.30 16:23:16.075,1.8004,1.8012,2.80,2.00
2010.07.30 16:23:16.393,1.8004,1.8012,1.00,2.00
2010.07.30 16:23:16.614,1.8004,1.8011,1.00,1.00
2010.07.30 16:23:18.693,1.8004,1.8011,1.70,1.00
2010.07.30 16:23:18.894,1.8006,1.80125,1.00,7.00
2010.07.30 16:23:19.620,1.8004,1.80125,1.00,4.60
2010.07.30 16:23:19.801,1.80035,1.8011,1.00,1.00
2010.07.30 16:23:20.394,1.8003,1.8011,4.80,1.00
2010.07.30 16:23:24.523,1.8003,1.8011,4.80,1.00
2010.07.30 16:23:25.325,1.8003,1.801,2.40,1.00
2010.07.30 16:23:25.958,1.80025,1.801,6.80,1.00
2010.07.30 16:23:26.068,1.80025,1.801,4.80,1.00
2010.07.30 16:23:26.524,1.80025,1.801,5.60,1.00
2010.07.30 16:23:26.754,1.80045,1.8011,2.40,1.60
2010.07.30 16:23:26.986,1.80045,1.8012,4.80,1.00
2010.07.30 16:23:28.176,1.80055,1.80125,2.40,1.00
2010.07.30 16:23:29.253,1.80045,1.80125,6.80,1.00
2010.07.30 16:23:29.473,1.80055,1.80125,2.40,1.00
2010.07.30 16:23:29.897,1.8006,1.80125,4.80,1.00
2010.07.30 16:23:30.725,1.80055,1.80125,2.40,1.00
2010.07.30 16:23:30.957,1.80045,1.8012,4.80,1.00
2010.07.30 16:23:33.005,1.80055,1.8013,2.40,1.00
2010.07.30 16:23:35.538,1.80055,1.80125,2.40,1.00
2010.07.30 16:23:35.646,1.8005,1.80125,1.60,1.00
2010.07.30 16:23:35.755,1.80045,1.80125,5.20,1.00
2010.07.30 16:23:36.497,1.80045,1.80125,4.80,1.00
2010.07.30 16:23:37.046,1.8004,1.80115,4.00,1.00
2010.07.30 16:23:37.954,1.8004,1.80115,2.40,1.00
2010.07.30 16:23:41.654,1.8004,1.8012,2.40,2.00
2010.07.30 16:23:43.315,1.8004,1.80125,2.80,1.00
2010.07.30 16:23:44.129,1.80045,1.80125,4.80,1.00
2010.07.30 16:24:03.268,1.80045,1.80125,5.20,1.00
2010.07.30 16:24:07.635,1.80045,1.80125,2.80,1.00
2010.07.30 16:24:08.373,1.80045,1.8012,1.00,2.00
2010.07.30 16:24:08.720,1.80045,1.80125,5.20,1.00
2010.07.30 16:24:09.691,1.80055,1.80125,2.40,1.00
2010.07.30 16:24:09.918,1.80045,1.80125,5.20,1.00
2010.07.30 16:24:19.408,1.80055,1.80135,2.80,2.00
2010.07.30 16:24:21.795,1.8007,1.80135,1.00,2.00
2010.07.30 16:24:22.005,1.80065,1.80135,1.60,2.00
2010.07.30 16:24:22.907,1.8006,1.8013,1.00,1.00
2010.07.30 16:24:30.347,1.8007,1.80135,1.00,1.30
2010.07.30 16:24:30.491,1.8007,1.8014,1.00,1.00
2010.07.30 16:24:30.840,1.80065,1.8014,2.00,1.00
2010.07.30 16:24:31.857,1.8007,1.80145,1.00,2.00
2010.07.30 16:24:42.720,1.80065,1.80135,1.60,1.30
2010.07.30 16:24:42.965,1.8007,1.80145,1.00,7.70
2010.07.30 16:24:43.829,1.8006,1.8014,2.40,2.00
2010.07.30 16:24:45.785,1.8006,1.8014,2.40,3.60
2010.07.30 16:24:46.395,1.8006,1.80125,2.40,1.00
2010.07.30 16:24:46.590,1.80045,1.80125,4.80,2.00
2010.07.30 16:24:48.650,1.8005,1.8013,4.80,2.00
2010.07.30 16:24:50.971,1.80045,1.8012,1.60,1.30
2010.07.30 16:24:51.156,1.8004,1.8012,2.80,2.00
2010.07.30 16:24:52.910,1.8006,1.8014,4.80,1.00
2010.07.30 16:24:53.128,1.8006,1.8014,5.20,1.00
2010.07.30 16:24:54.077,1.8007,1.80145,4.80,1.30
2010.07.30 16:24:54.317,1.8006,1.8014,6.80,1.00
2010.07.30 16:24:54.555,1.8006,1.8014,5.20,1.00
2010.07.30 16:24:55.660,1.80065,1.80145,4.80,2.00
2010.07.30 16:24:58.509,1.8006,1.80135,1.00,2.00
2010.07.30 16:24:58.699,1.8008,1.80145,1.00,1.00
2010.07.30 16:24:59.836,1.80075,1.80145,1.00,1.00
2010.07.30 16:25:03.105,1.80095,1.8016,1.00,1.00
2010.07.30 16:25:09.818,1.80095,1.80145,1.00,1.00
2010.07.30 16:25:10.109,1.8008,1.80155,1.00,1.00
2010.07.30 16:25:11.238,1.8008,1.8016,5.20,1.00
2010.07.30 16:25:12.445,1.8008,1.8016,2.80,1.00
2010.07.30 16:25:12.709,1.8008,1.8016,5.20,1.00
2010.07.30 16:25:12.966,1.8008,1.8016,2.80,1.00
2010.07.30 16:25:16.066,1.80105,1.8016,1.00,1.00
2010.07.30 16:25:17.218,1.80105,1.80175,1.00,2.00
2010.07.30 16:25:19.699,1.80105,1.8017,1.00,2.00
2010.07.30 16:25:21.397,1.80095,1.8016,1.00,1.00
2010.07.30 16:25:25.746,1.8009,1.8015,1.60,1.00
2010.07.30 16:25:26.040,1.8008,1.8015,4.80,1.00
2010.07.30 16:25:33.343,1.8008,1.8015,2.40,1.00
2010.07.30 16:25:35.038,1.8008,1.8015,4.80,1.00
2010.07.30 16:25:36.745,1.8008,1.8015,2.40,1.00
2010.07.30 16:25:38.263,1.8008,1.8016,2.80,2.00
2010.07.30 16:25:39.184,1.8008,1.8016,4.40,2.00
2010.07.30 16:25:41.655,1.8008,1.8016,6.80,2.00
2010.07.30 16:25:41.894,1.8008,1.8016,4.40,2.00
2010.07.30 16:25:44.966,1.8008,1.8016,6.80,2.00
2010.07.30 16:25:45.057,1.8008,1.8016,4.40,2.00
2010.07.30 16:25:52.855,1.8008,1.80145,6.40,2.00
2010.07.30 16:25:53.155,1.8008,1.80145,2.40,3.60
2010.07.30 16:25:53.786,1.80065,1.80145,4.40,3.60
2010.07.30 16:25:54.088,1.80065,1.80145,2.40,2.00
2010.07.30 16:25:56.279,1.8008,1.80165,4.80,1.00
2010.07.30 16:25:56.567,1.80085,1.8016,4.80,2.00
2010.07.30 16:25:56.845,1.8008,1.80165,2.40,1.00
2010.07.30 16:25:57.765,1.80085,1.80165,4.80,1.00
2010.07.30 16:25:58.074,1.80085,1.8016,4.80,1.30
2010.07.30 16:25:58.384,1.8008,1.8016,2.40,2.00
2010.07.30 16:26:00.344,1.8008,1.80145,2.40,1.00
2010.07.30 16:26:00.496,1.8007,1.80145,4.00,1.00
2010.07.30 16:26:01.149,1.80075,1.80155,4.80,1.00
2010.07.30 16:26:03.313,1.8007,1.80145,2.40,1.00
2010.07.30 16:26:10.998,1.80075,1.80155,4.80,1.00
2010.07.30 16:26:12.571,1.80075,1.80155,2.40,1.00
2010.07.30 16:26:12.916,1.8007,1.80155,4.80,1.00
2010.07.30 16:26:13.627,1.8007,1.80145,2.40,1.00
2010.07.30 16:26:16.311,1.8006,1.8014,4.40,1.00
2010.07.30 16:26:23.528,1.8006,1.80135,4.40,2.00
2010.07.30 16:26:23.724,1.8006,1.80135,2.00,2.00
2010.07.30 16:26:23.925,1.8006,1.80135,4.40,1.30
2010.07.30 16:26:24.125,1.8006,1.8014,2.00,1.00
2010.07.30 16:26:24.811,1.8006,1.8014,4.40,1.00
2010.07.30 16:26:25.037,1.80065,1.8014,1.00,1.00
2010.07.30 16:26:25.635,1.80065,1.8014,1.00,1.40
2010.07.30 16:26:26.075,1.8004,1.8011,2.80,1.30
2010.07.30 16:26:26.950,1.8005,1.80135,2.40,2.40
2010.07.30 16:26:28.458,1.80055,1.80135,2.40,2.40
2010.07.30 16:26:28.656,1.80055,1.8012,2.40,2.00
2010.07.30 16:26:29.508,1.80055,1.80125,2.40,1.00
2010.07.30 16:26:31.485,1.80045,1.8012,4.80,1.00
2010.07.30 16:26:33.865,1.80045,1.8011,2.40,1.00
2010.07.30 16:26:34.747,1.80035,1.8011,4.80,1.70
2010.07.30 16:26:35.088,1.8004,1.8012,2.40,1.00
2010.07.30 16:26:35.424,1.80045,1.8012,4.80,1.00
2010.07.30 16:26:37.826,1.8004,1.80115,2.40,1.30
2010.07.30 16:26:38.017,1.80045,1.8012,4.80,1.00
2010.07.30 16:26:39.123,1.80045,1.80115,4.80,1.00
2010.07.30 16:26:39.878,1.8004,1.80115,2.40,1.70
2010.07.30 16:26:42.124,1.80035,1.80115,4.80,1.70
2010.07.30 16:26:42.279,1.80025,1.801,4.80,1.00
2010.07.30 16:26:42.737,1.8003,1.80105,4.80,1.00
2010.07.30 16:26:44.766,1.8004,1.80115,2.40,1.30
2010.07.30 16:26:45.965,1.8005,1.8013,4.80,2.00
2010.07.30 16:26:46.882,1.8003,1.8011,5.20,2.00
2010.07.30 16:26:48.054,1.8003,1.80125,7.20,6.80
2010.07.30 16:26:48.354,1.80045,1.8013,4.80,2.00
2010.07.30 16:26:48.644,1.8005,1.8013,2.40,2.00
2010.07.30 16:26:50.351,1.8004,1.8012,4.80,1.00
2010.07.30 16:26:54.694,1.8004,1.80125,4.80,1.30
2010.07.30 16:26:54.823,1.8004,1.8013,4.80,2.00
2010.07.30 16:26:54.956,1.8005,1.8013,2.40,2.00
2010.07.30 16:26:58.555,1.80055,1.80135,4.80,2.00
2010.07.30 16:27:01.084,1.80055,1.80135,4.80,2.80
2010.07.30 16:27:01.856,1.80035,1.80115,1.00,2.00
2010.07.30 16:27:01.994,1.8003,1.80115,1.00,1.30
2010.07.30 16:27:02.694,1.80035,1.8012,2.40,1.00
2010.07.30 16:27:03.434,1.8004,1.8012,2.40,1.00
2010.07.30 16:27:03.635,1.8004,1.8012,4.80,1.00
2010.07.30 16:27:17.127,1.8005,1.8013,2.40,2.00
2010.07.30 16:27:35.245,1.80055,1.80135,4.80,2.00
2010.07.30 16:27:39.188,1.80055,1.8013,4.80,2.00
2010.07.30 16:27:39.441,1.8005,1.80115,1.00,2.00
2010.07.30 16:27:40.327,1.8005,1.8013,5.20,2.00
2010.07.30 16:27:40.650,1.80055,1.80135,4.80,2.00
2010.07.30 16:27:43.865,1.8005,1.8013,5.20,1.00
2010.07.30 16:27:44.618,1.8005,1.80135,4.80,2.00
2010.07.30 16:27:44.839,1.8005,1.8013,4.80,1.00
2010.07.30 16:27:45.055,1.8005,1.80135,4.80,2.00
2010.07.30 16:27:45.278,1.80055,1.80135,4.80,2.00
2010.07.30 16:27:46.476,1.80045,1.8012,2.80,1.00
2010.07.30 16:27:47.618,1.80045,1.8012,2.40,1.00
2010.07.30 16:27:51.003,1.80045,1.8012,2.40,2.00
2010.07.30 16:27:51.286,1.8004,1.8012,5.20,2.00
2010.07.30 16:27:52.191,1.8004,1.8012,4.80,1.00
2010.07.30 16:27:52.329,1.80055,1.80135,4.80,2.00
2010.07.30 16:27:53.414,1.80055,1.80135,2.40,2.00
2010.07.30 16:27:53.760,1.80055,1.80135,4.80,2.00
2010.07.30 16:27:54.181,1.80055,1.8013,4.80,1.30
2010.07.30 16:27:54.936,1.8005,1.8013,4.80,2.00
2010.07.30 16:27:55.130,1.80045,1.8012,2.80,1.00
2010.07.30 16:28:00.891,1.8003,1.801,5.20,1.30
2010.07.30 16:28:01.185,1.8003,1.8011,5.20,2.00
2010.07.30 16:28:02.161,1.80025,1.801,2.40,2.00
2010.07.30 16:28:02.765,1.8002,1.801,4.80,2.00
2010.07.30 16:28:04.050,1.80045,1.8011,1.00,2.00
2010.07.30 16:28:18.771,1.80055,1.8012,1.00,2.00
2010.07.30 16:28:25.373,1.8005,1.8012,1.00,2.00
2010.07.30 16:28:25.650,1.8005,1.80135,5.20,2.00
2010.07.30 16:28:25.784,1.8005,1.80135,6.50,1.00
2010.07.30 16:28:26.105,1.8006,1.80135,2.40,1.00
2010.07.30 16:28:26.352,1.8006,1.80145,2.40,2.00
2010.07.30 16:28:27.190,1.8008,1.80145,1.00,1.30
2010.07.30 16:28:27.345,1.8008,1.80165,1.00,4.80
2010.07.30 16:28:27.496,1.8009,1.8017,4.80,2.00
2010.07.30 16:28:28.271,1.801,1.8017,1.00,2.00
2010.07.30 16:28:28.619,1.8012,1.80185,1.00,2.00
2010.07.30 16:28:31.118,1.80135,1.8019,1.00,1.30
2010.07.30 16:28:31.258,1.80135,1.80195,1.00,1.00
2010.07.30 16:28:31.487,1.80135,1.8019,1.00,1.00
2010.07.30 16:28:32.152,1.8011,1.8016,3.20,2.00
2010.07.30 16:28:32.380,1.801,1.8016,1.00,2.00
2010.07.30 16:28:34.184,1.801,1.8016,1.00,1.00
2010.07.30 16:28:34.385,1.801,1.80165,1.00,2.00
2010.07.30 16:28:37.840,1.8012,1.80165,1.00,2.00
2010.07.30 16:28:43.427,1.8015,1.8019,1.00,1.00
2010.07.30 16:28:44.199,1.8015,1.802,1.00,2.00
2010.07.30 16:28:44.818,1.8017,1.80215,1.00,4.40
2010.07.30 16:28:44.955,1.8017,1.80215,1.00,2.00
2010.07.30 16:28:45.774,1.80165,1.802,1.00,1.30
2010.07.30 16:28:46.085,1.80165,1.80215,1.00,2.00
2010.07.30 16:28:49.411,1.80165,1.8019,1.00,1.00
2010.07.30 16:28:49.600,1.80155,1.8019,1.00,1.00
2010.07.30 16:28:50.415,1.80155,1.8019,1.20,1.30
2010.07.30 16:28:50.758,1.80155,1.80205,1.00,2.00
2010.07.30 16:28:55.896,1.80155,1.8019,1.00,1.30
2010.07.30 16:28:56.768,1.80145,1.80195,1.00,1.00
2010.07.30 16:28:58.527,1.80155,1.80205,1.00,2.00
2010.07.30 16:28:58.816,1.80155,1.8021,1.00,2.00
2010.07.30 16:28:59.990,1.80155,1.80205,1.00,1.00
2010.07.30 16:29:00.287,1.80155,1.8021,1.00,2.00
2010.07.30 16:29:00.434,1.8016,1.8021,1.00,2.00
2010.07.30 16:29:03.395,1.8016,1.80205,1.00,2.00
2010.07.30 16:29:04.280,1.8016,1.8021,1.00,2.00
2010.07.30 16:29:07.315,1.8015,1.8021,1.00,2.00
2010.07.30 16:29:07.457,1.8014,1.80215,4.00,2.00
2010.07.30 16:29:07.774,1.8014,1.80215,2.40,2.00
2010.07.30 16:29:14.506,1.80145,1.80225,4.80,2.00
2010.07.30 16:29:16.075,1.8015,1.80225,2.40,1.30
2010.07.30 16:29:16.389,1.8015,1.8023,4.80,2.00
2010.07.30 16:29:25.445,1.8015,1.8023,5.20,2.00
2010.07.30 16:29:27.754,1.80155,1.8023,1.00,2.00
2010.07.30 16:29:29.665,1.80155,1.8023,1.00,1.00
2010.07.30 16:29:33.145,1.80155,1.8023,2.80,1.00
2010.07.30 16:29:33.988,1.80165,1.80245,2.00,4.80
2010.07.30 16:29:34.207,1.80175,1.80255,4.80,1.00
2010.07.30 16:29:36.437,1.8019,1.8027,5.20,2.00
2010.07.30 16:29:40.302,1.80185,1.80255,4.00,1.30
2010.07.30 16:29:40.478,1.80185,1.8027,4.80,2.00
2010.07.30 16:29:50.400,1.80175,1.80255,4.80,2.00
2010.07.30 16:30:08.819,1.80175,1.80255,4.80,1.30
2010.07.30 16:30:09.019,1.8018,1.8026,4.80,1.00
2010.07.30 16:30:09.395,1.8018,1.8026,2.40,1.00
2010.07.30 16:30:09.590,1.8018,1.80255,2.40,1.30
2010.07.30 16:30:10.291,1.8018,1.80255,2.40,2.00
2010.07.30 16:30:10.546,1.8017,1.80255,4.80,2.00
2010.07.30 16:30:20.771,1.8017,1.8024,4.80,1.00
2010.07.30 16:30:20.852,1.80175,1.8024,1.00,1.30
2010.07.30 16:30:20.942,1.80175,1.8025,1.00,5.40
2010.07.30 16:30:21.749,1.8019,1.8027,5.20,1.00
2010.07.30 16:30:22.773,1.802,1.80265,1.00,1.00
2010.07.30 16:30:23.039,1.80175,1.80255,1.00,2.00
2010.07.30 16:30:23.814,1.8017,1.80255,4.80,2.00
2010.07.30 16:30:29.358,1.80185,1.8027,5.40,1.30
2010.07.30 16:30:30.339,1.8019,1.80255,2.40,1.30
2010.07.30 16:30:30.649,1.8017,1.80255,2.40,2.00
2010.07.30 16:30:31.594,1.80185,1.80255,2.40,1.30
2010.07.30 16:30:31.799,1.80185,1.8027,4.80,2.00
2010.07.30 16:30:33.290,1.80195,1.8027,1.00,2.00
2010.07.30 16:30:33.630,1.8022,1.8028,1.00,2.80
2010.07.30 16:30:33.827,1.80215,1.8028,1.60,1.70
2010.07.30 16:30:34.025,1.802,1.8028,4.80,1.70
2010.07.30 16:30:34.936,1.8019,1.8027,1.00,2.00
2010.07.30 16:30:45.117,1.80185,1.80255,6.40,1.00
2010.07.30 16:30:46.087,1.8018,1.80255,1.00,2.00
2010.07.30 16:30:49.447,1.8018,1.8026,1.00,2.00
2010.07.30 16:30:49.619,1.8017,1.80255,4.80,2.00
2010.07.30 16:31:05.080,1.8016,1.80245,3.20,1.30
2010.07.30 16:31:05.303,1.8015,1.8023,4.80,2.00
2010.07.30 16:31:07.644,1.80145,1.8023,4.80,2.00
2010.07.30 16:31:14.229,1.80155,1.8023,2.40,1.30
2010.07.30 16:31:14.391,1.80145,1.8023,5.20,2.00
2010.07.30 16:31:26.005,1.80145,1.8023,4.80,2.00
2010.07.30 16:31:30.985,1.80145,1.8022,4.80,1.00
2010.07.30 16:31:31.165,1.80145,1.80225,4.80,1.30
2010.07.30 16:31:31.851,1.80145,1.8023,4.80,2.00
2010.07.30 16:31:34.928,1.80175,1.8024,1.00,2.40
2010.07.30 16:31:35.117,1.8017,1.80255,1.60,6.80
2010.07.30 16:31:35.399,1.80175,1.80255,4.80,2.00
2010.07.30 16:31:36.457,1.8017,1.80255,4.80,2.00
2010.07.30 16:31:37.728,1.80175,1.80255,4.80,2.00
2010.07.30 16:31:47.541,1.80175,1.80255,2.40,2.00
2010.07.30 16:31:47.684,1.8017,1.80255,4.80,2.00
2010.07.30 16:31:51.036,1.8016,1.8024,2.40,2.00
2010.07.30 16:31:55.341,1.80155,1.8023,1.00,1.00
2010.07.30 16:31:55.714,1.8015,1.8023,4.80,1.00
2010.07.30 16:32:00.031,1.8015,1.80225,4.80,1.00
2010.07.30 16:32:00.220,1.80145,1.80225,2.80,2.00
2010.07.30 16:32:00.603,1.8015,1.80225,4.80,1.00
2010.07.30 16:32:00.785,1.8015,1.8023,4.80,1.00
2010.07.30 16:32:09.285,1.8015,1.80235,4.80,1.30
2010.07.30 16:32:10.064,1.8015,1.80225,2.40,2.00
2010.07.30 16:32:10.228,1.80145,1.80225,2.40,2.00
2010.07.30 16:32:10.835,1.80145,1.80215,2.40,1.00
2010.07.30 16:32:11.678,1.8014,1.8021,4.80,2.00
2010.07.30 16:32:12.496,1.8013,1.80205,2.40,1.30
2010.07.30 16:32:12.758,1.80125,1.80205,2.80,2.00
2010.07.30 16:32:13.867,1.80125,1.80195,1.00,2.00
2010.07.30 16:32:15.475,1.80125,1.80205,2.80,2.00
2010.07.30 16:32:16.126,1.8013,1.8021,2.40,2.00
2010.07.30 16:32:16.396,1.8013,1.80195,2.40,1.30
2010.07.30 16:32:17.437,1.80125,1.80195,1.00,2.00
2010.07.30 16:32:17.936,1.8012,1.8019,1.60,2.00
2010.07.30 16:32:18.114,1.80115,1.8019,2.40,2.00
2010.07.30 16:32:19.458,1.8011,1.8019,4.80,2.00
2010.07.30 16:32:22.270,1.80115,1.8019,2.80,1.30
2010.07.30 16:32:22.479,1.80115,1.80195,5.20,2.00
2010.07.30 16:32:24.811,1.80115,1.80185,5.20,1.30
2010.07.30 16:32:25.159,1.8011,1.80185,1.60,2.00
2010.07.30 16:32:25.859,1.80105,1.80185,2.80,2.00
2010.07.30 16:32:30.218,1.80105,1.80185,1.00,2.00
2010.07.30 16:32:30.530,1.8011,1.80175,1.00,1.00
2010.07.30 16:32:31.156,1.8011,1.8017,1.00,1.30
2010.07.30 16:32:32.453,1.8011,1.80155,1.00,1.30
2010.07.30 16:32:33.262,1.8011,1.80165,1.00,1.30
2010.07.30 16:32:33.417,1.8011,1.80155,1.00,1.30
2010.07.30 16:32:35.387,1.8008,1.80155,1.00,2.00
2010.07.30 16:32:36.884,1.8008,1.8015,1.00,1.30
2010.07.30 16:32:37.218,1.8008,1.8015,2.80,1.30
2010.07.30 16:32:37.335,1.8008,1.8016,5.20,2.00
2010.07.30 16:32:40.565,1.8008,1.8016,6.00,2.00
2010.07.30 16:32:40.585,1.80085,1.8016,1.00,2.00
2010.07.30 16:32:40.875,1.8009,1.80165,5.20,2.00
2010.07.30 16:32:44.476,1.8009,1.80165,5.20,1.00
2010.07.30 16:32:44.713,1.8013,1.802,2.40,1.00
2010.07.30 16:32:51.515,1.80125,1.802,2.80,1.00
2010.07.30 16:32:51.604,1.80125,1.8019,2.80,2.00
2010.07.30 16:32:52.268,1.80125,1.8019,1.00,2.00
2010.07.30 16:32:52.800,1.80135,1.8019,1.00,1.30
2010.07.30 16:32:53.070,1.80135,1.802,1.00,1.00
2010.07.30 16:32:56.326,1.80145,1.80205,1.00,1.30
2010.07.30 16:32:56.471,1.80145,1.80215,2.80,2.00
2010.07.30 16:32:56.936,1.8015,1.80215,2.10,1.00
2010.07.30 16:32:57.861,1.80155,1.8023,4.80,2.00
2010.07.30 16:32:59.743,1.80155,1.8022,2.40,1.00
2010.07.30 16:32:59.968,1.8015,1.8022,2.40,1.00
2010.07.30 16:33:02.246,1.8016,1.8022,1.00,1.00
2010.07.30 16:33:02.895,1.8016,1.8022,2.80,1.00
2010.07.30 16:33:03.050,1.8017,1.80235,1.00,2.00
2010.07.30 16:33:03.323,1.8017,1.80235,1.00,1.00
2010.07.30 16:33:03.590,1.8017,1.8024,2.80,2.00
2010.07.30 16:33:04.470,1.80175,1.8024,1.00,2.00
2010.07.30 16:33:06.634,1.8017,1.8024,2.80,2.00
2010.07.30 16:33:14.076,1.80175,1.8024,1.00,2.00
2010.07.30 16:33:15.545,1.8017,1.80225,2.40,1.00
2010.07.30 16:33:16.549,1.8016,1.80225,1.00,1.00
2010.07.30 16:33:25.963,1.80155,1.80225,4.40,1.00
2010.07.30 16:33:26.085,1.80155,1.80225,2.80,1.00
2010.07.30 16:33:27.320,1.80155,1.80225,2.80,2.00
2010.07.30 16:33:27.426,1.80155,1.80225,1.00,2.00
2010.07.30 16:33:28.109,1.80155,1.8022,1.00,1.00
2010.07.30 16:33:28.787,1.80155,1.80215,1.00,2.00
2010.07.30 16:33:29.513,1.80145,1.80215,1.00,2.00
2010.07.30 16:33:32.170,1.80145,1.80215,1.20,2.00
2010.07.30 16:33:33.024,1.80145,1.80215,1.20,1.00
2010.07.30 16:33:33.281,1.80155,1.8022,1.00,2.00
2010.07.30 16:33:43.525,1.80145,1.8022,4.80,2.00
2010.07.30 16:33:45.525,1.80145,1.8021,4.80,1.00
2010.07.30 16:33:46.347,1.8014,1.8021,2.80,1.00
2010.07.30 16:33:49.222,1.8014,1.8021,1.00,1.00
2010.07.30 16:33:49.407,1.80135,1.80205,4.80,1.00
2010.07.30 16:33:51.377,1.80135,1.8021,4.80,1.00
2010.07.30 16:33:52.066,1.80135,1.8021,5.20,1.00
2010.07.30 16:33:52.180,1.8014,1.8021,2.40,1.00
2010.07.30 16:33:53.838,1.8015,1.8022,1.00,1.00
2010.07.30 16:33:54.178,1.80155,1.80225,2.40,2.00
2010.07.30 16:34:02.991,1.80155,1.8022,2.40,2.00
2010.07.30 16:34:03.159,1.8015,1.8022,1.00,2.00
2010.07.30 16:34:04.422,1.80155,1.80225,1.00,2.00
2010.07.30 16:34:04.590,1.80155,1.80225,2.80,2.00
2010.07.30 16:34:08.278,1.80155,1.8022,2.80,1.30
2010.07.30 16:34:08.480,1.8014,1.8022,2.80,2.00
2010.07.30 16:34:08.686,1.80145,1.8022,4.80,2.00
2010.07.30 16:34:19.623,1.80145,1.8022,5.20,2.00
2010.07.30 16:34:21.302,1.80145,1.80215,2.80,1.30
2010.07.30 16:34:21.487,1.80145,1.80215,1.00,1.30
2010.07.30 16:34:21.675,1.80145,1.8021,1.00,1.00
2010.07.30 16:34:23.457,1.80145,1.8022,5.20,2.00
2010.07.30 16:34:25.528,1.80145,1.80195,2.80,1.30
2010.07.30 16:34:25.666,1.80145,1.80195,2.40,2.00
2010.07.30 16:34:25.806,1.8014,1.80195,1.60,2.00
2010.07.30 16:34:25.945,1.8013,1.80195,1.00,2.00
2010.07.30 16:34:26.962,1.8014,1.8022,4.80,2.00
2010.07.30 16:34:27.175,1.8014,1.8022,2.40,2.00
2010.07.30 16:34:27.396,1.80145,1.8022,2.40,2.00
2010.07.30 16:34:27.615,1.80145,1.8022,4.80,2.00
2010.07.30 16:34:28.598,1.80145,1.8022,4.80,1.00
2010.07.30 16:34:29.509,1.8014,1.8021,2.40,1.00
2010.07.30 16:34:40.805,1.8014,1.80215,4.80,2.00
2010.07.30 16:34:41.147,1.80135,1.802,4.00,2.00
2010.07.30 16:34:41.791,1.80135,1.802,1.60,2.00
2010.07.30 16:34:42.136,1.8013,1.802,2.40,2.00
2010.07.30 16:34:50.925,1.8013,1.802,2.40,1.30
2010.07.30 16:34:51.095,1.8013,1.80215,4.80,2.00
2010.07.30 16:34:51.874,1.8013,1.802,2.40,2.00
2010.07.30 16:34:53.186,1.80135,1.802,1.00,1.30
2010.07.30 16:34:54.148,1.8014,1.80215,4.80,2.00
2010.07.30 16:35:00.125,1.8014,1.80205,4.80,1.00
2010.07.30 16:35:00.205,1.8014,1.80205,2.40,1.00
2010.07.30 16:35:00.286,1.80135,1.80205,2.80,2.00
2010.07.30 16:35:00.367,1.80135,1.80175,2.40,1.00
2010.07.30 16:35:01.338,1.80065,1.8014,4.80,1.00
2010.07.30 16:35:02.734,1.80065,1.8014,4.80,1.00
2010.07.30 16:35:03.901,1.80065,1.8014,4.80,1.00
2010.07.30 16:35:07.116,1.80065,1.8014,4.80,1.00
2010.07.30 16:35:12.267,1.80065,1.8013,2.40,1.00
2010.07.30 16:35:12.405,1.80055,1.8013,2.40,2.00
2010.07.30 16:35:17.117,1.80055,1.8013,4.80,2.00
2010.07.30 16:35:19.888,1.8007,1.80145,2.40,1.00
2010.07.30 16:35:20.852,1.80065,1.8015,2.40,1.00
2010.07.30 16:35:21.198,1.8007,1.8015,4.80,1.00
2010.07.30 16:35:26.588,1.80075,1.8015,4.80,1.00
2010.07.30 16:35:32.507,1.80075,1.8015,2.40,1.00
2010.07.30 16:35:32.545,1.8007,1.8015,2.40,1.00
2010.07.30 16:35:32.635,1.8007,1.80145,2.40,2.00
2010.07.30 16:35:34.694,1.8007,1.80145,2.40,1.30
2010.07.30 16:35:34.817,1.8007,1.80145,2.40,2.00
2010.07.30 16:35:38.355,1.8007,1.80135,2.40,1.00
2010.07.30 16:35:38.652,1.80065,1.80135,2.40,1.00
2010.07.30 16:35:39.716,1.8007,1.8014,2.40,1.00
2010.07.30 16:35:46.371,1.8007,1.80145,2.40,2.00
2010.07.30 16:36:18.226,1.8008,1.80155,5.20,1.70
2010.07.30 16:36:18.925,1.8008,1.80145,4.80,1.00
2010.07.30 16:36:19.057,1.8007,1.80145,2.40,1.00
2010.07.30 16:36:19.185,1.8007,1.80145,2.40,2.00
2010.07.30 16:36:33.895,1.8007,1.80145,2.40,1.30
2010.07.30 16:36:34.812,1.80055,1.80125,2.40,1.00
2010.07.30 16:36:36.938,1.80065,1.8014,4.80,1.00
2010.07.30 16:36:37.819,1.8007,1.8014,2.40,1.00
2010.07.30 16:36:42.954,1.8007,1.80145,2.40,2.00
2010.07.30 16:36:43.841,1.8007,1.8014,2.40,1.00
2010.07.30 16:36:49.208,1.8007,1.8014,2.80,1.00
2010.07.30 16:36:49.840,1.80075,1.8014,2.40,1.00
2010.07.30 16:36:50.132,1.8008,1.80155,2.40,1.00
2010.07.30 16:36:50.306,1.8008,1.8016,2.40,2.00
2010.07.30 16:36:54.328,1.8008,1.8016,2.40,1.30
2010.07.30 16:36:54.609,1.80085,1.80165,4.80,2.00
2010.07.30 16:36:55.639,1.80075,1.8015,1.00,1.00
2010.07.30 16:36:56.986,1.80075,1.80155,1.00,2.00
2010.07.30 16:37:20.476,1.8009,1.80155,1.00,1.30
2010.07.30 16:37:20.637,1.8009,1.80165,1.00,2.00
2010.07.30 16:37:20.716,1.8009,1.80165,1.00,1.00
2010.07.30 16:37:21.408,1.80095,1.80165,4.80,2.00
2010.07.30 16:37:21.663,1.80085,1.80165,5.20,2.00
2010.07.30 16:37:25.837,1.80085,1.8016,2.40,1.00
2010.07.30 16:37:26.100,1.8008,1.8016,2.40,2.00
2010.07.30 16:37:31.340,1.8008,1.8016,2.40,1.00
2010.07.30 16:37:31.447,1.8008,1.8016,2.40,2.20
2010.07.30 16:37:32.100,1.8008,1.80145,2.40,1.00
2010.07.30 16:37:32.323,1.8007,1.80145,4.80,1.00
2010.07.30 16:37:32.537,1.8007,1.80155,4.80,2.00
2010.07.30 16:37:34.136,1.80075,1.80155,1.00,1.30
2010.07.30 16:37:34.448,1.80075,1.8016,2.00,4.80
2010.07.30 16:37:35.136,1.8008,1.8016,2.40,2.40
2010.07.30 16:37:35.438,1.8008,1.80165,4.80,2.00
2010.07.30 16:37:37.466,1.8008,1.80155,4.80,1.00
2010.07.30 16:37:37.737,1.8007,1.80155,4.00,2.00
2010.07.30 16:37:38.587,1.8007,1.8015,2.40,1.00
2010.07.30 16:37:45.999,1.8007,1.8014,2.40,1.30
2010.07.30 16:37:46.180,1.8006,1.8014,1.00,1.30
2010.07.30 16:37:46.356,1.80055,1.8014,2.40,2.00
2010.07.30 16:37:52.453,1.8006,1.8014,1.00,1.30
2010.07.30 16:37:52.584,1.80055,1.8014,2.40,2.00
2010.07.30 16:37:55.399,1.80055,1.8014,2.80,2.00
2010.07.30 16:37:58.161,1.80055,1.8014,3.00,1.30
2010.07.30 16:37:58.279,1.80065,1.80145,1.00,2.40
2010.07.30 16:37:59.010,1.80075,1.8016,2.40,1.00
2010.07.30 16:37:59.467,1.8008,1.8017,4.80,2.00
2010.07.30 16:38:01.497,1.8008,1.8016,4.80,1.00
2010.07.30 16:38:01.739,1.80075,1.8016,3.70,1.00
2010.07.30 16:38:01.976,1.80075,1.8016,2.40,1.00
2010.07.30 16:38:09.106,1.8007,1.8016,1.00,1.00
2010.07.30 16:38:09.265,1.8007,1.8016,2.80,1.00
2010.07.30 16:38:11.785,1.8007,1.80155,1.00,2.40
2010.07.30 16:38:11.915,1.8007,1.80155,1.00,4.40
2010.07.30 16:38:13.267,1.8007,1.80155,2.80,2.00
2010.07.30 16:38:13.385,1.8007,1.8016,2.80,1.00
2010.07.30 16:38:15.237,1.80075,1.8016,2.40,1.00
2010.07.30 16:38:25.359,1.80075,1.8016,4.80,1.00
2010.07.30 16:38:25.536,1.80075,1.80165,5.40,1.30
2010.07.30 16:38:25.615,1.80075,1.80165,3.00,3.70
2010.07.30 16:38:25.774,1.8008,1.80165,2.40,3.70
2010.07.30 16:38:26.428,1.8008,1.8017,4.80,2.00
2010.07.30 16:38:26.729,1.80075,1.8017,6.80,6.80
2010.07.30 16:38:28.822,1.80075,1.8017,4.40,4.40
2010.07.30 16:38:29.035,1.80075,1.8017,6.80,6.80
2010.07.30 16:38:29.245,1.80075,1.8016,6.10,1.00
2010.07.30 16:38:30.061,1.80075,1.8016,2.40,1.00
2010.07.30 16:38:30.260,1.8007,1.8016,4.40,1.00
2010.07.30 16:38:34.815,1.8007,1.8016,6.80,1.00
2010.07.30 16:38:35.657,1.80075,1.8016,2.40,1.00
2010.07.30 16:38:37.596,1.8008,1.8016,4.80,1.00
2010.07.30 16:38:38.344,1.8008,1.8016,2.40,1.00
2010.07.30 16:38:38.520,1.80075,1.8016,4.80,1.00
2010.07.30 16:38:39.141,1.80075,1.80155,4.80,1.00
2010.07.30 16:38:40.131,1.8005,1.8011,1.00,1.70
2010.07.30 16:38:40.418,1.8003,1.801,2.40,1.00
2010.07.30 16:38:41.420,1.80025,1.801,4.80,1.00
2010.07.30 16:38:43.775,1.80025,1.801,6.10,1.00
2010.07.30 16:38:43.915,1.80025,1.801,6.80,1.00
2010.07.30 16:38:44.056,1.80035,1.801,2.40,1.00
2010.07.30 16:38:49.029,1.80035,1.80115,2.40,1.00
2010.07.30 16:38:57.346,1.80035,1.80115,4.80,1.00
2010.07.30 16:39:05.926,1.80035,1.80115,2.40,1.00
2010.07.30 16:39:06.705,1.8004,1.8012,1.00,1.30
2010.07.30 16:39:06.950,1.8004,1.80125,5.20,2.00
2010.07.30 16:39:22.975,1.80055,1.80125,2.40,2.00
2010.07.30 16:39:23.036,1.80055,1.80135,2.40,1.00
2010.07.30 16:39:25.586,1.8007,1.8015,1.00,2.00
2010.07.30 16:39:25.895,1.80065,1.8014,2.80,1.00
2010.07.30 16:39:26.783,1.80065,1.8014,1.00,1.00
2010.07.30 16:39:28.430,1.8006,1.8014,4.80,1.00
2010.07.30 16:39:28.623,1.80035,1.801,1.00,1.70
2010.07.30 16:39:30.629,1.8004,1.801,1.00,1.70
2010.07.30 16:39:30.897,1.8004,1.80095,1.00,1.00
2010.07.30 16:39:31.790,1.80035,1.80095,1.00,1.00
2010.07.30 16:39:34.620,1.8003,1.80095,2.40,1.00
2010.07.30 16:39:35.197,1.8002,1.80095,4.80,1.00
2010.07.30 16:39:43.908,1.8002,1.80095,5.40,1.00
2010.07.30 16:39:44.079,1.8003,1.80095,2.40,1.00
2010.07.30 16:39:45.357,1.8004,1.80095,4.80,1.00
2010.07.30 16:39:46.067,1.8004,1.8011,4.80,1.00
2010.07.30 16:39:46.219,1.80035,1.80115,4.80,1.00
2010.07.30 16:39:50.117,1.8003,1.8011,2.40,1.00
2010.07.30 16:39:51.532,1.8002,1.80105,4.80,1.00
2010.07.30 16:39:53.555,1.8002,1.80095,4.80,1.00
2010.07.30 16:39:54.370,1.80015,1.80095,2.40,1.00
2010.07.30 16:39:56.009,1.8001,1.8008,4.80,1.00
2010.07.30 16:39:56.207,1.80005,1.8008,2.40,1.00
2010.07.30 16:39:57.771,1.8,1.80055,4.80,1.00
2010.07.30 16:39:58.017,1.8,1.80055,2.40,1.00
2010.07.30 16:39:58.704,1.7999,1.80055,2.40,1.00
2010.07.30 16:39:58.793,1.79985,1.80055,4.80,1.00
2010.07.30 16:39:59.487,1.79985,1.80035,2.40,1.00
2010.07.30 16:40:00.117,1.79985,1.80045,2.40,1.00
2010.07.30 16:40:00.466,1.7998,1.8005,2.40,1.00
2010.07.30 16:40:01.280,1.79965,1.80045,1.30,1.20
2010.07.30 16:40:01.617,1.7997,1.80045,2.40,1.00
2010.07.30 16:40:02.680,1.7997,1.8003,2.40,1.00
2010.07.30 16:40:02.891,1.7995,1.8002,1.00,1.00
2010.07.30 16:40:03.774,1.7996,1.80025,2.40,1.00
2010.07.30 16:40:04.018,1.79955,1.80015,2.40,1.00
2010.07.30 16:40:04.267,1.79945,1.80015,2.40,1.00
2010.07.30 16:40:05.180,1.79945,1.80025,1.60,1.30
2010.07.30 16:40:05.476,1.79945,1.8003,4.00,2.00
2010.07.30 16:40:07.041,1.79945,1.8003,2.40,2.00
2010.07.30 16:40:10.508,1.7996,1.8003,1.00,1.30
2010.07.30 16:40:10.710,1.7996,1.8004,2.80,1.00
2010.07.30 16:40:11.433,1.7996,1.80045,2.80,1.30
2010.07.30 16:40:11.621,1.7995,1.80035,4.80,1.00
2010.07.30 16:40:12.947,1.7995,1.80035,2.40,1.00
2010.07.30 16:40:13.257,1.7995,1.80035,4.80,1.00
2010.07.30 16:40:14.056,1.7995,1.8003,4.80,1.00
2010.07.30 16:40:14.541,1.7996,1.8004,2.40,1.00
2010.07.30 16:40:17.218,1.79975,1.80045,2.40,1.30
2010.07.30 16:40:17.465,1.79975,1.80055,2.40,1.00
2010.07.30 16:40:18.362,1.7998,1.80055,4.80,1.00
2010.07.30 16:40:21.289,1.79975,1.80055,2.40,1.00
2010.07.30 16:40:22.416,1.79975,1.8005,2.40,1.00
2010.07.30 16:40:23.879,1.7998,1.8006,1.00,1.30
2010.07.30 16:40:24.819,1.79985,1.80065,2.40,2.80
2010.07.30 16:40:25.003,1.8,1.8008,4.80,1.00
2010.07.30 16:40:27.020,1.79995,1.8008,2.40,2.00
2010.07.30 16:40:27.136,1.79995,1.8008,2.40,1.70
2010.07.30 16:40:27.256,1.79995,1.8008,3.70,1.00
2010.07.30 16:40:28.050,1.8,1.8008,2.40,1.00
2010.07.30 16:40:28.367,1.79995,1.8008,4.80,2.00
2010.07.30 16:40:29.765,1.79995,1.8008,2.40,2.00
2010.07.30 16:40:29.970,1.79995,1.8007,2.40,1.30
2010.07.30 16:40:30.370,1.79995,1.8007,2.40,1.70
2010.07.30 16:40:31.415,1.79985,1.8007,4.80,1.70
2010.07.30 16:40:33.388,1.79985,1.8007,5.20,2.00
2010.07.30 16:40:33.528,1.7999,1.8007,1.00,2.00
2010.07.30 16:40:39.938,1.7999,1.80065,1.00,1.00
2010.07.30 16:40:41.206,1.7998,1.8006,1.60,1.00
2010.07.30 16:40:41.376,1.79975,1.8006,6.00,1.00
2010.07.30 16:40:42.126,1.79975,1.8005,6.00,1.00
2010.07.30 16:40:42.346,1.79975,1.8005,3.60,1.00
2010.07.30 16:40:45.487,1.79975,1.8005,2.80,1.00
2010.07.30 16:40:53.177,1.79975,1.8005,2.40,1.00
2010.07.30 16:41:03.675,1.79975,1.8005,2.40,2.00
2010.07.30 16:41:04.965,1.79975,1.8005,2.80,2.00
2010.07.30 16:41:08.008,1.79975,1.8005,5.20,1.30
2010.07.30 16:41:08.188,1.79985,1.8006,2.40,1.30
2010.07.30 16:41:08.990,1.79985,1.80055,2.40,1.00
2010.07.30 16:41:10.067,1.79985,1.80065,4.80,2.00
2010.07.30 16:41:16.990,1.79985,1.8006,2.40,2.00
2010.07.30 16:41:20.127,1.79985,1.8006,2.40,1.30
2010.07.30 16:41:20.318,1.79985,1.8006,2.40,2.00
2010.07.30 16:41:21.131,1.7998,1.8005,2.40,1.00
2010.07.30 16:41:21.312,1.79965,1.80045,4.80,1.00
2010.07.30 16:41:26.406,1.79965,1.8004,4.80,1.00
2010.07.30 16:41:27.107,1.79965,1.8004,2.40,2.00
2010.07.30 16:41:27.340,1.7996,1.8004,2.40,2.00
2010.07.30 16:41:27.704,1.7996,1.8004,2.40,1.00
2010.07.30 16:41:27.942,1.7996,1.80045,3.00,1.00
2010.07.30 16:41:28.807,1.79965,1.80045,4.80,1.00
2010.07.30 16:41:33.217,1.79975,1.80045,2.40,1.00
2010.07.30 16:41:33.337,1.79965,1.80045,4.80,1.00
2010.07.30 16:41:34.437,1.79975,1.8005,2.40,1.00
2010.07.30 16:41:39.698,1.79975,1.80045,2.40,1.00
2010.07.30 16:41:39.827,1.79965,1.80045,4.80,1.00
2010.07.30 16:41:40.115,1.79965,1.80045,5.60,1.00
2010.07.30 16:41:40.859,1.7998,1.80055,2.40,1.00
2010.07.30 16:41:41.305,1.7998,1.8005,2.40,1.30
2010.07.30 16:41:42.292,1.79965,1.80045,4.80,1.00
2010.07.30 16:41:48.738,1.7997,1.80055,2.00,1.00
2010.07.30 16:41:49.505,1.79975,1.8005,2.40,1.00
2010.07.30 16:41:49.606,1.7997,1.8005,5.60,2.00
2010.07.30 16:41:51.459,1.7998,1.8005,1.00,1.30
2010.07.30 16:41:51.651,1.79985,1.80055,2.40,1.00
2010.07.30 16:41:51.848,1.79985,1.80055,4.80,1.00
2010.07.30 16:41:52.486,1.79985,1.80055,2.40,1.00
2010.07.30 16:41:52.708,1.7998,1.80055,2.40,1.00
2010.07.30 16:41:54.644,1.7998,1.8005,2.40,2.00
2010.07.30 16:41:54.789,1.79975,1.8005,2.00,2.00
2010.07.30 16:42:02.195,1.7998,1.8005,2.40,2.00
2010.07.30 16:42:02.540,1.7998,1.80055,2.40,1.00
2010.07.30 16:42:03.759,1.7997,1.8005,5.60,2.00
2010.07.30 16:42:04.716,1.7997,1.8005,4.80,2.00
2010.07.30 16:42:16.691,1.79965,1.80035,1.00,1.00
2010.07.30 16:42:28.214,1.7996,1.80035,5.20,1.00
2010.07.30 16:42:33.722,1.7996,1.80035,2.80,1.00
2010.07.30 16:42:35.036,1.7996,1.80035,1.00,1.00
2010.07.30 16:42:35.837,1.79955,1.8001,1.60,1.00
2010.07.30 16:42:36.001,1.7998,1.80045,2.40,2.80
2010.07.30 16:42:36.257,1.7998,1.8005,4.80,1.30
2010.07.30 16:42:36.516,1.7997,1.80045,2.40,1.00
2010.07.30 16:42:39.114,1.79965,1.80045,4.80,1.00
2010.07.30 16:42:39.204,1.7997,1.80045,2.40,1.00
2010.07.30 16:42:55.666,1.7997,1.80055,2.40,2.00
2010.07.30 16:42:55.827,1.79975,1.80055,1.00,1.30
2010.07.30 16:42:55.908,1.7998,1.8006,4.80,2.00
2010.07.30 16:42:58.378,1.79975,1.8005,1.00,1.30
2010.07.30 16:42:58.555,1.7997,1.8005,1.00,2.00
2010.07.30 16:42:59.277,1.79965,1.8005,4.80,2.00
2010.07.30 16:43:20.197,1.79965,1.8005,5.60,2.00
2010.07.30 16:43:20.396,1.79975,1.8006,1.30,4.80
2010.07.30 16:43:20.599,1.7998,1.80065,4.80,2.00
2010.07.30 16:43:21.498,1.79965,1.8005,4.80,2.00
2010.07.30 16:43:24.076,1.79965,1.80055,6.80,1.30
2010.07.30 16:43:24.266,1.79975,1.80055,2.40,1.30
2010.07.30 16:43:25.547,1.79965,1.8005,6.10,1.00
2010.07.30 16:43:25.736,1.79965,1.8005,4.80,2.00
2010.07.30 16:43:28.805,1.79965,1.8005,5.40,1.30
2010.07.30 16:43:29.436,1.79975,1.8005,2.40,1.30
2010.07.30 16:43:29.652,1.79975,1.8006,2.40,2.00
2010.07.30 16:43:30.076,1.7998,1.8006,2.40,1.00
2010.07.30 16:43:30.906,1.7998,1.80065,4.80,2.00
2010.07.30 16:43:43.368,1.7998,1.8006,2.40,2.00
2010.07.30 16:43:43.466,1.79975,1.8006,2.40,2.00
2010.07.30 16:43:53.567,1.79975,1.8006,2.40,1.30
2010.07.30 16:43:54.368,1.7998,1.8006,4.80,2.00
2010.07.30 16:43:54.496,1.79975,1.8006,2.40,2.00
2010.07.30 16:44:00.784,1.79975,1.80045,2.40,1.30
2010.07.30 16:44:01.005,1.7997,1.8005,4.00,1.30
2010.07.30 16:44:01.117,1.7997,1.8006,1.30,6.80
2010.07.30 16:44:01.225,1.79965,1.8005,6.80,1.30
2010.07.30 16:44:01.336,1.79965,1.8005,6.10,1.30
2010.07.30 16:44:02.227,1.79975,1.8006,2.40,2.00
2010.07.30 16:44:04.478,1.7996,1.8004,5.20,1.30
2010.07.30 16:44:05.985,1.7996,1.80035,5.20,1.30
2010.07.30 16:44:06.247,1.7996,1.80045,5.40,1.30
2010.07.30 16:44:07.139,1.79965,1.8005,5.20,2.00
2010.07.30 16:44:07.525,1.79965,1.8005,5.40,1.30
2010.07.30 16:44:07.677,1.79975,1.8006,2.40,2.00
2010.07.30 16:44:09.756,1.79975,1.8005,2.40,1.00
2010.07.30 16:44:09.837,1.79975,1.8005,2.40,2.00
2010.07.30 16:44:09.915,1.7997,1.8005,2.40,2.00
2010.07.30 16:44:09.985,1.79965,1.8005,5.20,2.00
2010.07.30 16:44:10.886,1.79965,1.80045,5.20,1.00
2010.07.30 16:44:11.177,1.79965,1.80045,1.00,2.00
2010.07.30 16:44:12.063,1.79965,1.80045,1.00,1.00
2010.07.30 16:44:12.230,1.79965,1.8005,1.00,2.00
2010.07.30 16:44:13.160,1.79965,1.8005,2.80,2.00
2010.07.30 16:44:13.316,1.79965,1.8005,5.20,2.00
2010.07.30 16:44:14.287,1.79965,1.80035,4.80,1.00
2010.07.30 16:44:14.601,1.7996,1.80045,4.80,2.00
2010.07.30 16:44:21.959,1.79965,1.8005,4.80,2.00
2010.07.30 16:44:22.718,1.79965,1.8005,2.40,2.00
2010.07.30 16:44:26.720,1.7996,1.8005,6.80,4.40
2010.07.30 16:44:26.889,1.7996,1.80045,4.80,2.00
2010.07.30 16:44:28.819,1.7996,1.80045,6.10,1.00
2010.07.30 16:44:28.967,1.79965,1.8005,2.40,2.00
2010.07.30 16:44:29.416,1.79965,1.80045,2.40,1.00
2010.07.30 16:44:29.566,1.79965,1.80045,2.40,2.00
2010.07.30 16:44:30.337,1.7996,1.80045,4.80,2.00
2010.07.30 16:44:30.755,1.7996,1.80045,2.40,2.00
2010.07.30 16:44:31.056,1.79955,1.80045,4.80,2.00
2010.07.30 16:44:31.685,1.79955,1.80035,4.80,2.00
2010.07.30 16:44:32.434,1.79955,1.80035,2.40,2.00
2010.07.30 16:44:32.657,1.7995,1.80035,4.80,2.00
2010.07.30 16:44:33.858,1.7994,1.8002,2.40,1.30
2010.07.30 16:44:34.406,1.7994,1.8003,3.70,4.40
2010.07.30 16:44:35.203,1.79945,1.8003,4.80,2.00
2010.07.30 16:44:35.482,1.7993,1.80015,4.80,2.00
2010.07.30 16:44:37.130,1.79945,1.80025,1.00,4.80
2010.07.30 16:44:37.469,1.7995,1.80035,4.80,2.00
2010.07.30 16:44:38.504,1.79955,1.80045,4.80,2.00
2010.07.30 16:44:41.316,1.79955,1.80035,4.80,1.00
2010.07.30 16:44:41.366,1.79955,1.8002,4.80,1.30
2010.07.30 16:44:42.152,1.79925,1.8001,1.00,4.40
2010.07.30 16:44:43.449,1.79925,1.8001,1.60,4.40
2010.07.30 16:44:43.600,1.7993,1.80015,5.40,1.30
2010.07.30 16:44:43.748,1.79935,1.80015,4.80,1.30
2010.07.30 16:44:43.896,1.79935,1.8002,6.10,1.30
2010.07.30 16:44:50.767,1.79935,1.8001,4.80,2.00
2010.07.30 16:44:50.887,1.79925,1.8001,2.40,2.00
2010.07.30 16:44:58.397,1.79925,1.79995,2.40,2.00
2010.07.30 16:44:59.295,1.7991,1.79995,5.60,2.00
2010.07.30 16:45:01.449,1.79925,1.80005,2.40,1.30
2010.07.30 16:45:01.650,1.79925,1.80005,2.40,2.00
2010.07.30 16:45:01.847,1.7992,1.80005,2.40,2.00
2010.07.30 16:45:02.926,1.79915,1.79995,2.00,2.00
2010.07.30 16:45:04.419,1.79915,1.79995,2.00,1.30
2010.07.30 16:45:04.639,1.79925,1.80005,2.40,4.40
2010.07.30 16:45:05.481,1.7992,1.80005,2.40,2.00
2010.07.30 16:45:05.749,1.7992,1.8001,3.70,4.40
2010.07.30 16:45:06.020,1.79925,1.8001,2.40,2.00
2010.07.30 16:45:06.287,1.79925,1.79995,2.40,1.00
2010.07.30 16:45:06.559,1.7992,1.79995,2.40,2.00
2010.07.30 16:45:06.877,1.7991,1.79995,4.80,2.00
2010.07.30 16:45:12.556,1.7991,1.79995,5.60,2.00
2010.07.30 16:45:12.646,1.79915,1.79995,1.20,2.00
2010.07.30 16:45:12.735,1.7992,1.80005,1.30,4.80
2010.07.30 16:45:13.757,1.79925,1.8001,2.40,2.00
2010.07.30 16:45:15.762,1.79925,1.79995,2.40,1.30
2010.07.30 16:45:15.821,1.79915,1.79995,1.00,2.00
2010.07.30 16:45:16.107,1.79915,1.79995,1.00,1.30
2010.07.30 16:45:16.156,1.7991,1.79995,5.40,1.30
2010.07.30 16:45:16.209,1.7991,1.80005,6.80,6.80
2010.07.30 16:45:16.257,1.7992,1.80005,2.40,2.00
2010.07.30 16:45:17.231,1.79925,1.8001,2.40,2.00
2010.07.30 16:45:18.831,1.7991,1.79995,4.80,2.00
2010.07.30 16:45:19.146,1.7991,1.79995,2.40,2.00
2010.07.30 16:45:30.946,1.7991,1.79995,2.80,2.00
2010.07.30 16:45:36.812,1.7991,1.79995,2.80,1.30
2010.07.30 16:45:36.878,1.7991,1.79995,4.10,1.30
2010.07.30 16:45:39.408,1.7992,1.79995,1.00,1.30
2010.07.30 16:45:39.550,1.79925,1.79995,2.40,1.30
2010.07.30 16:45:39.689,1.79925,1.8001,2.40,1.30
2010.07.30 16:45:40.730,1.79915,1.80005,6.10,2.00
2010.07.30 16:45:41.028,1.79915,1.80005,6.50,2.00
2010.07.30 16:45:44.522,1.79915,1.8,6.50,1.00
2010.07.30 16:45:45.360,1.79915,1.79995,1.00,1.30
2010.07.30 16:45:45.843,1.7991,1.79995,3.70,1.30
2010.07.30 16:45:49.650,1.7991,1.79995,4.10,1.30
2010.07.30 16:45:56.447,1.7992,1.79995,1.00,1.30
2010.07.30 16:45:57.120,1.7992,1.8,4.40,2.40
2010.07.30 16:45:57.201,1.7993,1.80015,4.80,1.00
2010.07.30 16:45:58.735,1.79925,1.8001,2.40,2.00
2010.07.30 16:46:10.709,1.7992,1.8,4.80,1.00
2010.07.30 16:46:13.136,1.7992,1.8,2.40,1.00
2010.07.30 16:46:13.227,1.79915,1.8,5.40,1.00
2010.07.30 16:46:22.066,1.79915,1.8,5.20,1.00
2010.07.30 16:46:22.166,1.79925,1.8,2.40,1.00
2010.07.30 16:46:22.939,1.79915,1.8,5.20,1.00
2010.07.30 16:46:23.086,1.7992,1.8,4.80,1.00
2010.07.30 16:46:25.770,1.7992,1.80005,5.40,1.30
2010.07.30 16:46:25.896,1.79925,1.80005,2.40,1.30
2010.07.30 16:46:25.951,1.79925,1.8001,2.40,2.00
2010.07.30 16:46:27.052,1.7992,1.79995,1.00,1.30
2010.07.30 16:46:27.335,1.79925,1.8001,2.40,2.00
2010.07.30 16:46:27.609,1.79925,1.79995,2.40,1.30
2010.07.30 16:46:28.530,1.7991,1.79995,6.50,1.30
2010.07.30 16:46:29.137,1.7991,1.79985,5.20,1.30
2010.07.30 16:46:30.037,1.7991,1.79985,1.00,2.00
2010.07.30 16:46:30.380,1.79905,1.7999,4.80,1.30
2010.07.30 16:46:31.621,1.7991,1.79995,1.30,1.30
2010.07.30 16:46:31.695,1.7991,1.79995,2.00,1.30
2010.07.30 16:46:31.796,1.79915,1.8,3.70,2.40
2010.07.30 16:46:31.896,1.7992,1.80005,2.40,2.00
2010.07.30 16:46:32.880,1.79905,1.7999,4.80,1.30
2010.07.30 16:46:33.557,1.79905,1.79985,4.80,2.00
2010.07.30 16:46:34.393,1.799,1.79985,6.10,1.00
2010.07.30 16:46:34.693,1.79905,1.7999,4.80,1.30
2010.07.30 16:46:35.158,1.79905,1.7999,2.40,1.30
2010.07.30 16:46:36.266,1.7991,1.79995,1.30,4.40
2010.07.30 16:46:36.436,1.79905,1.7999,2.40,1.30
2010.07.30 16:46:36.617,1.7991,1.79995,1.30,4.40
2010.07.30 16:46:36.787,1.7991,1.79995,3.70,4.40
2010.07.30 16:46:36.957,1.7991,1.79995,6.10,1.30
2010.07.30 16:46:37.129,1.7991,1.79995,1.30,3.70
2010.07.30 16:46:37.844,1.7991,1.79995,3.70,3.70
2010.07.30 16:46:38.145,1.799,1.79985,2.40,2.00
2010.07.30 16:46:38.320,1.79905,1.79985,1.00,1.30
2010.07.30 16:46:39.181,1.7991,1.79995,4.80,2.00
2010.07.30 16:46:39.516,1.7991,1.79995,5.20,2.00
2010.07.30 16:46:51.398,1.7991,1.7999,1.00,1.00
2010.07.30 16:46:51.535,1.7991,1.7999,1.00,2.00
2010.07.30 16:46:55.216,1.7991,1.7999,2.80,2.00
2010.07.30 16:46:55.556,1.7991,1.7999,1.00,2.00
2010.07.30 16:46:55.616,1.7991,1.7999,2.80,2.00
2010.07.30 16:46:55.676,1.7991,1.7999,4.80,2.00
2010.07.30 16:46:55.737,1.79905,1.7999,4.80,2.00
2010.07.30 16:46:57.977,1.799,1.7998,2.40,2.00
2010.07.30 16:46:59.490,1.7991,1.79995,5.20,2.00
2010.07.30 16:47:01.567,1.7991,1.7998,4.80,1.30
2010.07.30 16:47:01.767,1.79905,1.7999,4.80,2.00
2010.07.30 16:47:02.866,1.7991,1.7999,1.00,2.00
2010.07.30 16:47:03.090,1.7991,1.79995,5.20,2.00
2010.07.30 16:47:03.536,1.7991,1.7999,5.20,1.00
2010.07.30 16:47:03.847,1.7991,1.7998,1.00,1.30
2010.07.30 16:47:04.491,1.7991,1.7998,1.00,2.00
2010.07.30 16:47:04.800,1.7991,1.7999,1.00,2.40
2010.07.30 16:47:05.610,1.7991,1.79995,5.20,2.00
2010.07.30 16:47:13.395,1.79935,1.79995,1.00,2.00
2010.07.30 16:47:13.555,1.79935,1.7999,1.00,1.00
2010.07.30 16:47:14.719,1.79935,1.79995,1.00,2.00
2010.07.30 16:47:20.669,1.79925,1.79995,1.00,2.00
2010.07.30 16:47:39.657,1.7992,1.79995,1.00,2.00
2010.07.30 16:47:40.629,1.79905,1.7998,1.00,2.00
2010.07.30 16:47:59.425,1.79905,1.79985,1.00,2.00
2010.07.30 16:48:12.406,1.7992,1.79985,1.00,2.00
2010.07.30 16:48:12.507,1.79955,1.79985,2.40,1.30
2010.07.30 16:48:12.608,1.79955,1.80005,3.20,1.00
2010.07.30 16:48:12.807,1.79975,1.80025,1.70,1.00
2010.07.30 16:48:13.490,1.79975,1.80025,3.00,1.00
2010.07.30 16:48:13.724,1.79975,1.80055,1.00,6.80
2010.07.30 16:48:15.599,1.7996,1.8004,1.00,6.10
2010.07.30 16:48:15.745,1.7996,1.8004,1.00,6.80
2010.07.30 16:48:17.737,1.7996,1.8004,1.70,5.40
2010.07.30 16:48:17.858,1.79975,1.8005,1.00,4.40
2010.07.30 16:48:17.976,1.79985,1.8005,1.00,3.70
2010.07.30 16:48:18.096,1.79985,1.8005,1.00,2.40
2010.07.30 16:48:19.218,1.79985,1.8004,1.00,2.40
2010.07.30 16:48:19.475,1.79965,1.80035,1.00,1.30
2010.07.30 16:48:20.320,1.79965,1.80035,1.00,2.00
2010.07.30 16:48:20.637,1.79965,1.80035,1.00,4.40
2010.07.30 16:48:24.855,1.79965,1.8003,1.00,1.00
2010.07.30 16:48:26.700,1.79965,1.8004,1.00,1.00
2010.07.30 16:48:30.062,1.7996,1.8004,1.00,2.20
2010.07.30 16:48:30.135,1.7996,1.80035,1.00,1.30
2010.07.30 16:48:30.206,1.7996,1.80025,1.00,1.00
2010.07.30 16:48:30.276,1.7996,1.8002,1.00,1.30
2010.07.30 16:48:30.416,1.7995,1.8002,6.80,2.00
2010.07.30 16:48:30.486,1.7995,1.8002,6.80,1.00
2010.07.30 16:48:30.556,1.7995,1.8002,6.80,2.00
2010.07.30 16:48:30.629,1.7995,1.8002,1.60,1.30
2010.07.30 16:48:31.279,1.7995,1.8001,1.60,1.30
2010.07.30 16:48:31.619,1.7994,1.80005,1.00,1.00
2010.07.30 16:48:31.958,1.79925,1.80005,2.20,1.00
2010.07.30 16:48:32.296,1.79925,1.80005,1.00,1.00
2010.07.30 16:48:33.991,1.79935,1.8001,1.00,3.70
2010.07.30 16:48:34.142,1.79935,1.8002,1.00,4.40
2010.07.30 16:48:34.297,1.79935,1.8002,1.00,2.00
2010.07.30 16:48:34.926,1.7992,1.8001,2.00,6.80
2010.07.30 16:48:39.545,1.79935,1.8001,1.00,1.30
2010.07.30 16:48:39.630,1.79935,1.8002,1.00,2.00
2010.07.30 16:48:44.586,1.7994,1.8002,2.40,2.00
2010.07.30 16:48:45.351,1.7995,1.8003,1.00,1.00
2010.07.30 16:48:48.358,1.79955,1.8003,1.00,1.00
2010.07.30 16:48:48.591,1.7995,1.80035,2.00,3.00
2010.07.30 16:48:49.471,1.79935,1.8002,2.00,1.00
2010.07.30 16:48:55.586,1.7994,1.80025,1.00,6.10
2010.07.30 16:48:55.798,1.7995,1.80025,1.00,2.40
2010.07.30 16:48:56.514,1.79955,1.80025,1.00,1.30
2010.07.30 16:48:56.803,1.79955,1.80045,1.00,5.40
2010.07.30 16:48:58.854,1.79965,1.8005,1.00,4.40
2010.07.30 16:48:59.823,1.7996,1.80045,2.40,1.00
2010.07.30 16:49:00.117,1.79955,1.80045,1.00,5.40
2010.07.30 16:49:00.706,1.79965,1.80045,1.00,4.80
2010.07.30 16:49:01.629,1.79965,1.8005,1.00,4.40
2010.07.30 16:49:07.080,1.79965,1.80055,6.80,2.40
2010.07.30 16:49:11.226,1.79975,1.80055,1.00,2.40
2010.07.30 16:49:11.378,1.79975,1.8006,1.00,1.30
2010.07.30 16:49:12.149,1.7999,1.80055,2.00,2.40
2010.07.30 16:49:12.297,1.7999,1.8008,2.00,6.80
2010.07.30 16:49:16.508,1.79985,1.80065,4.80,1.00
2010.07.30 16:49:16.670,1.7998,1.80065,4.80,2.00
2010.07.30 16:49:17.056,1.79975,1.80065,6.80,4.40
2010.07.30 16:49:20.864,1.7999,1.8008,2.00,6.80
2010.07.30 16:49:24.615,1.80005,1.80085,1.00,2.40
2010.07.30 16:49:24.738,1.80005,1.8009,1.00,4.40
2010.07.30 16:49:25.839,1.79995,1.80085,4.40,5.40
2010.07.30 16:49:27.682,1.79995,1.80075,4.40,2.40
2010.07.30 16:49:27.992,1.79985,1.8007,3.00,1.00
2010.07.30 16:49:29.881,1.79995,1.80075,1.00,2.00
2010.07.30 16:49:30.028,1.79995,1.80075,1.00,1.00
2010.07.30 16:49:35.135,1.80005,1.8009,4.40,1.00
2010.07.30 16:49:36.370,1.8002,1.80095,1.00,3.70
2010.07.30 16:49:36.650,1.8003,1.80115,4.40,1.00
2010.07.30 16:49:37.837,1.8003,1.801,3.70,1.00
2010.07.30 16:49:38.080,1.8002,1.801,1.00,1.00
2010.07.30 16:50:00.484,1.8003,1.80115,1.00,6.80
2010.07.30 16:50:00.781,1.8004,1.8011,1.00,2.00
2010.07.30 16:50:02.081,1.80035,1.8011,1.30,1.30
2010.07.30 16:50:02.945,1.80035,1.80115,1.30,5.40
2010.07.30 16:50:03.293,1.80035,1.8012,1.30,6.80
2010.07.30 16:50:06.552,1.80055,1.80125,1.00,2.00
2010.07.30 16:50:09.950,1.8004,1.8011,1.00,2.00
2010.07.30 16:50:11.190,1.80035,1.80105,2.00,1.00
2010.07.30 16:50:31.840,1.8004,1.8011,1.00,2.00
2010.07.30 16:50:36.261,1.80035,1.80105,1.30,1.00
2010.07.30 16:50:36.438,1.80025,1.80095,4.40,1.00
2010.07.30 16:50:37.119,1.80025,1.80095,2.00,1.00
2010.07.30 16:50:37.381,1.80025,1.80095,1.00,2.00
2010.07.30 16:50:38.631,1.8003,1.80105,1.00,2.00
2010.07.30 16:50:41.670,1.8004,1.8011,1.00,2.00
2010.07.30 16:50:42.675,1.8004,1.80095,1.00,1.30
2010.07.30 16:50:43.014,1.80015,1.8009,1.00,1.00
2010.07.30 16:50:46.966,1.8001,1.8008,4.40,1.00
2010.07.30 16:50:47.108,1.8001,1.8008,2.00,1.00
2010.07.30 16:50:58.623,1.80015,1.80085,1.00,1.30
2010.07.30 16:50:58.707,1.80015,1.8009,1.00,1.00
2010.07.30 16:51:03.058,1.80015,1.8009,5.40,1.00
2010.07.30 16:51:03.190,1.80015,1.8009,1.00,1.00
2010.07.30 16:51:04.204,1.8001,1.8008,2.00,1.00
2010.07.30 16:51:22.177,1.80025,1.80085,1.00,1.30
2010.07.30 16:51:22.346,1.80025,1.80095,1.00,2.00
2010.07.30 16:51:30.489,1.8002,1.8009,1.30,1.00
2010.07.30 16:51:30.667,1.8001,1.8008,2.00,1.00
2010.07.30 16:51:31.478,1.80025,1.80095,1.00,6.80
2010.07.30 16:51:31.670,1.80015,1.8009,1.00,1.00
2010.07.30 16:51:39.417,1.8001,1.8008,4.40,1.00
2010.07.30 16:51:40.379,1.8001,1.8008,2.00,1.00
2010.07.30 16:51:41.586,1.8,1.80075,4.40,1.00
2010.07.30 16:51:41.783,1.8,1.80075,2.00,1.00
2010.07.30 16:51:44.827,1.8001,1.8008,1.00,2.00
2010.07.30 16:51:44.866,1.8001,1.8008,2.00,1.00
2010.07.30 16:51:56.360,1.80015,1.80085,1.00,1.30
2010.07.30 16:51:56.497,1.80015,1.8009,1.00,1.00
2010.07.30 16:51:56.638,1.80025,1.80095,1.00,2.00
2010.07.30 16:51:59.640,1.80005,1.8009,2.00,4.40
2010.07.30 16:52:00.568,1.80025,1.80095,1.00,2.00
2010.07.30 16:52:08.467,1.80025,1.801,2.00,2.00
2010.07.30 16:52:13.846,1.8003,1.801,1.30,1.00
2010.07.30 16:52:13.987,1.8003,1.80105,2.00,3.00
2010.07.30 16:52:14.056,1.8003,1.80105,2.00,1.00
2010.07.30 16:52:19.878,1.8004,1.80115,2.00,2.00
2010.07.30 16:52:26.375,1.8003,1.80105,2.00,1.00
2010.07.30 16:52:37.073,1.8003,1.801,2.00,1.00
2010.07.30 16:52:45.199,1.8004,1.801,1.30,1.00
2010.07.30 16:52:45.452,1.8004,1.801,2.00,1.00
2010.07.30 16:52:46.987,1.8005,1.80115,1.30,1.00
2010.07.30 16:52:47.207,1.8005,1.80115,2.00,1.00
2010.07.30 16:52:48.672,1.8005,1.80115,1.00,1.00
2010.07.30 16:52:48.809,1.80045,1.80115,1.00,1.00
2010.07.30 16:52:50.161,1.8004,1.80115,2.00,1.00
2010.07.30 16:52:50.350,1.8004,1.80115,1.00,2.40
2010.07.30 16:52:59.874,1.8004,1.80105,1.00,1.00
2010.07.30 16:53:09.899,1.80045,1.80105,1.30,1.00
2010.07.30 16:53:10.080,1.80045,1.80115,2.00,1.00
2010.07.30 16:53:16.440,1.80055,1.8012,1.00,1.30
2010.07.30 16:53:17.283,1.80055,1.80125,1.00,1.00
2010.07.30 16:53:28.873,1.8005,1.8009,3.70,1.00
2010.07.30 16:53:29.007,1.8005,1.80075,3.70,1.00
2010.07.30 16:53:29.141,1.8005,1.8007,2.40,1.00
2010.07.30 16:53:30.152,1.8001,1.8007,1.00,1.00
2010.07.30 16:53:30.419,1.8002,1.8007,1.00,1.00
2010.07.30 16:53:32.508,1.80025,1.8008,1.00,1.20
2010.07.30 16:53:33.269,1.80025,1.8008,1.00,1.00
2010.07.30 16:53:33.429,1.80025,1.8008,3.00,1.00
2010.07.30 16:53:35.580,1.80035,1.80085,1.00,1.00
2010.07.30 16:53:35.741,1.8004,1.8009,1.00,1.00
2010.07.30 16:53:35.904,1.80045,1.801,1.00,1.00
2010.07.30 16:53:36.851,1.80035,1.8009,1.00,1.00
2010.07.30 16:53:37.146,1.80035,1.8009,2.00,1.00
2010.07.30 16:53:40.057,1.80035,1.80075,1.30,1.00
2010.07.30 16:53:41.100,1.8002,1.80075,2.00,1.00
2010.07.30 16:53:41.415,1.8002,1.8007,2.00,1.00
2010.07.30 16:53:44.087,1.8002,1.8008,2.00,1.00
2010.07.30 16:53:45.406,1.8002,1.80075,2.00,1.00
2010.07.30 16:53:52.707,1.8003,1.80085,1.00,1.00
2010.07.30 16:53:54.054,1.8003,1.8008,1.00,1.00
2010.07.30 16:53:59.747,1.80035,1.80095,1.00,1.00
2010.07.30 16:53:59.868,1.80035,1.80095,2.00,1.00
2010.07.30 16:54:01.112,1.8003,1.801,1.00,1.00
2010.07.30 16:54:02.918,1.8002,1.8009,5.40,2.00
2010.07.30 16:54:03.049,1.8002,1.8009,6.80,1.00
2010.07.30 16:54:03.180,1.80015,1.8008,2.40,2.00
2010.07.30 16:54:03.923,1.80005,1.80075,6.10,1.00
2010.07.30 16:54:04.255,1.8,1.80075,1.00,1.00
2010.07.30 16:54:05.987,1.79995,1.80065,2.00,1.00
2010.07.30 16:54:09.211,1.7998,1.8005,2.00,1.00
2010.07.30 16:54:09.318,1.79995,1.80055,1.00,1.30
2010.07.30 16:54:10.072,1.79985,1.80055,5.40,1.30
2010.07.30 16:54:10.187,1.79985,1.8006,1.00,1.00
2010.07.30 16:54:12.088,1.79995,1.80065,2.00,1.00
2010.07.30 16:54:15.537,1.79995,1.80055,1.00,1.30
2010.07.30 16:54:15.727,1.7998,1.8005,2.00,1.00
2010.07.30 16:54:24.303,1.79995,1.80065,2.00,1.00
2010.07.30 16:54:24.469,1.8,1.80075,1.00,1.00
2010.07.30 16:54:26.719,1.8001,1.8008,2.00,1.00
2010.07.30 16:54:32.152,1.80025,1.80085,1.00,1.30
2010.07.30 16:54:32.320,1.80025,1.80095,1.00,2.00
2010.07.30 16:54:32.658,1.80005,1.8009,2.00,2.00
2010.07.30 16:54:33.647,1.80015,1.8009,1.00,1.00
2010.07.30 16:54:35.766,1.80015,1.80085,1.00,1.30
2010.07.30 16:54:36.088,1.8001,1.8008,4.40,1.00
2010.07.30 16:54:36.880,1.8001,1.8008,2.00,1.00
2010.07.30 16:54:37.359,1.8001,1.8007,2.00,1.00
2010.07.30 16:54:38.100,1.79995,1.80065,2.00,1.00
2010.07.30 16:54:38.391,1.8,1.8007,1.00,1.00
2010.07.30 16:54:40.640,1.8001,1.8008,1.00,2.00
2010.07.30 16:54:40.833,1.8001,1.8008,2.00,1.00
2010.07.30 16:54:53.666,1.80015,1.8008,1.30,1.00
2010.07.30 16:54:53.831,1.80015,1.801,2.00,2.00
2010.07.30 16:54:53.990,1.8002,1.80105,1.30,4.80
2010.07.30 16:54:54.310,1.80015,1.801,4.40,2.00
2010.07.30 16:54:54.467,1.80015,1.801,2.00,2.00
2010.07.30 16:54:55.981,1.80015,1.801,2.00,4.40
2010.07.30 16:55:03.308,1.80015,1.801,2.00,2.00
2010.07.30 16:55:06.186,1.80015,1.801,2.00,4.40
2010.07.30 16:55:31.463,1.8002,1.80105,2.00,2.80
2010.07.30 16:55:35.729,1.80035,1.80105,1.30,2.80
2010.07.30 16:55:36.589,1.8004,1.80115,1.00,1.00
2010.07.30 16:55:38.138,1.80045,1.80115,1.30,1.00
2010.07.30 16:55:38.943,1.8005,1.8012,1.00,2.40
2010.07.30 16:55:39.127,1.8003,1.80105,5.40,1.00
2010.07.30 16:55:41.028,1.8003,1.80095,4.80,1.00
2010.07.30 16:55:41.181,1.80025,1.80095,4.40,1.00
2010.07.30 16:55:44.279,1.8001,1.8009,2.40,2.00
2010.07.30 16:55:48.007,1.8002,1.8009,1.00,1.30
2010.07.30 16:55:48.820,1.80025,1.80115,2.00,8.40
2010.07.30 16:55:48.980,1.80025,1.80115,1.00,2.00
2010.07.30 16:55:50.469,1.80025,1.80115,3.00,2.00
2010.07.30 16:55:50.687,1.80025,1.80115,5.40,2.00
2010.07.30 16:55:50.908,1.80025,1.80105,2.40,2.00
2010.07.30 16:55:51.127,1.8002,1.80105,5.40,2.00
2010.07.30 16:55:54.072,1.8002,1.801,4.80,1.00
2010.07.30 16:55:54.309,1.80015,1.801,4.80,1.00
2010.07.30 16:55:55.521,1.8002,1.80105,5.40,2.00
2010.07.30 16:55:56.956,1.80025,1.80105,2.40,2.00
2010.07.30 16:56:01.847,1.80025,1.801,2.40,1.00
2010.07.30 16:56:02.731,1.8002,1.801,2.40,1.00
2010.07.30 16:56:04.868,1.80025,1.80105,2.40,2.00
2010.07.30 16:56:05.138,1.80025,1.8009,2.40,1.00
2010.07.30 16:56:05.408,1.80015,1.8009,1.30,1.00
2010.07.30 16:56:06.221,1.8001,1.8009,4.80,1.00
2010.07.30 16:56:12.117,1.8001,1.801,6.80,1.00
2010.07.30 16:56:12.258,1.8002,1.801,2.40,1.00
2010.07.30 16:56:13.070,1.80025,1.80105,2.40,2.00
2010.07.30 16:56:16.809,1.8001,1.80095,4.80,2.00
2010.07.30 16:56:17.078,1.80005,1.8008,1.00,1.30
2010.07.30 16:56:17.348,1.8,1.8008,4.80,2.00
2010.07.30 16:56:25.890,1.8,1.80085,5.40,1.00
2010.07.30 16:56:26.002,1.8001,1.80085,2.40,1.00
2010.07.30 16:56:32.550,1.8001,1.8009,2.40,1.00
2010.07.30 16:56:40.840,1.8001,1.8009,4.80,1.00
2010.07.30 16:56:40.951,1.8001,1.80095,5.40,2.00
2010.07.30 16:56:41.284,1.80015,1.80095,2.40,2.00
2010.07.30 16:56:42.147,1.80025,1.8011,4.80,2.00
2010.07.30 16:56:46.440,1.80015,1.80095,4.80,2.00
2010.07.30 16:56:58.018,1.8002,1.80095,4.80,2.00
2010.07.30 16:56:58.389,1.80015,1.80095,4.80,2.00
2010.07.30 16:57:23.227,1.80025,1.80095,1.00,1.30
2010.07.30 16:57:23.327,1.80025,1.80095,3.00,1.30
2010.07.30 16:57:23.428,1.8003,1.8011,2.40,2.00
2010.07.30 16:57:24.421,1.80015,1.8009,6.40,1.00
2010.07.30 16:57:24.967,1.80015,1.8009,4.80,1.00
2010.07.30 16:57:26.698,1.80015,1.80085,4.80,1.00
2010.07.30 16:57:27.038,1.8001,1.80085,2.40,1.00
2010.07.30 16:57:27.378,1.80015,1.8009,2.40,2.00
2010.07.30 16:57:28.038,1.80015,1.8009,4.80,1.00
2010.07.30 16:57:28.379,1.80015,1.801,5.40,1.00
2010.07.30 16:57:28.548,1.80025,1.801,4.80,1.00
2010.07.30 16:57:30.728,1.80055,1.801,1.00,1.00
2010.07.30 16:57:31.399,1.80065,1.801,2.40,1.00
2010.07.30 16:57:31.718,1.801,1.8016,2.40,1.00
2010.07.30 16:57:32.651,1.80075,1.8015,4.80,1.00
2010.07.30 16:57:32.938,1.8007,1.8015,4.80,1.00
2010.07.30 16:57:37.071,1.80065,1.8014,2.40,1.00
2010.07.30 16:57:45.276,1.80065,1.80145,2.40,2.00
2010.07.30 16:57:49.826,1.80065,1.8014,2.40,1.00
2010.07.30 16:57:55.416,1.8004,1.8012,2.40,2.00
2010.07.30 16:57:56.748,1.8004,1.8012,3.70,1.00
2010.07.30 16:57:57.597,1.80055,1.8013,2.00,3.00
2010.07.30 16:57:57.882,1.80055,1.8014,2.00,5.20
2010.07.30 16:57:59.163,1.80065,1.8014,1.30,5.20
2010.07.30 16:57:59.359,1.8007,1.8014,1.00,1.00
2010.07.30 16:58:12.559,1.8007,1.8014,1.00,2.80
2010.07.30 16:58:12.670,1.8007,1.8013,1.00,1.00
2010.07.30 16:58:12.794,1.80055,1.8013,2.00,1.00
2010.07.30 16:58:15.849,1.8007,1.8014,1.00,1.00
2010.07.30 16:58:17.823,1.8007,1.80155,1.00,8.10
2010.07.30 16:58:19.354,1.8007,1.8016,2.00,6.80
2010.07.30 16:58:19.757,1.8007,1.80155,2.00,4.80
2010.07.30 16:58:24.366,1.8007,1.8015,2.00,1.00
2010.07.30 16:58:24.478,1.8007,1.8014,1.30,2.40
2010.07.30 16:58:24.592,1.80055,1.80125,2.00,2.40
2010.07.30 16:58:24.700,1.80055,1.80125,1.00,2.40
2010.07.30 16:58:25.419,1.8004,1.8013,4.40,2.40
2010.07.30 16:58:25.751,1.8004,1.80135,6.80,4.80
2010.07.30 16:58:26.637,1.80045,1.80135,1.00,4.80
2010.07.30 16:58:27.434,1.8005,1.8014,3.70,2.40
2010.07.30 16:58:27.541,1.8005,1.8013,3.70,1.00
2010.07.30 16:58:34.450,1.8005,1.80135,3.70,1.00
2010.07.30 16:58:34.568,1.8005,1.80135,6.10,1.00
2010.07.30 16:58:36.770,1.8005,1.80135,3.70,1.00
2010.07.30 16:58:37.067,1.8005,1.80135,1.30,1.00
2010.07.30 16:58:39.448,1.8005,1.80135,3.70,1.00
2010.07.30 16:58:41.621,1.8005,1.80115,3.70,1.00
2010.07.30 16:58:41.842,1.8005,1.80115,1.30,1.00
2010.07.30 16:58:46.036,1.80045,1.80115,4.80,1.00
2010.07.30 16:58:46.383,1.8004,1.80115,4.40,1.00
2010.07.30 16:58:48.038,1.8005,1.80115,1.30,1.00
2010.07.30 16:58:48.531,1.80045,1.80115,2.40,1.00
2010.07.30 16:58:49.240,1.8004,1.80115,6.10,1.00
2010.07.30 16:58:49.473,1.8004,1.80115,4.40,1.00
2010.07.30 16:58:51.281,1.8004,1.80115,6.80,1.00
2010.07.30 16:58:56.686,1.80035,1.80105,2.00,1.00
2010.07.30 16:58:57.157,1.80035,1.80105,6.80,1.00
2010.07.30 16:59:01.228,1.80035,1.80105,4.40,1.00
2010.07.30 16:59:01.886,1.80035,1.80105,2.00,1.00
2010.07.30 16:59:02.121,1.80035,1.80105,4.40,1.00
2010.07.30 16:59:02.347,1.80035,1.80105,2.00,1.00
2010.07.30 16:59:09.359,1.8003,1.80095,6.10,1.00
2010.07.30 16:59:09.518,1.80035,1.80095,2.00,1.00
2010.07.30 16:59:10.324,1.80035,1.8011,2.00,1.00
2010.07.30 16:59:14.414,1.80035,1.8011,4.40,1.00
2010.07.30 16:59:19.687,1.8004,1.80115,4.40,1.20
2010.07.30 16:59:19.895,1.8004,1.80115,4.80,1.20
2010.07.30 16:59:20.097,1.8004,1.80115,4.80,1.00
2010.07.30 16:59:20.298,1.80035,1.80115,4.40,1.00
2010.07.30 16:59:21.651,1.8004,1.80115,6.80,1.00
2010.07.30 16:59:22.469,1.8004,1.8011,6.80,1.00
2010.07.30 16:59:22.647,1.8004,1.80105,6.80,1.00
2010.07.30 16:59:23.396,1.8005,1.80105,1.00,1.00
2010.07.30 16:59:23.655,1.8005,1.80105,2.00,1.00
2010.07.30 16:59:29.861,1.8005,1.8011,2.00,1.00
2010.07.30 16:59:29.967,1.8005,1.8011,2.40,1.00
2010.07.30 16:59:30.068,1.8005,1.80125,3.20,1.00
2010.07.30 16:59:30.909,1.80055,1.801,3.00,1.00
2010.07.30 16:59:31.111,1.80055,1.801,1.30,1.00
2010.07.30 16:59:31.309,1.80055,1.80115,4.40,1.00
2010.07.30 16:59:32.304,1.8005,1.80115,2.00,1.00
2010.07.30 16:59:33.909,1.8005,1.80115,3.20,1.00
2010.07.30 16:59:34.112,1.80065,1.80125,1.30,1.00
2010.07.30 16:59:36.708,1.8006,1.80125,2.40,1.00
2010.07.30 16:59:36.978,1.80055,1.80125,4.40,1.00
2010.07.30 16:59:37.884,1.80065,1.80125,1.30,1.00
2010.07.30 16:59:40.499,1.8005,1.80115,2.00,1.00
2010.07.30 16:59:44.756,1.80055,1.80115,1.30,1.00
2010.07.30 16:59:44.879,1.80065,1.80125,1.30,1.20
2010.07.30 16:59:45.878,1.80065,1.80125,3.70,1.20
2010.07.30 16:59:46.608,1.80065,1.80125,3.70,1.00
2010.07.30 16:59:47.444,1.8007,1.8014,1.30,1.00
2010.07.30 16:59:47.647,1.8008,1.8014,1.30,1.00
2010.07.30 16:59:48.021,1.8008,1.80155,1.30,1.00
2010.07.30 16:59:49.654,1.80075,1.80155,4.80,1.00
2010.07.30 16:59:49.944,1.80075,1.80155,2.40,1.00
2010.07.30 16:59:50.582,1.8007,1.80155,6.10,1.00
2010.07.30 16:59:50.881,1.8007,1.8014,4.80,1.00
2010.07.30 16:59:51.070,1.80065,1.8014,1.30,1.00
2010.07.30 16:59:52.241,1.80065,1.8014,2.10,1.00
2010.07.30 16:59:52.487,1.8009,1.8014,2.40,1.00
2010.07.30 16:59:53.322,1.8011,1.80155,2.00,1.00
2010.07.30 16:59:53.622,1.8011,1.80165,2.00,1.00
2010.07.30 16:59:54.878,1.8011,1.80165,4.40,1.00
2010.07.30 16:59:55.628,1.8011,1.80165,2.00,1.00
2010.07.30 16:59:56.928,1.8011,1.80155,1.30,1.00
2010.07.30 16:59:57.132,1.80095,1.80155,3.70,1.00
2010.07.30 16:59:57.780,1.80095,1.80155,1.30,1.00
2010.07.30 16:59:58.125,1.8008,1.80155,1.30,1.00
2010.07.30 16:59:59.248,1.80095,1.80155,1.30,1.00
2010.07.30 16:59:59.491,1.80085,1.80155,6.10,1.00
