2010.05.24 16:00:02.705,1.83755,1.83835,1.20,4.80
2010.05.24 16:00:04.025,1.83755,1.8383,1.20,2.40
2010.05.24 16:00:04.215,1.83745,1.83825,1.20,2.80
2010.05.24 16:00:04.556,1.83745,1.8382,1.20,2.40
2010.05.24 16:00:04.896,1.83745,1.83825,1.20,2.80
2010.05.24 16:00:05.915,1.8374,1.8382,1.20,4.80
2010.05.24 16:00:07.485,1.8374,1.8382,1.20,2.40
2010.05.24 16:00:09.528,1.8374,1.83815,1.20,1.00
2010.05.24 16:00:09.740,1.8373,1.83815,1.20,1.00
2010.05.24 16:00:09.848,1.83745,1.83815,1.00,4.80
2010.05.24 16:00:10.140,1.83745,1.8382,1.00,3.00
2010.05.24 16:00:10.660,1.83745,1.83815,1.00,1.00
2010.05.24 16:00:11.004,1.8375,1.8382,1.00,2.40
2010.05.24 16:00:11.430,1.8378,1.83825,1.20,2.40
2010.05.24 16:00:11.775,1.8378,1.83855,1.20,1.00
2010.05.24 16:00:12.405,1.8378,1.83855,1.20,1.00
2010.05.24 16:00:13.415,1.8377,1.83855,1.20,2.50
2010.05.24 16:00:13.728,1.8377,1.83855,1.20,4.90
2010.05.24 16:00:14.040,1.8377,1.83855,1.90,4.80
2010.05.24 16:00:14.346,1.8379,1.83865,1.00,1.00
2010.05.24 16:00:15.459,1.8379,1.83865,1.00,1.00
2010.05.24 16:00:16.265,1.8379,1.83865,1.00,3.20
2010.05.24 16:00:20.075,1.8379,1.83865,1.00,3.00
2010.05.24 16:00:20.265,1.8377,1.83855,1.20,2.80
2010.05.24 16:00:20.605,1.8377,1.83855,1.20,5.40
2010.05.24 16:00:20.945,1.83765,1.83845,1.20,2.40
2010.05.24 16:00:21.284,1.83765,1.83845,1.20,2.50
2010.05.24 16:00:22.566,1.8377,1.83855,1.20,5.30
2010.05.24 16:00:23.256,1.8377,1.83845,1.20,1.00
2010.05.24 16:00:23.497,1.83755,1.83845,1.90,1.00
2010.05.24 16:00:24.585,1.83745,1.8384,1.90,2.40
2010.05.24 16:00:24.815,1.83755,1.8384,1.00,2.40
2010.05.24 16:00:25.298,1.83755,1.83845,1.90,1.00
2010.05.24 16:00:25.606,1.8376,1.8383,1.00,1.00
2010.05.24 16:00:27.216,1.83775,1.8384,1.00,2.40
2010.05.24 16:00:27.727,1.8379,1.8386,1.00,1.90
2010.05.24 16:00:28.070,1.8378,1.83855,1.00,5.60
2010.05.24 16:00:40.075,1.8378,1.83855,1.00,5.40
2010.05.24 16:00:40.239,1.8378,1.83855,1.90,5.60
2010.05.24 16:00:40.457,1.8378,1.83855,1.00,3.20
2010.05.24 16:00:43.556,1.8378,1.83845,1.00,1.00
2010.05.24 16:00:43.861,1.83785,1.83835,1.00,2.40
2010.05.24 16:00:44.160,1.83745,1.8382,1.00,3.00
2010.05.24 16:00:44.458,1.8373,1.83805,1.00,1.00
2010.05.24 16:00:44.887,1.8371,1.83795,1.90,4.80
2010.05.24 16:00:47.709,1.83705,1.8377,1.00,4.80
2010.05.24 16:00:49.156,1.8373,1.8377,1.00,4.80
2010.05.24 16:00:49.306,1.8373,1.8378,1.00,2.40
2010.05.24 16:00:49.455,1.83705,1.83775,1.00,4.80
2010.05.24 16:00:49.806,1.83685,1.8377,1.20,6.00
2010.05.24 16:00:50.095,1.83685,1.8375,1.20,2.40
2010.05.24 16:00:50.585,1.8368,1.8375,1.00,5.40
2010.05.24 16:00:50.925,1.8368,1.8375,1.00,1.00
2010.05.24 16:00:51.266,1.8368,1.8374,1.00,2.40
2010.05.24 16:00:54.296,1.83665,1.8374,1.00,3.00
2010.05.24 16:00:54.635,1.8364,1.83715,1.00,1.00
2010.05.24 16:00:55.995,1.83645,1.8372,1.00,5.40
2010.05.24 16:00:56.864,1.83645,1.83715,1.00,1.00
2010.05.24 16:00:57.835,1.8364,1.83715,1.00,1.00
2010.05.24 16:00:58.597,1.8364,1.83715,1.00,1.00
2010.05.24 16:01:02.907,1.83635,1.8371,1.00,3.00
2010.05.24 16:01:03.246,1.83645,1.8371,1.20,2.40
2010.05.24 16:01:03.406,1.8364,1.83715,1.00,1.00
2010.05.24 16:01:06.317,1.8363,1.83695,1.20,1.00
2010.05.24 16:01:06.657,1.8363,1.83685,1.20,4.80
2010.05.24 16:01:06.998,1.83655,1.83725,1.00,1.00
2010.05.24 16:01:07.473,1.83695,1.83745,1.20,1.00
2010.05.24 16:01:07.817,1.83695,1.83785,1.20,2.40
2010.05.24 16:01:09.396,1.83695,1.83785,1.20,2.50
2010.05.24 16:01:12.029,1.83715,1.83785,1.00,2.50
2010.05.24 16:01:12.063,1.83715,1.83795,1.90,1.00
2010.05.24 16:01:12.088,1.83715,1.838,1.90,4.80
2010.05.24 16:01:12.205,1.83715,1.838,1.90,2.40
2010.05.24 16:01:12.225,1.8373,1.838,1.20,2.40
2010.05.24 16:01:12.246,1.8373,1.83805,1.20,1.00
2010.05.24 16:01:12.334,1.83735,1.83805,1.00,1.00
2010.05.24 16:01:12.529,1.83735,1.8381,1.00,1.00
2010.05.24 16:01:13.205,1.8373,1.83805,1.90,1.00
2010.05.24 16:01:13.546,1.83735,1.8381,1.00,5.40
2010.05.24 16:01:13.845,1.8373,1.83805,1.00,1.00
2010.05.24 16:01:14.599,1.8373,1.83805,1.00,3.00
2010.05.24 16:01:14.921,1.8373,1.83805,1.00,1.00
2010.05.24 16:01:15.566,1.8373,1.83805,1.00,1.90
2010.05.24 16:01:15.889,1.8372,1.83795,1.00,1.00
2010.05.24 16:01:16.228,1.83745,1.8377,2.40,1.00
2010.05.24 16:01:16.565,1.8373,1.838,1.90,1.00
2010.05.24 16:01:16.904,1.8373,1.83815,1.20,1.20
2010.05.24 16:01:17.436,1.83725,1.83775,1.20,1.00
2010.05.24 16:01:17.778,1.83705,1.83775,1.00,1.00
2010.05.24 16:01:18.456,1.837,1.83775,1.00,1.00
2010.05.24 16:01:19.696,1.83715,1.8379,1.00,1.90
2010.05.24 16:01:20.172,1.83715,1.8379,1.00,1.00
2010.05.24 16:01:21.108,1.83705,1.8378,1.00,1.00
2010.05.24 16:01:21.445,1.837,1.83775,1.00,1.00
2010.05.24 16:01:22.786,1.8375,1.838,1.20,1.00
2010.05.24 16:01:23.126,1.8377,1.83835,1.00,1.00
2010.05.24 16:01:23.404,1.8377,1.83845,1.00,5.60
2010.05.24 16:01:24.021,1.83785,1.83855,1.00,4.90
2010.05.24 16:01:24.309,1.83785,1.8386,1.00,3.00
2010.05.24 16:01:24.597,1.8378,1.83855,1.00,1.00
2010.05.24 16:01:24.887,1.8378,1.83855,1.00,5.40
2010.05.24 16:01:25.517,1.8377,1.83845,1.00,2.50
2010.05.24 16:01:26.025,1.8377,1.83845,1.00,3.20
2010.05.24 16:01:26.366,1.83755,1.8383,1.00,1.00
2010.05.24 16:01:26.656,1.8375,1.8382,2.40,2.40
2010.05.24 16:01:26.946,1.8375,1.8382,2.40,3.00
2010.05.24 16:01:27.237,1.8375,1.83815,2.40,2.40
2010.05.24 16:01:27.578,1.8375,1.83825,2.40,1.60
2010.05.24 16:01:27.919,1.8375,1.8383,2.40,1.90
2010.05.24 16:01:28.256,1.8375,1.83825,2.40,2.40
2010.05.24 16:01:29.134,1.83745,1.83825,1.20,2.40
2010.05.24 16:01:30.088,1.8371,1.83785,1.00,1.00
2010.05.24 16:01:30.388,1.83695,1.8377,1.00,1.00
2010.05.24 16:01:33.980,1.8369,1.83765,3.00,1.00
2010.05.24 16:01:34.493,1.8371,1.83775,1.20,1.00
2010.05.24 16:01:34.818,1.83685,1.83765,1.20,4.80
2010.05.24 16:01:35.585,1.837,1.83765,1.20,4.80
2010.05.24 16:01:36.026,1.837,1.83775,1.20,4.80
2010.05.24 16:01:36.675,1.837,1.8378,1.20,4.80
2010.05.24 16:01:39.096,1.837,1.8378,1.20,2.40
2010.05.24 16:01:39.284,1.837,1.83785,1.20,1.90
2010.05.24 16:01:39.667,1.83715,1.8379,1.00,1.00
2010.05.24 16:01:40.306,1.83745,1.8381,1.00,2.40
2010.05.24 16:01:40.596,1.83755,1.8382,1.20,1.00
2010.05.24 16:01:40.884,1.83755,1.83835,1.20,4.80
2010.05.24 16:01:41.995,1.83755,1.83835,1.20,5.30
2010.05.24 16:01:42.346,1.83755,1.83825,1.20,1.00
2010.05.24 16:01:42.629,1.83735,1.8375,1.00,2.40
2010.05.24 16:01:42.937,1.8372,1.8381,1.90,2.80
2010.05.24 16:01:43.245,1.8372,1.8381,1.90,1.00
2010.05.24 16:01:43.555,1.837,1.838,1.20,4.80
2010.05.24 16:01:43.895,1.8372,1.838,1.20,4.80
2010.05.24 16:01:44.235,1.8371,1.83785,1.00,1.00
2010.05.24 16:01:44.574,1.8371,1.83785,1.00,3.00
2010.05.24 16:01:44.846,1.8369,1.83775,1.20,4.80
2010.05.24 16:01:45.126,1.83685,1.8376,1.00,4.80
2010.05.24 16:01:45.405,1.83685,1.8376,1.00,5.40
2010.05.24 16:01:48.394,1.8369,1.8376,1.20,4.80
2010.05.24 16:01:48.855,1.8369,1.83775,1.20,4.80
2010.05.24 16:01:49.837,1.8369,1.8376,1.20,2.40
2010.05.24 16:01:50.025,1.8369,1.8376,1.20,5.40
2010.05.24 16:01:50.104,1.83685,1.8376,1.00,5.40
2010.05.24 16:01:50.532,1.83685,1.8376,1.00,3.00
2010.05.24 16:01:54.302,1.83675,1.8375,1.00,1.00
2010.05.24 16:01:54.512,1.83675,1.8375,1.00,3.00
2010.05.24 16:01:54.856,1.83675,1.8375,1.00,1.00
2010.05.24 16:01:55.198,1.83675,1.8375,1.00,1.00
2010.05.24 16:01:55.536,1.8369,1.83765,1.00,3.00
2010.05.24 16:01:55.876,1.8369,1.83765,1.00,5.40
2010.05.24 16:01:58.344,1.8369,1.83765,1.00,1.00
2010.05.24 16:02:02.996,1.83695,1.8377,1.00,1.00
2010.05.24 16:02:06.435,1.8369,1.83765,1.90,1.00
2010.05.24 16:02:06.577,1.8369,1.83765,1.00,1.00
2010.05.24 16:02:09.146,1.8369,1.83755,1.00,1.20
2010.05.24 16:02:09.324,1.8369,1.83765,1.00,1.00
2010.05.24 16:02:14.096,1.83695,1.8377,1.00,1.90
2010.05.24 16:02:14.266,1.837,1.8377,1.20,1.00
2010.05.24 16:02:14.435,1.83695,1.8377,1.00,1.00
2010.05.24 16:02:17.157,1.83705,1.8377,1.20,1.00
2010.05.24 16:02:17.385,1.8371,1.83785,1.00,3.00
2010.05.24 16:02:18.998,1.837,1.83775,1.00,1.00
2010.05.24 16:02:19.866,1.8373,1.83795,1.00,1.00
2010.05.24 16:02:20.136,1.83715,1.8379,1.00,1.00
2010.05.24 16:02:21.706,1.83725,1.83795,1.00,4.80
2010.05.24 16:02:21.874,1.83725,1.838,1.00,5.40
2010.05.24 16:02:22.615,1.8374,1.8381,1.00,4.80
2010.05.24 16:02:22.957,1.8374,1.83815,1.00,5.60
2010.05.24 16:02:23.636,1.8374,1.83795,1.00,1.00
2010.05.24 16:02:23.976,1.83725,1.838,1.00,1.00
2010.05.24 16:02:24.318,1.837,1.83775,1.00,1.00
2010.05.24 16:02:24.657,1.8369,1.83765,2.40,1.20
2010.05.24 16:02:24.996,1.8368,1.8376,1.20,4.80
2010.05.24 16:02:25.676,1.8367,1.83755,1.20,6.00
2010.05.24 16:02:27.336,1.8368,1.8376,1.20,4.80
2010.05.24 16:02:28.914,1.8368,1.83755,1.20,1.00
2010.05.24 16:02:29.388,1.8368,1.8376,1.20,4.80
2010.05.24 16:02:30.135,1.8368,1.8376,1.90,2.40
2010.05.24 16:02:30.549,1.83685,1.8377,1.20,6.40
2010.05.24 16:02:31.565,1.83685,1.8374,1.20,1.00
2010.05.24 16:02:31.766,1.83665,1.8374,1.00,3.00
2010.05.24 16:02:31.965,1.8366,1.83725,1.20,1.00
2010.05.24 16:02:32.166,1.8365,1.83715,1.00,1.20
2010.05.24 16:02:32.566,1.83635,1.8371,1.00,1.00
2010.05.24 16:02:32.877,1.8365,1.8374,1.20,2.40
2010.05.24 16:02:33.186,1.8367,1.8375,1.20,1.00
2010.05.24 16:02:33.494,1.8367,1.83755,1.20,6.00
2010.05.24 16:02:36.806,1.83665,1.8373,1.00,3.60
2010.05.24 16:02:36.946,1.8365,1.83725,1.00,3.00
2010.05.24 16:02:37.085,1.8367,1.83725,1.20,1.00
2010.05.24 16:02:37.367,1.8369,1.83765,1.00,3.00
2010.05.24 16:02:37.506,1.83685,1.83755,1.20,2.40
2010.05.24 16:02:37.644,1.8367,1.83755,1.20,6.00
2010.05.24 16:02:38.325,1.8365,1.83725,3.00,1.00
2010.05.24 16:02:38.666,1.8365,1.83725,1.00,3.00
2010.05.24 16:02:41.809,1.8367,1.8375,1.20,1.00
2010.05.24 16:02:41.988,1.8367,1.83755,1.20,6.00
2010.05.24 16:02:46.146,1.8369,1.83755,1.00,2.40
2010.05.24 16:02:46.276,1.8371,1.83765,2.40,1.00
2010.05.24 16:02:46.535,1.8371,1.83795,3.60,1.20
2010.05.24 16:02:46.665,1.8371,1.83795,1.20,6.00
2010.05.24 16:02:46.795,1.83715,1.8379,1.00,1.00
2010.05.24 16:02:47.945,1.83725,1.83795,1.00,4.80
2010.05.24 16:02:48.197,1.8373,1.83805,1.00,1.00
2010.05.24 16:02:53.695,1.8374,1.83815,1.00,3.00
2010.05.24 16:02:53.896,1.8374,1.83815,1.00,3.20
2010.05.24 16:02:54.096,1.8373,1.83805,1.00,1.00
2010.05.24 16:02:54.436,1.8374,1.83815,1.00,3.00
2010.05.24 16:02:56.076,1.8373,1.83805,1.20,2.40
2010.05.24 16:02:56.210,1.83735,1.83805,1.20,2.40
2010.05.24 16:02:56.337,1.83735,1.8381,1.20,4.80
2010.05.24 16:02:56.678,1.83735,1.83815,1.20,2.40
2010.05.24 16:02:57.397,1.83735,1.83815,1.20,2.50
2010.05.24 16:02:57.734,1.83735,1.83815,1.20,1.00
2010.05.24 16:02:58.600,1.83735,1.8382,1.20,4.80
2010.05.24 16:02:58.867,1.83755,1.83835,1.00,1.40
2010.05.24 16:02:59.137,1.8376,1.83835,1.20,1.00
2010.05.24 16:02:59.746,1.8376,1.8384,1.20,4.80
2010.05.24 16:03:00.088,1.83775,1.8384,1.20,2.40
2010.05.24 16:03:00.512,1.83775,1.83835,1.20,1.00
2010.05.24 16:03:00.860,1.83735,1.8381,1.00,1.00
2010.05.24 16:03:01.209,1.8371,1.83785,1.00,3.00
2010.05.24 16:03:01.549,1.8369,1.83775,1.90,6.00
2010.05.24 16:03:01.888,1.8372,1.83785,1.90,2.40
2010.05.24 16:03:02.227,1.83725,1.83805,1.20,2.40
2010.05.24 16:03:02.567,1.83725,1.8381,1.20,6.00
2010.05.24 16:03:02.909,1.83735,1.83815,1.20,4.80
2010.05.24 16:03:03.915,1.83735,1.83795,1.20,1.00
2010.05.24 16:03:04.257,1.8369,1.83745,1.00,3.00
2010.05.24 16:03:04.597,1.8369,1.8376,1.20,1.00
2010.05.24 16:03:04.919,1.8367,1.83745,1.00,3.00
2010.05.24 16:03:05.240,1.8368,1.8375,1.20,1.00
2010.05.24 16:03:05.559,1.83655,1.83745,2.00,1.90
2010.05.24 16:03:05.885,1.83665,1.8373,1.20,1.00
2010.05.24 16:03:06.230,1.8365,1.8372,1.00,1.00
2010.05.24 16:03:07.247,1.8365,1.8372,1.00,2.80
2010.05.24 16:03:07.586,1.8364,1.83715,1.00,3.00
2010.05.24 16:03:08.745,1.8365,1.83715,1.00,2.40
2010.05.24 16:03:08.914,1.8365,1.8372,1.00,1.00
2010.05.24 16:03:09.085,1.8365,1.8372,1.00,1.60
2010.05.24 16:03:09.267,1.8365,1.8372,1.00,2.80
2010.05.24 16:03:09.445,1.8365,1.8372,1.00,1.00
2010.05.24 16:03:09.816,1.83655,1.8372,1.00,1.00
2010.05.24 16:03:10.538,1.83645,1.8372,1.00,1.00
2010.05.24 16:03:10.775,1.83645,1.83715,1.00,1.00
2010.05.24 16:03:11.115,1.83645,1.83715,1.00,3.00
2010.05.24 16:03:12.026,1.83645,1.8371,1.00,1.00
2010.05.24 16:03:12.176,1.8364,1.8371,1.20,1.00
2010.05.24 16:03:12.325,1.83635,1.8371,1.00,1.00
2010.05.24 16:03:12.474,1.83635,1.8371,1.00,3.40
2010.05.24 16:03:13.208,1.83635,1.8371,1.00,1.00
2010.05.24 16:03:14.831,1.8365,1.8371,1.00,1.00
2010.05.24 16:03:15.111,1.83645,1.8371,1.00,1.00
2010.05.24 16:03:15.390,1.83645,1.8371,1.00,4.00
2010.05.24 16:03:15.657,1.8363,1.83705,1.00,3.00
2010.05.24 16:03:15.927,1.83635,1.83705,1.00,2.40
2010.05.24 16:03:16.197,1.83635,1.8371,1.00,5.20
2010.05.24 16:03:16.537,1.8363,1.83705,1.90,1.00
2010.05.24 16:03:16.876,1.8363,1.83705,1.00,3.00
2010.05.24 16:03:18.926,1.8363,1.83705,1.00,1.00
2010.05.24 16:03:19.325,1.8363,1.83705,1.90,3.00
2010.05.24 16:03:19.669,1.83625,1.83695,1.20,1.00
2010.05.24 16:03:20.008,1.8362,1.83695,1.00,1.00
2010.05.24 16:03:21.249,1.8363,1.837,1.00,4.80
2010.05.24 16:03:21.592,1.8363,1.83705,1.00,5.40
2010.05.24 16:03:22.168,1.8362,1.83695,1.00,1.00
2010.05.24 16:03:25.096,1.83615,1.8369,1.00,1.00
2010.05.24 16:03:25.425,1.8363,1.837,1.00,1.00
2010.05.24 16:03:25.756,1.8362,1.83695,1.00,1.00
2010.05.24 16:03:28.126,1.83625,1.83695,1.00,1.00
2010.05.24 16:03:28.315,1.8363,1.837,1.00,2.80
2010.05.24 16:03:28.519,1.8363,1.837,1.00,1.00
2010.05.24 16:03:29.328,1.8364,1.8371,1.20,1.00
2010.05.24 16:03:29.853,1.8363,1.8369,1.20,1.00
2010.05.24 16:03:30.171,1.8362,1.8369,1.00,1.00
2010.05.24 16:03:39.754,1.8362,1.8369,1.00,1.60
2010.05.24 16:03:40.068,1.836,1.83675,1.00,1.00
2010.05.24 16:03:43.614,1.83595,1.8367,1.90,1.00
2010.05.24 16:03:43.818,1.836,1.8366,1.00,1.00
2010.05.24 16:03:45.076,1.83615,1.83695,1.20,1.00
2010.05.24 16:03:45.416,1.83635,1.8371,1.20,1.00
2010.05.24 16:03:45.754,1.83635,1.8372,1.20,6.40
2010.05.24 16:03:46.665,1.83635,1.83705,1.20,1.00
2010.05.24 16:03:46.956,1.8364,1.83715,1.00,3.00
2010.05.24 16:03:47.245,1.83635,1.8371,1.20,1.00
2010.05.24 16:03:47.527,1.8362,1.83705,1.20,1.20
2010.05.24 16:03:47.805,1.8364,1.83715,1.00,3.00
2010.05.24 16:03:48.262,1.8364,1.83705,1.00,1.20
2010.05.24 16:03:48.546,1.8364,1.83705,1.00,4.80
2010.05.24 16:03:48.885,1.8364,1.83705,1.00,6.40
2010.05.24 16:03:49.225,1.8362,1.83705,1.20,6.40
2010.05.24 16:03:50.846,1.83645,1.83715,1.00,2.40
2010.05.24 16:03:51.156,1.83645,1.8372,1.00,1.00
2010.05.24 16:03:53.226,1.8366,1.83725,1.00,4.80
2010.05.24 16:03:53.531,1.8368,1.83755,3.00,1.20
2010.05.24 16:03:53.829,1.83675,1.8375,1.00,1.00
2010.05.24 16:03:55.376,1.83685,1.8376,1.00,1.00
2010.05.24 16:03:55.773,1.837,1.83765,1.00,1.00
2010.05.24 16:03:56.030,1.8371,1.83785,1.00,1.00
2010.05.24 16:03:56.197,1.83705,1.83775,1.20,1.00
2010.05.24 16:03:56.364,1.837,1.83775,1.00,1.00
2010.05.24 16:03:58.466,1.83695,1.8377,1.00,1.00
2010.05.24 16:04:00.285,1.8368,1.8373,2.40,1.00
2010.05.24 16:04:00.365,1.8366,1.8373,2.80,1.00
2010.05.24 16:04:00.605,1.8366,1.8373,1.00,1.00
2010.05.24 16:04:00.684,1.8366,1.83735,1.00,1.00
2010.05.24 16:04:00.845,1.8366,1.8371,1.00,1.20
2010.05.24 16:04:00.927,1.8363,1.83705,1.00,1.00
2010.05.24 16:04:19.296,1.83625,1.83695,1.20,1.00
2010.05.24 16:04:19.653,1.8362,1.83695,1.00,1.00
2010.05.24 16:04:21.865,1.8362,1.83695,1.00,1.90
2010.05.24 16:04:22.046,1.8362,1.8369,1.00,1.00
2010.05.24 16:04:22.225,1.8362,1.83695,1.00,1.00
2010.05.24 16:04:23.225,1.8362,1.83695,3.00,1.00
2010.05.24 16:04:23.990,1.8363,1.83705,1.00,1.00
2010.05.24 16:04:24.865,1.83625,1.83695,1.20,1.00
2010.05.24 16:04:25.201,1.8362,1.83695,5.40,1.00
2010.05.24 16:04:25.477,1.8362,1.83695,3.00,1.00
2010.05.24 16:04:26.584,1.83625,1.83695,1.00,1.00
2010.05.24 16:04:26.677,1.8362,1.83695,3.00,1.00
2010.05.24 16:04:28.026,1.83635,1.8371,3.00,1.00
2010.05.24 16:04:28.806,1.8362,1.83695,1.00,1.00
2010.05.24 16:04:28.995,1.8362,1.83695,1.00,1.00
2010.05.24 16:04:37.126,1.8362,1.83675,1.00,1.00
2010.05.24 16:04:37.650,1.83545,1.83615,1.00,1.00
2010.05.24 16:04:39.434,1.83555,1.83615,1.00,1.00
2010.05.24 16:04:40.257,1.83535,1.83585,1.00,1.00
2010.05.24 16:04:40.937,1.83515,1.8357,1.00,1.00
2010.05.24 16:04:41.019,1.83515,1.8357,1.00,1.00
2010.05.24 16:04:41.177,1.83515,1.83565,1.00,1.00
2010.05.24 16:04:43.169,1.83505,1.83565,1.00,1.00
2010.05.24 16:04:43.387,1.83505,1.8358,1.00,5.40
2010.05.24 16:04:43.526,1.83505,1.8357,1.00,1.00
2010.05.24 16:04:43.666,1.83495,1.8357,1.00,1.00
2010.05.24 16:04:44.346,1.83505,1.8357,1.00,1.00
2010.05.24 16:04:45.028,1.8351,1.8358,1.90,1.00
2010.05.24 16:04:45.524,1.8353,1.83605,1.00,1.00
2010.05.24 16:04:45.838,1.83535,1.8361,1.00,1.00
2010.05.24 16:04:46.148,1.83515,1.83605,2.00,1.20
2010.05.24 16:04:47.655,1.83525,1.83605,1.00,1.20
2010.05.24 16:04:48.356,1.83515,1.83605,2.00,1.20
2010.05.24 16:04:49.695,1.8353,1.8361,1.20,3.00
2010.05.24 16:04:49.825,1.83535,1.8361,1.00,1.00
2010.05.24 16:04:52.295,1.83545,1.8361,1.00,1.00
2010.05.24 16:04:52.394,1.83535,1.8361,1.00,1.00
2010.05.24 16:04:55.065,1.83535,1.8361,3.20,1.00
2010.05.24 16:04:55.154,1.83535,1.8361,5.60,1.00
2010.05.24 16:04:58.645,1.83545,1.8362,3.00,1.00
2010.05.24 16:05:00.095,1.83545,1.8362,3.20,1.00
2010.05.24 16:05:00.317,1.83545,1.8362,1.00,1.00
2010.05.24 16:05:00.495,1.83545,1.8362,3.00,1.00
2010.05.24 16:05:03.525,1.8355,1.8362,1.20,1.00
2010.05.24 16:05:03.684,1.83555,1.8363,1.00,1.00
2010.05.24 16:05:06.983,1.83555,1.8363,1.00,1.00
2010.05.24 16:05:08.306,1.83565,1.8364,1.00,1.00
2010.05.24 16:05:13.027,1.83555,1.8363,1.00,1.00
2010.05.24 16:05:15.238,1.83565,1.8364,1.00,1.00
2010.05.24 16:05:16.545,1.83565,1.8364,1.00,3.00
2010.05.24 16:05:17.561,1.83555,1.8363,1.90,1.00
2010.05.24 16:05:17.704,1.83555,1.8363,1.00,1.00
2010.05.24 16:05:17.969,1.8357,1.83625,1.00,1.00
2010.05.24 16:05:18.108,1.83565,1.83575,1.20,1.00
2010.05.24 16:05:18.601,1.8349,1.83565,1.00,1.00
2010.05.24 16:05:18.947,1.83485,1.8355,1.00,1.00
2010.05.24 16:05:19.287,1.8348,1.8355,1.00,1.00
2010.05.24 16:05:19.626,1.83475,1.8354,1.00,1.00
2010.05.24 16:05:20.415,1.83465,1.8354,1.00,1.00
2010.05.24 16:05:21.978,1.83465,1.8354,1.00,1.00
2010.05.24 16:05:22.416,1.83465,1.8354,1.90,1.00
2010.05.24 16:05:22.669,1.83485,1.8356,1.00,5.40
2010.05.24 16:05:22.919,1.8351,1.8358,1.00,3.00
2010.05.24 16:05:23.409,1.83485,1.83565,1.00,1.00
2010.05.24 16:05:23.752,1.83485,1.83525,1.20,1.00
2010.05.24 16:05:24.300,1.83445,1.83495,1.00,1.00
2010.05.24 16:05:24.636,1.83425,1.83495,1.00,1.00
2010.05.24 16:05:24.977,1.83455,1.8351,1.20,1.00
2010.05.24 16:05:25.447,1.83465,1.8354,1.00,1.00
2010.05.24 16:05:26.227,1.8347,1.83545,1.00,3.00
2010.05.24 16:05:26.488,1.83465,1.8354,1.00,1.00
2010.05.24 16:05:27.506,1.83455,1.8353,1.90,1.00
2010.05.24 16:05:27.846,1.83455,1.8353,1.00,1.00
2010.05.24 16:05:28.189,1.8347,1.83545,1.00,3.00
2010.05.24 16:05:28.531,1.8347,1.83545,1.00,1.90
2010.05.24 16:05:28.880,1.83465,1.8354,1.00,1.00
2010.05.24 16:05:29.218,1.83455,1.8353,1.90,1.00
2010.05.24 16:05:29.560,1.83455,1.8353,1.00,1.00
2010.05.24 16:05:30.408,1.83465,1.83535,1.00,1.20
2010.05.24 16:05:30.778,1.83465,1.8354,1.00,1.00
2010.05.24 16:05:31.116,1.83485,1.8357,1.20,1.20
2010.05.24 16:05:31.455,1.83485,1.83565,1.20,1.00
2010.05.24 16:05:31.986,1.8348,1.8356,1.20,1.20
2010.05.24 16:05:33.566,1.8349,1.8357,1.90,2.40
2010.05.24 16:05:33.845,1.8349,1.83575,1.90,1.20
2010.05.24 16:05:36.905,1.83525,1.83575,1.00,1.20
2010.05.24 16:05:37.097,1.83525,1.83585,1.00,4.80
2010.05.24 16:05:37.276,1.835,1.83545,1.00,1.00
2010.05.24 16:05:37.635,1.8349,1.8355,1.00,1.20
2010.05.24 16:05:38.156,1.8349,1.8357,1.90,1.00
2010.05.24 16:05:38.674,1.8349,1.83575,1.90,1.20
2010.05.24 16:05:40.496,1.8351,1.83585,1.00,3.00
2010.05.24 16:05:40.725,1.8351,1.83585,1.00,1.00
2010.05.24 16:05:41.759,1.835,1.83575,2.40,1.20
2010.05.24 16:05:42.095,1.83495,1.83575,4.80,1.20
2010.05.24 16:05:43.086,1.83495,1.83575,4.90,1.20
2010.05.24 16:05:43.426,1.83495,1.83575,4.80,1.20
2010.05.24 16:05:44.657,1.835,1.83585,3.60,1.20
2010.05.24 16:05:45.267,1.835,1.83585,1.20,3.60
2010.05.24 16:05:45.586,1.8349,1.83565,1.00,1.00
2010.05.24 16:05:45.906,1.8348,1.83555,1.00,1.00
2010.05.24 16:05:46.834,1.8348,1.8354,1.00,1.00
2010.05.24 16:05:47.148,1.83455,1.83485,1.00,1.00
2010.05.24 16:05:47.256,1.8343,1.8349,1.00,1.20
2010.05.24 16:05:47.365,1.83425,1.8349,1.00,1.90
2010.05.24 16:05:47.466,1.83425,1.8349,1.00,1.00
2010.05.24 16:05:48.055,1.83425,1.835,1.00,1.00
2010.05.24 16:05:48.156,1.83435,1.835,1.00,1.00
2010.05.24 16:05:49.176,1.83445,1.83505,1.00,4.30
2010.05.24 16:05:49.476,1.83445,1.83505,1.00,1.00
2010.05.24 16:05:49.775,1.83445,1.83505,1.00,1.00
2010.05.24 16:05:50.067,1.83435,1.83505,1.00,1.00
2010.05.24 16:05:52.410,1.8346,1.8351,1.00,1.20
2010.05.24 16:05:52.676,1.8346,1.8353,1.00,1.00
2010.05.24 16:05:52.946,1.8346,1.83535,1.00,1.00
2010.05.24 16:05:54.696,1.83445,1.8352,1.00,1.00
2010.05.24 16:05:55.286,1.83455,1.8352,1.00,1.00
2010.05.24 16:05:55.518,1.8347,1.83525,1.00,1.20
2010.05.24 16:05:55.857,1.8347,1.83545,1.00,1.00
2010.05.24 16:05:57.042,1.8348,1.8355,1.00,1.20
2010.05.24 16:05:57.343,1.8348,1.83555,1.00,1.00
2010.05.24 16:06:01.936,1.83485,1.8356,1.00,5.40
2010.05.24 16:06:02.077,1.8348,1.83545,1.20,1.00
2010.05.24 16:06:02.216,1.8347,1.83545,1.00,1.00
2010.05.24 16:06:02.543,1.8348,1.83555,1.00,1.00
2010.05.24 16:06:04.466,1.83445,1.835,1.00,1.00
2010.05.24 16:06:04.805,1.83435,1.83505,1.20,4.80
2010.05.24 16:06:05.135,1.83435,1.83515,1.20,2.40
2010.05.24 16:06:05.802,1.83445,1.83515,1.00,2.40
2010.05.24 16:06:06.038,1.83435,1.835,1.00,1.00
2010.05.24 16:06:06.325,1.83425,1.835,1.00,1.00
2010.05.24 16:06:07.197,1.83425,1.835,1.00,1.00
2010.05.24 16:06:07.748,1.8343,1.83505,1.00,5.40
2010.05.24 16:06:08.005,1.8343,1.83505,1.00,1.00
2010.05.24 16:06:09.236,1.83425,1.835,1.00,1.00
2010.05.24 16:06:10.596,1.8342,1.8349,1.20,1.00
2010.05.24 16:06:10.856,1.83415,1.8349,1.00,1.00
2010.05.24 16:06:11.728,1.8341,1.8348,1.20,1.00
2010.05.24 16:06:11.990,1.83395,1.8347,1.00,1.00
2010.05.24 16:06:13.957,1.83375,1.83415,1.00,1.00
2010.05.24 16:06:14.145,1.83345,1.83415,1.00,1.00
2010.05.24 16:06:14.335,1.83355,1.8343,1.00,1.00
2010.05.24 16:06:15.088,1.8337,1.83445,1.00,1.90
2010.05.24 16:06:15.423,1.8334,1.8341,1.00,1.00
2010.05.24 16:06:15.752,1.83335,1.83395,1.00,1.00
2010.05.24 16:06:16.101,1.83335,1.83395,1.00,1.00
2010.05.24 16:06:16.449,1.83335,1.83405,1.00,1.00
2010.05.24 16:06:16.789,1.8334,1.8341,1.00,1.20
2010.05.24 16:06:17.285,1.8334,1.83415,1.00,5.40
2010.05.24 16:06:17.627,1.83335,1.83405,1.20,1.00
2010.05.24 16:06:17.968,1.8333,1.83405,1.00,1.00
2010.05.24 16:06:18.288,1.83315,1.83385,1.90,2.40
2010.05.24 16:06:18.606,1.83315,1.8339,1.00,1.00
2010.05.24 16:06:19.586,1.8331,1.83385,1.00,1.00
2010.05.24 16:06:19.925,1.8331,1.83385,1.00,5.40
2010.05.24 16:06:20.575,1.83305,1.83375,1.00,1.00
2010.05.24 16:06:20.887,1.83305,1.8337,1.00,3.00
2010.05.24 16:06:21.696,1.83315,1.8337,1.00,3.00
2010.05.24 16:06:22.036,1.83335,1.8337,4.80,1.00
2010.05.24 16:06:22.287,1.8335,1.83405,2.40,1.00
2010.05.24 16:06:22.538,1.83365,1.83425,2.40,1.00
2010.05.24 16:06:22.788,1.83365,1.83425,2.40,1.00
2010.05.24 16:06:23.622,1.8336,1.83415,2.40,1.00
2010.05.24 16:06:24.306,1.83355,1.83415,4.80,1.00
2010.05.24 16:06:25.926,1.83355,1.8341,4.80,1.00
2010.05.24 16:06:26.175,1.83355,1.8341,2.40,1.00
2010.05.24 16:06:26.379,1.8335,1.8341,2.40,1.00
2010.05.24 16:06:26.715,1.83335,1.8341,1.00,3.00
2010.05.24 16:06:27.746,1.8334,1.83415,1.00,1.00
2010.05.24 16:06:35.033,1.8335,1.8343,1.20,2.40
2010.05.24 16:06:37.495,1.8337,1.83445,1.00,3.00
2010.05.24 16:06:38.476,1.8335,1.8343,1.20,2.40
2010.05.24 16:06:41.615,1.8335,1.83425,1.20,2.80
2010.05.24 16:06:41.846,1.8335,1.83425,1.20,2.40
2010.05.24 16:06:42.150,1.8335,1.8343,1.20,2.40
2010.05.24 16:06:45.036,1.8336,1.8343,1.00,2.40
2010.05.24 16:06:45.387,1.83365,1.83445,1.20,2.40
2010.05.24 16:06:45.688,1.8334,1.8342,4.80,1.20
2010.05.24 16:06:45.987,1.83325,1.8339,1.00,1.20
2010.05.24 16:06:46.285,1.83305,1.8339,1.60,6.00
2010.05.24 16:06:46.624,1.83305,1.8339,1.40,6.00
2010.05.24 16:06:46.964,1.83305,1.83385,1.40,2.40
2010.05.24 16:06:47.433,1.83305,1.83385,1.40,4.80
2010.05.24 16:06:47.608,1.83315,1.8339,1.00,3.60
2010.05.24 16:06:47.775,1.83315,1.83395,1.00,6.00
2010.05.24 16:06:49.308,1.8331,1.83385,1.20,4.80
2010.05.24 16:06:49.545,1.83305,1.83385,1.40,4.80
2010.05.24 16:06:49.785,1.83305,1.8339,1.40,6.00
2010.05.24 16:06:50.024,1.83305,1.83385,1.40,4.80
2010.05.24 16:06:52.583,1.83305,1.83385,1.20,5.40
2010.05.24 16:06:52.746,1.83295,1.8338,1.20,6.40
2010.05.24 16:06:52.815,1.83295,1.83365,1.20,4.80
2010.05.24 16:06:52.947,1.83295,1.8336,1.20,2.40
2010.05.24 16:06:53.134,1.83295,1.83365,1.20,4.80
2010.05.24 16:06:53.581,1.8329,1.8336,1.00,1.00
2010.05.24 16:06:53.928,1.8329,1.8336,1.00,1.90
2010.05.24 16:06:54.265,1.8328,1.83355,1.00,1.00
2010.05.24 16:06:55.334,1.8328,1.8334,1.00,2.40
2010.05.24 16:06:55.634,1.83265,1.8334,1.00,5.40
2010.05.24 16:06:56.515,1.83265,1.83335,1.00,2.40
2010.05.24 16:06:57.161,1.83265,1.8334,1.00,5.40
2010.05.24 16:06:57.507,1.83275,1.8334,1.00,4.80
2010.05.24 16:07:01.295,1.8326,1.83325,1.00,2.40
2010.05.24 16:07:01.438,1.8326,1.83335,5.40,1.00
2010.05.24 16:07:01.574,1.8326,1.83325,5.40,1.20
2010.05.24 16:07:01.902,1.8325,1.8332,4.80,1.00
2010.05.24 16:07:03.176,1.83265,1.83335,4.80,1.90
2010.05.24 16:07:03.376,1.8326,1.83335,5.40,1.90
2010.05.24 16:07:03.671,1.8326,1.83325,4.80,1.00
2010.05.24 16:07:03.868,1.8326,1.83335,3.00,1.00
2010.05.24 16:07:04.072,1.8326,1.83325,4.80,1.00
2010.05.24 16:07:05.703,1.8326,1.83335,5.40,1.00
2010.05.24 16:07:05.897,1.8329,1.8334,2.40,1.00
2010.05.24 16:07:06.086,1.83305,1.83365,2.40,1.60
2010.05.24 16:07:06.615,1.8328,1.83365,1.20,3.60
2010.05.24 16:07:07.417,1.8328,1.83365,1.20,1.20
2010.05.24 16:07:07.754,1.8328,1.83365,1.20,3.60
2010.05.24 16:07:07.866,1.8328,1.83365,3.60,1.20
2010.05.24 16:07:07.985,1.83275,1.8336,6.00,1.20
2010.05.24 16:07:08.461,1.83275,1.8336,6.20,1.20
2010.05.24 16:07:08.808,1.8331,1.8337,1.20,1.00
2010.05.24 16:07:09.150,1.83315,1.8338,1.00,2.40
2010.05.24 16:07:09.685,1.8331,1.8337,1.20,1.00
2010.05.24 16:07:10.028,1.83285,1.83365,1.00,1.20
2010.05.24 16:07:10.366,1.83285,1.83365,1.00,3.60
2010.05.24 16:07:10.704,1.83285,1.83365,1.00,1.20
2010.05.24 16:07:10.975,1.8331,1.8337,1.20,5.40
2010.05.24 16:07:11.246,1.83315,1.83385,1.00,1.00
2010.05.24 16:07:11.570,1.8331,1.83375,1.20,1.00
2010.05.24 16:07:11.840,1.83305,1.8338,1.00,1.00
2010.05.24 16:07:14.137,1.8332,1.8338,1.00,1.00
2010.05.24 16:07:14.356,1.83335,1.83395,1.00,1.00
2010.05.24 16:07:14.576,1.83335,1.8341,1.00,1.00
2010.05.24 16:07:21.756,1.83335,1.8341,1.00,1.00
2010.05.24 16:07:22.037,1.8334,1.83415,1.00,3.00
2010.05.24 16:07:22.316,1.8334,1.83415,1.00,1.00
2010.05.24 16:07:22.596,1.83335,1.8341,1.90,1.00
2010.05.24 16:07:22.875,1.83335,1.8341,1.00,1.00
2010.05.24 16:07:26.705,1.83335,1.8341,1.90,1.00
2010.05.24 16:07:27.093,1.8334,1.83415,1.00,3.00
2010.05.24 16:07:28.296,1.83335,1.8341,1.00,1.00
2010.05.24 16:07:29.178,1.83355,1.8341,4.80,1.00
2010.05.24 16:07:29.495,1.83355,1.8342,4.80,1.00
2010.05.24 16:07:29.814,1.83355,1.8342,4.80,1.00
2010.05.24 16:07:30.465,1.83345,1.8342,1.00,6.70
2010.05.24 16:07:30.686,1.83335,1.8341,1.00,1.00
2010.05.24 16:07:31.109,1.83325,1.834,1.90,1.00
2010.05.24 16:07:31.545,1.8332,1.83395,1.00,1.00
2010.05.24 16:07:32.446,1.83315,1.83385,1.00,1.00
2010.05.24 16:07:33.354,1.8331,1.83385,1.90,1.00
2010.05.24 16:07:34.048,1.8331,1.83385,1.90,3.00
2010.05.24 16:07:34.337,1.83295,1.8337,2.00,1.00
2010.05.24 16:07:34.628,1.8331,1.83375,1.00,3.60
2010.05.24 16:07:34.957,1.8331,1.83385,1.00,1.00
2010.05.24 16:07:37.246,1.8331,1.83385,1.00,3.00
2010.05.24 16:07:37.494,1.83305,1.8338,1.00,1.00
2010.05.24 16:07:37.924,1.83305,1.8338,1.00,3.00
2010.05.24 16:07:38.436,1.83305,1.8338,1.00,1.00
2010.05.24 16:07:38.619,1.83305,1.8338,1.00,3.00
2010.05.24 16:07:38.795,1.83305,1.8338,1.00,1.00
2010.05.24 16:07:39.035,1.83305,1.8338,1.00,3.00
2010.05.24 16:07:39.275,1.8331,1.8338,1.00,2.40
2010.05.24 16:07:39.515,1.8331,1.83385,1.00,1.00
2010.05.24 16:07:44.145,1.83325,1.8339,1.00,4.80
2010.05.24 16:07:44.559,1.83325,1.834,3.00,1.00
2010.05.24 16:07:44.770,1.8333,1.83405,5.40,1.00
2010.05.24 16:07:46.609,1.8334,1.83415,3.00,1.00
2010.05.24 16:07:47.630,1.8334,1.834,2.40,1.00
2010.05.24 16:07:47.965,1.83325,1.834,1.00,3.00
2010.05.24 16:07:51.147,1.8332,1.83385,1.20,1.00
2010.05.24 16:07:51.540,1.8332,1.83395,1.00,5.40
2010.05.24 16:07:54.041,1.83315,1.83385,1.20,1.00
2010.05.24 16:07:54.254,1.8332,1.83395,1.00,5.40
2010.05.24 16:07:56.524,1.8333,1.83405,5.40,1.00
2010.05.24 16:07:56.767,1.83345,1.8341,1.00,1.00
2010.05.24 16:07:57.012,1.83365,1.8343,1.00,1.20
2010.05.24 16:07:57.210,1.83365,1.83435,1.20,1.00
2010.05.24 16:07:57.583,1.83365,1.83445,1.90,1.00
2010.05.24 16:07:57.778,1.83385,1.83455,1.00,1.00
2010.05.24 16:07:57.977,1.83385,1.8346,1.00,3.00
2010.05.24 16:07:58.319,1.83365,1.83455,4.30,1.90
2010.05.24 16:07:58.656,1.83365,1.83455,1.90,1.90
2010.05.24 16:07:59.285,1.83385,1.8346,1.00,1.00
2010.05.24 16:07:59.875,1.83385,1.8346,1.00,1.00
2010.05.24 16:08:00.475,1.8338,1.83455,1.00,1.00
2010.05.24 16:08:01.765,1.83365,1.83425,2.40,1.00
2010.05.24 16:08:02.106,1.8338,1.8344,1.00,1.00
2010.05.24 16:08:02.724,1.8338,1.83455,1.00,1.00
2010.05.24 16:08:03.357,1.8335,1.83435,5.40,1.20
2010.05.24 16:08:03.595,1.8335,1.83425,5.40,1.00
2010.05.24 16:08:09.399,1.83355,1.83425,1.00,1.00
2010.05.24 16:08:09.595,1.8335,1.83425,5.40,1.00
2010.05.24 16:08:09.796,1.8335,1.8342,4.80,1.00
2010.05.24 16:08:10.141,1.8335,1.8341,2.40,1.00
2010.05.24 16:08:10.394,1.83335,1.8341,1.00,3.00
2010.05.24 16:08:10.877,1.83345,1.83425,1.20,2.40
2010.05.24 16:08:14.908,1.8334,1.8342,1.20,5.20
2010.05.24 16:08:15.125,1.8333,1.83415,1.20,4.80
2010.05.24 16:08:15.347,1.8334,1.8341,1.20,2.40
2010.05.24 16:08:15.565,1.8334,1.8342,1.20,5.20
2010.05.24 16:08:15.907,1.8334,1.83415,1.20,2.40
2010.05.24 16:08:16.244,1.8334,1.8342,1.20,5.20
2010.05.24 16:08:17.105,1.8334,1.8342,1.20,2.80
2010.05.24 16:08:17.365,1.8334,1.8342,1.20,5.20
2010.05.24 16:08:17.625,1.8334,1.8342,1.20,2.80
2010.05.24 16:08:17.886,1.8333,1.83405,1.00,1.00
2010.05.24 16:08:18.666,1.8334,1.8343,1.20,1.90
2010.05.24 16:08:18.985,1.83355,1.8343,1.00,1.00
2010.05.24 16:08:20.786,1.83365,1.8344,1.00,1.00
2010.05.24 16:08:23.267,1.83365,1.8344,1.00,1.90
2010.05.24 16:08:23.437,1.83355,1.8343,1.00,1.00
2010.05.24 16:08:23.777,1.83355,1.8343,1.00,1.90
2010.05.24 16:08:24.116,1.83355,1.834,1.00,1.00
2010.05.24 16:08:24.917,1.83355,1.8343,1.00,1.00
2010.05.24 16:08:25.599,1.83345,1.8342,1.00,1.00
2010.05.24 16:08:26.929,1.8335,1.83425,1.00,1.90
2010.05.24 16:08:27.126,1.8335,1.83425,1.00,1.00
2010.05.24 16:08:27.956,1.83345,1.8342,1.00,1.00
2010.05.24 16:08:28.413,1.83335,1.8341,1.00,1.00
2010.05.24 16:08:31.124,1.83335,1.8341,1.00,1.00
2010.05.24 16:08:31.274,1.8333,1.83405,1.00,1.00
2010.05.24 16:08:33.025,1.8333,1.834,1.00,1.20
2010.05.24 16:08:33.215,1.8333,1.83405,1.00,1.00
2010.05.24 16:08:35.015,1.83335,1.8341,1.00,1.00
2010.05.24 16:08:35.424,1.83345,1.8341,1.00,1.00
2010.05.24 16:08:35.677,1.83345,1.83415,1.00,1.20
2010.05.24 16:08:35.892,1.83345,1.8342,1.00,1.00
2010.05.24 16:08:36.647,1.83345,1.8342,1.00,1.00
2010.05.24 16:08:41.216,1.83355,1.8342,1.00,1.00
2010.05.24 16:08:41.337,1.83345,1.8342,1.00,1.00
2010.05.24 16:08:44.845,1.8335,1.8342,1.20,1.00
2010.05.24 16:08:45.185,1.83355,1.8343,1.00,1.00
2010.05.24 16:08:46.396,1.83355,1.83425,1.00,2.40
2010.05.24 16:08:46.594,1.8335,1.83425,1.00,3.00
2010.05.24 16:08:48.799,1.83365,1.83425,1.00,2.40
2010.05.24 16:08:49.008,1.83365,1.8343,1.00,2.40
2010.05.24 16:08:49.275,1.8337,1.8344,1.00,1.00
2010.05.24 16:08:49.499,1.8336,1.83435,1.00,1.00
2010.05.24 16:08:49.847,1.83335,1.8341,1.00,1.00
2010.05.24 16:08:51.226,1.83325,1.83395,1.00,1.00
2010.05.24 16:08:51.745,1.8333,1.83405,1.00,2.30
2010.05.24 16:08:51.947,1.8333,1.83405,1.00,1.00
2010.05.24 16:08:52.144,1.8333,1.83405,1.00,3.00
2010.05.24 16:08:54.535,1.8333,1.83405,1.00,3.20
2010.05.24 16:08:54.765,1.8333,1.83395,1.00,2.40
2010.05.24 16:08:55.173,1.8333,1.83395,1.00,4.80
2010.05.24 16:08:55.487,1.83315,1.8338,1.00,4.80
2010.05.24 16:08:55.806,1.8331,1.83375,1.00,4.80
2010.05.24 16:08:56.376,1.83315,1.83375,1.00,2.40
2010.05.24 16:08:56.665,1.83315,1.83375,1.00,1.00
2010.05.24 16:08:56.955,1.83315,1.8338,1.00,2.40
2010.05.24 16:08:57.295,1.83315,1.83375,1.00,1.00
2010.05.24 16:08:57.976,1.83325,1.83385,1.00,4.80
2010.05.24 16:08:58.276,1.83325,1.83385,1.00,2.50
2010.05.24 16:09:02.494,1.83325,1.83385,1.00,2.40
2010.05.24 16:09:02.712,1.83325,1.8339,1.00,2.40
2010.05.24 16:09:02.900,1.8334,1.83385,1.00,1.00
2010.05.24 16:09:10.116,1.83345,1.834,1.00,2.40
2010.05.24 16:09:10.437,1.8334,1.83405,1.00,1.00
2010.05.24 16:09:10.776,1.83335,1.83375,1.20,2.40
2010.05.24 16:09:11.058,1.83285,1.83365,1.00,6.00
2010.05.24 16:09:11.334,1.8328,1.83365,1.60,6.00
2010.05.24 16:09:11.675,1.83275,1.83355,1.20,2.40
2010.05.24 16:09:12.354,1.83265,1.8334,1.00,1.90
2010.05.24 16:09:12.746,1.83265,1.83335,1.00,1.20
2010.05.24 16:09:13.331,1.83255,1.83335,1.00,1.20
2010.05.24 16:09:13.608,1.8325,1.83335,6.00,1.20
2010.05.24 16:09:13.975,1.83275,1.8334,1.20,1.00
2010.05.24 16:09:14.165,1.8328,1.83355,3.00,1.00
2010.05.24 16:09:14.354,1.8328,1.83355,3.00,1.00
2010.05.24 16:09:15.624,1.8329,1.83355,1.20,1.00
2010.05.24 16:09:15.715,1.83295,1.8337,1.00,1.00
2010.05.24 16:09:17.328,1.83295,1.8336,1.00,1.20
2010.05.24 16:09:18.007,1.8326,1.83335,1.00,1.20
2010.05.24 16:09:18.214,1.8325,1.83335,6.40,1.20
2010.05.24 16:09:18.425,1.8325,1.83335,6.00,1.20
2010.05.24 16:09:19.425,1.83255,1.83335,1.00,1.20
2010.05.24 16:09:19.606,1.83255,1.8334,4.40,1.20
2010.05.24 16:09:19.787,1.8326,1.8334,2.40,1.20
2010.05.24 16:09:20.504,1.83265,1.8334,1.00,1.20
2010.05.24 16:09:24.846,1.83265,1.8334,4.80,1.20
2010.05.24 16:09:24.945,1.83265,1.8334,1.00,1.20
2010.05.24 16:09:25.045,1.83265,1.8334,1.00,1.20
2010.05.24 16:09:25.145,1.8327,1.8334,2.40,1.20
2010.05.24 16:09:25.246,1.83275,1.8334,1.00,1.20
2010.05.24 16:09:25.480,1.83275,1.8335,1.00,1.20
2010.05.24 16:09:25.576,1.83275,1.83355,1.00,1.20
2010.05.24 16:09:29.694,1.83275,1.83355,1.00,1.20
2010.05.24 16:09:29.794,1.8328,1.83365,1.20,1.20
2010.05.24 16:09:30.096,1.8328,1.83365,3.60,1.20
2010.05.24 16:09:31.050,1.83275,1.83355,2.40,1.20
2010.05.24 16:09:31.457,1.83275,1.8329,2.40,1.20
2010.05.24 16:09:31.655,1.8327,1.83285,2.40,1.00
2010.05.24 16:09:31.855,1.83255,1.83295,1.00,1.00
2010.05.24 16:09:32.673,1.8322,1.83295,1.00,1.00
2010.05.24 16:09:34.055,1.83215,1.8328,1.20,1.00
2010.05.24 16:09:34.336,1.83195,1.8327,3.00,1.00
2010.05.24 16:09:34.616,1.8318,1.8325,2.80,1.90
2010.05.24 16:09:34.896,1.8318,1.83255,1.00,1.00
2010.05.24 16:09:35.176,1.8318,1.83255,3.00,1.00
2010.05.24 16:09:36.265,1.8318,1.83255,1.00,1.00
2010.05.24 16:09:37.456,1.8318,1.8325,1.00,1.20
2010.05.24 16:09:37.634,1.8318,1.83255,1.00,1.00
2010.05.24 16:09:38.353,1.83195,1.8327,1.00,3.00
2010.05.24 16:09:38.698,1.83195,1.8327,1.00,1.00
2010.05.24 16:09:44.465,1.83195,1.8326,1.00,1.20
2010.05.24 16:09:44.895,1.83195,1.83255,1.00,1.00
2010.05.24 16:09:45.377,1.83185,1.83255,1.00,1.00
2010.05.24 16:09:46.804,1.8319,1.8326,1.00,1.20
2010.05.24 16:09:47.083,1.8319,1.83265,1.00,1.00
2010.05.24 16:09:47.279,1.83195,1.83265,1.00,1.00
2010.05.24 16:09:47.477,1.83195,1.83255,1.00,1.00
2010.05.24 16:09:47.678,1.8318,1.83245,1.60,1.00
2010.05.24 16:09:48.217,1.83165,1.8324,1.00,1.00
2010.05.24 16:09:48.557,1.83165,1.8324,1.20,1.00
2010.05.24 16:09:48.894,1.83165,1.8324,1.00,1.00
2010.05.24 16:09:49.695,1.83175,1.8324,1.00,1.00
2010.05.24 16:09:50.025,1.83155,1.83215,1.60,1.00
2010.05.24 16:09:50.264,1.8315,1.83215,1.00,1.00
2010.05.24 16:09:50.496,1.83155,1.8323,1.00,5.40
2010.05.24 16:09:50.727,1.83155,1.8323,1.00,5.40
2010.05.24 16:09:51.188,1.83165,1.8323,2.40,3.00
2010.05.24 16:09:51.529,1.83205,1.8327,2.40,2.80
2010.05.24 16:09:52.066,1.8322,1.8329,2.40,1.20
2010.05.24 16:09:52.407,1.8322,1.833,6.00,1.20
2010.05.24 16:09:56.206,1.832,1.83255,1.00,1.00
2010.05.24 16:09:56.516,1.8318,1.83255,3.00,1.00
2010.05.24 16:09:56.785,1.8321,1.83255,1.00,1.00
2010.05.24 16:09:56.915,1.8325,1.8326,1.00,1.20
2010.05.24 16:09:57.044,1.8325,1.8329,1.00,1.00
2010.05.24 16:09:57.175,1.83255,1.83295,1.20,1.00
2010.05.24 16:09:57.626,1.83275,1.8334,1.00,1.20
2010.05.24 16:09:57.815,1.8326,1.83335,1.00,1.00
2010.05.24 16:09:58.467,1.8326,1.83335,1.00,1.00
2010.05.24 16:09:58.654,1.83275,1.83335,1.00,1.00
2010.05.24 16:10:00.446,1.83275,1.83335,1.00,1.00
2010.05.24 16:10:00.785,1.83275,1.8334,1.00,1.20
2010.05.24 16:10:00.875,1.8326,1.83335,1.00,1.00
2010.05.24 16:10:01.055,1.8326,1.83335,1.00,1.00
2010.05.24 16:10:01.234,1.83275,1.83335,1.00,1.00
2010.05.24 16:10:02.327,1.83275,1.83345,1.00,1.00
2010.05.24 16:10:02.671,1.8329,1.83355,1.00,1.00
2010.05.24 16:10:03.092,1.8327,1.83345,1.90,1.00
2010.05.24 16:10:03.303,1.8327,1.83345,1.00,1.00
2010.05.24 16:10:04.919,1.8327,1.83335,1.00,1.00
2010.05.24 16:10:05.317,1.8328,1.83335,1.00,1.00
2010.05.24 16:10:05.915,1.8329,1.83345,1.00,1.00
2010.05.24 16:10:06.127,1.83295,1.8336,1.00,1.00
2010.05.24 16:10:06.581,1.83285,1.83355,1.00,1.00
2010.05.24 16:10:06.803,1.83275,1.83335,1.00,1.00
2010.05.24 16:10:07.148,1.8328,1.83335,1.00,1.00
2010.05.24 16:10:08.156,1.83275,1.83345,1.20,1.00
2010.05.24 16:10:08.406,1.8327,1.83345,1.00,1.00
2010.05.24 16:10:09.237,1.8327,1.83325,1.00,1.00
2010.05.24 16:10:09.637,1.8327,1.83335,1.00,1.00
2010.05.24 16:10:09.976,1.8327,1.83345,1.00,1.00
2010.05.24 16:10:11.937,1.8327,1.83345,1.90,1.00
2010.05.24 16:10:12.144,1.83275,1.83345,1.00,1.00
2010.05.24 16:10:12.254,1.83275,1.8335,1.00,1.00
2010.05.24 16:10:12.365,1.83275,1.83335,1.00,1.00
2010.05.24 16:10:13.544,1.83275,1.8335,1.00,1.00
2010.05.24 16:10:15.224,1.83275,1.8335,1.00,3.00
2010.05.24 16:10:15.694,1.83285,1.83355,1.00,6.10
2010.05.24 16:10:16.016,1.83285,1.83355,1.00,1.00
2010.05.24 16:10:17.458,1.83275,1.83345,1.00,1.00
2010.05.24 16:10:17.656,1.8329,1.83345,1.00,1.00
2010.05.24 16:10:18.040,1.8329,1.83345,1.00,1.00
2010.05.24 16:10:18.376,1.83255,1.83325,1.00,1.00
2010.05.24 16:10:18.716,1.8324,1.8331,1.00,1.20
2010.05.24 16:10:19.056,1.8323,1.83315,1.20,1.20
2010.05.24 16:10:19.735,1.8323,1.83315,1.20,1.40
2010.05.24 16:10:20.725,1.83235,1.83315,1.00,1.40
2010.05.24 16:10:21.165,1.83245,1.8331,1.20,1.00
2010.05.24 16:10:21.508,1.83245,1.8328,1.20,1.00
2010.05.24 16:10:21.846,1.83205,1.8328,2.40,1.00
2010.05.24 16:10:22.185,1.83205,1.8328,1.00,1.00
2010.05.24 16:10:22.525,1.83205,1.8328,1.00,1.00
2010.05.24 16:10:23.205,1.83205,1.8328,1.00,1.00
2010.05.24 16:10:23.545,1.83205,1.8328,1.00,5.40
2010.05.24 16:10:23.876,1.83205,1.83275,1.00,1.00
2010.05.24 16:10:25.395,1.8319,1.83265,1.00,5.40
2010.05.24 16:10:26.437,1.83185,1.83255,1.20,1.00
2010.05.24 16:10:26.872,1.8319,1.83255,1.20,1.00
2010.05.24 16:10:27.099,1.83195,1.8327,1.00,1.00
2010.05.24 16:10:27.327,1.832,1.8327,1.20,1.00
2010.05.24 16:10:27.557,1.83205,1.83275,1.00,2.40
2010.05.24 16:10:27.886,1.83205,1.83275,1.00,4.80
2010.05.24 16:10:28.599,1.8322,1.83295,1.00,1.00
2010.05.24 16:10:29.347,1.8322,1.83285,1.00,1.00
2010.05.24 16:10:30.665,1.83225,1.83285,1.00,1.00
2010.05.24 16:10:30.973,1.8322,1.83295,1.00,1.00
2010.05.24 16:10:31.179,1.8322,1.83295,1.00,1.00
2010.05.24 16:10:31.586,1.8321,1.83285,1.00,1.00
2010.05.24 16:10:33.824,1.8321,1.83275,1.00,1.20
2010.05.24 16:10:34.126,1.83205,1.8328,1.00,1.90
2010.05.24 16:10:34.438,1.83205,1.83275,1.00,1.20
2010.05.24 16:10:34.746,1.83225,1.833,1.20,1.00
2010.05.24 16:10:35.055,1.83225,1.83305,1.20,1.00
2010.05.24 16:10:35.735,1.83225,1.83285,1.20,1.00
2010.05.24 16:10:37.026,1.8323,1.83305,1.20,1.00
2010.05.24 16:10:37.366,1.8324,1.83305,1.20,1.00
2010.05.24 16:10:37.546,1.8323,1.83305,1.20,1.00
2010.05.24 16:10:37.725,1.8324,1.83305,1.20,1.00
2010.05.24 16:10:38.598,1.8324,1.83315,1.20,1.00
2010.05.24 16:10:39.278,1.8323,1.83305,1.00,1.00
2010.05.24 16:10:39.885,1.83235,1.8331,1.00,1.90
2010.05.24 16:10:40.195,1.8323,1.83305,1.90,1.00
2010.05.24 16:10:40.495,1.83235,1.8331,1.00,1.90
2010.05.24 16:10:40.776,1.83235,1.8331,1.00,1.00
2010.05.24 16:10:41.059,1.83245,1.8332,1.00,1.00
2010.05.24 16:10:43.048,1.83245,1.83315,1.00,1.00
2010.05.24 16:10:43.265,1.8325,1.83305,1.00,1.00
2010.05.24 16:10:43.328,1.8325,1.83325,1.00,1.00
2010.05.24 16:10:43.609,1.8325,1.83315,1.00,1.00
2010.05.24 16:10:43.950,1.8323,1.83315,4.80,2.00
2010.05.24 16:10:44.286,1.8322,1.83295,1.00,1.00
2010.05.24 16:10:45.305,1.8319,1.83265,1.00,1.00
2010.05.24 16:10:47.125,1.83185,1.83255,1.90,1.00
2010.05.24 16:10:47.245,1.83185,1.83255,1.00,1.00
2010.05.24 16:10:48.436,1.8318,1.8325,1.20,1.00
2010.05.24 16:10:48.775,1.83175,1.8325,1.00,1.00
2010.05.24 16:10:49.288,1.83185,1.83255,1.00,1.00
2010.05.24 16:10:49.967,1.8319,1.83265,1.00,1.90
2010.05.24 16:10:50.245,1.8319,1.83265,1.00,1.00
2010.05.24 16:10:50.797,1.83185,1.83255,1.90,1.00
2010.05.24 16:10:51.273,1.83185,1.83255,1.00,1.00
2010.05.24 16:10:51.796,1.8318,1.8324,1.20,1.00
2010.05.24 16:10:52.036,1.83195,1.8327,1.00,1.00
2010.05.24 16:10:52.724,1.83205,1.8328,1.00,1.00
2010.05.24 16:10:53.356,1.8321,1.83285,1.00,1.90
2010.05.24 16:10:53.696,1.83205,1.8328,1.00,1.00
2010.05.24 16:10:54.037,1.83205,1.8328,1.90,1.00
2010.05.24 16:10:54.316,1.8321,1.83285,1.00,1.90
2010.05.24 16:10:54.596,1.8321,1.83285,1.00,1.00
2010.05.24 16:11:02.266,1.8322,1.83295,1.00,1.00
2010.05.24 16:11:02.486,1.83225,1.83295,1.00,1.00
2010.05.24 16:11:02.705,1.83225,1.83295,1.90,1.00
2010.05.24 16:11:03.030,1.83225,1.83295,1.00,1.00
2010.05.24 16:11:03.267,1.83225,1.833,1.00,1.00
2010.05.24 16:11:03.508,1.8323,1.833,1.20,1.00
2010.05.24 16:11:03.745,1.83235,1.83305,1.00,1.00
2010.05.24 16:11:06.965,1.83225,1.83295,1.00,1.00
2010.05.24 16:11:09.312,1.83245,1.83315,1.00,2.40
2010.05.24 16:11:09.629,1.83245,1.8332,1.00,1.00
2010.05.24 16:11:14.132,1.8323,1.8329,2.40,1.20
2010.05.24 16:11:14.576,1.83225,1.833,1.00,1.00
2010.05.24 16:11:15.936,1.83235,1.83305,1.00,1.00
2010.05.24 16:11:16.618,1.83235,1.83305,1.90,1.00
2010.05.24 16:11:16.925,1.8324,1.83315,1.00,1.00
2010.05.24 16:11:17.956,1.8324,1.83305,1.00,1.00
2010.05.24 16:11:18.155,1.8324,1.83315,1.00,1.00
2010.05.24 16:11:19.430,1.8325,1.83315,1.20,1.00
2010.05.24 16:11:19.658,1.8324,1.83315,1.00,1.00
2010.05.24 16:11:20.157,1.8324,1.83315,1.00,1.00
2010.05.24 16:11:20.386,1.8324,1.83315,1.00,1.00
2010.05.24 16:11:20.616,1.8324,1.83305,1.90,1.00
2010.05.24 16:11:20.959,1.8325,1.83305,1.20,1.00
2010.05.24 16:11:21.299,1.8324,1.83315,1.00,1.00
2010.05.24 16:11:21.636,1.8324,1.83315,1.00,1.00
2010.05.24 16:11:23.159,1.8324,1.83305,1.00,1.00
2010.05.24 16:11:24.546,1.83245,1.83305,1.00,1.00
2010.05.24 16:11:25.372,1.83245,1.83295,1.00,1.00
2010.05.24 16:11:25.609,1.8324,1.83285,1.00,1.00
2010.05.24 16:11:29.644,1.83235,1.83285,1.20,1.00
2010.05.24 16:11:29.999,1.8322,1.83275,1.00,1.00
2010.05.24 16:11:30.981,1.8322,1.83285,1.90,1.00
2010.05.24 16:11:31.325,1.83225,1.83285,1.00,1.00
2010.05.24 16:11:32.326,1.8321,1.83285,1.00,1.00
2010.05.24 16:11:32.585,1.8322,1.8329,1.00,1.20
2010.05.24 16:11:32.876,1.8322,1.83295,1.00,1.00
2010.05.24 16:11:33.578,1.8322,1.83295,1.00,1.00
2010.05.24 16:11:33.886,1.83225,1.83285,1.00,1.00
2010.05.24 16:11:38.795,1.83225,1.83295,1.90,1.00
2010.05.24 16:11:39.086,1.83235,1.83295,1.00,1.00
2010.05.24 16:11:39.850,1.83225,1.83285,1.90,1.00
2010.05.24 16:11:40.188,1.83225,1.83285,1.00,1.00
2010.05.24 16:11:44.536,1.83225,1.83295,1.00,1.00
2010.05.24 16:11:44.845,1.83235,1.83295,1.00,1.00
2010.05.24 16:11:45.242,1.83235,1.83285,1.00,1.00
2010.05.24 16:11:45.398,1.83225,1.83285,1.00,1.00
2010.05.24 16:11:47.406,1.8322,1.83295,1.00,1.00
2010.05.24 16:11:48.445,1.8322,1.83295,1.00,1.00
2010.05.24 16:11:48.565,1.8322,1.83285,1.00,1.00
2010.05.24 16:11:48.906,1.83225,1.83285,1.00,1.00
2010.05.24 16:11:49.896,1.83235,1.83295,1.00,1.00
2010.05.24 16:11:51.048,1.8324,1.83295,1.00,1.00
2010.05.24 16:11:51.500,1.8324,1.83305,1.00,1.00
2010.05.24 16:11:54.576,1.83235,1.83295,1.00,1.00
2010.05.24 16:11:56.645,1.83235,1.83285,1.00,1.00
2010.05.24 16:11:56.815,1.83225,1.83285,1.00,1.00
2010.05.24 16:11:56.995,1.83235,1.83285,1.00,1.00
2010.05.24 16:11:57.501,1.83235,1.83295,1.00,1.00
2010.05.24 16:11:58.006,1.83235,1.83305,1.00,1.00
2010.05.24 16:11:58.985,1.83225,1.833,1.90,1.00
2010.05.24 16:11:59.286,1.83225,1.833,1.00,1.00
2010.05.24 16:11:59.916,1.83225,1.833,1.00,1.90
2010.05.24 16:12:00.216,1.8322,1.83295,1.00,1.00
2010.05.24 16:12:07.974,1.8322,1.8329,1.00,1.20
2010.05.24 16:12:08.194,1.8321,1.83285,1.00,1.00
2010.05.24 16:12:08.305,1.8321,1.83285,1.90,1.00
2010.05.24 16:12:08.424,1.8322,1.83295,1.00,1.00
2010.05.24 16:12:10.296,1.8321,1.83285,1.00,1.00
2010.05.24 16:12:12.905,1.8321,1.83285,1.00,1.00
2010.05.24 16:12:19.124,1.8321,1.83285,1.00,1.00
2010.05.24 16:12:19.286,1.83195,1.8327,1.00,1.00
2010.05.24 16:12:19.996,1.8323,1.8329,1.20,1.00
2010.05.24 16:12:20.336,1.8323,1.83295,1.20,1.00
2010.05.24 16:12:21.357,1.8324,1.83315,1.00,1.00
2010.05.24 16:12:21.696,1.83235,1.8331,5.40,1.00
2010.05.24 16:12:22.145,1.83235,1.8331,1.00,1.00
2010.05.24 16:12:23.085,1.83235,1.8331,1.00,1.90
2010.05.24 16:12:23.395,1.8323,1.83305,1.00,1.00
2010.05.24 16:12:23.695,1.8323,1.83305,1.00,1.00
2010.05.24 16:12:24.035,1.8323,1.83305,1.00,1.00
2010.05.24 16:12:24.375,1.83225,1.83305,1.00,1.90
2010.05.24 16:12:24.715,1.83235,1.8331,1.00,3.00
2010.05.24 16:12:24.995,1.83235,1.8331,1.00,1.00
2010.05.24 16:12:25.274,1.83235,1.83305,1.00,1.00
2010.05.24 16:12:25.555,1.8322,1.8328,2.40,1.00
2010.05.24 16:12:25.836,1.83215,1.8329,1.90,1.00
2010.05.24 16:12:26.175,1.83215,1.83295,1.00,1.90
2010.05.24 16:12:26.514,1.83215,1.8329,1.00,1.00
2010.05.24 16:12:27.702,1.8324,1.8329,1.00,1.00
2010.05.24 16:12:28.377,1.8324,1.83295,1.00,1.00
2010.05.24 16:12:29.965,1.83225,1.83295,1.00,1.00
2010.05.24 16:12:32.966,1.8323,1.83295,1.20,1.00
2010.05.24 16:12:33.365,1.83235,1.8331,1.00,1.00
2010.05.24 16:12:33.657,1.8325,1.83325,1.00,1.00
2010.05.24 16:12:34.927,1.8325,1.83315,1.00,1.00
2010.05.24 16:12:38.949,1.83245,1.8331,1.00,1.00
2010.05.24 16:12:39.437,1.8325,1.8332,1.00,1.00
2010.05.24 16:12:39.775,1.8326,1.83335,1.00,1.00
2010.05.24 16:12:41.090,1.8327,1.83335,1.20,1.00
2010.05.24 16:12:41.368,1.8329,1.83365,1.00,1.00
2010.05.24 16:12:41.647,1.8329,1.83365,1.00,1.00
2010.05.24 16:12:41.905,1.83295,1.83375,1.90,1.00
2010.05.24 16:12:43.026,1.83315,1.8338,1.00,1.20
2010.05.24 16:12:43.467,1.833,1.83375,1.00,1.00
2010.05.24 16:12:43.656,1.8331,1.83395,1.20,6.00
2010.05.24 16:12:44.062,1.8333,1.8339,1.00,1.90
2010.05.24 16:12:44.413,1.83325,1.834,1.00,1.00
2010.05.24 16:12:44.762,1.8331,1.83385,1.00,1.00
2010.05.24 16:12:45.272,1.8332,1.83385,1.20,1.00
2010.05.24 16:12:45.618,1.8332,1.83395,1.00,1.00
2010.05.24 16:12:46.637,1.8332,1.83395,1.00,1.00
2010.05.24 16:12:46.977,1.83325,1.834,1.00,1.00
2010.05.24 16:12:47.195,1.83325,1.83395,1.00,1.00
2010.05.24 16:12:47.416,1.83325,1.834,1.00,1.00
2010.05.24 16:12:47.636,1.83325,1.83395,1.00,1.00
2010.05.24 16:12:47.927,1.83325,1.834,1.00,1.00
2010.05.24 16:12:49.966,1.83315,1.83385,1.00,1.00
2010.05.24 16:12:50.558,1.8332,1.83395,1.00,1.00
2010.05.24 16:12:50.736,1.8333,1.834,1.00,1.90
2010.05.24 16:12:50.915,1.8333,1.834,1.00,1.00
2010.05.24 16:12:51.543,1.8333,1.83395,1.00,1.00
2010.05.24 16:12:53.101,1.83315,1.8339,3.00,1.00
2010.05.24 16:12:53.261,1.83315,1.8339,1.00,1.00
2010.05.24 16:12:53.619,1.8334,1.8341,1.20,1.00
2010.05.24 16:12:54.155,1.8333,1.83405,1.60,1.00
2010.05.24 16:12:54.502,1.8329,1.83355,1.00,1.20
2010.05.24 16:12:54.850,1.8329,1.83385,6.40,1.00
2010.05.24 16:12:55.286,1.8329,1.83395,6.40,6.80
2010.05.24 16:12:55.625,1.83295,1.83395,1.00,6.80
2010.05.24 16:12:56.728,1.83295,1.83385,1.00,2.40
2010.05.24 16:12:57.242,1.83295,1.83395,1.00,6.80
2010.05.24 16:12:57.418,1.83295,1.8339,1.00,1.00
2010.05.24 16:12:57.596,1.83295,1.83395,1.00,6.80
2010.05.24 16:12:57.776,1.83295,1.83385,1.00,1.20
2010.05.24 16:12:58.067,1.83295,1.83385,1.00,3.60
2010.05.24 16:12:58.355,1.83295,1.83385,1.00,2.40
2010.05.24 16:12:58.663,1.8329,1.83395,6.00,6.80
2010.05.24 16:12:58.928,1.83295,1.83385,1.00,6.00
2010.05.24 16:12:59.196,1.83285,1.83385,2.80,3.60
2010.05.24 16:12:59.471,1.83285,1.83385,2.90,3.60
2010.05.24 16:12:59.737,1.83285,1.83385,2.80,3.60
2010.05.24 16:13:00.641,1.8329,1.8339,6.40,1.00
2010.05.24 16:13:00.989,1.83285,1.83385,2.80,1.20
2010.05.24 16:13:01.405,1.8329,1.83385,1.20,2.50
2010.05.24 16:13:01.753,1.8329,1.8335,1.00,1.00
2010.05.24 16:13:02.019,1.83265,1.83345,1.00,1.90
2010.05.24 16:13:02.745,1.8326,1.83345,1.60,1.90
2010.05.24 16:13:03.559,1.83275,1.8335,1.00,1.00
2010.05.24 16:13:04.206,1.8329,1.83365,1.00,1.00
2010.05.24 16:13:05.344,1.8329,1.83355,1.00,1.00
2010.05.24 16:13:06.389,1.83305,1.8338,1.00,1.90
2010.05.24 16:13:06.476,1.83305,1.8338,1.00,1.00
2010.05.24 16:13:06.747,1.83295,1.8337,1.00,1.00
2010.05.24 16:13:06.863,1.833,1.8337,1.20,1.00
2010.05.24 16:13:07.266,1.83305,1.8338,1.00,1.00
2010.05.24 16:13:09.567,1.83305,1.83375,1.00,1.00
2010.05.24 16:13:09.905,1.83305,1.8338,1.00,1.00
2010.05.24 16:13:10.579,1.83305,1.83375,1.00,1.00
2010.05.24 16:13:10.737,1.83305,1.8338,1.00,1.00
2010.05.24 16:13:12.585,1.83305,1.83375,1.00,1.00
2010.05.24 16:13:12.678,1.833,1.83365,1.20,1.00
2010.05.24 16:13:12.883,1.8329,1.83365,3.00,1.00
2010.05.24 16:13:12.977,1.8329,1.83365,1.00,1.00
2010.05.24 16:13:16.050,1.8329,1.83365,1.00,1.00
2010.05.24 16:13:16.430,1.83305,1.8337,1.00,1.20
2010.05.24 16:13:16.609,1.83305,1.8338,1.00,1.00
2010.05.24 16:13:17.287,1.8331,1.83385,1.00,1.90
2010.05.24 16:13:17.656,1.83305,1.8338,1.90,1.00
2010.05.24 16:13:17.949,1.8331,1.83385,1.00,1.00
2010.05.24 16:13:20.716,1.8331,1.83385,1.00,1.00
2010.05.24 16:13:21.584,1.8332,1.8339,1.00,1.00
2010.05.24 16:13:21.854,1.8331,1.83385,1.00,2.00
2010.05.24 16:13:22.121,1.8331,1.83385,1.00,1.00
2010.05.24 16:13:22.358,1.8331,1.83385,1.00,1.00
2010.05.24 16:13:22.597,1.8332,1.83385,1.00,1.00
2010.05.24 16:13:22.836,1.8332,1.83395,1.00,1.00
2010.05.24 16:13:23.499,1.8331,1.83385,1.00,1.00
2010.05.24 16:13:23.839,1.8332,1.8339,1.00,1.00
2010.05.24 16:13:25.508,1.83325,1.83395,1.00,1.00
2010.05.24 16:13:26.706,1.83335,1.83405,1.00,1.00
2010.05.24 16:13:27.150,1.8334,1.83405,1.00,1.00
2010.05.24 16:13:27.366,1.8334,1.83415,1.00,1.00
2010.05.24 16:13:27.587,1.83335,1.83405,1.90,1.00
2010.05.24 16:13:28.028,1.8333,1.834,1.20,1.00
2010.05.24 16:13:28.273,1.83325,1.834,1.00,1.00
2010.05.24 16:13:28.508,1.83335,1.83405,1.00,1.00
2010.05.24 16:13:30.453,1.83335,1.83405,1.00,1.00
2010.05.24 16:13:30.606,1.83335,1.83405,1.00,1.00
2010.05.24 16:13:30.833,1.83335,1.83405,1.90,1.00
2010.05.24 16:13:30.992,1.83335,1.83405,1.00,1.00
2010.05.24 16:13:33.177,1.83335,1.83405,1.00,1.00
2010.05.24 16:13:35.816,1.8334,1.83415,1.00,1.00
2010.05.24 16:13:37.716,1.83335,1.83405,1.00,1.00
2010.05.24 16:13:38.218,1.8334,1.83415,1.00,1.00
2010.05.24 16:13:38.442,1.8334,1.83415,1.00,1.00
2010.05.24 16:13:38.793,1.83355,1.8343,1.00,3.00
2010.05.24 16:13:39.137,1.83355,1.8343,1.00,1.00
2010.05.24 16:13:39.816,1.83355,1.83425,1.00,1.00
2010.05.24 16:13:40.496,1.83355,1.8343,1.00,1.00
2010.05.24 16:13:40.835,1.83355,1.83425,1.00,1.00
2010.05.24 16:13:41.027,1.8335,1.8342,1.90,1.00
2010.05.24 16:13:41.406,1.8335,1.8342,1.00,1.00
2010.05.24 16:13:42.846,1.83335,1.83405,3.00,1.00
2010.05.24 16:13:43.036,1.8335,1.8342,1.00,1.00
2010.05.24 16:13:44.478,1.8335,1.83415,1.00,1.00
2010.05.24 16:13:46.036,1.83345,1.83405,1.20,1.00
2010.05.24 16:13:46.240,1.83345,1.83405,1.20,1.00
2010.05.24 16:13:46.436,1.8335,1.83415,1.00,1.00
2010.05.24 16:13:46.926,1.83335,1.8341,1.00,1.00
2010.05.24 16:13:47.517,1.83335,1.83405,1.00,1.00
2010.05.24 16:13:47.816,1.83325,1.834,1.00,1.00
2010.05.24 16:13:48.156,1.8334,1.83415,1.00,1.00
2010.05.24 16:13:49.486,1.8334,1.83405,1.00,1.00
2010.05.24 16:13:50.095,1.8334,1.83415,1.00,1.00
2010.05.24 16:13:50.432,1.8335,1.83415,1.00,1.00
2010.05.24 16:13:50.782,1.8334,1.83405,1.00,1.00
2010.05.24 16:13:51.130,1.83345,1.83405,1.20,1.00
2010.05.24 16:13:51.480,1.8334,1.83405,1.00,1.00
2010.05.24 16:13:52.498,1.8334,1.83395,1.00,1.00
2010.05.24 16:13:58.866,1.83335,1.83395,1.90,1.00
2010.05.24 16:13:58.907,1.83335,1.8341,1.00,1.00
2010.05.24 16:14:00.797,1.8335,1.8342,1.00,1.00
2010.05.24 16:14:07.045,1.83355,1.8342,1.20,1.00
2010.05.24 16:14:07.306,1.83375,1.8344,1.00,1.20
2010.05.24 16:14:07.567,1.83375,1.83445,1.00,1.00
2010.05.24 16:14:08.089,1.83395,1.8345,1.20,1.00
2010.05.24 16:14:08.348,1.834,1.83465,1.00,1.00
2010.05.24 16:14:08.640,1.83385,1.8345,1.00,1.00
2010.05.24 16:14:09.220,1.83355,1.83425,1.60,1.00
2010.05.24 16:14:09.509,1.8335,1.83425,1.00,1.00
2010.05.24 16:14:09.847,1.8335,1.83425,1.00,1.00
2010.05.24 16:14:11.019,1.83345,1.8342,1.90,1.00
2010.05.24 16:14:11.362,1.83345,1.8342,1.00,1.00
2010.05.24 16:14:11.711,1.8335,1.83425,1.00,1.00
2010.05.24 16:14:12.198,1.83355,1.83425,1.20,1.00
2010.05.24 16:14:12.367,1.8336,1.83435,1.00,1.00
2010.05.24 16:14:13.118,1.83365,1.8344,1.00,1.00
2010.05.24 16:14:13.458,1.8336,1.83435,5.40,1.00
2010.05.24 16:14:13.798,1.8336,1.83435,1.00,1.00
2010.05.24 16:14:14.138,1.83335,1.83405,1.00,1.00
2010.05.24 16:14:16.008,1.8334,1.83415,1.00,1.00
2010.05.24 16:14:17.989,1.8335,1.8342,1.00,1.00
2010.05.24 16:14:20.178,1.83345,1.83405,1.20,1.00
2010.05.24 16:14:20.356,1.83335,1.83405,1.00,1.00
2010.05.24 16:14:24.517,1.83335,1.83405,1.90,1.00
2010.05.24 16:14:24.857,1.83335,1.83405,1.00,1.00
2010.05.24 16:14:41.966,1.8334,1.83415,1.00,1.90
2010.05.24 16:14:42.216,1.8334,1.83415,1.00,1.00
2010.05.24 16:14:42.372,1.8335,1.8342,1.00,1.00
2010.05.24 16:14:43.178,1.8335,1.83415,1.00,1.00
2010.05.24 16:14:43.517,1.8335,1.8342,1.00,1.00
2010.05.24 16:14:45.223,1.8335,1.83415,1.00,1.00
2010.05.24 16:14:45.566,1.8335,1.8342,1.00,1.00
2010.05.24 16:14:45.911,1.83335,1.83405,1.00,1.00
2010.05.24 16:14:46.168,1.83335,1.83405,1.00,1.00
2010.05.24 16:14:46.431,1.8335,1.8342,1.00,1.00
2010.05.24 16:14:49.127,1.83345,1.83405,1.20,1.00
2010.05.24 16:14:49.502,1.83335,1.83405,1.00,1.00
2010.05.24 16:14:52.290,1.8333,1.834,1.20,1.00
2010.05.24 16:14:52.629,1.8332,1.8339,1.00,1.00
2010.05.24 16:14:54.216,1.8331,1.83385,1.00,1.00
2010.05.24 16:14:55.242,1.83325,1.834,1.00,1.00
2010.05.24 16:14:55.591,1.8333,1.83405,1.00,1.00
2010.05.24 16:14:55.857,1.8333,1.83405,1.00,1.00
2010.05.24 16:14:56.385,1.8333,1.83395,1.00,1.00
2010.05.24 16:14:57.066,1.8333,1.83405,1.00,1.00
2010.05.24 16:14:57.327,1.83315,1.8339,1.00,1.00
2010.05.24 16:14:59.049,1.83325,1.834,1.00,1.00
2010.05.24 16:14:59.390,1.8333,1.83405,1.00,1.00
2010.05.24 16:15:00.047,1.8332,1.8339,3.00,1.00
2010.05.24 16:15:00.306,1.8332,1.8339,1.00,1.00
2010.05.24 16:15:07.873,1.8334,1.83405,1.00,1.00
2010.05.24 16:15:08.197,1.8334,1.83415,1.00,1.00
2010.05.24 16:15:10.237,1.8334,1.83415,1.00,1.90
2010.05.24 16:15:10.482,1.8334,1.83415,1.00,1.00
2010.05.24 16:15:13.258,1.8334,1.83415,1.00,1.00
2010.05.24 16:15:13.376,1.8334,1.83415,1.00,1.00
2010.05.24 16:15:13.678,1.8335,1.83415,1.00,1.00
2010.05.24 16:15:13.976,1.8334,1.83415,1.00,1.00
2010.05.24 16:15:16.556,1.8334,1.83415,1.00,1.00
2010.05.24 16:15:17.057,1.8335,1.83415,1.20,1.00
2010.05.24 16:15:17.205,1.83355,1.83425,1.00,1.00
2010.05.24 16:15:17.835,1.83355,1.83425,1.00,1.20
2010.05.24 16:15:17.986,1.8334,1.83415,5.40,1.00
2010.05.24 16:15:18.323,1.8334,1.83415,1.00,1.00
2010.05.24 16:15:18.710,1.8335,1.8342,1.00,1.00
2010.05.24 16:15:19.087,1.8336,1.83435,1.00,1.00
2010.05.24 16:15:19.963,1.8335,1.8342,3.00,1.00
2010.05.24 16:15:20.309,1.8335,1.8342,1.00,1.00
2010.05.24 16:15:26.205,1.83345,1.83415,1.20,1.00
2010.05.24 16:15:26.482,1.8334,1.83415,1.00,1.00
2010.05.24 16:15:29.160,1.83335,1.83405,1.00,1.00
2010.05.24 16:15:31.131,1.83365,1.83435,1.00,1.90
2010.05.24 16:15:31.306,1.83355,1.8343,1.00,1.00
2010.05.24 16:15:32.827,1.8335,1.8342,1.00,1.00
2010.05.24 16:15:33.856,1.83355,1.8343,1.00,1.90
2010.05.24 16:15:34.141,1.83355,1.8343,1.00,1.00
2010.05.24 16:15:36.296,1.83365,1.83435,1.00,1.90
2010.05.24 16:15:36.442,1.83365,1.83435,1.00,1.00
2010.05.24 16:15:37.768,1.83365,1.83435,1.00,1.00
2010.05.24 16:15:38.086,1.83365,1.83435,1.00,1.00
2010.05.24 16:15:39.547,1.8336,1.8342,1.20,1.00
2010.05.24 16:15:39.768,1.83355,1.8343,1.00,1.00
2010.05.24 16:15:41.478,1.83355,1.8343,1.00,1.00
2010.05.24 16:15:41.635,1.8337,1.83435,1.00,1.20
2010.05.24 16:15:41.845,1.8337,1.83445,1.00,5.40
2010.05.24 16:15:42.069,1.83365,1.83435,1.20,1.00
2010.05.24 16:15:42.363,1.8336,1.83435,1.00,1.00
2010.05.24 16:15:42.847,1.8337,1.83445,1.00,1.00
2010.05.24 16:15:45.009,1.83365,1.83435,1.20,1.00
2010.05.24 16:15:45.239,1.8336,1.83435,1.00,1.00
2010.05.24 16:15:50.228,1.83345,1.8342,1.00,1.00
2010.05.24 16:15:50.527,1.83355,1.8342,1.00,1.00
2010.05.24 16:15:51.850,1.83345,1.8342,1.00,1.00
2010.05.24 16:15:53.819,1.83345,1.83415,1.00,1.00
2010.05.24 16:15:56.146,1.83345,1.8341,1.00,1.20
2010.05.24 16:15:56.446,1.83345,1.83415,1.00,1.00
2010.05.24 16:15:57.798,1.83345,1.8342,1.00,1.90
2010.05.24 16:15:57.899,1.83345,1.8342,1.00,1.00
2010.05.24 16:16:01.178,1.83355,1.8343,1.90,1.00
2010.05.24 16:16:01.577,1.83355,1.8343,1.00,1.00
2010.05.24 16:16:11.088,1.83355,1.8343,3.00,1.00
2010.05.24 16:16:11.257,1.8337,1.83445,1.00,1.00
2010.05.24 16:16:12.369,1.8337,1.83445,1.00,1.00
2010.05.24 16:16:13.640,1.83375,1.83445,1.00,1.00
2010.05.24 16:16:13.878,1.83375,1.8345,1.00,1.00
2010.05.24 16:16:14.443,1.8337,1.83445,1.00,1.00
2010.05.24 16:16:15.129,1.8338,1.83445,1.00,1.00
2010.05.24 16:16:15.468,1.8338,1.83455,1.00,1.00
2010.05.24 16:16:17.379,1.8339,1.83465,1.00,1.90
2010.05.24 16:16:17.690,1.8339,1.83455,1.00,1.20
2010.05.24 16:16:17.858,1.83385,1.83455,2.40,1.00
2010.05.24 16:16:18.011,1.83395,1.83465,1.00,1.00
2010.05.24 16:16:19.575,1.83395,1.8347,1.00,1.00
2010.05.24 16:16:21.260,1.83395,1.8346,1.20,1.00
2010.05.24 16:16:21.458,1.834,1.83475,1.00,1.00
2010.05.24 16:16:21.658,1.83395,1.8347,1.00,1.00
2010.05.24 16:16:33.720,1.834,1.83475,1.00,1.00
2010.05.24 16:16:41.970,1.834,1.83475,1.00,1.00
2010.05.24 16:16:42.090,1.834,1.83475,1.00,1.00
2010.05.24 16:16:44.654,1.83395,1.8347,1.00,1.00
2010.05.24 16:16:44.893,1.83385,1.8346,1.00,1.00
2010.05.24 16:16:45.360,1.83395,1.8346,1.00,1.20
2010.05.24 16:16:45.698,1.83395,1.8347,1.00,1.00
2010.05.24 16:16:50.806,1.83395,1.83465,1.00,1.00
2010.05.24 16:16:51.039,1.83395,1.8347,1.90,1.00
2010.05.24 16:16:51.225,1.834,1.83475,1.00,1.00
2010.05.24 16:16:51.400,1.83385,1.8346,1.00,1.00
2010.05.24 16:16:52.286,1.8339,1.83465,1.00,1.90
2010.05.24 16:16:52.627,1.8339,1.83465,1.00,1.00
2010.05.24 16:16:54.527,1.83385,1.8346,1.00,1.00
2010.05.24 16:16:57.307,1.8339,1.8346,1.20,1.00
2010.05.24 16:16:57.635,1.83395,1.8347,1.00,1.00
2010.05.24 16:17:02.376,1.83395,1.8347,1.00,1.90
2010.05.24 16:17:02.539,1.8339,1.83465,1.00,1.00
2010.05.24 16:17:05.226,1.83385,1.8346,1.00,1.00
2010.05.24 16:17:05.557,1.83385,1.8346,1.00,3.00
2010.05.24 16:17:05.940,1.83385,1.8346,1.00,5.40
2010.05.24 16:17:06.121,1.83385,1.8346,1.00,3.00
2010.05.24 16:17:09.276,1.8338,1.83455,1.90,1.00
2010.05.24 16:17:09.617,1.8338,1.83455,1.00,5.40
2010.05.24 16:17:10.228,1.83385,1.8344,1.00,1.00
2010.05.24 16:17:10.617,1.83385,1.83445,1.00,3.60
2010.05.24 16:17:10.957,1.83385,1.83455,1.00,4.80
2010.05.24 16:17:11.296,1.83385,1.83455,1.00,3.00
2010.05.24 16:17:11.926,1.83385,1.83455,1.00,1.00
2010.05.24 16:17:12.217,1.8339,1.8346,1.00,3.00
2010.05.24 16:17:12.507,1.83385,1.83455,1.00,1.00
2010.05.24 16:17:13.212,1.83395,1.8347,1.00,5.40
2010.05.24 16:17:14.550,1.8339,1.8346,1.00,3.00
2010.05.24 16:17:14.889,1.83375,1.83445,1.00,1.00
2010.05.24 16:17:15.217,1.8338,1.83455,1.00,3.00
2010.05.24 16:17:16.847,1.8338,1.83455,1.00,1.00
2010.05.24 16:17:16.936,1.8338,1.83455,1.00,3.00
2010.05.24 16:17:17.026,1.8338,1.83455,1.00,3.10
2010.05.24 16:17:17.416,1.8338,1.83455,1.00,5.50
2010.05.24 16:17:17.513,1.83365,1.8344,1.00,3.00
2010.05.24 16:17:18.098,1.8336,1.8343,1.00,1.00
2010.05.24 16:17:21.258,1.83375,1.83445,1.00,1.00
2010.05.24 16:17:21.513,1.8337,1.83445,1.30,1.00
2010.05.24 16:17:21.770,1.8338,1.83445,1.00,2.40
2010.05.24 16:17:22.019,1.8337,1.83445,1.00,1.00
2010.05.24 16:17:22.339,1.8337,1.83445,1.00,1.00
2010.05.24 16:17:24.246,1.8337,1.83445,1.00,3.00
2010.05.24 16:17:27.948,1.8337,1.83445,1.90,1.00
2010.05.24 16:17:28.076,1.8337,1.83445,1.00,1.00
2010.05.24 16:17:28.207,1.8338,1.83455,1.00,6.70
2010.05.24 16:17:28.757,1.8338,1.83455,1.00,5.40
2010.05.24 16:17:29.096,1.8338,1.83455,1.00,3.00
2010.05.24 16:17:30.025,1.8337,1.83445,1.90,1.00
2010.05.24 16:17:30.369,1.8337,1.83445,1.00,3.00
2010.05.24 16:17:33.636,1.8337,1.83445,1.00,3.10
2010.05.24 16:17:33.909,1.83355,1.83415,1.00,1.00
2010.05.24 16:17:34.620,1.83355,1.83415,1.00,2.40
2010.05.24 16:17:34.958,1.8337,1.8343,1.00,4.80
2010.05.24 16:17:35.638,1.8338,1.83445,1.20,3.00
2010.05.24 16:17:35.978,1.83355,1.834,1.00,1.00
2010.05.24 16:17:36.317,1.8334,1.83415,1.00,3.00
2010.05.24 16:17:36.657,1.8334,1.8341,1.00,1.20
2010.05.24 16:17:36.997,1.83325,1.8339,1.00,4.90
2010.05.24 16:17:37.336,1.83325,1.8339,1.00,5.40
2010.05.24 16:17:38.452,1.83315,1.8339,1.00,5.40
2010.05.24 16:17:39.857,1.83335,1.8339,1.00,5.40
2010.05.24 16:17:40.201,1.83335,1.834,1.00,1.00
2010.05.24 16:17:40.547,1.8335,1.834,1.20,1.00
2010.05.24 16:17:40.887,1.83355,1.83415,1.00,2.40
2010.05.24 16:17:42.337,1.83365,1.8344,1.00,1.00
2010.05.24 16:17:42.608,1.8337,1.8343,1.20,1.00
2010.05.24 16:17:42.879,1.8337,1.8344,1.00,1.20
2010.05.24 16:17:43.138,1.8337,1.83445,1.00,5.40
2010.05.24 16:17:43.396,1.8337,1.83445,1.00,3.00
2010.05.24 16:17:44.068,1.8338,1.8345,1.00,4.80
2010.05.24 16:17:44.410,1.8338,1.83445,1.90,1.00
2010.05.24 16:17:44.751,1.8338,1.8345,1.00,4.80
2010.05.24 16:17:45.427,1.83365,1.8344,1.00,1.00
2010.05.24 16:17:45.770,1.8335,1.8342,1.00,2.40
2010.05.24 16:17:46.277,1.8334,1.83415,1.00,1.00
2010.05.24 16:17:46.623,1.83335,1.834,1.00,4.80
2010.05.24 16:17:47.174,1.83335,1.83405,1.00,2.40
2010.05.24 16:17:50.220,1.8334,1.83415,1.00,5.40
2010.05.24 16:17:51.259,1.83355,1.8343,1.00,5.40
2010.05.24 16:17:51.786,1.83355,1.83415,1.00,1.00
2010.05.24 16:17:52.021,1.8334,1.83415,1.00,3.00
2010.05.24 16:17:52.368,1.8334,1.83415,1.00,5.40
2010.05.24 16:17:52.882,1.8335,1.83415,1.00,2.40
2010.05.24 16:17:53.229,1.8335,1.8342,1.00,2.40
2010.05.24 16:17:53.569,1.83355,1.8343,1.00,5.40
2010.05.24 16:17:56.785,1.83355,1.8343,1.00,5.40
2010.05.24 16:17:57.465,1.83355,1.8343,1.00,5.40
2010.05.24 16:17:58.087,1.8337,1.8343,1.00,4.80
2010.05.24 16:17:59.227,1.8338,1.83435,1.00,2.40
2010.05.24 16:18:00.900,1.8338,1.8343,1.00,4.80
2010.05.24 16:18:01.181,1.8337,1.8343,1.00,4.80
2010.05.24 16:18:02.436,1.8338,1.8343,1.00,4.80
2010.05.24 16:18:02.758,1.83385,1.83445,1.00,4.80
2010.05.24 16:18:03.641,1.83395,1.8345,1.00,4.80
2010.05.24 16:18:03.869,1.83385,1.83445,1.00,2.40
2010.05.24 16:18:04.282,1.8337,1.83445,1.00,5.40
2010.05.24 16:18:04.641,1.83405,1.83465,1.20,1.00
2010.05.24 16:18:05.188,1.8345,1.83465,2.40,1.00
2010.05.24 16:18:05.528,1.8345,1.8352,1.00,1.00
2010.05.24 16:18:05.866,1.8345,1.83525,1.00,1.00
2010.05.24 16:18:06.196,1.8345,1.83515,1.00,1.00
2010.05.24 16:18:06.548,1.83435,1.8351,5.40,1.00
2010.05.24 16:18:06.878,1.8343,1.83495,1.20,1.00
2010.05.24 16:18:07.220,1.8342,1.83495,1.00,1.00
2010.05.24 16:18:08.580,1.8343,1.835,1.20,1.00
2010.05.24 16:18:09.087,1.8344,1.83515,1.00,2.00
2010.05.24 16:18:09.342,1.8344,1.83515,1.00,1.00
2010.05.24 16:18:10.575,1.83445,1.83515,1.20,1.00
2010.05.24 16:18:10.923,1.8345,1.83525,1.00,1.00
2010.05.24 16:18:11.518,1.83445,1.83515,1.20,1.00
2010.05.24 16:18:11.771,1.83435,1.8351,1.00,1.00
2010.05.24 16:18:12.238,1.8344,1.83515,1.00,1.90
2010.05.24 16:18:12.739,1.8343,1.83505,3.00,1.00
2010.05.24 16:18:13.206,1.83435,1.8351,1.90,1.00
2010.05.24 16:18:13.465,1.83475,1.83525,1.00,2.40
2010.05.24 16:18:13.812,1.8348,1.83545,1.20,1.00
2010.05.24 16:18:14.162,1.8346,1.83535,1.00,1.00
2010.05.24 16:18:15.718,1.8346,1.8351,1.00,1.00
2010.05.24 16:18:16.027,1.8346,1.83535,1.00,1.00
2010.05.24 16:18:16.336,1.8345,1.83515,2.40,1.00
2010.05.24 16:18:16.649,1.8344,1.83515,1.00,1.00
2010.05.24 16:18:18.706,1.83445,1.83515,1.00,1.00
2010.05.24 16:18:21.573,1.83455,1.83515,1.00,1.00
2010.05.24 16:18:21.747,1.83445,1.83515,1.00,1.00
2010.05.24 16:18:21.918,1.83455,1.83525,1.00,1.20
2010.05.24 16:18:22.362,1.83455,1.8353,1.00,1.00
2010.05.24 16:18:23.568,1.83445,1.8352,1.00,1.00
2010.05.24 16:18:24.631,1.8346,1.83535,1.00,1.00
2010.05.24 16:18:25.127,1.8346,1.83535,1.00,1.90
2010.05.24 16:18:25.471,1.8346,1.83535,1.00,3.00
2010.05.24 16:18:25.809,1.835,1.83545,1.00,1.00
2010.05.24 16:18:26.150,1.83515,1.8358,2.40,1.00
2010.05.24 16:18:26.489,1.83495,1.8358,1.20,1.20
2010.05.24 16:18:27.350,1.835,1.8359,4.30,1.90
2010.05.24 16:18:28.218,1.835,1.83565,2.40,1.20
2010.05.24 16:18:28.541,1.83485,1.83565,1.00,1.20
2010.05.24 16:18:29.742,1.83495,1.8358,1.20,1.20
2010.05.24 16:18:32.139,1.8349,1.83565,1.00,1.20
2010.05.24 16:18:32.208,1.8348,1.83565,1.20,1.20
2010.05.24 16:18:33.441,1.83485,1.83575,1.90,4.30
2010.05.24 16:18:33.806,1.83485,1.83575,1.90,1.90
2010.05.24 16:18:35.929,1.8348,1.83565,1.20,1.20
2010.05.24 16:18:37.436,1.83495,1.83565,1.00,1.20
2010.05.24 16:18:37.768,1.83485,1.83565,1.00,1.20
2010.05.24 16:18:38.995,1.8348,1.83565,1.20,1.20
2010.05.24 16:18:42.086,1.83485,1.83565,1.00,1.20
2010.05.24 16:18:42.217,1.83485,1.8357,1.30,1.00
2010.05.24 16:18:42.811,1.83485,1.8357,1.20,1.00
2010.05.24 16:18:43.149,1.8348,1.83565,1.20,1.20
2010.05.24 16:18:49.719,1.83485,1.83565,1.00,1.30
2010.05.24 16:18:50.006,1.8349,1.83565,1.00,1.00
2010.05.24 16:18:50.256,1.83495,1.83575,1.20,1.00
2010.05.24 16:18:52.257,1.83485,1.83565,1.90,1.00
2010.05.24 16:18:53.759,1.83495,1.83575,1.20,1.00
2010.05.24 16:18:54.328,1.83495,1.83565,1.20,1.00
2010.05.24 16:19:03.281,1.83495,1.83555,1.20,1.00
2010.05.24 16:19:03.362,1.83495,1.83575,1.20,1.00
2010.05.24 16:19:03.595,1.8349,1.83575,1.00,1.40
2010.05.24 16:19:03.749,1.83485,1.83575,1.90,2.00
2010.05.24 16:19:04.295,1.83485,1.8357,1.20,1.00
2010.05.24 16:19:04.699,1.8348,1.83565,3.60,1.40
2010.05.24 16:19:05.037,1.8348,1.83565,1.20,1.40
2010.05.24 16:19:05.377,1.8348,1.83565,1.20,1.20
2010.05.24 16:19:06.444,1.8348,1.83565,1.20,1.40
2010.05.24 16:19:06.792,1.8348,1.83565,1.20,1.30
2010.05.24 16:19:07.011,1.83485,1.8357,1.90,1.00
2010.05.24 16:19:07.218,1.83485,1.83575,1.90,1.40
2010.05.24 16:19:11.239,1.83495,1.8358,1.90,1.20
2010.05.24 16:19:13.161,1.83495,1.83565,1.90,1.00
2010.05.24 16:19:13.735,1.83495,1.83555,1.90,1.00
2010.05.24 16:19:14.135,1.83495,1.83565,1.90,1.00
2010.05.24 16:19:20.119,1.83495,1.83555,1.90,1.00
2010.05.24 16:19:20.396,1.8351,1.83575,1.00,1.00
2010.05.24 16:19:20.683,1.8351,1.83575,1.20,1.00
2010.05.24 16:19:21.030,1.8351,1.83575,1.90,1.00
2010.05.24 16:19:21.367,1.8351,1.83565,1.20,1.00
2010.05.24 16:19:21.787,1.8351,1.83565,1.00,1.00
2010.05.24 16:19:22.134,1.8351,1.83565,1.90,1.00
2010.05.24 16:19:22.479,1.8351,1.83575,1.90,1.00
2010.05.24 16:19:23.870,1.8351,1.83575,1.00,1.00
2010.05.24 16:19:24.201,1.8351,1.83565,1.00,1.00
2010.05.24 16:19:24.330,1.835,1.83565,4.30,1.00
2010.05.24 16:19:24.576,1.835,1.83565,1.90,1.00
2010.05.24 16:19:25.017,1.8351,1.83575,1.00,1.00
2010.05.24 16:19:25.373,1.8351,1.83575,1.90,1.00
2010.05.24 16:19:28.928,1.8351,1.83585,1.90,1.00
2010.05.24 16:19:30.207,1.83515,1.83585,1.00,1.00
2010.05.24 16:19:30.368,1.83515,1.83585,1.90,1.00
2010.05.24 16:19:30.699,1.83525,1.83585,1.90,1.00
2010.05.24 16:19:31.167,1.83525,1.83575,1.90,1.00
2010.05.24 16:19:31.506,1.83525,1.83585,1.90,1.00
2010.05.24 16:19:32.582,1.83525,1.83575,1.90,1.00
2010.05.24 16:19:32.696,1.83525,1.83585,1.90,1.00
2010.05.24 16:19:33.071,1.83525,1.83575,1.90,1.00
2010.05.24 16:19:33.285,1.83525,1.83585,1.90,1.00
2010.05.24 16:19:35.737,1.8353,1.83595,1.00,1.00
2010.05.24 16:19:36.082,1.8353,1.83605,1.00,1.00
2010.05.24 16:19:36.434,1.83515,1.8359,1.00,1.00
2010.05.24 16:19:37.460,1.83505,1.8358,1.00,1.00
2010.05.24 16:19:38.300,1.83505,1.83575,1.00,1.00
2010.05.24 16:19:39.011,1.83525,1.836,1.90,1.00
2010.05.24 16:19:39.286,1.83525,1.8361,1.90,1.60
2010.05.24 16:19:39.566,1.83525,1.8361,1.90,1.20
2010.05.24 16:19:40.478,1.83525,1.83605,1.90,1.00
2010.05.24 16:19:41.351,1.83525,1.8361,1.90,1.20
2010.05.24 16:19:46.728,1.83545,1.8362,1.00,3.00
2010.05.24 16:19:47.009,1.83545,1.8362,1.00,1.00
2010.05.24 16:19:50.004,1.8354,1.83615,1.00,1.00
2010.05.24 16:19:50.354,1.83535,1.83625,2.00,1.20
2010.05.24 16:19:51.625,1.83535,1.83625,1.90,1.20
2010.05.24 16:19:52.234,1.83535,1.83625,2.00,1.20
2010.05.24 16:19:52.327,1.8354,1.83625,1.00,1.20
2010.05.24 16:19:52.428,1.83545,1.83625,1.00,1.20
2010.05.24 16:19:52.529,1.8355,1.83635,1.00,1.20
2010.05.24 16:19:53.140,1.83555,1.83635,1.00,1.00
2010.05.24 16:19:53.477,1.8356,1.83645,1.20,1.00
2010.05.24 16:19:54.535,1.8356,1.83635,1.20,1.00
2010.05.24 16:19:54.879,1.8356,1.83625,1.20,1.00
2010.05.24 16:19:55.210,1.83565,1.83645,1.00,1.00
2010.05.24 16:19:55.538,1.83565,1.83645,1.90,1.00
2010.05.24 16:19:55.868,1.83565,1.83645,1.90,1.00
2010.05.24 16:19:56.729,1.8356,1.83635,3.60,1.00
2010.05.24 16:19:57.066,1.8356,1.83635,1.20,1.00
2010.05.24 16:19:58.599,1.8356,1.83645,1.20,1.00
2010.05.24 16:19:58.759,1.8355,1.8364,1.90,1.20
2010.05.24 16:20:07.777,1.83545,1.8361,2.40,1.20
2010.05.24 16:20:07.856,1.83535,1.8361,1.00,1.20
2010.05.24 16:20:07.939,1.83535,1.8361,1.00,3.60
2010.05.24 16:20:08.017,1.83535,1.83595,1.00,1.00
2010.05.24 16:20:08.167,1.8353,1.83595,1.00,1.00
2010.05.24 16:20:08.386,1.8352,1.83595,1.00,1.00
2010.05.24 16:20:10.857,1.8352,1.83595,1.00,1.00
2010.05.24 16:20:11.018,1.83505,1.8358,1.90,1.00
2010.05.24 16:20:11.272,1.83505,1.8358,1.00,1.00
2010.05.24 16:20:11.441,1.835,1.83575,1.00,1.00
2010.05.24 16:20:13.856,1.83505,1.83575,1.00,1.00
2010.05.24 16:20:14.215,1.835,1.83575,1.00,1.00
2010.05.24 16:20:14.573,1.83485,1.8356,1.00,1.00
2010.05.24 16:20:14.922,1.83505,1.83575,1.00,1.00
2010.05.24 16:20:15.276,1.835,1.83575,1.00,1.00
2010.05.24 16:20:15.620,1.83495,1.8357,1.00,1.00
2010.05.24 16:20:18.419,1.83495,1.8357,1.00,1.00
2010.05.24 16:20:23.601,1.835,1.83575,1.00,1.00
2010.05.24 16:20:23.759,1.83495,1.8356,1.20,1.00
2010.05.24 16:20:23.958,1.83495,1.8357,1.00,1.00
2010.05.24 16:20:24.818,1.835,1.83575,1.00,1.00
2010.05.24 16:20:26.535,1.83515,1.83585,1.00,1.20
2010.05.24 16:20:26.794,1.83525,1.836,1.00,1.00
2010.05.24 16:20:29.900,1.83515,1.8359,1.00,1.00
2010.05.24 16:20:31.270,1.83525,1.8359,2.40,1.00
2010.05.24 16:20:31.587,1.8353,1.83605,1.00,1.00
2010.05.24 16:20:34.676,1.8354,1.8361,5.40,1.00
2010.05.24 16:20:34.971,1.8353,1.8359,2.40,1.00
2010.05.24 16:20:36.948,1.83515,1.8359,1.00,1.00
2010.05.24 16:20:39.838,1.83505,1.83575,1.00,1.00
2010.05.24 16:20:45.890,1.83475,1.8355,3.00,1.00
2010.05.24 16:20:46.229,1.83515,1.83585,6.00,1.00
2010.05.24 16:20:46.567,1.83515,1.83585,6.40,1.00
2010.05.24 16:20:46.908,1.8353,1.8362,1.00,1.90
2010.05.24 16:20:47.248,1.8353,1.83635,6.40,4.30
2010.05.24 16:20:47.710,1.8353,1.8363,5.20,4.30
2010.05.24 16:20:48.048,1.8353,1.83635,6.40,4.30
2010.05.24 16:20:53.907,1.8355,1.83635,1.00,2.40
2010.05.24 16:20:54.309,1.8356,1.83645,1.20,2.40
2010.05.24 16:20:54.676,1.8358,1.83655,1.00,1.00
2010.05.24 16:20:55.341,1.83575,1.83645,1.00,1.00
2010.05.24 16:20:57.569,1.83605,1.83645,1.00,1.00
2010.05.24 16:20:57.718,1.83605,1.83665,1.00,1.20
2010.05.24 16:20:57.868,1.8359,1.83665,1.20,1.90
2010.05.24 16:20:58.017,1.8359,1.83665,1.00,1.90
2010.05.24 16:20:58.382,1.83605,1.83665,1.00,1.20
2010.05.24 16:20:58.530,1.83605,1.83675,1.00,1.00
2010.05.24 16:20:58.676,1.83605,1.83675,1.00,1.90
2010.05.24 16:21:00.706,1.83605,1.83675,1.00,2.00
2010.05.24 16:21:01.967,1.8359,1.83665,1.00,1.90
2010.05.24 16:21:04.028,1.8359,1.83665,1.00,2.00
2010.05.24 16:21:04.260,1.8359,1.83665,1.00,1.90
2010.05.24 16:21:04.488,1.8359,1.83665,1.00,2.00
2010.05.24 16:21:07.987,1.8359,1.83665,1.00,1.20
2010.05.24 16:21:08.177,1.8359,1.83665,1.00,1.00
2010.05.24 16:21:08.367,1.8359,1.83665,1.00,1.90
2010.05.24 16:21:09.267,1.8359,1.83665,1.00,2.00
2010.05.24 16:21:12.248,1.8359,1.83665,1.00,1.90
2010.05.24 16:21:12.668,1.8359,1.83665,1.00,2.00
2010.05.24 16:21:15.816,1.8363,1.83665,1.00,2.00
2010.05.24 16:21:17.244,1.83625,1.83665,1.00,2.00
2010.05.24 16:21:17.602,1.83615,1.83665,1.20,2.00
2010.05.24 16:21:17.866,1.83615,1.83665,1.00,2.00
2010.05.24 16:21:19.828,1.8359,1.83665,1.00,2.00
2010.05.24 16:21:20.829,1.83605,1.83665,1.00,1.90
2010.05.24 16:21:21.295,1.83605,1.83665,1.00,2.00
2010.05.24 16:21:21.553,1.83615,1.8365,1.00,1.20
2010.05.24 16:21:21.903,1.83615,1.8368,1.00,1.00
2010.05.24 16:21:22.252,1.83625,1.83685,1.00,1.00
2010.05.24 16:21:22.606,1.83645,1.8369,1.00,1.20
2010.05.24 16:21:23.149,1.83655,1.83725,1.00,1.00
2010.05.24 16:21:23.502,1.83655,1.83735,1.00,1.90
2010.05.24 16:21:23.847,1.8367,1.83735,1.00,1.90
2010.05.24 16:21:24.878,1.8367,1.83735,1.00,2.00
2010.05.24 16:21:28.730,1.8367,1.8373,1.00,1.00
2010.05.24 16:21:28.777,1.8367,1.83725,1.00,1.00
2010.05.24 16:21:29.249,1.83655,1.83715,1.00,1.00
2010.05.24 16:21:30.557,1.83655,1.8372,1.00,1.90
2010.05.24 16:21:30.838,1.83655,1.83725,1.00,1.00
2010.05.24 16:21:32.106,1.8364,1.83725,4.00,1.00
2010.05.24 16:21:33.946,1.8364,1.83725,1.60,1.00
2010.05.24 16:21:34.118,1.8364,1.8373,1.60,1.20
2010.05.24 16:21:34.287,1.83645,1.83735,1.20,2.00
2010.05.24 16:21:34.596,1.83645,1.83725,1.20,1.00
2010.05.24 16:21:34.896,1.83645,1.83735,1.20,2.00
2010.05.24 16:21:36.127,1.83655,1.83735,1.00,1.20
2010.05.24 16:21:36.398,1.8367,1.83745,1.00,1.00
2010.05.24 16:21:36.717,1.8367,1.83735,1.00,1.00
2010.05.24 16:21:37.958,1.8367,1.83725,1.00,1.00
2010.05.24 16:21:38.297,1.8367,1.83725,1.00,1.00
2010.05.24 16:21:38.638,1.8367,1.8372,1.00,1.20
2010.05.24 16:21:39.108,1.83645,1.837,1.00,1.00
2010.05.24 16:21:39.449,1.83625,1.83695,1.00,1.20
2010.05.24 16:21:39.786,1.83605,1.83695,1.60,1.90
2010.05.24 16:21:40.129,1.8362,1.83695,1.00,1.90
2010.05.24 16:21:40.962,1.83605,1.83695,1.60,1.90
2010.05.24 16:21:41.585,1.83605,1.83695,1.60,2.00
2010.05.24 16:21:45.246,1.83605,1.83665,1.00,1.20
2010.05.24 16:21:45.761,1.83605,1.8366,1.00,1.00
2010.05.24 16:21:46.517,1.83605,1.83665,1.00,1.90
2010.05.24 16:21:46.729,1.83615,1.83665,1.00,1.00
2010.05.24 16:21:51.058,1.83605,1.8366,1.00,1.00
2010.05.24 16:21:51.922,1.8359,1.8366,1.00,1.00
2010.05.24 16:21:56.589,1.836,1.8367,1.00,1.00
2010.05.24 16:21:57.497,1.836,1.83665,1.00,1.20
2010.05.24 16:21:57.756,1.83595,1.8366,1.00,1.00
2010.05.24 16:21:58.408,1.83595,1.83655,1.00,1.00
2010.05.24 16:21:58.678,1.83595,1.8366,1.00,1.90
2010.05.24 16:21:59.228,1.83595,1.8366,1.00,1.00
2010.05.24 16:22:00.469,1.83585,1.8366,1.40,1.00
2010.05.24 16:22:00.776,1.83585,1.8366,1.00,1.00
2010.05.24 16:22:04.195,1.836,1.8367,1.00,1.20
2010.05.24 16:22:04.418,1.8359,1.8367,1.00,1.00
2010.05.24 16:22:06.182,1.83595,1.8366,2.40,1.00
2010.05.24 16:22:06.462,1.8359,1.83665,1.00,1.00
2010.05.24 16:22:06.739,1.83585,1.8366,1.00,1.00
2010.05.24 16:22:07.358,1.83585,1.8366,1.00,1.00
2010.05.24 16:22:08.428,1.83585,1.8366,1.00,1.00
2010.05.24 16:22:24.454,1.836,1.83675,1.00,1.90
2010.05.24 16:22:24.802,1.836,1.83675,1.00,1.00
2010.05.24 16:22:25.698,1.83615,1.83665,1.00,1.00
2010.05.24 16:22:26.049,1.83555,1.83615,1.20,1.00
2010.05.24 16:22:26.391,1.8354,1.83615,1.00,1.00
2010.05.24 16:22:26.731,1.83525,1.836,1.00,1.00
2010.05.24 16:22:27.749,1.83535,1.836,1.00,1.00
2010.05.24 16:22:28.020,1.83515,1.83595,1.00,1.90
2010.05.24 16:22:28.288,1.8352,1.83595,1.20,1.00
2010.05.24 16:22:28.556,1.83525,1.836,1.00,1.00
2010.05.24 16:22:29.362,1.83525,1.836,1.00,1.00
2010.05.24 16:22:29.947,1.83525,1.836,1.00,1.00
2010.05.24 16:22:30.178,1.83515,1.83585,2.50,1.00
2010.05.24 16:22:30.408,1.83515,1.83585,1.00,1.00
2010.05.24 16:22:35.996,1.8352,1.8359,1.00,1.00
2010.05.24 16:22:54.727,1.83505,1.83575,1.00,1.00
2010.05.24 16:22:55.072,1.83505,1.83565,1.00,1.00
2010.05.24 16:22:55.619,1.8352,1.8357,1.00,1.20
2010.05.24 16:22:55.959,1.83555,1.836,1.00,1.00
2010.05.24 16:22:56.298,1.8355,1.8362,1.20,1.00
2010.05.24 16:22:56.637,1.8355,1.83635,1.20,1.20
2010.05.24 16:22:58.648,1.8355,1.83635,1.20,1.90
2010.05.24 16:22:58.959,1.83545,1.8363,1.20,1.20
2010.05.24 16:23:01.238,1.8354,1.8362,4.80,1.20
2010.05.24 16:23:01.578,1.83545,1.8363,1.20,1.20
2010.05.24 16:23:07.319,1.83545,1.8363,1.40,1.20
2010.05.24 16:23:07.679,1.83545,1.8363,1.20,1.20
2010.05.24 16:23:09.520,1.83545,1.8363,1.30,1.20
2010.05.24 16:23:09.798,1.83545,1.8363,6.80,1.20
2010.05.24 16:23:10.079,1.83555,1.83635,1.00,1.20
2010.05.24 16:23:10.348,1.83555,1.83635,3.10,1.20
2010.05.24 16:23:10.622,1.8356,1.83645,1.20,1.20
2010.05.24 16:23:15.963,1.8356,1.83645,1.20,1.30
2010.05.24 16:23:16.391,1.8356,1.83645,1.20,1.20
2010.05.24 16:23:31.977,1.83565,1.8365,1.20,1.20
2010.05.24 16:23:42.738,1.83565,1.8365,3.60,1.20
2010.05.24 16:23:43.615,1.83565,1.8365,1.20,1.20
2010.05.24 16:23:52.106,1.83565,1.8365,3.60,1.20
2010.05.24 16:23:52.298,1.83565,1.8365,1.20,1.20
2010.05.24 16:24:00.910,1.83575,1.8366,1.90,1.20
2010.05.24 16:24:01.147,1.8358,1.83665,1.20,1.30
2010.05.24 16:24:03.072,1.8358,1.83655,1.20,1.00
2010.05.24 16:24:03.190,1.83565,1.8365,3.70,1.20
2010.05.24 16:24:03.288,1.83565,1.8365,1.30,1.20
2010.05.24 16:24:08.494,1.83565,1.8365,1.20,1.20
2010.05.24 16:24:22.812,1.83565,1.8365,1.30,1.20
2010.05.24 16:24:23.027,1.83565,1.8365,1.20,1.20
2010.05.24 16:24:23.247,1.83575,1.8365,1.00,1.20
2010.05.24 16:24:23.467,1.83565,1.8365,1.20,1.20
2010.05.24 16:24:28.955,1.83565,1.8365,1.40,1.20
2010.05.24 16:24:28.995,1.8357,1.8365,1.00,1.20
2010.05.24 16:24:29.156,1.8357,1.8365,2.40,1.20
2010.05.24 16:24:29.236,1.83565,1.8365,1.20,1.20
2010.05.24 16:24:33.064,1.83565,1.8365,1.40,1.20
2010.05.24 16:24:33.439,1.8357,1.8365,1.00,1.20
2010.05.24 16:24:33.589,1.83575,1.8366,1.20,1.20
2010.05.24 16:24:35.708,1.8358,1.83665,1.20,1.30
2010.05.24 16:24:36.083,1.8358,1.83665,1.20,1.40
2010.05.24 16:24:37.183,1.83575,1.83655,5.40,1.20
2010.05.24 16:24:37.470,1.8356,1.8362,4.80,1.00
2010.05.24 16:24:37.808,1.8353,1.83615,1.20,1.20
2010.05.24 16:24:39.316,1.8353,1.8361,1.20,1.20
2010.05.24 16:24:46.747,1.8353,1.8361,1.20,1.90
2010.05.24 16:24:47.403,1.8353,1.83605,1.90,1.00
2010.05.24 16:24:48.217,1.83515,1.836,1.40,1.20
2010.05.24 16:24:50.587,1.8352,1.836,1.00,1.20
2010.05.24 16:24:50.760,1.83525,1.83605,1.20,1.20
2010.05.24 16:24:50.957,1.83525,1.83605,1.40,1.20
2010.05.24 16:24:51.205,1.83525,1.83605,1.30,1.20
2010.05.24 16:24:51.429,1.83525,1.83605,1.40,1.20
2010.05.24 16:24:51.629,1.83525,1.83605,1.20,1.20
2010.05.24 16:24:53.138,1.83525,1.83605,1.30,1.20
2010.05.24 16:24:53.306,1.83525,1.83605,1.40,1.20
2010.05.24 16:24:54.453,1.83525,1.83605,1.20,1.20
2010.05.24 16:24:55.252,1.83535,1.83605,1.00,1.20
2010.05.24 16:24:55.547,1.83515,1.836,3.80,1.20
2010.05.24 16:24:55.847,1.83515,1.836,1.40,1.20
2010.05.24 16:24:57.046,1.83515,1.836,1.20,1.20
2010.05.24 16:24:59.606,1.83525,1.836,1.00,1.20
2010.05.24 16:24:59.677,1.83525,1.836,1.00,1.20
2010.05.24 16:24:59.867,1.8353,1.8361,1.20,1.20
2010.05.24 16:25:01.299,1.8353,1.83605,1.20,1.00
2010.05.24 16:25:01.695,1.83515,1.836,1.20,1.20
2010.05.24 16:25:02.021,1.8353,1.83605,1.20,1.00
2010.05.24 16:25:02.336,1.83515,1.836,1.20,1.20
2010.05.24 16:25:06.369,1.83505,1.83585,4.80,1.20
2010.05.24 16:25:06.801,1.83515,1.8359,1.90,1.00
2010.05.24 16:25:07.221,1.83505,1.83585,2.50,1.20
2010.05.24 16:25:07.673,1.835,1.83585,1.20,1.20
2010.05.24 16:25:09.237,1.835,1.83575,1.20,1.00
2010.05.24 16:25:09.556,1.83485,1.8357,1.40,1.20
2010.05.24 16:25:09.877,1.835,1.83575,1.20,1.00
2010.05.24 16:25:10.178,1.83495,1.8357,1.00,1.20
2010.05.24 16:25:10.477,1.835,1.83575,1.90,1.00
2010.05.24 16:25:10.777,1.83485,1.8357,1.40,1.20
2010.05.24 16:25:13.786,1.83495,1.8357,1.00,1.20
2010.05.24 16:25:13.946,1.83495,1.8358,1.00,6.70
2010.05.24 16:25:14.026,1.83505,1.8358,1.00,6.00
2010.05.24 16:25:14.368,1.83505,1.83595,1.90,1.90
2010.05.24 16:25:15.927,1.83505,1.83575,1.90,1.00
2010.05.24 16:25:16.267,1.83485,1.8357,1.40,1.20
2010.05.24 16:25:17.730,1.83485,1.8357,1.20,1.20
2010.05.24 16:25:26.726,1.83485,1.83565,1.20,1.00
2010.05.24 16:25:27.021,1.8348,1.8356,1.20,1.90
2010.05.24 16:25:27.212,1.83485,1.8356,1.90,1.00
2010.05.24 16:25:27.561,1.8347,1.83555,1.20,1.20
2010.05.24 16:25:28.741,1.83475,1.83555,1.00,1.20
2010.05.24 16:25:29.266,1.8347,1.83555,1.20,1.20
2010.05.24 16:25:33.664,1.83475,1.83555,1.00,1.20
2010.05.24 16:25:33.758,1.8348,1.8356,1.20,1.20
2010.05.24 16:25:33.846,1.8347,1.83555,1.20,1.20
2010.05.24 16:25:40.407,1.83475,1.83555,1.00,1.20
2010.05.24 16:25:44.690,1.8347,1.83555,1.20,1.20
2010.05.24 16:25:44.976,1.8347,1.83555,3.60,1.20
2010.05.24 16:25:45.143,1.83485,1.83555,1.00,1.20
2010.05.24 16:25:45.306,1.83475,1.83555,1.00,1.20
2010.05.24 16:25:47.577,1.83475,1.83555,1.00,1.20
2010.05.24 16:26:08.875,1.8347,1.83555,1.20,1.20
2010.05.24 16:26:09.006,1.8347,1.8355,1.20,1.00
2010.05.24 16:26:09.356,1.8346,1.8354,6.00,1.00
2010.05.24 16:26:09.488,1.83475,1.8354,1.20,1.00
2010.05.24 16:26:09.856,1.83445,1.83535,6.60,1.20
2010.05.24 16:26:10.198,1.83445,1.83535,5.20,1.20
2010.05.24 16:26:10.539,1.8347,1.83555,1.20,1.20
2010.05.24 16:26:10.977,1.8345,1.83545,2.40,1.20
2010.05.24 16:26:18.595,1.8345,1.83545,2.40,4.30
2010.05.24 16:26:18.667,1.83445,1.83545,1.00,6.70
2010.05.24 16:26:19.006,1.8344,1.83545,5.20,6.70
2010.05.24 16:26:20.231,1.8344,1.83545,5.20,6.80
2010.05.24 16:26:20.459,1.8344,1.8354,5.20,1.60
2010.05.24 16:26:20.568,1.83435,1.83535,2.90,3.00
2010.05.24 16:26:20.678,1.83435,1.8353,2.90,1.20
2010.05.24 16:26:21.104,1.83435,1.8353,2.50,1.20
2010.05.24 16:26:22.039,1.83435,1.8353,2.40,1.20
2010.05.24 16:26:22.417,1.83435,1.8352,3.60,1.00
2010.05.24 16:26:22.699,1.83425,1.83515,1.00,3.60
2010.05.24 16:26:22.890,1.83425,1.83495,1.00,1.90
2010.05.24 16:26:25.370,1.83425,1.83495,1.00,1.90
2010.05.24 16:26:28.457,1.83415,1.83485,1.00,1.00
2010.05.24 16:26:28.526,1.83415,1.8348,1.00,1.20
2010.05.24 16:26:29.768,1.83435,1.8348,1.00,1.20
2010.05.24 16:26:30.121,1.83415,1.83495,1.40,1.20
2010.05.24 16:26:31.588,1.83415,1.83495,1.20,1.20
2010.05.24 16:26:32.121,1.83415,1.83495,1.40,1.20
2010.05.24 16:26:32.438,1.83415,1.83495,1.20,1.20
2010.05.24 16:26:34.477,1.8343,1.8351,1.20,1.60
2010.05.24 16:26:34.872,1.8343,1.8351,1.20,1.20
2010.05.24 16:26:39.406,1.8343,1.83515,1.20,1.90
2010.05.24 16:26:40.636,1.8343,1.8351,1.20,1.00
2010.05.24 16:26:40.887,1.8342,1.8351,1.20,1.90
2010.05.24 16:26:43.879,1.83425,1.8351,1.00,1.90
2010.05.24 16:26:44.102,1.8342,1.8351,1.20,1.90
2010.05.24 16:26:45.490,1.8342,1.835,1.20,1.00
2010.05.24 16:26:45.767,1.83415,1.835,1.20,1.90
2010.05.24 16:26:48.330,1.83415,1.83485,1.40,1.00
2010.05.24 16:26:48.364,1.83415,1.83495,1.40,1.00
2010.05.24 16:26:48.801,1.83415,1.83495,1.00,1.90
2010.05.24 16:26:50.086,1.83405,1.83485,1.00,1.90
2010.05.24 16:26:50.768,1.83415,1.83495,1.00,1.90
2010.05.24 16:26:54.008,1.83405,1.83485,1.00,1.90
2010.05.24 16:26:54.858,1.83415,1.83495,1.40,2.40
2010.05.24 16:26:55.166,1.83415,1.835,1.20,1.90
2010.05.24 16:26:55.862,1.8341,1.83495,1.00,1.20
2010.05.24 16:26:56.196,1.83415,1.83495,1.00,1.90
2010.05.24 16:26:57.714,1.83405,1.83495,1.20,1.90
2010.05.24 16:26:58.947,1.834,1.83485,6.00,1.90
2010.05.24 16:26:59.448,1.834,1.83485,1.20,1.90
2010.05.24 16:26:59.610,1.83415,1.83485,1.20,1.00
2010.05.24 16:27:00.108,1.83415,1.835,1.20,1.90
2010.05.24 16:27:10.379,1.83415,1.83495,1.20,1.00
2010.05.24 16:27:10.727,1.83405,1.83495,3.60,1.90
2010.05.24 16:27:13.216,1.83405,1.83495,4.30,1.20
2010.05.24 16:27:28.440,1.83415,1.83495,1.00,1.20
2010.05.24 16:27:28.507,1.83425,1.83495,1.00,1.20
2010.05.24 16:27:28.717,1.83425,1.8351,1.00,1.20
2010.05.24 16:27:28.989,1.83415,1.835,3.60,1.90
2010.05.24 16:27:29.057,1.83415,1.835,1.20,1.90
2010.05.24 16:27:35.168,1.83405,1.83485,1.20,1.00
2010.05.24 16:27:35.197,1.834,1.83485,1.20,1.90
2010.05.24 16:27:36.388,1.83405,1.83495,4.30,1.20
2010.05.24 16:27:37.784,1.83405,1.83485,1.00,1.20
2010.05.24 16:27:38.051,1.8342,1.83495,1.00,4.30
2010.05.24 16:27:38.531,1.8341,1.83485,1.00,3.00
2010.05.24 16:27:38.870,1.83395,1.8348,4.90,1.90
2010.05.24 16:27:39.208,1.83415,1.835,1.20,2.40
2010.05.24 16:27:39.549,1.8344,1.83515,1.20,1.00
2010.05.24 16:27:39.888,1.83435,1.8352,1.00,1.20
2010.05.24 16:27:40.226,1.8344,1.83525,1.20,1.90
2010.05.24 16:27:42.278,1.8344,1.83525,6.70,1.30
2010.05.24 16:27:42.497,1.83445,1.83525,1.20,1.00
2010.05.24 16:27:42.784,1.83445,1.83525,3.60,1.00
2010.05.24 16:27:43.430,1.83445,1.83535,3.60,1.90
2010.05.24 16:27:43.641,1.83455,1.8354,1.90,1.20
2010.05.24 16:27:43.914,1.83455,1.8354,4.30,1.20
2010.05.24 16:27:44.263,1.83475,1.83545,1.20,1.00
2010.05.24 16:27:46.372,1.8347,1.83535,1.90,1.00
2010.05.24 16:27:46.722,1.8346,1.83545,1.20,1.40
2010.05.24 16:27:47.589,1.8346,1.83535,1.20,1.00
2010.05.24 16:27:47.926,1.8346,1.83535,3.60,1.00
2010.05.24 16:27:48.708,1.83455,1.83535,2.40,1.00
2010.05.24 16:27:49.000,1.83455,1.83535,1.20,1.30
2010.05.24 16:27:50.879,1.83455,1.83535,1.20,1.20
2010.05.24 16:28:08.106,1.83455,1.83535,3.60,1.20
2010.05.24 16:28:12.888,1.83455,1.83535,1.20,1.20
2010.05.24 16:28:16.147,1.83445,1.8353,6.00,1.20
2010.05.24 16:28:16.420,1.8345,1.8353,1.00,1.20
2010.05.24 16:28:16.697,1.83455,1.83535,1.20,1.20
2010.05.24 16:28:18.426,1.83455,1.83535,3.60,1.20
2010.05.24 16:28:18.646,1.83455,1.83535,6.00,1.20
2010.05.24 16:28:19.129,1.83455,1.83535,1.20,1.20
2010.05.24 16:28:19.556,1.83455,1.83535,6.00,1.20
2010.05.24 16:28:19.796,1.83455,1.83535,3.60,1.20
2010.05.24 16:28:21.299,1.83455,1.83535,1.20,1.20
2010.05.24 16:28:21.925,1.83455,1.83535,3.60,1.20
2010.05.24 16:28:22.497,1.83455,1.83535,1.20,1.20
2010.05.24 16:28:22.888,1.83455,1.83535,3.60,1.20
2010.05.24 16:28:24.597,1.83455,1.83535,3.60,2.00
2010.05.24 16:28:24.716,1.83445,1.8353,6.00,1.20
2010.05.24 16:28:24.956,1.8345,1.8353,2.40,1.20
2010.05.24 16:28:25.425,1.83445,1.8353,6.00,1.20
2010.05.24 16:28:25.887,1.8345,1.8353,2.40,1.20
2010.05.24 16:28:26.656,1.83445,1.8353,6.00,1.20
2010.05.24 16:28:28.747,1.83445,1.8352,4.80,1.20
2010.05.24 16:28:29.202,1.8344,1.8352,1.20,1.20
2010.05.24 16:28:30.868,1.83455,1.8352,2.40,1.20
2010.05.24 16:28:31.162,1.83455,1.83525,2.40,1.00
2010.05.24 16:28:31.449,1.83455,1.83535,1.20,1.20
2010.05.24 16:28:32.036,1.83455,1.83535,6.00,1.20
2010.05.24 16:28:33.047,1.83455,1.83535,3.60,1.20
2010.05.24 16:28:33.297,1.83455,1.83535,1.20,1.20
2010.05.24 16:28:36.107,1.83455,1.83535,3.60,1.20
2010.05.24 16:28:38.987,1.83455,1.83535,1.90,1.20
2010.05.24 16:28:39.204,1.8346,1.8354,1.20,1.00
2010.05.24 16:28:39.260,1.8346,1.83545,1.20,1.40
2010.05.24 16:28:39.356,1.8346,1.83545,1.20,1.20
2010.05.24 16:28:39.457,1.8346,1.83525,1.20,1.00
2010.05.24 16:28:39.606,1.8345,1.83525,1.00,1.00
2010.05.24 16:28:39.836,1.83455,1.8353,1.00,1.00
2010.05.24 16:28:40.178,1.83445,1.8352,1.90,1.00
2010.05.24 16:28:47.104,1.83455,1.83525,1.00,1.40
2010.05.24 16:28:47.230,1.8346,1.83535,1.90,1.00
2010.05.24 16:28:51.983,1.8347,1.83545,1.00,1.00
2010.05.24 16:28:52.386,1.8347,1.83535,1.00,1.00
2010.05.24 16:28:58.451,1.83475,1.83545,1.00,1.00
2010.05.24 16:28:58.698,1.83475,1.83545,1.90,1.00
2010.05.24 16:29:00.109,1.83475,1.8355,1.90,1.00
2010.05.24 16:29:06.296,1.83475,1.83525,1.20,1.00
2010.05.24 16:29:06.519,1.83445,1.8351,1.20,1.00
2010.05.24 16:29:06.737,1.83435,1.8351,1.90,1.00
2010.05.24 16:29:07.168,1.83425,1.83495,1.00,1.00
2010.05.24 16:29:07.386,1.83425,1.83495,1.00,1.00
2010.05.24 16:29:08.367,1.8342,1.83495,1.90,1.00
2010.05.24 16:29:08.979,1.8343,1.83505,1.00,1.00
2010.05.24 16:29:10.441,1.83415,1.8349,1.00,1.00
2010.05.24 16:29:12.967,1.83415,1.8349,1.00,1.00
2010.05.24 16:29:16.149,1.83415,1.8349,1.00,1.00
2010.05.24 16:29:17.113,1.83415,1.83485,1.00,1.00
2010.05.24 16:29:17.369,1.8341,1.8345,1.20,1.00
2010.05.24 16:29:17.448,1.834,1.8345,2.40,1.00
2010.05.24 16:29:17.527,1.834,1.8345,1.00,1.00
2010.05.24 16:29:17.918,1.834,1.83465,1.00,1.00
2010.05.24 16:29:18.156,1.834,1.83475,1.00,1.00
2010.05.24 16:29:46.236,1.8341,1.83485,1.00,2.00
2010.05.24 16:29:46.436,1.8341,1.83485,1.00,1.00
2010.05.24 16:29:54.387,1.83375,1.83435,1.00,1.00
2010.05.24 16:29:54.461,1.8341,1.83455,1.20,2.40
2010.05.24 16:29:54.570,1.83395,1.83455,1.90,2.40
2010.05.24 16:29:54.911,1.83395,1.83475,1.90,1.00
2010.05.24 16:29:55.248,1.83395,1.83485,1.90,1.90
2010.05.24 16:29:56.737,1.83395,1.83485,2.00,1.90
2010.05.24 16:29:59.298,1.834,1.8349,1.20,4.80
2010.05.24 16:29:59.379,1.834,1.83495,1.20,6.50
2010.05.24 16:29:59.594,1.83395,1.83485,2.00,1.20
2010.05.24 16:29:59.678,1.83395,1.83485,2.00,1.90
2010.05.24 16:30:01.292,1.83395,1.8348,1.20,1.00
2010.05.24 16:30:01.483,1.8338,1.83455,1.20,1.00
2010.05.24 16:30:01.671,1.83375,1.83455,1.00,1.90
2010.05.24 16:30:02.080,1.83395,1.8347,1.00,1.00
2010.05.24 16:30:02.417,1.834,1.83475,1.00,1.00
2010.05.24 16:30:03.146,1.83405,1.8349,1.00,5.40
2010.05.24 16:30:03.489,1.83385,1.8347,1.00,1.90
2010.05.24 16:30:04.339,1.8338,1.8347,1.90,1.90
2010.05.24 16:30:05.409,1.83385,1.8347,1.00,1.20
2010.05.24 16:30:05.640,1.83395,1.83475,1.20,1.20
2010.05.24 16:30:09.849,1.83395,1.8348,1.20,1.00
2010.05.24 16:30:09.928,1.83395,1.83485,1.90,2.00
2010.05.24 16:30:12.396,1.83395,1.83485,1.90,1.90
2010.05.24 16:30:12.587,1.83395,1.83485,4.30,2.00
2010.05.24 16:30:12.766,1.83395,1.83485,1.90,2.00
2010.05.24 16:30:18.187,1.834,1.83485,1.00,1.30
2010.05.24 16:30:18.279,1.8341,1.83485,1.20,1.00
2010.05.24 16:30:18.370,1.8341,1.8349,1.20,1.20
2010.05.24 16:30:19.878,1.8341,1.8349,1.90,1.20
2010.05.24 16:30:20.119,1.8341,1.83495,1.90,1.00
2010.05.24 16:30:21.577,1.8341,1.83475,1.20,1.00
2010.05.24 16:30:21.938,1.83385,1.8348,1.90,1.90
2010.05.24 16:30:22.247,1.83385,1.83465,1.00,1.20
2010.05.24 16:30:22.436,1.83375,1.83455,1.00,1.00
2010.05.24 16:30:23.971,1.83365,1.83455,1.00,1.00
2010.05.24 16:30:24.246,1.83375,1.83455,1.00,1.00
2010.05.24 16:30:26.642,1.83375,1.8346,1.40,2.40
2010.05.24 16:30:26.811,1.83375,1.83465,1.40,1.00
2010.05.24 16:30:26.968,1.8338,1.8347,1.00,1.00
2010.05.24 16:30:27.348,1.83375,1.83465,1.40,1.00
2010.05.24 16:30:27.509,1.8338,1.8347,1.00,1.00
2010.05.24 16:30:39.802,1.83375,1.83465,1.20,2.00
2010.05.24 16:30:39.840,1.83375,1.83455,1.20,1.00
2010.05.24 16:30:39.890,1.83365,1.83455,5.40,1.00
2010.05.24 16:30:39.978,1.83365,1.83455,3.00,1.00
2010.05.24 16:30:40.009,1.83365,1.83455,1.00,1.00
2010.05.24 16:30:42.213,1.83375,1.83465,1.20,1.90
2010.05.24 16:30:43.503,1.83375,1.83465,1.40,1.90
2010.05.24 16:30:49.441,1.83385,1.8348,2.00,1.90
2010.05.24 16:30:55.646,1.83395,1.8348,1.00,1.90
2010.05.24 16:30:55.776,1.83395,1.83485,1.00,5.90
2010.05.24 16:30:55.907,1.83385,1.8348,2.00,1.90
2010.05.24 16:30:59.849,1.83385,1.83475,1.00,1.20
2010.05.24 16:31:00.117,1.83385,1.83475,1.00,1.90
2010.05.24 16:31:03.706,1.83385,1.83465,1.00,1.00
2010.05.24 16:31:03.808,1.83375,1.83465,3.80,1.90
2010.05.24 16:31:04.017,1.83375,1.83465,1.40,1.90
2010.05.24 16:31:04.997,1.83385,1.83465,1.00,1.20
2010.05.24 16:31:05.337,1.83385,1.83475,1.00,4.30
2010.05.24 16:31:06.758,1.83385,1.83475,1.00,4.30
2010.05.24 16:31:11.278,1.83385,1.83475,1.00,1.90
2010.05.24 16:31:12.488,1.83395,1.8348,1.00,1.90
2010.05.24 16:31:13.208,1.83385,1.8348,1.90,1.90
2010.05.24 16:31:13.531,1.83385,1.8348,2.00,1.20
2010.05.24 16:31:13.852,1.83395,1.8349,1.00,4.30
2010.05.24 16:31:15.067,1.83405,1.8349,1.90,2.40
2010.05.24 16:31:22.370,1.83405,1.83485,1.90,1.00
2010.05.24 16:31:22.700,1.83405,1.8349,1.90,2.40
2010.05.24 16:31:25.722,1.8342,1.8349,1.00,2.40
2010.05.24 16:31:25.922,1.8342,1.83495,1.00,1.00
2010.05.24 16:31:27.200,1.8343,1.83505,1.20,1.00
2010.05.24 16:31:28.143,1.8343,1.83495,1.20,1.00
2010.05.24 16:31:28.452,1.83435,1.83495,1.00,1.00
2010.05.24 16:31:30.019,1.83435,1.83515,1.00,1.00
2010.05.24 16:31:30.250,1.83435,1.83495,1.00,1.00
2010.05.24 16:31:32.392,1.83435,1.83485,1.00,1.00
2010.05.24 16:31:32.669,1.8343,1.83495,1.20,1.00
2010.05.24 16:31:33.210,1.83435,1.83495,1.00,1.00
2010.05.24 16:31:34.411,1.8343,1.83485,1.20,1.00
2010.05.24 16:31:35.767,1.8343,1.83475,1.20,1.00
2010.05.24 16:31:36.577,1.8343,1.83495,1.20,1.00
2010.05.24 16:32:00.977,1.83425,1.83495,1.00,1.00
2010.05.24 16:32:01.325,1.8342,1.83485,1.00,1.00
2010.05.24 16:32:01.987,1.83435,1.83495,1.00,1.00
2010.05.24 16:32:12.797,1.83435,1.83505,1.00,1.00
2010.05.24 16:32:12.937,1.83435,1.83505,1.00,1.00
2010.05.24 16:32:13.077,1.83415,1.8349,1.00,3.00
2010.05.24 16:32:17.922,1.83415,1.83475,1.00,1.00
2010.05.24 16:32:17.989,1.83415,1.83485,1.00,1.00
2010.05.24 16:32:18.920,1.834,1.83465,1.00,1.00
2010.05.24 16:32:19.246,1.8339,1.83455,1.20,1.00
2010.05.24 16:32:19.531,1.8338,1.83455,1.90,1.00
2010.05.24 16:32:19.821,1.8339,1.83465,1.00,5.40
2010.05.24 16:32:20.160,1.83375,1.8345,1.00,3.00
2010.05.24 16:32:21.550,1.8338,1.8345,1.90,2.40
2010.05.24 16:32:21.960,1.83375,1.8345,1.00,3.00
2010.05.24 16:32:22.230,1.83375,1.8345,1.00,3.00
2010.05.24 16:32:23.037,1.83375,1.8345,1.00,3.00
2010.05.24 16:32:31.547,1.83375,1.8345,1.00,1.00
2010.05.24 16:32:33.518,1.83375,1.8345,1.00,3.00
2010.05.24 16:32:41.287,1.83375,1.8345,1.00,1.00
2010.05.24 16:32:44.138,1.8338,1.83455,1.00,6.70
2010.05.24 16:32:44.226,1.8338,1.83455,1.90,5.40
2010.05.24 16:32:44.317,1.8338,1.83455,1.90,1.00
2010.05.24 16:32:46.838,1.8338,1.8345,1.20,1.00
2010.05.24 16:32:47.113,1.83375,1.8345,1.00,1.00
2010.05.24 16:32:50.308,1.83385,1.83455,1.20,5.50
2010.05.24 16:32:50.516,1.8338,1.83455,1.90,3.10
2010.05.24 16:32:50.628,1.8338,1.83455,1.90,1.00
2010.05.24 16:32:50.738,1.83385,1.83455,1.20,1.00
2010.05.24 16:32:51.058,1.8339,1.83465,1.00,5.40
2010.05.24 16:32:51.173,1.8338,1.83455,1.90,1.00
2010.05.24 16:32:57.299,1.8337,1.8344,1.00,1.00
2010.05.24 16:33:05.000,1.83375,1.83445,1.00,6.00
2010.05.24 16:33:05.272,1.83375,1.8345,1.00,1.00
2010.05.24 16:33:15.817,1.8338,1.83455,1.90,1.00
2010.05.24 16:33:15.930,1.8339,1.83455,1.00,1.00
2010.05.24 16:33:18.250,1.83385,1.8345,1.20,1.00
2010.05.24 16:33:18.698,1.83375,1.8345,1.00,1.00
2010.05.24 16:33:24.477,1.83375,1.83445,1.00,1.00
2010.05.24 16:33:24.813,1.8337,1.83435,1.00,1.00
2010.05.24 16:33:37.466,1.8337,1.8344,1.00,1.00
2010.05.24 16:33:37.527,1.83365,1.83435,1.20,1.00
2010.05.24 16:33:37.717,1.8336,1.83435,1.00,1.00
2010.05.24 16:33:40.665,1.8337,1.8344,1.00,1.00
2010.05.24 16:33:49.452,1.8337,1.83435,1.00,1.00
2010.05.24 16:33:51.036,1.8337,1.8344,1.00,1.00
2010.05.24 16:33:53.547,1.8337,1.83425,1.00,1.00
2010.05.24 16:33:53.797,1.8337,1.83435,1.00,1.00
2010.05.24 16:34:02.769,1.8337,1.8344,1.00,1.00
2010.05.24 16:34:03.182,1.8337,1.83435,1.00,1.00
2010.05.24 16:34:04.557,1.8337,1.8344,1.00,1.00
2010.05.24 16:34:06.765,1.8337,1.83435,1.00,1.00
2010.05.24 16:34:07.213,1.83355,1.83425,1.00,1.00
2010.05.24 16:34:07.460,1.8336,1.83435,1.00,1.00
2010.05.24 16:34:07.703,1.8335,1.83425,1.90,1.00
2010.05.24 16:34:08.277,1.8335,1.83425,1.90,1.00
2010.05.24 16:34:08.618,1.8335,1.83425,1.90,1.00
2010.05.24 16:34:08.958,1.8335,1.83425,1.90,1.00
2010.05.24 16:34:10.259,1.8336,1.83425,1.00,1.00
2010.05.24 16:34:11.738,1.8335,1.83425,1.90,1.00
2010.05.24 16:34:13.120,1.8336,1.83425,1.00,1.00
2010.05.24 16:34:14.090,1.8336,1.83435,1.00,3.00
2010.05.24 16:34:17.751,1.8335,1.83425,1.90,1.00
2010.05.24 16:34:19.169,1.8336,1.83425,1.20,1.00
2010.05.24 16:34:19.656,1.8335,1.83425,1.90,1.00
2010.05.24 16:34:19.999,1.8335,1.83425,1.90,3.20
2010.05.24 16:34:20.337,1.8335,1.83425,1.90,3.00
2010.05.24 16:34:22.227,1.8335,1.8341,1.20,1.00
2010.05.24 16:34:22.458,1.83335,1.8341,2.00,1.00
2010.05.24 16:34:22.687,1.83335,1.8341,1.90,1.00
2010.05.24 16:34:22.921,1.8333,1.83405,1.00,1.00
2010.05.24 16:34:23.186,1.83335,1.83405,1.20,1.00
2010.05.24 16:34:23.439,1.8334,1.83415,1.00,2.80
2010.05.24 16:34:23.886,1.83345,1.8342,1.90,2.40
2010.05.24 16:34:24.232,1.8334,1.83415,1.00,1.00
2010.05.24 16:34:25.127,1.83355,1.83425,1.00,4.80
2010.05.24 16:34:25.472,1.83355,1.8343,1.00,1.00
2010.05.24 16:34:26.870,1.83355,1.8343,1.00,1.00
2010.05.24 16:34:27.619,1.83355,1.8343,1.00,1.00
2010.05.24 16:34:31.267,1.8335,1.83425,1.00,1.00
2010.05.24 16:34:41.468,1.83355,1.8343,1.00,1.00
2010.05.24 16:34:44.959,1.8336,1.83445,1.00,1.00
2010.05.24 16:34:45.097,1.8336,1.8345,1.00,4.80
2010.05.24 16:34:57.690,1.8336,1.83435,1.00,2.40
2010.05.24 16:34:59.100,1.8336,1.8344,1.00,2.40
2010.05.24 16:34:59.326,1.8336,1.8345,1.00,4.80
2010.05.24 16:35:00.060,1.8336,1.83445,1.00,1.00
2010.05.24 16:35:01.591,1.8336,1.83445,1.00,2.80
2010.05.24 16:35:01.696,1.8336,1.83445,1.00,2.40
2010.05.24 16:35:02.037,1.8336,1.83445,1.00,4.80
2010.05.24 16:35:02.947,1.83355,1.8344,1.00,2.40
2010.05.24 16:35:05.168,1.83355,1.8344,1.00,4.80
2010.05.24 16:35:05.549,1.8336,1.8344,1.00,2.40
2010.05.24 16:35:05.842,1.8337,1.83445,1.00,1.00
2010.05.24 16:35:06.181,1.83375,1.8346,1.00,2.80
2010.05.24 16:35:06.518,1.83375,1.8346,1.00,2.40
2010.05.24 16:35:08.837,1.8337,1.83455,1.90,4.90
2010.05.24 16:35:09.160,1.8337,1.83455,1.00,4.90
2010.05.24 16:35:09.298,1.8337,1.83455,1.00,5.30
2010.05.24 16:35:10.047,1.83365,1.83445,1.20,1.00
2010.05.24 16:35:10.339,1.83355,1.8344,1.00,4.80
2010.05.24 16:35:12.717,1.83355,1.8344,1.00,4.80
2010.05.24 16:35:12.898,1.8337,1.8345,1.00,2.40
2010.05.24 16:35:13.389,1.83375,1.83455,1.20,4.80
2010.05.24 16:35:13.731,1.8337,1.83455,1.00,4.90
2010.05.24 16:35:14.196,1.8337,1.83455,1.00,5.30
2010.05.24 16:35:14.538,1.8337,1.83455,1.00,5.20
2010.05.24 16:35:15.437,1.8337,1.83455,1.00,5.30
2010.05.24 16:35:16.512,1.8337,1.83445,1.00,1.00
2010.05.24 16:35:16.829,1.8336,1.83445,1.00,1.00
2010.05.24 16:35:17.147,1.8336,1.83445,1.00,1.00
2010.05.24 16:35:20.270,1.8336,1.83445,1.00,1.00
2010.05.24 16:35:20.433,1.83385,1.83445,1.00,1.00
2010.05.24 16:35:20.587,1.83385,1.8345,1.00,5.20
2010.05.24 16:35:20.958,1.83385,1.83465,1.00,1.00
2010.05.24 16:35:22.950,1.8337,1.83445,1.00,1.00
2010.05.24 16:35:23.241,1.8336,1.83445,1.00,1.00
2010.05.24 16:35:26.167,1.8336,1.83445,1.00,2.40
2010.05.24 16:35:30.359,1.8337,1.83445,1.00,2.40
2010.05.24 16:35:30.734,1.83375,1.83455,1.00,2.50
2010.05.24 16:35:31.074,1.8337,1.83455,1.00,4.90
2010.05.24 16:35:33.437,1.8337,1.83455,1.00,4.80
2010.05.24 16:35:33.637,1.83365,1.83455,1.20,4.80
2010.05.24 16:35:33.837,1.83375,1.83445,1.20,1.00
2010.05.24 16:35:34.038,1.8336,1.83445,1.00,1.00
2010.05.24 16:35:34.441,1.83355,1.8344,1.00,2.40
2010.05.24 16:35:34.779,1.83355,1.83435,1.90,2.40
2010.05.24 16:35:35.118,1.83355,1.8345,1.90,4.80
2010.05.24 16:35:35.513,1.83355,1.83445,1.90,2.40
2010.05.24 16:35:37.935,1.83355,1.83445,2.00,2.40
2010.05.24 16:35:38.066,1.83355,1.83445,1.90,2.40
2010.05.24 16:35:38.196,1.83355,1.83445,2.00,2.40
2010.05.24 16:35:39.157,1.83355,1.8345,2.00,4.80
2010.05.24 16:35:39.704,1.8344,1.83465,1.00,1.00
2010.05.24 16:35:39.818,1.83465,1.83535,4.80,1.40
2010.05.24 16:35:39.941,1.83485,1.83555,1.20,1.00
2010.05.24 16:35:40.169,1.8348,1.83555,1.20,2.50
2010.05.24 16:35:40.290,1.83485,1.83555,1.00,2.50
2010.05.24 16:35:40.735,1.83485,1.83555,1.00,2.40
2010.05.24 16:35:41.082,1.83485,1.83545,1.00,1.00
2010.05.24 16:35:42.820,1.83485,1.83535,1.00,1.00
2010.05.24 16:35:42.960,1.83485,1.83555,1.00,2.50
2010.05.24 16:35:44.280,1.83485,1.83555,1.00,2.40
2010.05.24 16:35:44.619,1.83485,1.83545,1.00,1.00
2010.05.24 16:35:45.278,1.83485,1.83525,1.00,1.00
2010.05.24 16:35:46.268,1.8348,1.83525,1.20,1.00
2010.05.24 16:35:46.608,1.83485,1.83525,1.00,1.00
2010.05.24 16:35:50.989,1.83485,1.83555,1.00,1.00
2010.05.24 16:35:51.204,1.8348,1.83555,1.20,1.00
2010.05.24 16:35:51.398,1.83475,1.83545,1.00,1.00
2010.05.24 16:36:03.508,1.83475,1.8355,1.00,1.00
2010.05.24 16:36:03.741,1.83475,1.83545,1.00,1.00
2010.05.24 16:36:05.088,1.83485,1.83555,1.00,1.00
2010.05.24 16:36:07.385,1.83485,1.83545,1.00,1.00
2010.05.24 16:36:07.640,1.8347,1.83535,1.00,1.00
2010.05.24 16:36:07.900,1.83475,1.83545,1.00,1.00
2010.05.24 16:36:09.828,1.83475,1.8355,1.00,1.00
2010.05.24 16:36:10.102,1.8348,1.83555,1.90,2.50
2010.05.24 16:36:10.173,1.8349,1.83565,1.00,3.20
2010.05.24 16:36:10.298,1.8349,1.83565,1.00,1.00
2010.05.24 16:36:10.548,1.83495,1.83565,1.00,1.00
2010.05.24 16:36:10.821,1.83495,1.83565,1.00,1.00
2010.05.24 16:36:11.165,1.8349,1.83555,1.00,1.00
2010.05.24 16:36:11.512,1.83485,1.83555,1.00,1.00
2010.05.24 16:36:12.189,1.83475,1.83545,1.00,1.00
2010.05.24 16:36:14.266,1.83475,1.8355,1.00,1.00
2010.05.24 16:36:14.490,1.83475,1.83545,1.00,1.00
2010.05.24 16:36:17.328,1.83485,1.83555,1.00,2.50
2010.05.24 16:36:17.581,1.83485,1.83555,1.00,1.00
2010.05.24 16:36:18.068,1.83485,1.8356,1.00,6.70
2010.05.24 16:36:18.319,1.8349,1.8356,1.00,1.00
2010.05.24 16:36:18.569,1.8351,1.83565,1.00,1.00
2010.05.24 16:36:18.817,1.8351,1.83575,1.00,1.00
2010.05.24 16:36:19.380,1.8351,1.83585,1.00,3.20
2010.05.24 16:36:21.208,1.83505,1.83575,1.00,1.00
2010.05.24 16:36:21.848,1.83505,1.8358,1.00,1.00
2010.05.24 16:36:22.169,1.83505,1.8359,1.00,1.00
2010.05.24 16:36:22.489,1.83515,1.83605,1.00,1.00
2010.05.24 16:36:22.809,1.835,1.8359,1.90,6.00
2010.05.24 16:36:25.075,1.83505,1.8359,1.00,6.00
2010.05.24 16:36:25.306,1.8352,1.83595,1.00,1.00
2010.05.24 16:36:25.535,1.83515,1.83585,1.20,1.00
2010.05.24 16:36:25.776,1.8352,1.83595,1.00,3.00
2010.05.24 16:36:26.000,1.8352,1.83585,1.00,1.00
2010.05.24 16:36:26.447,1.8351,1.8358,1.20,1.00
2010.05.24 16:36:26.793,1.83505,1.8358,1.00,1.00
2010.05.24 16:36:27.143,1.8348,1.83545,1.00,1.20
2010.05.24 16:36:27.492,1.83485,1.83565,1.20,1.00
2010.05.24 16:36:27.830,1.83495,1.8357,1.00,1.90
2010.05.24 16:36:28.380,1.83505,1.8358,1.00,5.20
2010.05.24 16:36:28.719,1.835,1.8357,1.00,2.40
2010.05.24 16:36:29.059,1.8351,1.83575,1.00,1.00
2010.05.24 16:36:29.576,1.83515,1.83585,1.00,1.00
2010.05.24 16:36:30.991,1.83515,1.83575,1.00,1.00
2010.05.24 16:36:31.259,1.83485,1.83555,1.00,1.00
2010.05.24 16:36:32.619,1.8354,1.8358,1.00,1.00
2010.05.24 16:36:32.959,1.83545,1.8359,1.00,2.40
2010.05.24 16:36:33.299,1.83515,1.83595,2.40,2.40
2010.05.24 16:36:33.508,1.83495,1.8359,1.00,2.40
2010.05.24 16:36:35.319,1.83495,1.83585,1.00,1.00
2010.05.24 16:36:39.678,1.83505,1.8359,1.00,2.40
2010.05.24 16:36:39.857,1.83505,1.83595,1.00,1.00
2010.05.24 16:36:44.185,1.83505,1.83585,1.00,1.00
2010.05.24 16:36:44.500,1.83505,1.83595,1.00,1.00
2010.05.24 16:36:47.048,1.83505,1.83595,1.00,2.50
2010.05.24 16:36:47.617,1.83505,1.8359,1.00,2.40
2010.05.24 16:36:47.698,1.83505,1.83595,1.00,2.50
2010.05.24 16:36:47.777,1.83505,1.8359,1.00,2.40
2010.05.24 16:36:48.499,1.83505,1.83595,1.00,2.50
2010.05.24 16:36:49.347,1.83505,1.83595,1.00,4.90
2010.05.24 16:36:50.591,1.8353,1.83595,1.00,4.90
2010.05.24 16:36:51.028,1.8353,1.83595,1.00,2.50
2010.05.24 16:36:52.607,1.8353,1.83595,1.00,4.90
2010.05.24 16:36:53.398,1.83525,1.83585,1.00,1.00
2010.05.24 16:36:53.480,1.8349,1.83585,3.00,1.00
2010.05.24 16:36:53.560,1.8349,1.83585,1.00,1.00
2010.05.24 16:36:53.884,1.8349,1.83585,1.90,4.90
2010.05.24 16:36:53.965,1.8349,1.83585,5.40,1.00
2010.05.24 16:36:54.177,1.8349,1.83585,1.00,4.90
2010.05.24 16:36:55.248,1.83495,1.83585,1.00,1.00
2010.05.24 16:36:55.588,1.8349,1.83585,1.60,1.00
2010.05.24 16:36:55.981,1.8349,1.83585,1.00,4.90
2010.05.24 16:36:59.347,1.8349,1.83585,1.00,2.50
2010.05.24 16:36:59.526,1.8349,1.83585,1.00,1.00
2010.05.24 16:37:00.056,1.8349,1.83585,1.00,4.90
2010.05.24 16:37:01.259,1.8349,1.83585,1.00,4.90
2010.05.24 16:37:01.538,1.83485,1.83575,1.00,1.00
2010.05.24 16:37:01.678,1.8349,1.83585,1.00,4.90
2010.05.24 16:37:02.588,1.8349,1.83585,3.00,2.50
2010.05.24 16:37:02.928,1.8349,1.83585,5.40,1.00
2010.05.24 16:37:03.268,1.8349,1.83585,1.00,2.50
2010.05.24 16:37:03.626,1.8349,1.83585,1.00,4.90
2010.05.24 16:37:04.968,1.8349,1.83585,1.00,1.00
2010.05.24 16:37:05.207,1.8349,1.83585,1.00,4.90
2010.05.24 16:37:07.907,1.8349,1.83585,1.00,1.00
2010.05.24 16:37:08.157,1.8349,1.83585,1.00,4.90
2010.05.24 16:37:08.417,1.8349,1.83585,1.00,1.00
2010.05.24 16:37:10.867,1.8349,1.83585,1.00,2.50
2010.05.24 16:37:11.227,1.8349,1.83585,1.00,1.00
2010.05.24 16:37:12.849,1.8349,1.83585,1.00,2.50
2010.05.24 16:37:12.928,1.8349,1.8358,1.00,2.40
2010.05.24 16:37:13.338,1.8349,1.8358,1.00,4.80
2010.05.24 16:37:13.460,1.8349,1.8358,1.00,2.40
2010.05.24 16:37:13.700,1.8349,1.8358,1.00,4.80
2010.05.24 16:37:18.308,1.83495,1.83585,1.90,1.00
2010.05.24 16:37:18.558,1.8349,1.8358,1.00,4.80
2010.05.24 16:37:18.807,1.8349,1.8358,1.00,2.40
2010.05.24 16:37:19.057,1.8349,1.83585,1.00,4.90
2010.05.24 16:37:19.346,1.8349,1.8358,1.00,2.40
2010.05.24 16:37:19.768,1.8349,1.8358,1.00,4.80
2010.05.24 16:37:19.917,1.8349,1.8358,1.00,2.40
2010.05.24 16:37:26.952,1.8349,1.83585,1.00,5.30
2010.05.24 16:37:26.970,1.8349,1.83585,1.00,2.90
2010.05.24 16:37:27.111,1.8349,1.83585,1.00,5.30
2010.05.24 16:37:27.319,1.8349,1.83585,1.00,2.90
2010.05.24 16:37:27.586,1.8349,1.83585,1.00,5.30
2010.05.24 16:37:27.907,1.8349,1.83585,1.00,2.90
2010.05.24 16:37:28.086,1.8349,1.83585,1.00,1.00
2010.05.24 16:37:28.518,1.8349,1.83585,1.00,2.90
2010.05.24 16:37:28.696,1.8349,1.83585,1.00,5.30
2010.05.24 16:37:30.477,1.8349,1.83585,1.00,1.00
2010.05.24 16:37:33.243,1.83485,1.83575,1.00,4.30
2010.05.24 16:37:33.371,1.835,1.83575,1.00,2.50
2010.05.24 16:37:33.500,1.835,1.83585,1.00,4.90
2010.05.24 16:37:33.839,1.83495,1.8357,1.00,6.70
2010.05.24 16:37:33.973,1.8348,1.83545,1.00,6.00
2010.05.24 16:37:34.098,1.8347,1.8354,1.00,1.00
2010.05.24 16:37:34.228,1.8347,1.83535,1.00,1.20
2010.05.24 16:37:34.571,1.8346,1.8354,1.20,1.00
2010.05.24 16:37:34.984,1.8347,1.8354,1.00,1.00
2010.05.24 16:37:35.348,1.8346,1.83535,1.00,1.00
2010.05.24 16:37:35.494,1.8346,1.83535,1.00,3.00
2010.05.24 16:37:35.641,1.83455,1.83525,1.00,1.00
2010.05.24 16:37:42.951,1.8346,1.83535,1.00,3.00
2010.05.24 16:37:43.559,1.83455,1.83525,1.00,1.00
2010.05.24 16:37:44.767,1.83455,1.83525,1.00,1.00
2010.05.24 16:37:45.087,1.83455,1.83525,1.00,3.00
2010.05.24 16:37:45.408,1.83455,1.83525,1.00,3.00
2010.05.24 16:37:45.728,1.83455,1.83525,1.00,1.00
2010.05.24 16:37:50.030,1.8347,1.8353,1.00,6.00
2010.05.24 16:37:50.409,1.8347,1.8354,1.00,1.00
2010.05.24 16:37:52.359,1.83455,1.83525,1.00,1.00
2010.05.24 16:37:53.081,1.83455,1.83525,1.00,1.00
2010.05.24 16:37:53.422,1.8346,1.8353,1.00,2.40
2010.05.24 16:37:53.772,1.8346,1.83535,1.00,3.00
2010.05.24 16:37:54.108,1.8346,1.83535,1.00,1.00
2010.05.24 16:37:54.718,1.8346,1.83535,1.00,3.00
2010.05.24 16:37:55.498,1.8346,1.83535,1.00,1.00
2010.05.24 16:37:56.221,1.8346,1.83535,1.00,3.00
2010.05.24 16:37:56.381,1.8346,1.83535,1.00,1.00
2010.05.24 16:37:56.721,1.8346,1.83535,1.00,3.00
2010.05.24 16:37:57.060,1.83455,1.8353,2.00,1.00
2010.05.24 16:37:57.602,1.83455,1.8353,1.90,1.00
2010.05.24 16:37:57.920,1.8346,1.83535,1.90,1.00
2010.05.24 16:37:58.240,1.8347,1.8354,1.00,1.00
2010.05.24 16:38:03.897,1.8346,1.83535,1.90,1.00
2010.05.24 16:38:04.129,1.8347,1.8354,1.00,1.00
2010.05.24 16:38:06.401,1.8348,1.83545,1.00,3.60
2010.05.24 16:38:06.669,1.8348,1.83545,1.00,6.00
2010.05.24 16:38:06.763,1.83475,1.8355,1.90,1.00
2010.05.24 16:38:07.110,1.83475,1.8355,1.00,3.00
2010.05.24 16:38:07.449,1.83475,1.8355,1.00,1.00
2010.05.24 16:38:14.345,1.83475,1.8355,1.00,3.00
2010.05.24 16:38:14.730,1.83475,1.8355,1.00,1.00
2010.05.24 16:38:33.219,1.83475,1.8355,1.00,1.00
2010.05.24 16:38:33.471,1.8348,1.83555,1.00,1.00
2010.05.24 16:38:35.013,1.83505,1.8358,1.00,5.80
2010.05.24 16:38:35.203,1.83505,1.8358,1.00,3.00
2010.05.24 16:38:39.057,1.83505,1.83575,1.00,1.20
2010.05.24 16:38:39.158,1.83505,1.83575,1.00,6.00
2010.05.24 16:38:39.267,1.83495,1.8357,1.00,1.00
2010.05.24 16:38:43.957,1.8348,1.83565,1.00,1.20
2010.05.24 16:38:44.287,1.8348,1.83575,1.00,6.70
2010.05.24 16:38:44.489,1.83485,1.8356,1.00,4.30
2010.05.24 16:38:44.832,1.8347,1.83545,1.00,1.00
2010.05.24 16:38:45.511,1.83465,1.83535,1.00,1.20
2010.05.24 16:38:45.850,1.83465,1.8354,1.00,3.00
2010.05.24 16:38:48.059,1.8347,1.8354,1.90,2.40
2010.05.24 16:38:48.289,1.8347,1.83545,1.90,3.00
2010.05.24 16:38:48.535,1.8347,1.83545,1.90,1.00
2010.05.24 16:38:49.723,1.8347,1.83545,1.90,5.40
2010.05.24 16:38:49.770,1.8347,1.83545,1.90,1.00
2010.05.24 16:38:54.826,1.83475,1.83545,1.00,1.00
2010.05.24 16:38:54.907,1.8348,1.8355,1.00,6.00
2010.05.24 16:38:54.947,1.8348,1.8355,1.00,4.80
2010.05.24 16:38:55.027,1.8348,1.83555,1.00,5.40
2010.05.24 16:38:55.308,1.83485,1.83555,1.00,4.80
2010.05.24 16:38:55.541,1.83485,1.8356,1.90,1.00
2010.05.24 16:38:55.771,1.8348,1.8356,1.00,4.80
2010.05.24 16:38:56.003,1.8349,1.83565,1.20,3.00
2010.05.24 16:38:56.333,1.8348,1.83565,1.00,3.00
2010.05.24 16:38:56.673,1.83495,1.83565,1.00,4.80
2010.05.24 16:38:57.018,1.83495,1.83565,1.00,2.40
2010.05.24 16:38:58.859,1.8349,1.8356,1.20,1.00
2010.05.24 16:38:59.028,1.83485,1.8356,1.90,1.00
2010.05.24 16:39:01.927,1.83495,1.83565,1.00,6.00
2010.05.24 16:39:02.308,1.83495,1.8357,1.00,5.40
2010.05.24 16:39:08.099,1.835,1.83575,1.90,3.00
2010.05.24 16:39:11.170,1.83515,1.83575,1.20,2.40
2010.05.24 16:39:11.513,1.83515,1.83585,1.90,1.00
2010.05.24 16:39:11.859,1.83525,1.83585,1.00,1.00
2010.05.24 16:39:12.960,1.83515,1.83585,1.20,1.00
2010.05.24 16:39:13.300,1.83525,1.83585,1.00,1.00
2010.05.24 16:39:15.261,1.83515,1.83585,1.20,1.00
2010.05.24 16:39:15.562,1.83525,1.83585,1.00,1.00
2010.05.24 16:39:16.669,1.83525,1.83595,1.00,4.80
2010.05.24 16:39:16.958,1.83525,1.83595,1.00,4.80
2010.05.24 16:39:17.278,1.83525,1.83595,1.00,4.90
2010.05.24 16:39:17.617,1.83515,1.83595,1.20,5.60
2010.05.24 16:39:17.941,1.83515,1.83585,1.90,1.00
2010.05.24 16:39:18.260,1.8351,1.83585,1.00,5.40
2010.05.24 16:39:24.049,1.83505,1.8358,1.00,1.00
2010.05.24 16:39:24.129,1.8352,1.83585,1.00,4.80
2010.05.24 16:39:24.208,1.8352,1.83585,1.00,2.40
2010.05.24 16:39:24.452,1.8352,1.8359,1.00,2.40
2010.05.24 16:39:24.499,1.8352,1.83595,1.00,1.00
2010.05.24 16:39:24.649,1.8352,1.83595,1.00,3.10
2010.05.24 16:39:25.400,1.8352,1.83595,1.00,1.00
2010.05.24 16:39:26.099,1.8352,1.83595,1.00,1.00
2010.05.24 16:39:26.301,1.83525,1.83605,1.00,1.00
2010.05.24 16:39:26.499,1.8353,1.83605,1.90,1.00
2010.05.24 16:39:26.957,1.8353,1.83595,1.90,1.00
2010.05.24 16:39:27.311,1.8352,1.83595,1.00,1.00
2010.05.24 16:39:27.669,1.8352,1.83595,1.00,1.00
2010.05.24 16:39:28.091,1.83515,1.83595,1.20,3.10
2010.05.24 16:39:28.432,1.8352,1.8359,1.00,4.80
2010.05.24 16:39:28.768,1.83545,1.83595,1.00,1.00
2010.05.24 16:39:29.108,1.83545,1.83595,1.20,1.00
2010.05.24 16:39:29.449,1.83545,1.83595,1.20,1.00
2010.05.24 16:39:29.790,1.83545,1.83595,1.20,1.00
2010.05.24 16:39:35.601,1.83545,1.8359,1.00,1.00
2010.05.24 16:39:35.942,1.83545,1.8359,1.00,3.00
2010.05.24 16:39:36.110,1.8353,1.8358,1.00,1.00
2010.05.24 16:39:36.528,1.8353,1.8358,1.20,1.00
2010.05.24 16:39:36.873,1.8357,1.83625,1.00,3.00
2010.05.24 16:39:37.222,1.8359,1.8364,1.00,1.00
2010.05.24 16:39:37.573,1.8359,1.8364,1.00,4.80
2010.05.24 16:39:37.924,1.836,1.8366,1.00,4.80
2010.05.24 16:39:38.271,1.836,1.83665,1.00,1.00
2010.05.24 16:39:38.808,1.83585,1.8365,1.00,5.40
2010.05.24 16:39:39.158,1.83595,1.8365,1.00,1.00
2010.05.24 16:39:41.357,1.8358,1.8365,1.00,1.00
2010.05.24 16:39:41.589,1.8357,1.83645,1.00,4.40
2010.05.24 16:39:41.954,1.83565,1.83635,1.00,1.00
2010.05.24 16:39:42.292,1.8359,1.83655,1.20,2.40
2010.05.24 16:39:42.630,1.83595,1.83695,1.90,4.90
2010.05.24 16:39:43.086,1.8359,1.83685,6.70,2.00
2010.05.24 16:39:43.432,1.836,1.8368,1.00,4.80
2010.05.24 16:39:45.629,1.83595,1.8368,1.00,4.80
2010.05.24 16:39:45.828,1.83595,1.83675,1.00,1.00
2010.05.24 16:39:46.077,1.8359,1.83675,1.60,1.00
2010.05.24 16:39:46.273,1.8359,1.83665,1.90,1.00
2010.05.24 16:39:46.657,1.8359,1.83675,1.90,1.00
2010.05.24 16:39:46.998,1.836,1.83665,1.90,1.00
2010.05.24 16:39:53.010,1.836,1.83685,1.90,2.50
2010.05.24 16:40:02.519,1.83585,1.83665,1.90,1.00
2010.05.24 16:40:16.368,1.83585,1.8367,1.90,2.40
2010.05.24 16:40:16.618,1.83585,1.83645,1.00,1.20
2010.05.24 16:40:16.870,1.8357,1.8364,1.00,1.00
2010.05.24 16:40:19.390,1.8357,1.83635,1.00,1.00
2010.05.24 16:40:20.368,1.8357,1.8364,1.00,1.00
2010.05.24 16:40:28.222,1.8357,1.83635,1.00,1.00
2010.05.24 16:40:35.387,1.83565,1.83635,1.20,3.20
2010.05.24 16:40:35.654,1.8356,1.83635,1.00,3.20
2010.05.24 16:40:38.298,1.8358,1.83635,1.00,2.50
2010.05.24 16:40:38.507,1.8357,1.83635,1.00,1.00
2010.05.24 16:40:38.917,1.8357,1.83625,1.00,1.00
2010.05.24 16:40:39.297,1.83555,1.83625,1.00,1.00
2010.05.24 16:40:39.643,1.8353,1.83605,1.00,1.00
2010.05.24 16:40:39.992,1.8353,1.83605,1.00,3.00
2010.05.24 16:40:42.737,1.8353,1.83605,1.00,1.00
2010.05.24 16:40:42.917,1.8353,1.83605,1.00,3.00
2010.05.24 16:40:43.291,1.8353,1.83605,1.00,1.00
2010.05.24 16:40:43.469,1.8353,1.83605,1.00,1.00
2010.05.24 16:40:43.951,1.8353,1.83605,1.00,3.00
2010.05.24 16:40:44.241,1.8353,1.83605,1.00,1.00
2010.05.24 16:40:44.530,1.8353,1.83605,1.00,3.00
2010.05.24 16:40:44.801,1.8353,1.83605,1.00,1.00
2010.05.24 16:40:49.051,1.8354,1.8361,1.00,3.00
2010.05.24 16:40:49.447,1.83545,1.83615,1.00,2.50
2010.05.24 16:40:49.554,1.83545,1.83615,1.00,1.00
2010.05.24 16:40:51.567,1.83545,1.83615,1.00,1.00
2010.05.24 16:40:51.660,1.83525,1.83595,1.00,1.00
2010.05.24 16:40:52.003,1.8353,1.83605,1.00,1.00
2010.05.24 16:40:52.689,1.8354,1.8361,1.00,3.00
2010.05.24 16:40:53.248,1.83545,1.83615,1.00,4.00
2010.05.24 16:40:53.593,1.8353,1.83605,1.00,1.00
2010.05.24 16:40:54.620,1.8353,1.83605,1.00,3.20
2010.05.24 16:40:56.207,1.83525,1.83595,1.90,1.00
2010.05.24 16:40:56.565,1.83525,1.83595,1.00,1.00
2010.05.24 16:41:00.566,1.83525,1.83595,1.00,1.00
2010.05.24 16:41:00.727,1.83525,1.83595,1.00,1.00
2010.05.24 16:41:00.888,1.8351,1.8358,1.00,1.00
2010.05.24 16:41:01.048,1.83515,1.83585,1.00,4.80
2010.05.24 16:41:01.320,1.83515,1.8359,1.00,1.00
2010.05.24 16:41:01.480,1.83525,1.83595,1.00,2.80
2010.05.24 16:41:01.817,1.83525,1.83595,1.00,1.00
2010.05.24 16:41:02.158,1.83515,1.83585,1.00,1.00
2010.05.24 16:41:02.953,1.8351,1.8358,1.00,1.00
2010.05.24 16:41:06.752,1.835,1.83575,1.00,1.00
2010.05.24 16:41:07.040,1.8351,1.8358,1.00,1.00
2010.05.24 16:41:08.520,1.83495,1.8357,1.00,1.90
2010.05.24 16:41:09.040,1.83495,1.8357,1.00,4.30
2010.05.24 16:41:09.469,1.83495,1.8357,1.00,1.90
2010.05.24 16:41:11.977,1.83495,1.8357,1.00,6.70
2010.05.24 16:41:13.440,1.83495,1.83565,1.00,1.00
2010.05.24 16:41:19.838,1.8351,1.83575,1.00,2.80
2010.05.24 16:41:20.184,1.83515,1.83575,1.00,1.00
2010.05.24 16:41:20.492,1.83515,1.83575,1.00,1.00
2010.05.24 16:41:21.836,1.83525,1.83585,1.00,1.00
2010.05.24 16:41:22.126,1.83495,1.8357,1.00,4.30
2010.05.24 16:41:22.409,1.83495,1.8357,1.00,6.70
2010.05.24 16:41:23.428,1.83495,1.8357,1.00,4.30
2010.05.24 16:41:23.769,1.8351,1.83575,1.00,2.40
2010.05.24 16:41:24.110,1.83515,1.83575,1.00,1.00
2010.05.24 16:41:27.369,1.8351,1.8358,1.00,1.00
2010.05.24 16:41:28.158,1.8351,1.8358,1.90,1.00
2010.05.24 16:41:28.410,1.83515,1.83585,1.00,1.00
2010.05.24 16:41:28.789,1.8353,1.83595,1.00,4.90
2010.05.24 16:41:29.131,1.8353,1.83585,1.00,1.00
2010.05.24 16:41:34.012,1.8353,1.83605,1.00,3.20
2010.05.24 16:41:39.420,1.8353,1.83605,1.00,1.00
2010.05.24 16:41:39.608,1.8353,1.83605,1.00,3.20
2010.05.24 16:41:51.418,1.8354,1.83605,1.00,2.40
2010.05.24 16:41:51.579,1.8354,1.83595,1.00,1.00
2010.05.24 16:41:54.483,1.8354,1.83605,1.00,1.40
2010.05.24 16:41:54.662,1.83525,1.836,1.00,3.00
2010.05.24 16:41:55.131,1.8353,1.836,1.00,2.40
2010.05.24 16:41:55.591,1.8353,1.83605,1.00,3.10
2010.05.24 16:41:55.774,1.83535,1.83595,1.00,4.80
2010.05.24 16:41:56.040,1.83535,1.8361,1.00,5.40
2010.05.24 16:41:56.590,1.83535,1.83605,1.00,1.00
2010.05.24 16:41:57.351,1.83535,1.8361,1.00,5.40
2010.05.24 16:41:58.682,1.83535,1.83605,1.00,1.00
2010.05.24 16:41:58.907,1.8353,1.836,1.20,1.00
2010.05.24 16:41:59.130,1.8352,1.83595,1.00,1.00
2010.05.24 16:41:59.543,1.8352,1.83595,1.00,5.40
2010.05.24 16:42:04.342,1.8353,1.83605,1.00,1.00
2010.05.24 16:42:04.568,1.8353,1.83605,1.00,1.00
2010.05.24 16:42:05.413,1.8353,1.83605,1.00,1.00
2010.05.24 16:42:11.139,1.8353,1.83605,1.00,1.00
2010.05.24 16:42:15.470,1.8353,1.83605,1.00,1.00
2010.05.24 16:42:16.821,1.8353,1.83605,1.00,1.00
2010.05.24 16:42:17.118,1.8353,1.83605,1.00,1.00
2010.05.24 16:42:22.058,1.83525,1.83595,1.90,1.00
2010.05.24 16:42:22.177,1.83525,1.83595,1.00,1.00
2010.05.24 16:42:24.425,1.8354,1.83605,1.00,2.40
2010.05.24 16:42:24.590,1.8354,1.83605,1.00,1.00
2010.05.24 16:42:24.749,1.8354,1.8361,1.00,1.00
2010.05.24 16:42:28.744,1.8353,1.83605,1.00,2.00
2010.05.24 16:42:28.871,1.83525,1.83595,1.00,1.00
2010.05.24 16:42:31.918,1.83525,1.8359,1.00,2.40
2010.05.24 16:42:32.228,1.8351,1.83585,1.00,3.00
2010.05.24 16:42:33.328,1.8351,1.83585,1.00,3.10
2010.05.24 16:42:34.107,1.8351,1.83585,1.00,1.00
2010.05.24 16:42:41.607,1.8352,1.83565,1.20,1.00
2010.05.24 16:42:41.784,1.83525,1.83585,1.00,1.00
2010.05.24 16:42:41.961,1.8351,1.83585,1.00,1.00
2010.05.24 16:42:42.365,1.8351,1.83585,1.00,2.50
2010.05.24 16:42:42.683,1.8351,1.83585,1.00,2.90
2010.05.24 16:42:43.028,1.8351,1.83585,1.00,2.50
2010.05.24 16:42:43.367,1.8351,1.83585,1.00,3.20
2010.05.24 16:42:43.707,1.8351,1.83585,1.00,1.00
2010.05.24 16:42:44.998,1.8351,1.83585,1.00,3.20
2010.05.24 16:42:45.109,1.8351,1.83585,1.00,3.00
2010.05.24 16:43:01.023,1.83525,1.8359,1.00,2.40
2010.05.24 16:43:01.054,1.83525,1.83595,1.00,1.00
2010.05.24 16:43:02.228,1.83525,1.83595,1.00,1.00
2010.05.24 16:43:03.118,1.8352,1.83585,1.20,1.00
2010.05.24 16:43:03.416,1.8352,1.83585,1.20,3.00
2010.05.24 16:43:03.633,1.8351,1.83585,1.00,3.00
2010.05.24 16:43:04.387,1.8351,1.83585,1.00,3.10
2010.05.24 16:43:04.727,1.8351,1.83585,1.00,3.00
2010.05.24 16:43:10.060,1.83515,1.83585,1.00,3.00
2010.05.24 16:43:10.280,1.8351,1.83585,1.00,1.00
2010.05.24 16:43:10.499,1.83525,1.83595,1.00,1.00
2010.05.24 16:43:13.853,1.83515,1.8359,1.00,1.90
2010.05.24 16:43:13.979,1.83515,1.8359,1.00,1.00
2010.05.24 16:43:14.324,1.8353,1.8359,1.00,4.80
2010.05.24 16:43:14.669,1.8353,1.83605,1.00,1.00
2010.05.24 16:43:15.441,1.8353,1.83605,1.00,5.40
2010.05.24 16:43:16.937,1.83535,1.8361,1.00,5.40
2010.05.24 16:43:17.156,1.8355,1.83605,1.00,1.00
2010.05.24 16:43:17.505,1.8356,1.83635,1.90,1.00
2010.05.24 16:43:17.896,1.83565,1.83635,1.90,1.00
2010.05.24 16:43:18.243,1.83575,1.8365,1.90,1.00
2010.05.24 16:43:18.591,1.83575,1.83635,1.20,1.00
2010.05.24 16:43:18.928,1.83565,1.83635,1.00,1.00
2010.05.24 16:43:19.768,1.8355,1.8362,1.00,1.00
2010.05.24 16:43:25.062,1.8356,1.83625,1.00,2.40
2010.05.24 16:43:25.214,1.83565,1.83635,1.00,1.00
2010.05.24 16:43:25.362,1.83565,1.83635,1.90,1.00
2010.05.24 16:43:25.511,1.8359,1.83655,1.00,5.20
2010.05.24 16:43:25.844,1.8359,1.83655,1.00,1.00
2010.05.24 16:43:26.193,1.8359,1.83665,1.00,3.00
2010.05.24 16:43:26.540,1.83595,1.8368,1.90,2.40
2010.05.24 16:43:27.121,1.836,1.83675,1.00,1.00
2010.05.24 16:43:27.580,1.83595,1.8367,1.90,1.00
2010.05.24 16:43:27.829,1.8361,1.8367,1.20,1.00
2010.05.24 16:43:28.174,1.8359,1.83655,1.20,1.00
2010.05.24 16:43:28.521,1.8358,1.83655,1.00,1.00
2010.05.24 16:43:28.861,1.8356,1.83655,5.40,2.00
2010.05.24 16:43:29.199,1.8356,1.8365,1.00,2.40
2010.05.24 16:43:30.361,1.8356,1.83645,1.00,1.00
2010.05.24 16:43:32.439,1.8356,1.8365,1.00,2.40
2010.05.24 16:43:33.348,1.83565,1.8365,1.00,2.40
2010.05.24 16:43:33.619,1.83565,1.8365,2.00,2.40
2010.05.24 16:43:33.888,1.83565,1.83655,1.90,4.80
2010.05.24 16:43:34.158,1.8359,1.83665,1.00,3.00
2010.05.24 16:43:35.026,1.8358,1.83655,1.90,1.00
2010.05.24 16:43:35.293,1.8358,1.83655,1.00,1.20
2010.05.24 16:43:35.609,1.8358,1.8366,1.90,4.80
2010.05.24 16:43:35.932,1.8358,1.83665,1.90,1.00
2010.05.24 16:43:36.306,1.8358,1.8367,1.90,4.30
2010.05.24 16:43:40.478,1.83585,1.8367,1.00,3.60
2010.05.24 16:43:40.564,1.83585,1.83675,1.90,1.00
2010.05.24 16:43:40.799,1.83585,1.8368,1.90,5.40
2010.05.24 16:43:41.557,1.83585,1.83675,1.90,1.00
2010.05.24 16:43:41.808,1.8358,1.8367,1.90,6.70
2010.05.24 16:43:42.080,1.8358,1.8367,1.90,4.30
2010.05.24 16:43:43.178,1.8358,1.83665,1.90,2.40
2010.05.24 16:43:43.518,1.8358,1.8367,1.90,4.30
2010.05.24 16:43:45.138,1.83575,1.8365,1.00,1.00
2010.05.24 16:43:46.499,1.83575,1.8365,1.00,3.00
2010.05.24 16:43:47.058,1.83575,1.8365,1.00,1.00
2010.05.24 16:43:47.578,1.83575,1.8365,1.00,3.00
2010.05.24 16:43:48.018,1.83575,1.8365,1.00,1.00
2010.05.24 16:43:53.448,1.83575,1.83645,1.00,1.00
2010.05.24 16:43:53.649,1.83575,1.8365,1.00,1.00
2010.05.24 16:43:55.946,1.83575,1.83645,1.00,1.20
2010.05.24 16:43:56.069,1.83575,1.83645,1.00,6.00
2010.05.24 16:43:56.139,1.83575,1.8364,1.00,4.80
2010.05.24 16:43:56.408,1.83575,1.8365,1.00,1.00
2010.05.24 16:43:57.757,1.83575,1.8365,1.00,3.00
2010.05.24 16:43:57.938,1.83575,1.8365,1.00,1.00
2010.05.24 16:43:58.118,1.83575,1.8365,1.00,3.00
2010.05.24 16:43:58.468,1.83575,1.8365,1.00,1.00
2010.05.24 16:43:58.843,1.8358,1.8365,1.20,1.00
2010.05.24 16:43:59.020,1.8358,1.8364,1.00,1.20
2010.05.24 16:43:59.198,1.83565,1.83635,4.80,1.00
2010.05.24 16:43:59.379,1.8356,1.83635,1.90,1.00
2010.05.24 16:43:59.739,1.8357,1.8364,1.00,1.20
2010.05.24 16:43:59.899,1.8357,1.83645,1.00,1.00
2010.05.24 16:44:01.568,1.83555,1.8363,1.00,1.00
2010.05.24 16:44:03.919,1.8356,1.83635,1.00,1.00
2010.05.24 16:44:04.220,1.8357,1.8364,1.00,4.80
2010.05.24 16:44:04.710,1.8356,1.83625,1.00,1.00
2010.05.24 16:44:04.967,1.83555,1.8363,1.00,1.00
2010.05.24 16:44:06.928,1.8356,1.83635,1.00,5.40
2010.05.24 16:44:07.207,1.8356,1.83635,1.90,3.00
2010.05.24 16:44:07.418,1.8356,1.83635,1.90,1.00
2010.05.24 16:44:07.723,1.8357,1.83645,1.00,5.40
2010.05.24 16:44:09.497,1.8357,1.83645,1.00,3.00
2010.05.24 16:44:11.609,1.8357,1.8364,1.00,2.40
2010.05.24 16:44:11.938,1.8356,1.83635,1.90,1.00
2010.05.24 16:44:12.218,1.83575,1.8364,1.00,6.00
2010.05.24 16:44:12.498,1.83575,1.8364,1.00,3.60
2010.05.24 16:44:12.780,1.8356,1.83635,1.90,1.00
2010.05.24 16:44:22.199,1.83565,1.83635,1.00,1.00
2010.05.24 16:44:22.317,1.8357,1.8364,1.00,4.80
2010.05.24 16:44:22.438,1.8357,1.83645,1.00,5.40
2010.05.24 16:44:22.779,1.8357,1.83645,1.00,3.00
2010.05.24 16:44:26.029,1.8357,1.83645,1.00,5.40
2010.05.24 16:44:26.699,1.8357,1.83645,1.00,3.00
2010.05.24 16:44:27.628,1.83585,1.83645,1.00,2.40
2010.05.24 16:44:28.016,1.8359,1.83655,1.00,4.80
2010.05.24 16:44:28.169,1.8359,1.83655,1.20,4.80
2010.05.24 16:44:28.720,1.83585,1.83655,1.00,2.40
2010.05.24 16:44:29.400,1.83585,1.83655,1.00,2.40
2010.05.24 16:44:30.494,1.83585,1.83655,1.00,2.40
2010.05.24 16:44:30.789,1.8359,1.83665,1.90,5.40
2010.05.24 16:44:31.087,1.8359,1.83665,1.90,3.00
2010.05.24 16:44:35.919,1.8359,1.83665,1.90,3.10
2010.05.24 16:44:36.261,1.8359,1.83665,1.90,3.00
2010.05.24 16:44:36.605,1.83585,1.8365,1.00,2.40
2010.05.24 16:44:36.950,1.8357,1.83645,1.00,1.00
2010.05.24 16:44:38.531,1.83575,1.8365,1.90,3.00
2010.05.24 16:44:38.780,1.83575,1.8365,1.90,1.00
2010.05.24 16:44:40.074,1.83575,1.83645,1.20,1.00
2010.05.24 16:44:40.420,1.8357,1.83645,1.00,1.00
2010.05.24 16:44:41.281,1.8357,1.83645,1.00,5.40
2010.05.24 16:44:42.390,1.83555,1.8363,1.00,1.00
2010.05.24 16:44:44.577,1.83555,1.8363,1.00,1.00
2010.05.24 16:44:44.678,1.8357,1.83635,1.00,2.40
2010.05.24 16:44:44.778,1.8357,1.83645,1.00,1.00
2010.05.24 16:44:45.212,1.83575,1.8365,1.00,3.00
2010.05.24 16:44:45.308,1.83575,1.8365,1.90,3.00
2010.05.24 16:44:47.979,1.8356,1.83635,1.90,1.00
2010.05.24 16:44:52.867,1.83575,1.8364,1.00,6.00
2010.05.24 16:44:53.290,1.83575,1.8365,1.90,3.00
2010.05.24 16:44:53.629,1.83575,1.8365,1.90,5.40
2010.05.24 16:44:55.941,1.83575,1.83645,1.20,1.00
2010.05.24 16:44:56.053,1.8357,1.83645,1.00,1.00
2010.05.24 16:44:56.348,1.8356,1.83635,1.90,1.00
2010.05.24 16:45:01.589,1.83575,1.8364,1.00,6.00
2010.05.24 16:45:01.810,1.83575,1.8365,1.90,3.00
2010.05.24 16:45:03.228,1.83575,1.8364,1.00,1.20
2010.05.24 16:45:03.569,1.8356,1.83635,1.90,1.00
2010.05.24 16:45:04.047,1.8357,1.83645,1.00,3.00
2010.05.24 16:45:04.390,1.8356,1.83635,1.90,1.00
2010.05.24 16:45:15.637,1.83565,1.83635,1.00,1.00
2010.05.24 16:45:17.099,1.83575,1.8365,1.90,3.00
2010.05.24 16:45:17.439,1.8356,1.83635,1.90,1.00
2010.05.24 16:45:20.657,1.8357,1.8364,1.00,6.00
2010.05.24 16:45:20.787,1.8357,1.8364,1.00,4.80
2010.05.24 16:45:20.857,1.8357,1.8364,1.00,6.00
2010.05.24 16:45:21.139,1.8356,1.83635,1.90,1.00
2010.05.24 16:45:36.787,1.83565,1.83635,1.00,1.00
2010.05.24 16:45:37.018,1.8357,1.8364,1.00,6.00
2010.05.24 16:45:37.249,1.8357,1.8364,1.00,4.80
2010.05.24 16:45:37.478,1.8357,1.83645,1.00,3.00
2010.05.24 16:45:38.229,1.8357,1.83645,1.00,3.20
2010.05.24 16:45:38.576,1.8356,1.83635,1.90,1.00
2010.05.24 16:45:39.957,1.8357,1.8364,1.00,6.00
2010.05.24 16:45:40.168,1.8357,1.8364,1.00,4.80
2010.05.24 16:45:40.518,1.8357,1.8364,1.00,2.40
2010.05.24 16:45:40.697,1.8357,1.83645,1.00,5.40
2010.05.24 16:45:40.868,1.8357,1.8364,1.00,2.40
2010.05.24 16:45:41.078,1.8357,1.8364,1.00,4.80
2010.05.24 16:45:41.293,1.8357,1.8364,1.00,2.40
2010.05.24 16:45:41.401,1.8357,1.83645,1.00,3.00
2010.05.24 16:45:42.748,1.8357,1.8364,1.00,2.40
2010.05.24 16:45:43.028,1.8357,1.83645,1.00,3.00
2010.05.24 16:45:43.267,1.8357,1.8364,1.00,2.40
2010.05.24 16:45:43.507,1.8357,1.83645,1.00,3.00
2010.05.24 16:45:44.279,1.8357,1.8364,1.00,2.40
2010.05.24 16:45:44.589,1.83555,1.8363,1.00,1.00
2010.05.24 16:45:44.771,1.83555,1.8363,1.00,5.40
2010.05.24 16:45:44.950,1.83565,1.8363,1.00,2.40
2010.05.24 16:45:45.289,1.83565,1.83635,1.00,5.40
2010.05.24 16:45:45.628,1.83565,1.83635,1.00,1.00
2010.05.24 16:45:46.001,1.83565,1.8362,1.00,2.40
2010.05.24 16:45:46.214,1.8355,1.83625,1.00,5.40
2010.05.24 16:45:46.619,1.83545,1.8361,1.20,1.00
2010.05.24 16:45:46.830,1.83535,1.83605,1.00,2.40
2010.05.24 16:45:47.369,1.8354,1.83605,1.00,2.40
2010.05.24 16:45:47.709,1.8352,1.83595,1.00,4.80
2010.05.24 16:45:48.699,1.8354,1.83605,1.00,2.40
2010.05.24 16:45:49.010,1.83555,1.8362,1.00,4.80
2010.05.24 16:45:49.318,1.8357,1.83635,1.00,5.20
2010.05.24 16:45:49.627,1.8357,1.83635,1.00,4.80
2010.05.24 16:46:01.499,1.83565,1.83635,1.90,4.80
2010.05.24 16:46:01.607,1.83565,1.83635,1.00,4.80
2010.05.24 16:46:01.965,1.83565,1.83635,1.00,2.40
2010.05.24 16:46:02.086,1.83565,1.8364,1.00,6.70
2010.05.24 16:46:02.200,1.83565,1.8363,1.00,2.40
2010.05.24 16:46:03.042,1.83565,1.83635,1.00,4.80
2010.05.24 16:46:05.958,1.8357,1.83635,1.00,4.80
2010.05.24 16:46:10.548,1.83565,1.83635,1.90,4.80
2010.05.24 16:46:10.698,1.83565,1.83635,1.00,4.80
2010.05.24 16:46:13.283,1.8356,1.8363,1.90,4.80
2010.05.24 16:46:13.578,1.8356,1.83625,1.00,1.20
2010.05.24 16:46:13.925,1.83555,1.8363,1.00,3.00
2010.05.24 16:46:16.488,1.83545,1.8362,1.90,1.00
2010.05.24 16:46:16.760,1.83545,1.83615,1.90,1.00
2010.05.24 16:46:19.045,1.83545,1.8362,1.90,1.00
2010.05.24 16:46:20.282,1.8354,1.83615,1.00,1.00
2010.05.24 16:46:22.722,1.8354,1.83615,1.00,3.00
2010.05.24 16:46:22.968,1.8354,1.83615,1.00,1.00
2010.05.24 16:46:30.498,1.83545,1.8362,1.90,3.00
2010.05.24 16:46:33.399,1.83555,1.8362,1.00,2.40
2010.05.24 16:46:33.528,1.83555,1.83625,1.00,1.20
2010.05.24 16:46:33.657,1.83555,1.8363,1.00,3.00
2010.05.24 16:46:42.173,1.83555,1.8363,1.00,5.40
2010.05.24 16:46:42.847,1.83555,1.8363,1.00,3.00
2010.05.24 16:46:47.319,1.83555,1.8363,1.00,1.00
2010.05.24 16:46:49.327,1.83555,1.8363,1.00,3.00
2010.05.24 16:46:50.938,1.83555,1.83625,1.00,1.20
2010.05.24 16:46:50.992,1.83545,1.8362,1.90,1.00
2010.05.24 16:46:51.460,1.83545,1.8362,1.90,3.00
2010.05.24 16:46:54.729,1.8356,1.8362,1.00,2.40
2010.05.24 16:46:55.000,1.83545,1.8362,1.90,3.00
2010.05.24 16:46:55.094,1.83545,1.8362,1.90,1.00
2010.05.24 16:46:55.278,1.83545,1.83615,1.90,1.00
2010.05.24 16:46:57.888,1.83545,1.8362,1.90,1.00
2010.05.24 16:46:58.018,1.8356,1.83625,1.20,4.80
2010.05.24 16:46:58.148,1.83555,1.8363,1.00,3.00
2010.05.24 16:46:58.278,1.83555,1.8363,1.00,1.00
2010.05.24 16:46:58.668,1.83555,1.8363,1.00,3.00
2010.05.24 16:46:59.009,1.83555,1.83625,1.00,1.00
2010.05.24 16:46:59.348,1.83555,1.8363,1.00,3.00
2010.05.24 16:46:59.690,1.83555,1.83625,1.00,4.80
2010.05.24 16:46:59.961,1.8356,1.8363,1.90,4.80
2010.05.24 16:47:00.229,1.8356,1.83635,1.90,5.40
2010.05.24 16:47:05.689,1.83575,1.8364,1.00,2.40
2010.05.24 16:47:05.839,1.83575,1.83645,1.90,2.50
2010.05.24 16:47:06.399,1.83575,1.83645,1.90,1.00
2010.05.24 16:47:07.689,1.8356,1.83635,1.90,1.00
2010.05.24 16:47:08.370,1.8357,1.83635,1.00,1.00
2010.05.24 16:47:08.712,1.83575,1.8365,1.90,3.00
2010.05.24 16:47:09.049,1.83585,1.83655,1.00,2.50
2010.05.24 16:47:09.390,1.8359,1.83645,1.90,1.00
2010.05.24 16:47:10.479,1.836,1.83655,1.00,1.00
2010.05.24 16:47:10.679,1.83585,1.83655,1.00,1.00
2010.05.24 16:47:11.079,1.8358,1.8365,1.90,1.00
2010.05.24 16:47:11.592,1.8358,1.8365,1.00,1.00
2010.05.24 16:47:12.250,1.83575,1.8364,1.20,3.00
2010.05.24 16:47:12.551,1.8356,1.83645,1.90,1.00
2010.05.24 16:47:12.939,1.8356,1.83645,1.90,2.80
2010.05.24 16:47:13.279,1.8356,1.83635,1.90,1.00
2010.05.24 16:47:14.241,1.8356,1.83645,1.90,2.40
2010.05.24 16:47:14.578,1.83555,1.8363,1.00,1.00
2010.05.24 16:47:15.059,1.83565,1.8364,1.00,4.30
2010.05.24 16:47:15.300,1.8357,1.83645,1.00,1.90
2010.05.24 16:47:15.597,1.8357,1.8364,1.00,2.40
2010.05.24 16:47:15.940,1.8357,1.83645,1.00,1.00
2010.05.24 16:47:19.419,1.8358,1.8365,1.00,4.80
2010.05.24 16:47:19.660,1.83575,1.83645,1.20,1.00
2010.05.24 16:47:19.941,1.83575,1.8364,1.20,1.00
2010.05.24 16:47:20.158,1.8358,1.8364,1.20,2.40
2010.05.24 16:47:20.373,1.83585,1.8365,1.00,2.40
2010.05.24 16:47:20.612,1.83585,1.83645,1.00,2.40
2010.05.24 16:47:20.822,1.83585,1.8366,1.00,5.40
2010.05.24 16:47:21.940,1.8359,1.83665,1.90,1.00
2010.05.24 16:47:28.174,1.8359,1.83665,1.90,1.00
2010.05.24 16:47:28.462,1.8359,1.83665,1.90,1.00
2010.05.24 16:47:28.550,1.8362,1.83665,1.90,1.00
2010.05.24 16:47:28.891,1.83575,1.83625,1.00,1.00
2010.05.24 16:47:29.409,1.83565,1.8363,1.00,4.80
2010.05.24 16:47:29.751,1.8358,1.83645,1.20,2.80
2010.05.24 16:47:30.089,1.83575,1.8365,1.00,1.00
2010.05.24 16:47:30.446,1.8356,1.8365,1.00,4.80
2010.05.24 16:47:31.130,1.8358,1.83655,1.00,1.00
2010.05.24 16:47:31.467,1.8358,1.83665,1.00,4.90
2010.05.24 16:47:32.305,1.8358,1.83665,1.00,4.80
2010.05.24 16:47:33.508,1.8358,1.83665,1.00,4.90
2010.05.24 16:47:34.949,1.8359,1.83655,1.00,1.00
2010.05.24 16:47:36.328,1.83595,1.8367,1.90,2.80
2010.05.24 16:47:36.878,1.83595,1.83655,1.90,1.00
2010.05.24 16:47:37.133,1.8358,1.83685,2.40,6.60
2010.05.24 16:47:37.381,1.83575,1.8367,1.00,5.20
2010.05.24 16:47:37.879,1.83595,1.83675,1.90,1.00
2010.05.24 16:47:38.219,1.83595,1.83685,1.90,5.30
2010.05.24 16:47:39.277,1.83595,1.83675,1.90,1.00
2010.05.24 16:47:40.449,1.83595,1.8368,1.90,4.80
2010.05.24 16:47:41.851,1.83605,1.8368,1.00,2.40
2010.05.24 16:47:42.049,1.83605,1.83685,1.90,2.80
2010.05.24 16:47:42.669,1.8361,1.83685,1.00,2.80
2010.05.24 16:47:43.011,1.8362,1.837,1.90,2.80
2010.05.24 16:47:43.351,1.8361,1.83695,1.00,1.00
2010.05.24 16:47:43.689,1.83605,1.83695,1.90,5.60
2010.05.24 16:47:44.030,1.83605,1.83685,1.00,2.40
2010.05.24 16:47:54.129,1.83605,1.83685,1.00,2.40
2010.05.24 16:48:08.728,1.83605,1.83685,1.00,2.40
2010.05.24 16:48:08.956,1.83605,1.83685,1.00,2.40
2010.05.24 16:48:10.358,1.83605,1.83675,1.00,1.00
2010.05.24 16:48:10.980,1.83575,1.83665,1.40,4.80
2010.05.24 16:48:11.281,1.83575,1.83655,1.00,5.40
2010.05.24 16:48:11.813,1.83565,1.8365,1.00,4.80
2010.05.24 16:48:12.169,1.836,1.8367,1.00,4.80
2010.05.24 16:48:12.512,1.836,1.83675,1.00,5.50
2010.05.24 16:48:13.528,1.836,1.83675,1.00,5.60
2010.05.24 16:48:14.040,1.836,1.83675,1.00,5.40
2010.05.24 16:48:17.438,1.836,1.83675,1.00,5.60
2010.05.24 16:48:17.549,1.83605,1.83675,1.00,2.40
2010.05.24 16:48:17.658,1.83605,1.8368,1.90,1.00
2010.05.24 16:48:17.770,1.83615,1.83685,1.00,1.00
2010.05.24 16:48:17.877,1.83615,1.83685,1.00,1.00
2010.05.24 16:48:18.407,1.8362,1.8369,1.20,5.40
2010.05.24 16:48:18.752,1.8362,1.83695,1.90,3.20
2010.05.24 16:48:19.090,1.836,1.83685,1.90,4.90
2010.05.24 16:48:19.430,1.83585,1.83655,1.00,2.40
2010.05.24 16:48:19.768,1.8357,1.83655,1.90,2.40
2010.05.24 16:48:21.711,1.83575,1.83655,1.00,2.40
2010.05.24 16:48:21.888,1.8357,1.83655,1.90,2.40
2010.05.24 16:48:27.810,1.83585,1.83655,1.00,2.40
2010.05.24 16:48:27.887,1.8358,1.83655,1.00,2.40
2010.05.24 16:48:28.191,1.8358,1.8367,1.00,3.00
2010.05.24 16:48:28.271,1.8358,1.83665,1.00,1.00
2010.05.24 16:48:28.348,1.8358,1.83665,1.00,4.90
2010.05.24 16:48:28.768,1.8358,1.83665,1.00,4.80
2010.05.24 16:48:32.830,1.8358,1.83665,1.00,4.80
2010.05.24 16:48:32.960,1.83585,1.83665,1.00,4.80
2010.05.24 16:48:33.096,1.83595,1.83675,1.20,2.90
2010.05.24 16:48:33.442,1.83595,1.83675,1.90,1.00
2010.05.24 16:48:34.312,1.83605,1.83675,1.00,1.00
2010.05.24 16:48:34.621,1.83605,1.83675,1.90,1.00
2010.05.24 16:48:35.580,1.83605,1.8366,1.00,4.80
2010.05.24 16:48:35.919,1.83575,1.83645,1.20,1.00
2010.05.24 16:48:36.259,1.8357,1.83645,1.90,3.00
2010.05.24 16:48:39.828,1.836,1.83665,1.00,1.00
2010.05.24 16:48:40.009,1.83605,1.83665,1.20,1.00
2010.05.24 16:48:40.188,1.83605,1.83665,1.90,1.00
2010.05.24 16:48:40.367,1.83605,1.83675,1.90,1.00
2010.05.24 16:48:41.044,1.83595,1.8368,1.90,4.80
2010.05.24 16:48:43.102,1.83605,1.83675,1.90,1.00
2010.05.24 16:48:47.359,1.8362,1.83685,1.00,2.40
2010.05.24 16:48:47.690,1.8362,1.83685,1.20,2.40
2010.05.24 16:48:47.824,1.83625,1.837,1.90,2.40
2010.05.24 16:48:47.953,1.83625,1.83685,1.90,1.00
2010.05.24 16:48:49.419,1.83625,1.83695,1.90,1.00
2010.05.24 16:48:49.721,1.83625,1.83685,1.90,1.00
2010.05.24 16:48:50.515,1.83635,1.83695,1.90,1.00
2010.05.24 16:48:50.730,1.8364,1.83705,1.90,1.00
2010.05.24 16:48:52.989,1.83635,1.83695,1.90,1.00
2010.05.24 16:48:53.638,1.8364,1.83695,1.20,1.00
2010.05.24 16:48:53.870,1.83635,1.83705,1.90,1.00
2010.05.24 16:48:54.100,1.83635,1.83715,1.90,2.40
2010.05.24 16:48:55.129,1.83655,1.83725,1.20,1.00
2010.05.24 16:48:55.468,1.83655,1.8373,1.20,4.80
2010.05.24 16:48:55.818,1.8365,1.83715,1.20,2.40
2010.05.24 16:48:56.103,1.8365,1.8373,1.20,2.40
2010.05.24 16:48:56.383,1.8364,1.83725,1.20,1.00
2010.05.24 16:48:56.853,1.83635,1.8372,1.90,2.80
2010.05.24 16:48:57.201,1.83635,1.83715,1.90,2.40
2010.05.24 16:49:02.092,1.83635,1.83715,1.90,2.50
2010.05.24 16:49:02.300,1.83635,1.83715,1.90,2.40
2010.05.24 16:49:02.584,1.83635,1.83715,1.90,2.40
2010.05.24 16:49:02.797,1.83635,1.83715,1.90,2.40
2010.05.24 16:49:03.730,1.8361,1.837,1.90,2.40
2010.05.24 16:49:04.958,1.83615,1.837,1.00,2.40
2010.05.24 16:49:05.069,1.83625,1.837,1.00,2.40
2010.05.24 16:49:05.397,1.83615,1.837,1.90,2.40
2010.05.24 16:49:05.513,1.83625,1.8371,1.40,2.40
2010.05.24 16:49:06.538,1.83625,1.8371,1.90,2.40
2010.05.24 16:49:06.878,1.83625,1.8371,1.00,2.40
2010.05.24 16:49:08.288,1.8363,1.8371,1.00,2.40
2010.05.24 16:49:08.798,1.8364,1.8371,1.00,2.40
2010.05.24 16:49:08.979,1.83635,1.8371,1.20,2.40
2010.05.24 16:49:09.160,1.8363,1.8372,1.00,4.80
2010.05.24 16:49:09.338,1.8363,1.83715,1.00,2.40
2010.05.24 16:49:10.081,1.83625,1.83715,1.00,4.80
2010.05.24 16:49:22.032,1.8362,1.83715,1.90,4.80
2010.05.24 16:49:34.085,1.8362,1.83715,1.90,2.40
2010.05.24 16:49:34.310,1.8363,1.83715,1.00,2.40
2010.05.24 16:49:34.539,1.8363,1.8372,1.00,4.80
2010.05.24 16:49:34.769,1.8363,1.83725,1.00,4.80
2010.05.24 16:49:52.368,1.83635,1.83725,1.00,4.80
2010.05.24 16:49:52.558,1.83635,1.83725,1.90,4.80
2010.05.24 16:49:52.749,1.83635,1.8373,1.90,4.80
2010.05.24 16:49:52.939,1.83635,1.8372,1.90,4.80
2010.05.24 16:49:53.157,1.83635,1.83705,1.00,4.80
2010.05.24 16:49:53.338,1.8363,1.837,1.00,1.00
2010.05.24 16:50:08.298,1.8363,1.83705,1.00,5.40
2010.05.24 16:50:12.603,1.83645,1.83705,1.00,1.00
2010.05.24 16:50:12.942,1.83645,1.8372,1.00,5.40
2010.05.24 16:50:13.280,1.83645,1.83715,1.00,1.00
2010.05.24 16:50:13.619,1.8363,1.83705,1.00,5.40
2010.05.24 16:50:14.749,1.8364,1.8371,1.00,2.40
2010.05.24 16:50:16.878,1.8364,1.8371,1.90,2.40
2010.05.24 16:50:16.975,1.83645,1.83715,1.00,1.00
2010.05.24 16:50:22.021,1.8366,1.8372,1.00,4.80
2010.05.24 16:50:22.103,1.83655,1.83675,1.20,1.00
2010.05.24 16:50:22.269,1.8363,1.83665,2.40,2.40
2010.05.24 16:50:22.513,1.83615,1.83665,1.00,2.40
2010.05.24 16:50:22.852,1.83605,1.8367,1.00,2.40
2010.05.24 16:50:23.190,1.83605,1.8368,1.00,5.40
2010.05.24 16:50:28.699,1.83635,1.8368,1.00,2.40
2010.05.24 16:50:28.889,1.83635,1.837,1.00,1.00
2010.05.24 16:50:29.283,1.8366,1.837,1.00,1.00
2010.05.24 16:50:29.543,1.8361,1.83695,1.90,4.80
2010.05.24 16:50:30.139,1.8361,1.8368,1.00,2.40
2010.05.24 16:50:30.479,1.83605,1.8368,1.00,5.40
2010.05.24 16:50:30.820,1.83585,1.8367,1.00,2.40
2010.05.24 16:50:31.038,1.83585,1.83665,1.00,2.40
2010.05.24 16:50:31.258,1.83595,1.83665,1.00,2.40
2010.05.24 16:50:31.480,1.836,1.83675,1.00,4.80
2010.05.24 16:50:31.849,1.836,1.83675,1.00,2.40
2010.05.24 16:50:32.197,1.8359,1.8367,1.00,4.80
2010.05.24 16:50:32.544,1.8359,1.8367,1.00,2.40
2010.05.24 16:50:33.090,1.83605,1.83675,1.00,1.00
2010.05.24 16:50:33.432,1.83615,1.83685,1.00,3.60
2010.05.24 16:50:33.770,1.83615,1.8368,1.90,2.40
2010.05.24 16:50:34.311,1.83615,1.8369,1.90,1.00
2010.05.24 16:50:34.660,1.83625,1.83695,1.00,2.40
2010.05.24 16:50:35.002,1.8361,1.83685,1.00,5.40
2010.05.24 16:50:35.231,1.8362,1.83685,1.00,2.40
2010.05.24 16:50:35.660,1.8362,1.8369,1.00,5.40
2010.05.24 16:50:44.668,1.8362,1.8369,1.00,1.00
2010.05.24 16:50:45.840,1.8362,1.8369,1.00,3.00
2010.05.24 16:50:46.691,1.8362,1.8369,1.00,1.00
2010.05.24 16:50:47.029,1.8362,1.8369,1.00,3.00
2010.05.24 16:50:55.369,1.8363,1.8369,1.90,2.40
2010.05.24 16:50:55.507,1.8363,1.83705,1.90,5.50
2010.05.24 16:50:56.530,1.8363,1.83695,1.90,1.00
2010.05.24 16:50:56.658,1.8363,1.83705,1.90,5.40
2010.05.24 16:50:57.082,1.8363,1.83705,1.90,5.60
2010.05.24 16:50:57.208,1.8363,1.83705,1.90,5.40
2010.05.24 16:50:58.299,1.83615,1.8369,1.90,1.00
2010.05.24 16:50:58.543,1.83615,1.8369,1.90,3.00
2010.05.24 16:50:59.048,1.83615,1.8369,1.90,1.00
2010.05.24 16:51:03.303,1.83615,1.83675,1.20,1.00
2010.05.24 16:51:03.430,1.83595,1.8367,1.00,1.00
2010.05.24 16:51:03.551,1.8361,1.83675,1.00,4.80
2010.05.24 16:51:03.670,1.8361,1.83675,1.00,2.40
2010.05.24 16:51:03.792,1.8361,1.83685,1.00,5.40
2010.05.24 16:51:04.131,1.8361,1.83685,1.00,2.40
2010.05.24 16:51:04.472,1.83625,1.83695,1.00,2.40
2010.05.24 16:51:04.808,1.83625,1.83695,1.00,4.80
2010.05.24 16:51:05.590,1.83625,1.837,1.00,5.40
2010.05.24 16:51:06.789,1.8362,1.83695,1.00,6.80
2010.05.24 16:51:07.312,1.8362,1.83695,1.00,1.00
2010.05.24 16:51:09.467,1.8362,1.83695,1.00,1.00
2010.05.24 16:51:15.178,1.8362,1.83695,1.00,1.90
2010.05.24 16:51:15.379,1.8361,1.83685,1.00,3.00
2010.05.24 16:51:21.191,1.83615,1.83685,1.90,2.40
2010.05.24 16:51:21.360,1.83615,1.8369,1.90,3.00
2010.05.24 16:51:24.158,1.83615,1.8369,1.90,1.00
2010.05.24 16:51:24.840,1.8363,1.83695,1.00,3.60
2010.05.24 16:51:24.968,1.8363,1.83695,1.00,1.20
2010.05.24 16:51:25.088,1.8363,1.83705,1.90,3.10
2010.05.24 16:51:25.219,1.8363,1.83705,1.00,5.50
2010.05.24 16:51:25.349,1.83625,1.837,1.00,1.00
2010.05.24 16:51:25.791,1.8363,1.83705,1.90,5.40
2010.05.24 16:51:26.130,1.8363,1.83705,1.90,3.00
2010.05.24 16:51:36.519,1.8364,1.83705,1.00,2.40
2010.05.24 16:51:36.588,1.8364,1.83705,1.00,2.50
2010.05.24 16:51:36.659,1.8364,1.83705,1.00,2.40
2010.05.24 16:51:36.981,1.8364,1.83715,1.00,5.40
2010.05.24 16:51:41.600,1.8364,1.8371,1.00,2.40
2010.05.24 16:51:42.158,1.8364,1.83715,1.00,5.40
2010.05.24 16:51:47.839,1.8364,1.83695,1.00,1.00
2010.05.24 16:51:48.089,1.8364,1.83705,1.00,1.00
2010.05.24 16:51:50.123,1.83625,1.837,1.00,1.00
2010.05.24 16:51:50.260,1.83625,1.8369,1.00,4.80
2010.05.24 16:51:50.399,1.8362,1.83685,1.20,1.00
2010.05.24 16:51:50.538,1.8361,1.83685,1.00,3.00
2010.05.24 16:51:51.459,1.83605,1.83675,1.00,1.00
2010.05.24 16:52:06.029,1.836,1.83665,1.20,1.00
2010.05.24 16:52:06.120,1.83595,1.83665,1.00,1.00
2010.05.24 16:52:07.485,1.83595,1.8367,1.00,1.00
2010.05.24 16:52:07.744,1.83605,1.83675,1.00,1.00
2010.05.24 16:52:08.003,1.8361,1.83665,1.00,1.00
2010.05.24 16:52:08.908,1.83615,1.83665,1.00,1.00
2010.05.24 16:52:14.902,1.83605,1.83675,1.00,1.00
2010.05.24 16:52:15.809,1.8362,1.83685,1.00,6.60
2010.05.24 16:52:16.039,1.8362,1.83685,1.00,2.90
2010.05.24 16:52:16.297,1.8362,1.83685,1.00,2.50
2010.05.24 16:52:16.531,1.8362,1.83685,1.00,1.00
2010.05.24 16:52:19.766,1.8362,1.83685,1.90,1.00
2010.05.24 16:52:23.745,1.8362,1.83695,1.90,1.00
2010.05.24 16:52:24.345,1.8362,1.83685,1.90,2.40
2010.05.24 16:52:24.556,1.83615,1.83685,1.00,1.00
2010.05.24 16:52:24.901,1.83615,1.83685,1.00,2.50
2010.05.24 16:52:25.443,1.83615,1.83685,1.00,2.40
2010.05.24 16:52:25.793,1.8359,1.8366,1.00,4.80
2010.05.24 16:52:26.142,1.83595,1.83665,1.00,4.80
2010.05.24 16:52:27.980,1.83605,1.8367,1.20,1.00
2010.05.24 16:52:28.229,1.8361,1.8368,1.00,4.80
2010.05.24 16:52:32.888,1.83605,1.83675,1.20,1.00
2010.05.24 16:52:33.120,1.836,1.83675,1.00,1.00
2010.05.24 16:52:33.399,1.836,1.83675,1.00,5.40
2010.05.24 16:52:34.499,1.836,1.83675,1.00,5.90
2010.05.24 16:52:34.791,1.83585,1.8366,1.00,3.00
2010.05.24 16:52:35.333,1.83585,1.8366,1.00,3.00
2010.05.24 16:52:35.532,1.83595,1.8366,1.20,3.00
2010.05.24 16:52:35.731,1.836,1.83675,1.00,5.60
2010.05.24 16:52:37.252,1.836,1.83675,1.00,5.40
2010.05.24 16:52:46.056,1.8359,1.83665,1.90,1.00
2010.05.24 16:52:46.613,1.836,1.8367,1.00,4.80
2010.05.24 16:52:46.892,1.836,1.83675,1.00,5.40
2010.05.24 16:52:48.029,1.836,1.8367,1.00,2.40
2010.05.24 16:52:49.600,1.83595,1.83665,1.20,1.00
2010.05.24 16:52:50.002,1.8359,1.83665,1.90,1.00
2010.05.24 16:53:00.048,1.8359,1.8366,1.20,1.00
2010.05.24 16:53:00.209,1.8359,1.83665,1.00,1.00
2010.05.24 16:53:00.368,1.8359,1.83665,1.90,1.00
2010.05.24 16:53:01.979,1.8359,1.83655,1.90,1.00
2010.05.24 16:53:02.058,1.8359,1.83655,1.20,1.00
2010.05.24 16:53:02.141,1.8359,1.8366,1.20,1.00
2010.05.24 16:53:02.419,1.8359,1.8365,1.20,1.00
2010.05.24 16:53:02.513,1.83575,1.8365,1.90,1.00
2010.05.24 16:53:05.020,1.8359,1.83655,1.00,1.30
2010.05.24 16:53:05.149,1.8359,1.83665,1.00,3.00
2010.05.24 16:53:14.490,1.8359,1.83665,1.00,3.20
2010.05.24 16:53:14.649,1.8358,1.8366,1.00,1.00
2010.05.24 16:53:14.809,1.8359,1.83665,1.00,5.40
2010.05.24 16:53:14.969,1.8359,1.83665,1.00,4.30
2010.05.24 16:53:15.128,1.8359,1.83665,1.00,3.00
2010.05.24 16:53:15.522,1.8359,1.83665,1.00,3.20
2010.05.24 16:53:15.790,1.8359,1.83665,1.00,3.00
2010.05.24 16:53:16.061,1.83585,1.8365,1.20,1.00
2010.05.24 16:53:16.532,1.83575,1.8365,2.00,1.00
2010.05.24 16:53:19.218,1.83575,1.83615,2.00,1.20
2010.05.24 16:53:19.458,1.83575,1.83615,1.90,1.20
2010.05.24 16:53:21.268,1.83575,1.83615,1.00,1.20
2010.05.24 16:53:21.408,1.83575,1.83615,1.90,1.20
2010.05.24 16:53:21.487,1.83575,1.83615,1.00,1.20
2010.05.24 16:53:21.628,1.83575,1.83615,1.90,1.20
2010.05.24 16:53:29.249,1.83585,1.83615,1.00,1.00
2010.05.24 16:53:29.539,1.8359,1.83615,1.90,1.00
2010.05.24 16:53:35.124,1.8359,1.83615,1.20,1.00
2010.05.24 16:53:36.125,1.8359,1.83615,1.60,1.00
2010.05.24 16:53:37.089,1.8359,1.83615,1.90,1.00
2010.05.24 16:53:37.328,1.8359,1.83625,1.90,1.20
2010.05.24 16:53:37.918,1.83595,1.83625,1.90,1.20
2010.05.24 16:53:40.318,1.83595,1.83625,1.90,1.00
2010.05.24 16:53:40.509,1.83595,1.83625,1.20,1.00
2010.05.24 16:53:40.698,1.8359,1.83625,1.00,1.20
2010.05.24 16:53:42.200,1.83595,1.83625,1.90,1.20
2010.05.24 16:53:46.575,1.83595,1.83625,1.00,1.20
2010.05.24 16:53:46.850,1.8359,1.83625,1.90,1.20
2010.05.24 16:53:47.156,1.8359,1.8362,1.90,1.00
2010.05.24 16:53:51.919,1.8359,1.8362,1.20,1.00
2010.05.24 16:53:52.100,1.83575,1.8361,1.90,1.00
2010.05.24 16:53:53.709,1.83575,1.8361,1.90,1.20
2010.05.24 16:53:55.923,1.83575,1.8361,1.90,1.00
2010.05.24 16:53:56.478,1.83575,1.8361,1.90,1.20
2010.05.24 16:53:58.779,1.83565,1.8359,1.00,1.00
2010.05.24 16:53:59.029,1.83565,1.8359,1.00,1.20
2010.05.24 16:53:59.280,1.8357,1.8359,1.00,1.20
2010.05.24 16:54:00.045,1.8356,1.8359,1.00,1.20
2010.05.24 16:54:00.333,1.83545,1.83575,1.00,1.00
2010.05.24 16:54:00.879,1.8353,1.83565,1.00,1.00
2010.05.24 16:54:01.661,1.8353,1.83565,1.00,1.20
2010.05.24 16:54:02.349,1.8353,1.83565,1.00,1.00
2010.05.24 16:54:02.579,1.8354,1.83565,1.00,1.00
2010.05.24 16:54:03.909,1.8354,1.8357,1.00,1.00
2010.05.24 16:54:07.409,1.8354,1.8357,1.00,1.20
2010.05.24 16:54:10.473,1.8354,1.83555,1.00,1.00
2010.05.24 16:54:10.621,1.83525,1.83555,1.00,1.00
2010.05.24 16:54:12.758,1.83525,1.8356,1.00,1.20
2010.05.24 16:54:14.987,1.83525,1.8356,1.00,1.20
2010.05.24 16:54:15.269,1.8353,1.8356,1.00,1.20
2010.05.24 16:54:15.634,1.8353,1.8356,1.00,1.00
2010.05.24 16:54:16.338,1.8354,1.8357,1.00,1.00
2010.05.24 16:54:27.390,1.8354,1.83575,1.00,1.00
2010.05.24 16:54:27.448,1.8354,1.83585,1.00,1.00
2010.05.24 16:54:27.738,1.8354,1.83595,1.00,1.00
2010.05.24 16:54:29.270,1.83525,1.83585,1.00,1.00
2010.05.24 16:54:29.854,1.83525,1.83595,1.00,1.00
2010.05.24 16:54:30.203,1.83525,1.83595,1.00,1.00
2010.05.24 16:54:31.640,1.83525,1.83595,1.00,1.00
2010.05.24 16:54:32.063,1.83525,1.83595,1.00,1.00
2010.05.24 16:54:33.538,1.83525,1.83595,1.00,1.00
2010.05.24 16:54:33.878,1.83525,1.83595,1.00,1.00
2010.05.24 16:54:36.197,1.83525,1.83595,1.00,1.00
2010.05.24 16:54:37.794,1.83515,1.8359,1.00,3.00
2010.05.24 16:54:38.132,1.83555,1.83605,1.00,1.00
2010.05.24 16:54:38.471,1.8355,1.8362,1.20,3.00
2010.05.24 16:54:38.810,1.8355,1.8362,1.00,2.40
2010.05.24 16:54:39.150,1.8355,1.83625,1.00,3.00
2010.05.24 16:54:42.119,1.8355,1.83625,1.00,3.20
2010.05.24 16:54:42.268,1.8355,1.83625,1.00,3.00
2010.05.24 16:54:48.209,1.8355,1.83625,1.00,3.10
2010.05.24 16:54:50.118,1.8355,1.83625,1.00,3.00
2010.05.24 16:54:50.902,1.83535,1.8361,1.00,1.00
2010.05.24 16:54:52.580,1.8355,1.83625,1.00,4.40
2010.05.24 16:54:52.940,1.8355,1.83625,1.00,1.90
2010.05.24 16:54:53.119,1.8356,1.83635,1.90,1.00
2010.05.24 16:54:53.298,1.8356,1.83635,1.90,1.00
2010.05.24 16:54:54.602,1.8358,1.8364,1.00,3.60
2010.05.24 16:54:54.818,1.8358,1.8364,1.90,2.40
2010.05.24 16:54:55.041,1.8358,1.83655,1.90,1.00
2010.05.24 16:54:55.359,1.8358,1.83655,1.00,1.00
2010.05.24 16:54:55.680,1.8357,1.83655,1.90,1.00
2010.05.24 16:54:56.301,1.8357,1.83655,1.90,1.00
2010.05.24 16:54:57.499,1.8357,1.8366,1.90,1.90
2010.05.24 16:54:57.771,1.83585,1.8366,1.20,1.00
2010.05.24 16:54:58.040,1.8359,1.83665,1.00,1.00
2010.05.24 16:54:59.529,1.8359,1.83665,1.00,1.00
2010.05.24 16:55:00.369,1.8359,1.83665,1.00,1.00
2010.05.24 16:55:00.811,1.83605,1.8367,1.00,1.20
2010.05.24 16:55:00.972,1.83605,1.83675,1.00,1.00
2010.05.24 16:55:02.354,1.83605,1.83675,1.00,1.00
2010.05.24 16:55:06.911,1.83605,1.83675,1.00,1.00
2010.05.24 16:55:08.830,1.8359,1.83665,1.00,1.00
2010.05.24 16:55:09.171,1.83615,1.83685,1.90,1.00
2010.05.24 16:55:09.359,1.83615,1.8369,1.90,1.00
2010.05.24 16:55:10.331,1.83615,1.83685,1.90,1.00
2010.05.24 16:55:12.479,1.83615,1.8369,1.90,1.00
2010.05.24 16:55:13.100,1.83615,1.83675,1.90,1.00
2010.05.24 16:55:13.393,1.83615,1.8369,1.90,1.00
2010.05.24 16:55:13.680,1.83595,1.8367,1.00,1.90
2010.05.24 16:55:14.168,1.8363,1.8369,1.00,1.00
2010.05.24 16:55:14.262,1.83615,1.8369,1.90,1.00
2010.05.24 16:55:14.601,1.83605,1.8367,2.40,1.90
2010.05.24 16:55:14.945,1.8363,1.83695,1.00,1.00
2010.05.24 16:55:15.289,1.8363,1.83705,1.00,1.90
2010.05.24 16:55:16.455,1.8363,1.83705,1.00,2.00
2010.05.24 16:55:16.861,1.8363,1.83705,1.00,1.90
2010.05.24 16:55:17.071,1.8363,1.837,1.00,1.00
2010.05.24 16:55:17.282,1.83635,1.83715,1.00,1.00
2010.05.24 16:55:17.619,1.83635,1.8371,1.00,1.00
2010.05.24 16:55:19.499,1.83635,1.83705,1.00,1.00
2010.05.24 16:55:25.036,1.8364,1.83705,1.00,1.00
2010.05.24 16:55:25.410,1.8364,1.83715,1.00,1.00
2010.05.24 16:55:25.624,1.83655,1.8373,1.00,1.00
2010.05.24 16:55:26.516,1.8364,1.8371,1.00,1.20
2010.05.24 16:55:26.850,1.83645,1.8372,1.00,1.90
2010.05.24 16:55:27.190,1.83645,1.8372,1.00,1.00
2010.05.24 16:55:27.529,1.8364,1.83705,1.20,1.00
2010.05.24 16:55:28.211,1.83645,1.8372,1.00,1.00
2010.05.24 16:55:29.529,1.83645,1.83715,1.00,1.00
2010.05.24 16:55:39.038,1.8364,1.83705,1.20,1.00
2010.05.24 16:55:39.180,1.83635,1.83705,1.00,1.00
2010.05.24 16:55:40.372,1.83635,1.83705,1.00,1.00
2010.05.24 16:55:43.678,1.83635,1.83705,1.00,1.00
2010.05.24 16:55:44.783,1.8363,1.83705,1.90,1.00
2010.05.24 16:55:45.039,1.8363,1.8369,1.20,1.00
2010.05.24 16:55:45.376,1.83635,1.83695,1.00,1.20
2010.05.24 16:55:45.653,1.8364,1.83725,1.90,1.00
2010.05.24 16:55:45.914,1.83665,1.8374,2.40,3.60
2010.05.24 16:55:46.398,1.83665,1.8374,1.00,1.00
2010.05.24 16:55:46.745,1.8367,1.83745,1.90,1.00
2010.05.24 16:55:47.429,1.8367,1.83745,1.90,1.00
2010.05.24 16:55:47.865,1.8367,1.83735,1.20,1.00
2010.05.24 16:55:48.218,1.83645,1.8372,1.00,1.00
2010.05.24 16:55:49.903,1.8367,1.83735,1.90,2.90
2010.05.24 16:55:50.164,1.8367,1.8371,1.00,1.20
2010.05.24 16:55:50.421,1.8363,1.83705,1.60,1.00
2010.05.24 16:55:50.683,1.83645,1.8372,1.00,3.00
2010.05.24 16:55:50.939,1.83645,1.8372,1.00,1.00
2010.05.24 16:55:51.650,1.8365,1.8371,1.00,1.00
2010.05.24 16:55:52.166,1.83655,1.8371,1.00,1.00
2010.05.24 16:55:52.333,1.8365,1.8371,1.00,1.00
2010.05.24 16:55:55.740,1.8366,1.83725,1.00,1.20
2010.05.24 16:55:56.119,1.8365,1.83725,1.00,1.00
2010.05.24 16:55:57.094,1.8365,1.83715,1.00,1.00
2010.05.24 16:55:58.315,1.83645,1.83715,1.00,1.00
2010.05.24 16:55:58.562,1.8365,1.83715,1.00,1.00
2010.05.24 16:55:59.386,1.8366,1.83715,1.00,1.00
2010.05.24 16:56:02.169,1.8366,1.83715,3.00,1.00
2010.05.24 16:56:02.360,1.8367,1.8373,1.90,1.00
2010.05.24 16:56:03.114,1.8367,1.8374,1.90,1.00
2010.05.24 16:56:03.390,1.8368,1.8374,1.00,1.00
2010.05.24 16:56:04.001,1.83665,1.8374,1.00,1.00
2010.05.24 16:56:04.609,1.83665,1.8373,1.00,1.00
2010.05.24 16:56:04.941,1.8366,1.8371,1.20,1.00
2010.05.24 16:56:05.271,1.83625,1.8371,1.00,1.00
2010.05.24 16:56:05.599,1.83625,1.83695,1.00,1.00
2010.05.24 16:56:05.940,1.8361,1.8367,1.00,1.00
2010.05.24 16:56:06.279,1.83615,1.8367,1.00,1.00
2010.05.24 16:56:06.618,1.836,1.8367,1.90,1.00
2010.05.24 16:56:07.030,1.83625,1.8367,1.00,1.00
2010.05.24 16:56:07.230,1.83625,1.8369,1.20,1.00
2010.05.24 16:56:07.431,1.83615,1.8369,2.00,1.00
2010.05.24 16:56:08.449,1.83615,1.8369,2.00,1.00
2010.05.24 16:56:15.361,1.83615,1.8369,1.90,1.00
2010.05.24 16:56:16.418,1.83615,1.8369,2.00,1.00
2010.05.24 16:56:20.689,1.83615,1.8369,1.90,1.00
2010.05.24 16:56:20.790,1.8364,1.8369,1.00,1.00
2010.05.24 16:56:20.978,1.8364,1.837,1.00,1.00
2010.05.24 16:56:38.043,1.83645,1.837,1.20,1.00
2010.05.24 16:56:38.311,1.83635,1.837,1.00,1.00
2010.05.24 16:56:38.582,1.83635,1.837,1.00,1.60
2010.05.24 16:56:38.853,1.836,1.83665,4.00,1.00
2010.05.24 16:56:39.190,1.836,1.83665,1.60,1.00
2010.05.24 16:56:39.530,1.836,1.83665,1.20,1.00
2010.05.24 16:56:49.066,1.8359,1.83665,1.90,1.00
2010.05.24 16:56:49.606,1.8359,1.83655,1.90,1.00
2010.05.24 16:56:49.913,1.83605,1.8367,1.90,1.00
2010.05.24 16:56:50.222,1.8359,1.83665,1.90,1.00
2010.05.24 16:56:50.812,1.83605,1.8367,1.90,1.00
2010.05.24 16:56:57.441,1.83605,1.8368,1.90,1.00
2010.05.24 16:57:05.733,1.8362,1.8368,1.00,1.00
2010.05.24 16:57:05.973,1.8362,1.8369,1.90,1.20
2010.05.24 16:57:06.220,1.8362,1.8369,1.90,1.00
2010.05.24 16:57:07.250,1.83615,1.8369,1.00,1.00
2010.05.24 16:57:07.540,1.8362,1.83685,1.90,1.00
2010.05.24 16:57:08.541,1.83605,1.8368,1.90,1.00
2010.05.24 16:57:09.709,1.83605,1.8367,1.90,1.00
2010.05.24 16:57:12.333,1.8362,1.83685,1.90,1.20
2010.05.24 16:57:12.498,1.8362,1.83685,1.90,1.00
2010.05.24 16:57:15.040,1.8363,1.837,1.00,2.40
2010.05.24 16:57:15.292,1.83625,1.83695,1.20,1.00
2010.05.24 16:57:15.540,1.8362,1.83695,1.90,1.00
2010.05.24 16:57:17.121,1.8362,1.83695,1.90,1.00
2010.05.24 16:57:18.015,1.8362,1.83695,1.90,1.00
2010.05.24 16:57:33.359,1.83625,1.83695,1.00,1.00
2010.05.24 16:57:34.882,1.8362,1.83695,1.90,1.00
2010.05.24 16:57:35.221,1.83625,1.83695,1.00,1.00
2010.05.24 16:57:35.560,1.8362,1.83695,1.90,1.00
2010.05.24 16:57:35.819,1.83625,1.83695,1.00,1.00
2010.05.24 16:57:36.340,1.8362,1.83695,1.90,1.00
2010.05.24 16:57:38.700,1.83625,1.83695,1.00,1.00
2010.05.24 16:57:39.177,1.8362,1.83695,1.90,1.00
2010.05.24 16:57:40.392,1.83625,1.83695,1.00,1.00
2010.05.24 16:57:40.628,1.8362,1.83695,1.90,1.00
2010.05.24 16:57:40.869,1.83625,1.83695,1.00,1.00
2010.05.24 16:57:41.529,1.8362,1.83695,1.90,1.00
2010.05.24 16:57:43.129,1.83625,1.83695,1.00,1.00
2010.05.24 16:58:02.414,1.8363,1.837,1.00,1.20
2010.05.24 16:58:02.840,1.83635,1.83705,1.00,1.00
2010.05.24 16:58:07.677,1.83635,1.8371,1.00,1.90
2010.05.24 16:58:07.830,1.83635,1.8371,1.00,1.00
2010.05.24 16:58:08.469,1.83635,1.8371,1.00,1.00
2010.05.24 16:58:09.199,1.83635,1.8371,1.00,1.00
2010.05.24 16:58:09.489,1.83635,1.8371,1.00,1.00
2010.05.24 16:58:13.880,1.83635,1.8371,1.00,1.00
2010.05.24 16:58:14.180,1.8365,1.83725,1.00,1.90
2010.05.24 16:58:16.484,1.8365,1.83725,1.00,4.30
2010.05.24 16:58:16.669,1.8363,1.8372,1.20,1.90
2010.05.24 16:58:16.859,1.83645,1.8372,1.20,1.00
2010.05.24 16:58:17.048,1.8365,1.83725,1.00,1.90
2010.05.24 16:58:18.511,1.8366,1.83735,1.90,1.00
2010.05.24 16:58:19.338,1.8366,1.83735,1.90,1.00
2010.05.24 16:58:20.261,1.8366,1.83735,1.90,1.00
2010.05.24 16:58:20.468,1.8366,1.83735,1.90,1.00
2010.05.24 16:58:20.679,1.8366,1.83735,1.90,1.00
2010.05.24 16:58:20.858,1.8366,1.83735,1.90,1.00
2010.05.24 16:58:21.040,1.8366,1.83735,1.90,1.00
2010.05.24 16:58:21.220,1.8366,1.83735,1.90,1.00
2010.05.24 16:58:22.980,1.8366,1.83725,1.90,1.00
2010.05.24 16:58:23.163,1.8366,1.83735,1.90,1.00
2010.05.24 16:58:27.494,1.8367,1.8374,1.00,1.20
2010.05.24 16:58:27.730,1.8367,1.83745,1.00,1.00
2010.05.24 16:58:27.970,1.8366,1.83735,1.90,1.00
2010.05.24 16:58:29.140,1.83675,1.8375,1.90,1.00
2010.05.24 16:58:34.861,1.83675,1.83735,1.20,1.00
2010.05.24 16:58:35.015,1.8366,1.83735,1.90,1.00
2010.05.24 16:58:35.621,1.83675,1.8374,1.00,1.20
2010.05.24 16:58:35.889,1.83675,1.8375,1.90,1.00
2010.05.24 16:58:44.488,1.83675,1.83745,1.20,1.00
2010.05.24 16:58:44.870,1.8367,1.83745,1.00,1.00
2010.05.24 16:58:46.587,1.83675,1.8375,1.00,1.90
2010.05.24 16:58:46.855,1.83675,1.83735,1.20,1.00
2010.05.24 16:58:46.890,1.8366,1.83735,1.90,1.00
2010.05.24 16:58:47.300,1.83665,1.83735,1.20,1.00
2010.05.24 16:58:47.882,1.8366,1.83735,1.90,1.00
2010.05.24 16:58:49.593,1.8366,1.83735,1.90,1.00
2010.05.24 16:58:49.959,1.8366,1.83735,1.90,1.00
2010.05.24 16:58:50.350,1.8366,1.83735,1.00,1.90
2010.05.24 16:58:52.760,1.83665,1.8374,1.00,1.00
2010.05.24 16:58:54.431,1.8367,1.8374,1.20,1.00
2010.05.24 16:58:54.538,1.83665,1.8374,1.00,1.00
2010.05.24 16:58:57.528,1.83675,1.8375,1.00,1.90
2010.05.24 16:58:59.034,1.83665,1.8374,1.00,1.00
2010.05.24 16:59:02.579,1.8366,1.83735,1.90,1.00
2010.05.24 16:59:02.811,1.8367,1.83735,1.20,1.00
2010.05.24 16:59:02.926,1.8366,1.83735,1.00,1.90
2010.05.24 16:59:04.053,1.83665,1.8374,1.00,1.00
2010.05.24 16:59:04.389,1.8367,1.83745,1.00,1.00
2010.05.24 16:59:06.369,1.8366,1.83735,1.90,1.00
2010.05.24 16:59:07.910,1.83665,1.83735,1.20,1.00
2010.05.24 16:59:08.259,1.8367,1.83745,1.00,1.00
2010.05.24 16:59:10.475,1.8367,1.83745,1.00,1.00
2010.05.24 16:59:13.079,1.8366,1.83735,1.90,1.00
2010.05.24 16:59:15.022,1.8366,1.83735,1.00,1.00
2010.05.24 16:59:20.278,1.8366,1.83735,1.00,1.00
2010.05.24 16:59:20.479,1.8367,1.83745,1.00,1.00
2010.05.24 16:59:20.725,1.8367,1.83735,1.00,1.00
2010.05.24 16:59:21.003,1.8366,1.83735,1.00,1.00
2010.05.24 16:59:22.061,1.83675,1.8375,1.00,1.90
2010.05.24 16:59:22.373,1.8367,1.83735,1.20,1.00
2010.05.24 16:59:22.683,1.83675,1.8375,1.00,1.00
2010.05.24 16:59:25.357,1.8367,1.83745,1.00,1.00
2010.05.24 16:59:26.730,1.8366,1.83735,1.00,1.00
2010.05.24 16:59:32.209,1.8366,1.83735,1.00,1.00
2010.05.24 16:59:32.838,1.8366,1.83735,1.00,1.00
2010.05.24 16:59:34.331,1.83665,1.83735,1.00,1.00
2010.05.24 16:59:34.701,1.83675,1.8375,1.00,1.90
2010.05.24 16:59:34.870,1.83675,1.8375,1.00,1.00
2010.05.24 16:59:38.020,1.83685,1.83755,1.00,1.00
2010.05.24 16:59:40.789,1.83685,1.8376,1.00,1.00
2010.05.24 16:59:41.116,1.8369,1.83765,1.00,1.00
2010.05.24 16:59:41.284,1.8369,1.83765,1.00,1.00
2010.05.24 16:59:44.149,1.8369,1.83755,1.00,1.00
2010.05.24 16:59:44.359,1.8369,1.83765,1.00,1.00
2010.05.24 16:59:44.790,1.83675,1.8375,1.90,1.00
2010.05.24 16:59:45.080,1.83675,1.8375,1.00,1.00
2010.05.24 16:59:54.679,1.8367,1.83745,1.00,1.00
2010.05.24 16:59:55.473,1.8366,1.83735,1.00,1.00
2010.05.24 16:59:57.503,1.8366,1.83735,1.00,1.00
2010.05.24 16:59:57.754,1.8365,1.8372,1.00,1.00
2010.05.24 16:59:58.950,1.83645,1.8372,1.00,1.00
