2012.08.23 03:00:00.111,1.53506,1.53536,1.50,1.50
2012.08.23 03:00:00.239,1.53501,1.53531,1.50,1.50
2012.08.23 03:00:00.370,1.53497,1.53531,1.50,1.50
2012.08.23 03:00:01.452,1.53492,1.5352,1.50,1.50
2012.08.23 03:00:01.732,1.5349,1.5352,1.50,1.50
2012.08.23 03:00:02.071,1.53491,1.5352,1.50,1.50
2012.08.23 03:00:02.199,1.5349,1.5352,1.50,1.50
2012.08.23 03:00:03.172,1.53491,1.5352,1.50,1.50
2012.08.23 03:00:03.609,1.5349,1.5352,1.50,1.50
2012.08.23 03:00:03.800,1.53491,1.5352,1.50,1.50
2012.08.23 03:00:03.999,1.53491,1.5352,1.50,1.50
2012.08.23 03:00:04.069,1.53487,1.53515,1.50,1.50
2012.08.23 03:00:04.140,1.53487,1.53515,1.50,1.50
2012.08.23 03:00:04.331,1.5349,1.5352,1.50,1.50
2012.08.23 03:00:05.090,1.53484,1.53515,1.50,1.50
2012.08.23 03:00:05.419,1.53487,1.53519,2.25,1.50
2012.08.23 03:00:06.352,1.5349,1.53519,1.50,1.50
2012.08.23 03:00:06.529,1.53495,1.53525,1.50,1.50
2012.08.23 03:00:06.691,1.53493,1.53525,1.50,1.50
2012.08.23 03:00:09.469,1.53495,1.53525,1.50,1.50
2012.08.23 03:00:10.389,1.53493,1.53525,1.50,1.50
2012.08.23 03:00:10.460,1.53496,1.53522,1.50,1.50
2012.08.23 03:00:10.530,1.53496,1.53524,1.50,1.50
2012.08.23 03:00:10.659,1.53489,1.53517,1.50,1.50
2012.08.23 03:00:10.869,1.53494,1.53522,1.50,1.50
2012.08.23 03:00:10.940,1.53494,1.53524,1.50,1.50
2012.08.23 03:00:12.541,1.53499,1.5353,1.50,1.98
2012.08.23 03:00:14.132,1.53496,1.5353,1.50,1.50
2012.08.23 03:00:14.199,1.53495,1.53525,1.50,1.50
2012.08.23 03:00:14.329,1.53495,1.53525,1.50,1.50
2012.08.23 03:00:14.682,1.53495,1.53525,1.50,1.50
2012.08.23 03:00:14.810,1.53491,1.53521,1.50,1.50
2012.08.23 03:00:14.939,1.53495,1.53526,1.50,1.50
2012.08.23 03:00:15.179,1.53495,1.53526,1.50,1.50
2012.08.23 03:00:15.511,1.53496,1.53528,1.50,1.50
2012.08.23 03:00:15.822,1.53499,1.53529,1.50,1.50
2012.08.23 03:00:16.049,1.53495,1.53525,1.50,1.50
2012.08.23 03:00:16.413,1.53495,1.53525,1.50,1.50
2012.08.23 03:00:17.390,1.53501,1.5353,1.50,1.50
2012.08.23 03:00:17.460,1.53499,1.5353,1.50,1.50
2012.08.23 03:00:20.543,1.53495,1.5353,1.50,1.50
2012.08.23 03:00:20.609,1.53493,1.53525,1.50,1.50
2012.08.23 03:00:21.681,1.53495,1.53525,1.50,1.50
2012.08.23 03:00:22.281,1.53493,1.53525,1.50,1.50
2012.08.23 03:00:24.639,1.53488,1.53523,1.78,1.50
2012.08.23 03:00:24.709,1.53488,1.53521,1.78,1.50
2012.08.23 03:00:28.809,1.53488,1.53524,1.78,1.50
2012.08.23 03:00:28.879,1.53495,1.53526,1.50,1.50
2012.08.23 03:00:30.792,1.53496,1.53528,1.50,1.50
2012.08.23 03:00:31.122,1.53499,1.53531,1.50,1.50
2012.08.23 03:00:32.956,1.53497,1.53531,1.50,1.50
2012.08.23 03:00:33.018,1.53494,1.53527,1.50,1.50
2012.08.23 03:00:33.390,1.53499,1.53531,1.50,1.50
2012.08.23 03:00:33.641,1.53506,1.53536,1.50,1.50
2012.08.23 03:00:33.950,1.53498,1.53532,1.50,1.50
2012.08.23 03:00:34.019,1.53503,1.53533,1.50,1.50
2012.08.23 03:00:34.393,1.53504,1.53533,1.50,1.50
2012.08.23 03:00:34.959,1.53504,1.53533,1.50,1.50
2012.08.23 03:00:35.090,1.5351,1.53539,1.50,1.50
2012.08.23 03:00:35.218,1.53508,1.53539,1.50,1.50
2012.08.23 03:00:35.409,1.53504,1.53533,1.50,1.50
2012.08.23 03:00:36.019,1.53501,1.53533,1.50,1.50
2012.08.23 03:00:36.479,1.53504,1.5353,1.50,1.50
2012.08.23 03:00:36.609,1.53504,1.53533,1.50,1.50
2012.08.23 03:00:36.713,1.53504,1.53533,1.50,1.50
2012.08.23 03:00:37.900,1.53501,1.53533,1.50,1.50
2012.08.23 03:00:38.545,1.53497,1.53527,1.50,1.50
2012.08.23 03:00:38.898,1.53498,1.53527,1.50,1.50
2012.08.23 03:00:40.280,1.53497,1.53527,1.50,1.50
2012.08.23 03:00:40.830,1.53497,1.53527,1.50,1.23
2012.08.23 03:00:40.898,1.53499,1.53531,1.50,1.98
2012.08.23 03:00:42.980,1.53502,1.53531,1.50,1.98
2012.08.23 03:00:43.109,1.53499,1.53531,1.50,1.98
2012.08.23 03:00:44.948,1.53497,1.53528,1.50,1.50
2012.08.23 03:00:46.068,1.53493,1.53523,1.50,1.50
2012.08.23 03:00:46.250,1.535,1.53528,1.50,1.50
2012.08.23 03:00:46.863,1.53505,1.53533,1.50,1.50
2012.08.23 03:00:48.559,1.53507,1.53538,2.25,1.50
2012.08.23 03:00:48.702,1.53509,1.53538,1.50,1.50
2012.08.23 03:00:49.634,1.53507,1.53538,2.25,1.50
2012.08.23 03:00:51.770,1.53502,1.53531,1.50,1.50
2012.08.23 03:01:02.099,1.53507,1.53538,1.50,1.50
2012.08.23 03:01:02.310,1.5351,1.53543,1.50,1.50
2012.08.23 03:01:02.800,1.53512,1.53543,1.50,1.50
2012.08.23 03:01:05.171,1.53512,1.53541,1.50,1.50
2012.08.23 03:01:05.298,1.53507,1.53537,1.50,1.50
2012.08.23 03:01:06.848,1.53509,1.53537,1.50,1.50
2012.08.23 03:01:07.494,1.53507,1.53537,1.50,1.50
2012.08.23 03:01:11.460,1.53516,1.53543,1.50,1.23
2012.08.23 03:01:11.530,1.53523,1.53553,1.50,1.80
2012.08.23 03:01:11.681,1.53523,1.53554,1.50,1.50
2012.08.23 03:01:12.269,1.53518,1.53548,1.50,1.50
2012.08.23 03:01:12.570,1.53512,1.53541,1.50,1.50
2012.08.23 03:01:12.643,1.53516,1.53543,1.50,1.50
2012.08.23 03:01:12.709,1.53516,1.53546,1.50,1.50
2012.08.23 03:01:13.369,1.53511,1.53546,1.50,1.50
2012.08.23 03:01:13.439,1.53509,1.53542,1.50,1.50
2012.08.23 03:01:14.385,1.53511,1.53542,1.50,1.50
2012.08.23 03:01:17.892,1.53509,1.53542,1.50,1.50
2012.08.23 03:01:24.000,1.53516,1.53544,1.50,1.50
2012.08.23 03:01:24.070,1.53516,1.53545,1.50,1.50
2012.08.23 03:01:24.661,1.53515,1.53545,1.50,1.50
2012.08.23 03:01:26.751,1.53516,1.53545,1.50,1.50
2012.08.23 03:01:29.451,1.53515,1.53545,1.50,1.50
2012.08.23 03:01:32.298,1.53516,1.53545,1.50,1.50
2012.08.23 03:01:32.851,1.53515,1.53545,1.50,1.50
2012.08.23 03:01:33.223,1.53516,1.5355,1.50,1.50
2012.08.23 03:01:33.409,1.53518,1.5355,1.50,1.50
2012.08.23 03:01:33.899,1.5352,1.5355,1.50,1.50
2012.08.23 03:01:35.087,1.53526,1.53553,1.50,1.50
2012.08.23 03:01:35.159,1.53526,1.53555,1.50,1.50
2012.08.23 03:01:39.491,1.53519,1.53553,1.50,1.50
2012.08.23 03:01:39.560,1.53519,1.5355,1.50,1.50
2012.08.23 03:01:43.952,1.5352,1.5355,1.50,1.50
2012.08.23 03:01:46.660,1.53519,1.5355,1.50,1.50
2012.08.23 03:01:46.832,1.53519,1.53554,1.50,1.50
2012.08.23 03:01:46.900,1.53525,1.53555,1.50,1.50
2012.08.23 03:01:49.651,1.53526,1.53555,1.50,1.50
2012.08.23 03:01:50.092,1.5352,1.53555,1.50,1.50
2012.08.23 03:01:50.509,1.53519,1.53549,1.50,1.50
2012.08.23 03:01:50.581,1.53517,1.53549,1.50,1.50
2012.08.23 03:01:50.648,1.53516,1.53545,1.50,1.50
2012.08.23 03:01:55.719,1.53516,1.53545,1.50,1.50
2012.08.23 03:01:57.998,1.53516,1.53545,1.50,1.50
2012.08.23 03:01:58.711,1.53514,1.53545,1.50,1.50
2012.08.23 03:01:58.959,1.53512,1.53541,1.50,1.50
2012.08.23 03:01:59.849,1.53517,1.53543,1.50,1.50
2012.08.23 03:01:59.920,1.53517,1.53546,1.50,1.50
2012.08.23 03:02:07.544,1.53509,1.53546,1.50,1.50
2012.08.23 03:02:07.610,1.53507,1.53538,2.25,1.50
2012.08.23 03:02:14.139,1.53509,1.53538,1.50,1.50
2012.08.23 03:02:14.689,1.53516,1.53548,2.25,1.50
2012.08.23 03:02:16.621,1.53516,1.53546,1.50,1.50
2012.08.23 03:02:16.901,1.5351,1.53542,1.50,1.50
2012.08.23 03:02:16.971,1.53507,1.5354,1.50,1.50
2012.08.23 03:02:17.040,1.53503,1.53532,1.50,1.50
2012.08.23 03:02:17.170,1.53503,1.53531,1.50,1.50
2012.08.23 03:02:17.333,1.53497,1.53528,1.78,1.50
2012.08.23 03:02:17.780,1.53496,1.53527,1.50,1.50
2012.08.23 03:02:17.850,1.53493,1.53521,1.35,1.50
2012.08.23 03:02:18.038,1.53492,1.53521,1.50,1.50
2012.08.23 03:02:19.071,1.53499,1.53529,1.50,1.50
2012.08.23 03:02:20.892,1.53497,1.53529,2.25,1.50
2012.08.23 03:02:21.491,1.53497,1.53533,2.25,1.50
2012.08.23 03:02:21.560,1.53503,1.53534,1.50,1.50
2012.08.23 03:02:21.692,1.53508,1.5354,1.50,1.50
2012.08.23 03:02:22.212,1.53511,1.5354,1.50,1.50
2012.08.23 03:02:22.429,1.53508,1.5354,1.50,1.50
2012.08.23 03:02:22.671,1.53511,1.5354,1.50,1.50
2012.08.23 03:02:25.989,1.53511,1.5354,1.50,1.50
2012.08.23 03:02:26.119,1.53517,1.53546,1.50,1.50
2012.08.23 03:02:26.189,1.53517,1.53546,1.50,1.50
2012.08.23 03:02:26.260,1.53517,1.53545,1.50,1.50
2012.08.23 03:02:26.609,1.53512,1.53541,1.50,1.50
2012.08.23 03:02:29.880,1.5351,1.53541,1.50,1.50
2012.08.23 03:02:30.011,1.5351,1.53545,1.50,1.50
2012.08.23 03:02:30.080,1.53516,1.53546,1.50,1.50
2012.08.23 03:02:47.255,1.53509,1.53545,1.50,1.50
2012.08.23 03:02:47.319,1.53509,1.53541,1.50,1.50
2012.08.23 03:02:47.451,1.53515,1.53546,1.50,1.50
2012.08.23 03:02:47.522,1.53521,1.53551,1.50,1.50
2012.08.23 03:02:47.870,1.53517,1.53548,1.50,1.50
2012.08.23 03:02:48.128,1.53512,1.53542,1.50,1.50
2012.08.23 03:02:50.291,1.53513,1.53543,1.50,1.50
2012.08.23 03:02:50.481,1.53514,1.53543,1.50,1.50
2012.08.23 03:02:51.182,1.53515,1.53544,1.50,1.50
2012.08.23 03:02:52.186,1.53514,1.53544,1.50,1.50
2012.08.23 03:02:52.733,1.53507,1.53543,1.50,1.50
2012.08.23 03:02:52.871,1.53507,1.5354,1.50,1.50
2012.08.23 03:02:53.088,1.53509,1.5354,1.50,1.50
2012.08.23 03:02:53.280,1.53515,1.53544,1.50,1.50
2012.08.23 03:02:53.700,1.53515,1.53544,1.50,1.50
2012.08.23 03:02:54.300,1.53521,1.53547,1.50,1.50
2012.08.23 03:02:54.371,1.53521,1.53549,1.50,1.50
2012.08.23 03:02:54.500,1.53526,1.53556,2.25,1.50
2012.08.23 03:03:06.460,1.53522,1.53553,1.50,1.50
2012.08.23 03:03:07.480,1.53522,1.53553,1.50,1.50
2012.08.23 03:03:07.962,1.53522,1.53553,1.50,1.50
2012.08.23 03:03:11.360,1.5352,1.53553,1.50,1.50
2012.08.23 03:03:11.801,1.53523,1.53552,1.50,1.50
2012.08.23 03:03:19.040,1.53517,1.53547,1.50,1.50
2012.08.23 03:03:20.011,1.53521,1.53552,1.50,1.50
2012.08.23 03:03:20.140,1.53516,1.53545,1.50,1.50
2012.08.23 03:03:20.612,1.53519,1.5355,1.50,1.50
2012.08.23 03:03:23.330,1.53525,1.53556,1.50,1.50
2012.08.23 03:03:27.639,1.53525,1.53556,1.50,1.50
2012.08.23 03:03:27.802,1.53525,1.53556,1.50,1.50
2012.08.23 03:03:27.871,1.53521,1.5355,1.50,1.50
2012.08.23 03:03:28.760,1.53518,1.5355,1.50,1.50
2012.08.23 03:03:29.015,1.53517,1.5355,1.50,1.50
2012.08.23 03:03:29.775,1.53515,1.53545,1.50,1.50
2012.08.23 03:03:30.932,1.53515,1.53545,1.50,1.50
2012.08.23 03:03:30.999,1.53521,1.53549,1.50,1.50
2012.08.23 03:03:31.070,1.53521,1.53551,1.50,1.50
2012.08.23 03:03:31.450,1.53519,1.53551,1.50,1.50
2012.08.23 03:03:31.585,1.53522,1.53549,1.50,1.50
2012.08.23 03:03:31.650,1.53522,1.53551,1.50,1.50
2012.08.23 03:03:31.799,1.53526,1.53556,1.50,1.50
2012.08.23 03:03:31.869,1.53527,1.53557,1.50,1.50
2012.08.23 03:03:32.121,1.53527,1.53561,1.50,1.50
2012.08.23 03:03:32.189,1.53531,1.53564,1.50,1.50
2012.08.23 03:03:36.659,1.53534,1.53564,1.50,1.50
2012.08.23 03:03:36.961,1.53531,1.53564,1.50,1.50
2012.08.23 03:03:41.671,1.53534,1.53564,1.50,1.50
2012.08.23 03:03:43.729,1.53531,1.53564,1.50,1.50
2012.08.23 03:03:44.650,1.53534,1.53564,1.50,1.50
2012.08.23 03:03:44.779,1.53526,1.53559,2.25,1.50
2012.08.23 03:03:57.241,1.53526,1.53561,2.25,1.50
2012.08.23 03:03:57.310,1.53532,1.53562,1.50,1.50
2012.08.23 03:03:57.621,1.53533,1.53562,1.50,1.50
2012.08.23 03:03:57.931,1.53538,1.53569,1.50,1.50
2012.08.23 03:03:58.301,1.53543,1.53576,1.50,1.50
2012.08.23 03:03:58.369,1.53546,1.53576,1.50,1.50
2012.08.23 03:03:58.500,1.53546,1.53577,2.25,1.50
2012.08.23 03:03:58.570,1.53548,1.5358,1.50,1.50
2012.08.23 03:03:58.700,1.53546,1.53578,1.50,1.50
2012.08.23 03:03:58.770,1.53544,1.53574,1.50,1.50
2012.08.23 03:03:58.959,1.53546,1.53575,1.50,1.50
2012.08.23 03:03:59.627,1.53546,1.53581,2.25,1.50
2012.08.23 03:03:59.704,1.53552,1.53582,1.50,1.50
2012.08.23 03:04:00.801,1.53549,1.53582,1.50,1.50
2012.08.23 03:04:00.869,1.53547,1.53577,1.50,1.50
2012.08.23 03:04:01.910,1.53546,1.53577,1.50,1.50
2012.08.23 03:04:02.250,1.53541,1.53572,1.50,1.50
2012.08.23 03:04:02.318,1.53537,1.53572,2.25,1.50
2012.08.23 03:04:02.390,1.53537,1.53567,1.50,1.50
2012.08.23 03:04:05.908,1.53537,1.53575,1.50,1.50
2012.08.23 03:04:05.979,1.53544,1.53577,1.50,1.50
2012.08.23 03:04:06.336,1.53546,1.53579,1.50,1.23
2012.08.23 03:04:06.408,1.53549,1.53579,1.50,1.23
2012.08.23 03:04:07.999,1.53544,1.53575,1.50,1.50
2012.08.23 03:04:10.264,1.53546,1.53579,1.50,1.23
2012.08.23 03:04:10.329,1.5355,1.53581,1.50,1.23
2012.08.23 03:04:10.518,1.5355,1.53584,1.50,1.50
2012.08.23 03:04:23.701,1.53553,1.53584,1.50,1.50
2012.08.23 03:04:23.952,1.53566,1.53594,1.50,1.50
2012.08.23 03:04:24.469,1.5356,1.53592,1.50,1.50
2012.08.23 03:04:32.210,1.5356,1.53593,1.50,1.50
2012.08.23 03:04:32.339,1.53564,1.53597,1.50,1.50
2012.08.23 03:04:32.550,1.53569,1.53602,1.50,1.50
2012.08.23 03:04:32.930,1.53565,1.53596,1.50,1.50
2012.08.23 03:04:33.639,1.53565,1.53594,1.50,1.50
2012.08.23 03:04:41.962,1.53565,1.53596,1.50,1.50
2012.08.23 03:04:45.229,1.53569,1.53602,1.50,1.50
2012.08.23 03:04:46.447,1.53568,1.53602,1.50,1.50
2012.08.23 03:04:46.950,1.53566,1.53596,1.50,1.50
2012.08.23 03:04:47.220,1.53558,1.53591,1.50,1.50
2012.08.23 03:04:52.602,1.53565,1.53597,1.50,1.50
2012.08.23 03:04:52.681,1.53572,1.53602,1.50,1.50
2012.08.23 03:04:52.989,1.53566,1.53599,1.50,1.50
2012.08.23 03:04:54.426,1.53566,1.53596,1.50,1.50
2012.08.23 03:04:59.918,1.53566,1.53599,1.50,1.50
2012.08.23 03:05:00.169,1.53573,1.53603,1.50,1.50
2012.08.23 03:05:02.190,1.53573,1.53602,1.50,1.50
2012.08.23 03:05:02.491,1.53565,1.53595,1.50,1.50
2012.08.23 03:05:28.130,1.53565,1.53596,1.50,1.50
2012.08.23 03:05:31.379,1.5357,1.536,1.50,1.50
2012.08.23 03:05:31.631,1.53571,1.53603,1.50,1.50
2012.08.23 03:05:31.700,1.53574,1.53604,1.50,1.50
2012.08.23 03:05:38.239,1.5357,1.53603,1.50,1.50
2012.08.23 03:05:38.310,1.53567,1.53599,1.50,1.50
2012.08.23 03:05:39.061,1.53567,1.53596,1.50,1.50
2012.08.23 03:05:42.189,1.53567,1.53599,1.50,1.50
2012.08.23 03:05:43.379,1.53564,1.53599,1.50,1.50
2012.08.23 03:05:43.509,1.53563,1.53594,1.50,1.50
2012.08.23 03:05:45.220,1.53568,1.53599,1.50,1.50
2012.08.23 03:05:50.019,1.53568,1.53604,1.50,1.50
2012.08.23 03:05:50.089,1.53575,1.53607,1.50,1.50
2012.08.23 03:05:58.386,1.53578,1.53611,1.50,1.50
2012.08.23 03:05:58.467,1.5358,1.53611,1.50,1.50
2012.08.23 03:06:18.953,1.53578,1.53609,1.50,1.50
2012.08.23 03:06:23.449,1.53574,1.53609,1.50,1.50
2012.08.23 03:06:23.519,1.53572,1.53604,1.50,1.50
2012.08.23 03:06:24.235,1.53572,1.53606,1.50,1.50
2012.08.23 03:06:24.788,1.53577,1.53606,1.50,1.50
2012.08.23 03:06:43.905,1.53577,1.53605,1.50,1.50
2012.08.23 03:06:54.101,1.53575,1.53607,1.50,1.50
2012.08.23 03:06:54.270,1.53577,1.53605,1.50,1.50
2012.08.23 03:06:54.338,1.53576,1.53605,1.50,1.50
2012.08.23 03:07:14.348,1.53573,1.53603,1.50,2.25
2012.08.23 03:07:20.080,1.53568,1.53602,1.50,1.50
2012.08.23 03:07:20.210,1.53568,1.53599,1.50,1.50
2012.08.23 03:07:20.489,1.53568,1.53597,1.50,1.50
2012.08.23 03:07:20.960,1.5357,1.53597,1.50,1.50
2012.08.23 03:07:21.091,1.53572,1.53603,1.50,1.50
2012.08.23 03:07:29.200,1.53565,1.53601,1.50,1.50
2012.08.23 03:07:29.329,1.53565,1.53596,1.50,1.50
2012.08.23 03:07:34.468,1.5357,1.53602,1.50,1.50
2012.08.23 03:07:34.540,1.53565,1.53596,1.50,1.50
2012.08.23 03:07:37.203,1.53562,1.53596,1.50,1.50
2012.08.23 03:07:37.269,1.5356,1.53592,1.50,1.50
2012.08.23 03:07:54.440,1.53554,1.53592,1.50,1.50
2012.08.23 03:07:54.510,1.53552,1.53584,1.50,1.50
2012.08.23 03:07:54.641,1.53547,1.53579,1.50,1.50
2012.08.23 03:07:54.951,1.53552,1.53584,1.50,2.25
2012.08.23 03:07:55.259,1.53557,1.53588,1.50,1.50
2012.08.23 03:08:06.332,1.53555,1.53584,1.50,1.50
2012.08.23 03:08:06.398,1.53553,1.53583,1.50,1.50
2012.08.23 03:08:26.370,1.53552,1.53583,1.50,1.50
2012.08.23 03:08:27.153,1.5355,1.53582,1.50,1.50
2012.08.23 03:08:45.655,1.53542,1.5358,1.50,1.50
2012.08.23 03:08:45.718,1.53542,1.53575,1.50,1.50
2012.08.23 03:09:05.820,1.53539,1.53573,1.50,1.50
2012.08.23 03:09:05.888,1.53539,1.53572,1.50,1.50
2012.08.23 03:09:15.587,1.53539,1.53574,1.50,1.50
2012.08.23 03:09:15.659,1.53545,1.53576,1.50,1.50
2012.08.23 03:09:18.920,1.53545,1.53579,1.50,1.50
2012.08.23 03:09:18.992,1.5355,1.5358,1.50,1.50
2012.08.23 03:09:24.551,1.53544,1.53577,1.50,1.50
2012.08.23 03:09:39.526,1.53544,1.53575,1.50,1.50
2012.08.23 03:09:43.433,1.53544,1.53577,1.50,1.50
2012.08.23 03:10:00.612,1.53556,1.53587,1.50,1.50
2012.08.23 03:10:02.061,1.53546,1.53585,2.25,1.50
2012.08.23 03:10:02.380,1.53546,1.53576,2.25,1.50
2012.08.23 03:10:02.521,1.53548,1.53583,1.50,1.50
2012.08.23 03:10:02.591,1.5355,1.53583,1.50,1.50
2012.08.23 03:10:05.150,1.53552,1.53583,1.03,1.50
2012.08.23 03:10:05.473,1.53555,1.53586,1.50,1.50
2012.08.23 03:10:05.720,1.53551,1.53581,1.50,1.50
2012.08.23 03:10:06.493,1.53553,1.53581,1.50,1.50
2012.08.23 03:10:10.389,1.53551,1.53581,1.78,1.50
2012.08.23 03:10:11.538,1.53553,1.53586,1.50,1.50
2012.08.23 03:10:11.609,1.53555,1.53586,1.50,1.50
2012.08.23 03:10:13.261,1.53557,1.53591,1.78,1.50
2012.08.23 03:10:13.330,1.5356,1.53591,1.50,1.50
2012.08.23 03:10:20.333,1.5356,1.53594,1.78,1.50
2012.08.23 03:10:20.409,1.53565,1.53595,1.50,1.50
2012.08.23 03:10:24.931,1.5356,1.53589,1.03,1.50
2012.08.23 03:10:25.242,1.53553,1.53583,1.50,1.50
2012.08.23 03:10:25.655,1.53557,1.53589,1.50,1.50
2012.08.23 03:10:25.812,1.53559,1.53591,1.50,1.50
2012.08.23 03:10:35.291,1.53556,1.53585,1.50,1.50
2012.08.23 03:10:36.380,1.5356,1.5359,1.50,1.50
2012.08.23 03:10:41.110,1.53556,1.53586,1.50,1.50
2012.08.23 03:10:50.909,1.53556,1.53585,1.50,1.50
2012.08.23 03:10:52.322,1.53552,1.53581,1.50,1.50
2012.08.23 03:10:55.630,1.53551,1.53581,1.78,1.50
2012.08.23 03:11:01.952,1.53552,1.53586,1.50,1.50
2012.08.23 03:11:02.020,1.53556,1.53586,1.50,1.50
2012.08.23 03:11:02.872,1.53558,1.53592,1.50,1.50
2012.08.23 03:11:02.941,1.53561,1.53592,1.50,1.50
2012.08.23 03:11:03.130,1.53557,1.53592,1.50,1.50
2012.08.23 03:11:03.200,1.53556,1.53586,1.50,1.50
2012.08.23 03:11:03.330,1.53557,1.53591,1.50,1.50
2012.08.23 03:11:03.401,1.53556,1.53588,1.50,1.50
2012.08.23 03:11:03.472,1.53555,1.53588,1.50,1.50
2012.08.23 03:11:03.663,1.53553,1.53582,1.03,1.50
2012.08.23 03:11:09.720,1.53553,1.53587,1.50,1.50
2012.08.23 03:11:09.790,1.53556,1.53587,1.50,1.50
2012.08.23 03:11:11.239,1.53552,1.53586,1.50,1.50
2012.08.23 03:11:11.310,1.53552,1.53582,1.50,1.50
2012.08.23 03:11:24.188,1.53548,1.53581,1.03,1.50
2012.08.23 03:11:24.259,1.53548,1.53578,1.03,1.50
2012.08.23 03:11:24.390,1.53549,1.53584,1.03,1.50
2012.08.23 03:11:24.581,1.53553,1.53584,1.50,1.50
2012.08.23 03:11:24.651,1.53549,1.53579,1.78,1.50
2012.08.23 03:11:25.113,1.53543,1.53573,1.50,1.50
2012.08.23 03:11:25.613,1.53537,1.53565,1.03,1.50
2012.08.23 03:11:26.100,1.53537,1.53565,1.03,1.50
2012.08.23 03:11:26.290,1.53537,1.53565,1.78,1.50
2012.08.23 03:11:26.601,1.53537,1.53565,1.03,1.50
2012.08.23 03:11:34.642,1.53531,1.5356,1.03,1.50
2012.08.23 03:11:35.310,1.53531,1.53565,1.50,1.50
2012.08.23 03:11:35.380,1.53535,1.53565,1.50,1.50
2012.08.23 03:11:36.491,1.53531,1.53559,1.50,1.50
2012.08.23 03:11:36.849,1.53527,1.53554,1.03,1.50
2012.08.23 03:11:37.425,1.53531,1.53559,1.50,1.50
2012.08.23 03:11:37.490,1.53531,1.53561,1.50,1.50
2012.08.23 03:11:37.922,1.53535,1.53565,1.50,1.50
2012.08.23 03:11:38.172,1.53536,1.53565,1.03,1.50
2012.08.23 03:11:38.570,1.53536,1.53565,1.03,1.50
2012.08.23 03:11:38.881,1.53536,1.53564,1.03,1.50
2012.08.23 03:11:38.949,1.53535,1.53564,1.50,1.50
2012.08.23 03:11:44.701,1.53535,1.53564,1.50,1.50
2012.08.23 03:11:45.010,1.53536,1.53564,1.03,1.50
2012.08.23 03:11:45.080,1.53537,1.53571,1.03,1.50
2012.08.23 03:11:45.150,1.53541,1.53571,1.50,1.50
2012.08.23 03:11:46.571,1.53543,1.53571,1.50,1.50
2012.08.23 03:11:48.831,1.53541,1.53571,1.50,1.50
2012.08.23 03:11:56.322,1.53543,1.53571,1.03,1.50
2012.08.23 03:11:56.510,1.53545,1.53578,1.50,1.50
2012.08.23 03:12:02.842,1.53544,1.53573,1.03,1.50
2012.08.23 03:12:05.161,1.53544,1.53573,1.03,1.50
2012.08.23 03:12:05.231,1.53547,1.53579,1.50,1.50
2012.08.23 03:12:08.320,1.53544,1.53576,1.03,1.50
2012.08.23 03:12:08.390,1.53544,1.53575,1.03,1.50
2012.08.23 03:12:13.065,1.53544,1.53575,1.03,1.50
2012.08.23 03:12:13.432,1.53547,1.53579,1.50,1.50
2012.08.23 03:12:16.195,1.53543,1.53576,1.78,1.50
2012.08.23 03:12:16.319,1.53543,1.53573,1.78,1.50
2012.08.23 03:12:22.713,1.53538,1.53571,1.50,1.50
2012.08.23 03:12:22.782,1.53538,1.53569,1.50,1.50
2012.08.23 03:12:22.851,1.53536,1.53565,1.50,1.50
2012.08.23 03:12:37.462,1.53533,1.53565,1.50,1.50
2012.08.23 03:12:39.112,1.53536,1.53565,1.50,1.50
2012.08.23 03:12:39.883,1.53533,1.53565,1.50,1.50
2012.08.23 03:12:42.818,1.53533,1.53565,1.50,1.50
2012.08.23 03:12:44.622,1.53539,1.53571,1.50,1.50
2012.08.23 03:12:44.972,1.53535,1.53565,1.50,1.50
2012.08.23 03:12:45.222,1.53544,1.53574,1.50,1.50
2012.08.23 03:12:45.291,1.53542,1.53573,1.03,1.50
2012.08.23 03:12:45.362,1.53543,1.53572,1.03,1.50
2012.08.23 03:12:45.430,1.53543,1.53573,1.03,1.50
2012.08.23 03:12:45.834,1.5354,1.53569,1.03,1.50
2012.08.23 03:12:45.904,1.53537,1.53569,1.78,1.50
2012.08.23 03:12:48.023,1.53537,1.53563,1.03,1.50
2012.08.23 03:12:48.272,1.53537,1.5357,2.25,1.50
2012.08.23 03:12:49.080,1.53537,1.53568,1.50,1.50
2012.08.23 03:12:49.400,1.53535,1.53564,1.50,1.50
2012.08.23 03:12:52.284,1.53533,1.53564,1.03,1.50
2012.08.23 03:12:52.541,1.53533,1.53569,1.03,1.50
2012.08.23 03:12:52.671,1.53538,1.53571,1.50,1.50
2012.08.23 03:12:53.080,1.53536,1.53571,1.50,1.50
2012.08.23 03:12:53.150,1.53534,1.53562,1.50,1.50
2012.08.23 03:12:53.220,1.53532,1.53562,1.78,1.50
2012.08.23 03:12:53.651,1.53534,1.53562,1.50,1.50
2012.08.23 03:12:53.962,1.53532,1.53562,1.50,1.50
2012.08.23 03:12:54.091,1.53527,1.53557,1.03,1.50
2012.08.23 03:12:58.476,1.53539,1.5357,1.50,1.50
2012.08.23 03:12:58.789,1.53535,1.5357,1.50,1.50
2012.08.23 03:12:59.011,1.53534,1.53564,1.50,1.50
2012.08.23 03:12:59.082,1.53531,1.53564,1.50,1.50
2012.08.23 03:12:59.151,1.53529,1.5356,1.50,1.50
2012.08.23 03:13:19.671,1.53526,1.53556,2.25,1.50
2012.08.23 03:13:23.061,1.53531,1.53561,1.50,1.50
2012.08.23 03:13:25.260,1.53533,1.53561,1.50,1.50
2012.08.23 03:13:25.601,1.53527,1.53558,1.78,1.50
2012.08.23 03:13:25.670,1.53527,1.53558,1.03,1.50
2012.08.23 03:13:30.260,1.53527,1.53561,1.50,1.50
2012.08.23 03:13:30.330,1.53531,1.53561,1.50,1.50
2012.08.23 03:13:32.270,1.53528,1.53561,1.50,1.50
2012.08.23 03:13:32.401,1.53526,1.53556,2.25,1.50
2012.08.23 03:13:32.722,1.53528,1.53561,1.50,1.50
2012.08.23 03:13:32.789,1.53531,1.53561,1.50,1.50
2012.08.23 03:13:36.210,1.53526,1.53556,1.50,1.50
2012.08.23 03:13:36.671,1.53531,1.53561,1.50,1.50
2012.08.23 03:13:38.961,1.53531,1.53564,1.50,1.50
2012.08.23 03:13:39.042,1.53535,1.53567,1.50,1.50
2012.08.23 03:13:39.350,1.53531,1.53567,1.50,1.50
2012.08.23 03:13:39.421,1.5353,1.5356,1.50,1.50
2012.08.23 03:13:54.499,1.53531,1.53567,1.50,1.50
2012.08.23 03:13:54.570,1.53535,1.53567,1.50,1.50
2012.08.23 03:14:13.850,1.53531,1.53563,1.50,1.50
2012.08.23 03:14:13.922,1.5353,1.53561,1.50,1.50
2012.08.23 03:14:14.411,1.5352,1.5355,1.50,1.50
2012.08.23 03:14:18.183,1.53524,1.53556,1.50,1.50
2012.08.23 03:14:18.662,1.53518,1.5355,1.50,1.50
2012.08.23 03:14:18.742,1.53514,1.53545,1.03,1.50
2012.08.23 03:14:19.057,1.5351,1.53545,1.50,1.50
2012.08.23 03:14:19.130,1.53508,1.53539,1.50,1.50
2012.08.23 03:14:23.471,1.5351,1.53545,1.50,1.50
2012.08.23 03:14:23.541,1.53514,1.53545,1.50,1.50
2012.08.23 03:14:27.333,1.53516,1.5355,1.50,1.50
2012.08.23 03:14:27.402,1.53518,1.5355,1.50,1.50
2012.08.23 03:14:29.802,1.53516,1.53547,1.50,1.50
2012.08.23 03:14:29.931,1.53516,1.53546,1.50,1.50
2012.08.23 03:14:31.251,1.5351,1.5354,1.50,1.50
2012.08.23 03:14:34.983,1.53505,1.53535,1.50,1.50
2012.08.23 03:14:35.112,1.53497,1.53528,1.50,1.50
2012.08.23 03:14:35.181,1.53493,1.53522,1.50,1.50
2012.08.23 03:14:35.583,1.53497,1.53528,1.50,1.50
2012.08.23 03:14:42.811,1.53496,1.53528,1.50,1.50
2012.08.23 03:14:43.361,1.53492,1.53523,1.50,1.50
2012.08.23 03:14:43.971,1.53493,1.53523,1.50,1.50
2012.08.23 03:14:44.291,1.53496,1.53526,1.50,1.50
2012.08.23 03:14:44.361,1.53497,1.53529,1.50,1.50
2012.08.23 03:14:46.611,1.53495,1.53524,1.50,1.50
2012.08.23 03:14:47.153,1.53492,1.53524,1.50,1.50
2012.08.23 03:14:48.641,1.53495,1.53524,1.50,1.50
2012.08.23 03:14:55.795,1.53492,1.53524,1.50,1.50
2012.08.23 03:14:56.524,1.53488,1.53519,1.50,1.50
2012.08.23 03:15:02.871,1.53489,1.53519,1.50,1.50
2012.08.23 03:15:03.420,1.5349,1.5352,1.50,1.50
2012.08.23 03:15:08.390,1.53489,1.5352,1.50,1.50
2012.08.23 03:15:08.579,1.53489,1.53523,1.50,1.50
2012.08.23 03:15:08.651,1.53494,1.53525,1.50,1.50
2012.08.23 03:15:11.815,1.53491,1.53525,1.50,1.50
2012.08.23 03:15:11.881,1.53488,1.5352,1.50,1.50
2012.08.23 03:15:12.282,1.53481,1.53512,1.50,1.50
2012.08.23 03:15:12.411,1.53483,1.53512,1.50,1.50
2012.08.23 03:15:12.721,1.53486,1.53516,1.50,1.50
2012.08.23 03:15:12.790,1.53487,1.53517,1.50,1.50
2012.08.23 03:15:20.911,1.53486,1.53517,1.50,1.50
2012.08.23 03:15:21.821,1.53483,1.53512,1.50,1.50
2012.08.23 03:15:23.762,1.53486,1.53519,2.25,1.50
2012.08.23 03:15:28.580,1.53481,1.53513,1.50,1.50
2012.08.23 03:15:28.951,1.53477,1.53507,1.50,1.50
2012.08.23 03:15:29.139,1.53477,1.53507,1.50,1.50
2012.08.23 03:15:29.689,1.53476,1.53507,2.25,1.50
2012.08.23 03:15:34.992,1.53471,1.53501,1.50,1.50
2012.08.23 03:15:35.240,1.53476,1.53508,1.50,1.50
2012.08.23 03:15:35.750,1.5347,1.53502,1.50,1.50
2012.08.23 03:15:39.192,1.53466,1.53497,1.50,1.50
2012.08.23 03:15:39.893,1.53468,1.53502,1.50,1.50
2012.08.23 03:15:39.959,1.53469,1.53502,1.50,1.50
2012.08.23 03:15:45.862,1.53462,1.53499,1.50,1.50
2012.08.23 03:15:45.929,1.53462,1.53494,1.50,1.50
2012.08.23 03:15:46.935,1.53464,1.53494,1.50,1.50
2012.08.23 03:15:47.392,1.53466,1.53499,1.50,1.50
2012.08.23 03:15:47.461,1.53468,1.53499,1.50,1.50
2012.08.23 03:15:49.221,1.53466,1.53498,1.50,1.50
2012.08.23 03:15:49.300,1.53465,1.53494,1.50,1.50
2012.08.23 03:15:57.721,1.53465,1.53493,1.50,1.50
2012.08.23 03:15:57.911,1.53459,1.53492,1.50,1.50
2012.08.23 03:15:57.980,1.53459,1.53492,1.50,1.50
2012.08.23 03:15:58.332,1.53458,1.53486,1.50,1.50
2012.08.23 03:15:58.911,1.53463,1.53491,1.50,1.50
2012.08.23 03:16:00.442,1.53456,1.53487,1.50,1.50
2012.08.23 03:16:00.909,1.53464,1.53492,1.50,1.50
2012.08.23 03:16:00.980,1.53464,1.53493,1.50,1.50
2012.08.23 03:16:06.192,1.53464,1.53493,1.50,1.50
2012.08.23 03:16:11.692,1.53464,1.53493,1.50,1.50
2012.08.23 03:16:12.009,1.53466,1.53496,1.50,1.50
2012.08.23 03:16:12.082,1.53467,1.53499,1.50,1.98
2012.08.23 03:16:13.041,1.53466,1.53499,1.50,1.98
2012.08.23 03:16:13.723,1.53464,1.53493,1.50,1.50
2012.08.23 03:16:16.018,1.53465,1.53493,1.50,1.50
2012.08.23 03:16:16.095,1.53465,1.53493,1.50,1.50
2012.08.23 03:16:16.231,1.53465,1.53491,1.50,1.50
2012.08.23 03:16:16.423,1.53465,1.53495,1.50,1.50
2012.08.23 03:16:16.551,1.53465,1.53495,1.50,1.50
2012.08.23 03:16:16.960,1.53471,1.535,1.50,1.50
2012.08.23 03:16:21.471,1.53474,1.53503,1.50,1.50
2012.08.23 03:16:21.921,1.53476,1.53508,1.50,1.50
2012.08.23 03:16:21.991,1.53478,1.53508,1.50,1.50
2012.08.23 03:16:22.151,1.53477,1.53508,1.50,1.50
2012.08.23 03:16:22.750,1.53482,1.53512,1.50,1.50
2012.08.23 03:16:23.453,1.53484,1.53512,1.50,1.50
2012.08.23 03:16:30.921,1.53484,1.5351,1.50,1.50
2012.08.23 03:16:33.210,1.53478,1.53508,1.50,1.50
2012.08.23 03:16:35.212,1.53477,1.53508,1.50,1.50
2012.08.23 03:16:35.422,1.53476,1.53508,1.50,1.50
2012.08.23 03:16:35.931,1.53475,1.53503,1.50,1.50
2012.08.23 03:16:44.240,1.53476,1.53509,2.25,1.50
2012.08.23 03:16:50.962,1.53471,1.535,1.50,1.50
2012.08.23 03:16:56.261,1.53476,1.53505,1.50,1.50
2012.08.23 03:16:56.330,1.53476,1.53506,1.50,1.50
2012.08.23 03:16:56.635,1.53475,1.53506,1.50,1.50
2012.08.23 03:17:10.629,1.53476,1.53507,1.50,1.50
2012.08.23 03:17:10.791,1.53476,1.53504,1.50,1.50
2012.08.23 03:17:11.298,1.53472,1.535,1.50,1.50
2012.08.23 03:17:13.712,1.5347,1.535,1.50,1.50
2012.08.23 03:17:13.999,1.53467,1.53498,1.50,1.50
2012.08.23 03:17:14.080,1.53466,1.53495,1.50,1.50
2012.08.23 03:17:19.531,1.53467,1.535,2.25,1.50
2012.08.23 03:17:20.681,1.53467,1.53497,1.50,1.50
2012.08.23 03:17:20.750,1.53464,1.53493,1.50,1.50
2012.08.23 03:17:22.250,1.53464,1.53492,1.50,1.50
2012.08.23 03:17:22.500,1.53457,1.53489,2.25,1.50
2012.08.23 03:17:23.641,1.53457,1.53489,1.50,1.50
2012.08.23 03:17:27.010,1.53457,1.53487,2.25,1.50
2012.08.23 03:17:27.353,1.5345,1.53478,1.50,1.50
2012.08.23 03:17:27.481,1.53441,1.53476,1.50,1.50
2012.08.23 03:17:27.552,1.53441,1.53473,1.50,1.50
2012.08.23 03:17:27.800,1.53437,1.53473,1.50,1.50
2012.08.23 03:17:28.068,1.53436,1.53468,1.50,1.50
2012.08.23 03:17:28.201,1.53436,1.5347,2.25,1.50
2012.08.23 03:17:28.270,1.53436,1.53467,2.25,1.50
2012.08.23 03:17:34.240,1.53436,1.5347,2.25,1.50
2012.08.23 03:17:34.311,1.53441,1.53473,1.50,1.50
2012.08.23 03:17:45.700,1.53441,1.53477,1.50,1.50
2012.08.23 03:17:45.971,1.53448,1.53478,1.50,1.98
2012.08.23 03:17:58.209,1.53441,1.53478,1.50,1.98
2012.08.23 03:17:58.280,1.53439,1.53472,1.50,1.50
2012.08.23 03:17:58.429,1.53441,1.53472,1.50,1.50
2012.08.23 03:18:04.681,1.53441,1.53472,1.50,1.50
2012.08.23 03:18:05.939,1.53447,1.53474,1.50,1.50
2012.08.23 03:18:06.009,1.53447,1.53476,1.50,1.23
2012.08.23 03:18:06.199,1.53453,1.53479,1.50,1.50
2012.08.23 03:18:06.269,1.53453,1.53482,1.50,1.50
2012.08.23 03:18:08.201,1.5345,1.53482,1.50,1.50
2012.08.23 03:18:26.279,1.53447,1.53479,2.25,1.50
2012.08.23 03:18:26.349,1.53447,1.53477,2.25,1.50
2012.08.23 03:18:46.440,1.53449,1.53479,1.50,1.50
2012.08.23 03:19:00.500,1.53449,1.53478,1.50,1.23
2012.08.23 03:19:00.811,1.53449,1.53478,1.50,1.23
2012.08.23 03:19:01.003,1.53447,1.53477,1.50,1.23
2012.08.23 03:19:01.372,1.53439,1.53468,1.50,1.50
2012.08.23 03:19:03.161,1.53436,1.53468,2.25,1.50
2012.08.23 03:19:04.482,1.53444,1.53474,1.50,1.50
2012.08.23 03:19:24.510,1.53444,1.53475,1.50,1.50
2012.08.23 03:19:25.050,1.5344,1.53476,1.50,1.50
2012.08.23 03:19:25.120,1.53438,1.53468,1.50,1.50
2012.08.23 03:19:36.971,1.53427,1.53457,2.25,1.50
2012.08.23 03:19:40.851,1.53421,1.5345,1.50,1.50
2012.08.23 03:19:46.199,1.53418,1.5345,1.50,1.50
2012.08.23 03:19:46.271,1.53416,1.53447,1.50,1.50
2012.08.23 03:19:46.341,1.53406,1.53435,1.50,1.50
2012.08.23 03:19:46.595,1.53413,1.53442,1.50,1.50
2012.08.23 03:19:47.210,1.53416,1.53446,2.25,1.23
2012.08.23 03:19:49.150,1.53413,1.53442,1.50,1.50
2012.08.23 03:19:51.510,1.53416,1.53446,1.50,1.50
2012.08.23 03:19:51.580,1.53417,1.53447,1.50,1.50
2012.08.23 03:19:51.710,1.53418,1.53447,1.50,1.50
2012.08.23 03:19:52.351,1.53426,1.53454,1.50,1.50
2012.08.23 03:19:52.420,1.53426,1.53455,1.50,1.50
2012.08.23 03:20:02.800,1.53426,1.53454,1.50,1.50
2012.08.23 03:20:03.213,1.5342,1.5345,1.50,1.50
2012.08.23 03:20:04.381,1.53425,1.53454,1.50,1.50
2012.08.23 03:20:11.991,1.5343,1.53459,1.50,1.23
2012.08.23 03:20:12.211,1.53427,1.53459,1.50,1.23
2012.08.23 03:20:12.281,1.53426,1.53456,1.50,1.50
2012.08.23 03:20:14.299,1.53424,1.53456,1.50,1.50
2012.08.23 03:20:16.740,1.53426,1.53455,1.50,1.50
2012.08.23 03:20:16.812,1.53426,1.53457,1.50,1.50
2012.08.23 03:20:19.916,1.53424,1.53457,1.50,1.50
2012.08.23 03:20:23.224,1.53426,1.53455,1.50,1.50
2012.08.23 03:20:23.290,1.53426,1.53456,1.50,1.50
2012.08.23 03:20:28.170,1.53426,1.53456,1.50,1.50
2012.08.23 03:20:28.780,1.53432,1.53461,1.50,1.23
2012.08.23 03:20:29.411,1.53432,1.5346,1.50,1.50
2012.08.23 03:20:29.482,1.53424,1.53454,1.50,1.50
2012.08.23 03:20:29.550,1.5342,1.53449,1.50,1.50
2012.08.23 03:20:29.890,1.53426,1.53457,1.50,1.50
2012.08.23 03:20:29.961,1.53433,1.53462,1.50,1.05
2012.08.23 03:20:30.031,1.53435,1.53463,1.50,1.50
2012.08.23 03:20:30.231,1.53433,1.53463,1.50,1.50
2012.08.23 03:20:31.545,1.53433,1.53461,1.50,1.23
2012.08.23 03:20:31.610,1.53424,1.53455,1.50,1.50
2012.08.23 03:20:31.741,1.53426,1.53459,1.50,1.23
2012.08.23 03:20:31.870,1.53419,1.53448,1.50,1.50
2012.08.23 03:20:32.180,1.53424,1.53454,1.50,1.50
2012.08.23 03:20:32.409,1.53424,1.53454,1.50,1.50
2012.08.23 03:20:33.160,1.53424,1.53454,1.50,1.50
2012.08.23 03:20:33.351,1.53432,1.53464,1.50,1.50
2012.08.23 03:20:33.420,1.53434,1.53464,1.50,1.50
2012.08.23 03:20:33.832,1.53434,1.53462,1.50,1.50
2012.08.23 03:20:34.021,1.53428,1.53459,1.50,1.50
2012.08.23 03:20:36.182,1.5343,1.53459,1.50,1.50
2012.08.23 03:20:36.473,1.53428,1.53459,1.50,1.50
2012.08.23 03:20:38.163,1.53425,1.53454,1.50,1.50
2012.08.23 03:20:38.350,1.53416,1.53447,1.50,1.50
2012.08.23 03:20:38.541,1.53416,1.53444,1.50,1.50
2012.08.23 03:20:38.851,1.53424,1.53455,1.50,1.50
2012.08.23 03:20:39.564,1.53427,1.53457,1.50,1.50
2012.08.23 03:20:39.965,1.53428,1.53458,1.50,1.98
2012.08.23 03:20:41.862,1.53424,1.53454,1.50,1.50
2012.08.23 03:20:42.170,1.53424,1.53453,1.50,1.50
2012.08.23 03:20:42.241,1.53424,1.53455,1.50,1.50
2012.08.23 03:20:46.191,1.53423,1.53455,1.50,1.50
2012.08.23 03:20:46.501,1.53424,1.53455,1.50,1.50
2012.08.23 03:20:47.341,1.53427,1.53456,1.50,1.50
2012.08.23 03:20:47.662,1.53425,1.53455,1.50,1.50
2012.08.23 03:20:49.731,1.53422,1.53455,1.50,1.50
2012.08.23 03:20:50.041,1.53418,1.5345,1.50,1.50
2012.08.23 03:20:50.170,1.5342,1.5345,1.50,1.50
2012.08.23 03:20:53.460,1.53425,1.53455,1.50,1.50
2012.08.23 03:20:53.963,1.53422,1.53455,1.50,1.50
2012.08.23 03:20:54.150,1.53422,1.53455,1.50,1.50
2012.08.23 03:20:55.207,1.53423,1.53452,1.50,1.50
2012.08.23 03:21:09.874,1.53421,1.53452,1.50,1.50
2012.08.23 03:21:09.941,1.53416,1.53452,2.25,1.50
2012.08.23 03:21:10.140,1.53416,1.53445,1.50,1.50
2012.08.23 03:21:12.492,1.53416,1.53445,1.50,1.50
2012.08.23 03:21:18.021,1.53416,1.53445,1.50,1.50
2012.08.23 03:21:22.583,1.53413,1.53445,1.50,1.50
2012.08.23 03:21:22.773,1.53409,1.53435,1.50,1.50
2012.08.23 03:21:22.842,1.53409,1.53435,1.50,1.50
2012.08.23 03:21:22.911,1.53414,1.53441,1.50,1.50
2012.08.23 03:21:22.982,1.53414,1.53444,1.50,1.50
2012.08.23 03:21:23.052,1.53411,1.53444,1.50,1.50
2012.08.23 03:21:23.242,1.53416,1.53442,1.50,1.50
2012.08.23 03:21:23.311,1.53416,1.53444,1.50,1.50
2012.08.23 03:21:23.811,1.53414,1.53444,1.50,1.50
2012.08.23 03:21:24.020,1.53416,1.53442,1.50,1.50
2012.08.23 03:21:24.563,1.53416,1.53444,1.50,1.50
2012.08.23 03:21:24.630,1.53416,1.53444,1.50,1.50
2012.08.23 03:21:26.545,1.53416,1.53444,1.50,1.50
2012.08.23 03:21:29.592,1.53414,1.53444,1.50,1.50
2012.08.23 03:21:31.192,1.53409,1.5344,1.50,1.50
2012.08.23 03:21:39.274,1.53409,1.53443,1.50,1.50
2012.08.23 03:21:39.339,1.53414,1.53446,1.50,1.50
2012.08.23 03:21:59.289,1.53413,1.53443,1.50,1.50
2012.08.23 03:22:28.322,1.53414,1.53443,1.50,1.50
2012.08.23 03:22:32.460,1.53413,1.53443,1.50,1.50
2012.08.23 03:22:36.459,1.53414,1.53443,1.50,1.50
2012.08.23 03:22:57.100,1.53412,1.53443,1.50,1.50
2012.08.23 03:22:59.601,1.53413,1.53445,1.50,1.50
2012.08.23 03:23:01.073,1.53416,1.53445,1.50,1.50
2012.08.23 03:23:19.500,1.53413,1.53442,1.50,1.50
2012.08.23 03:23:29.038,1.53412,1.53442,1.50,1.50
2012.08.23 03:23:31.842,1.53407,1.53438,2.25,1.50
2012.08.23 03:23:32.530,1.53407,1.53437,1.50,1.50
2012.08.23 03:23:33.271,1.53402,1.53432,1.50,1.50
2012.08.23 03:23:33.700,1.53407,1.53437,1.50,1.50
2012.08.23 03:23:36.461,1.53408,1.53437,1.50,1.50
2012.08.23 03:23:36.550,1.53414,1.53442,1.50,1.50
2012.08.23 03:23:36.620,1.53414,1.53443,1.50,1.50
2012.08.23 03:23:37.449,1.53414,1.53443,1.50,1.50
2012.08.23 03:23:37.521,1.53436,1.53457,1.50,1.08
2012.08.23 03:23:37.591,1.53436,1.53465,1.50,1.50
2012.08.23 03:23:37.662,1.53436,1.53465,1.50,1.50
2012.08.23 03:23:38.171,1.53436,1.53465,1.50,1.50
2012.08.23 03:23:38.743,1.53444,1.53473,1.50,1.50
2012.08.23 03:23:38.893,1.53438,1.53467,1.50,1.50
2012.08.23 03:23:39.081,1.53437,1.53467,1.50,1.50
2012.08.23 03:23:39.532,1.53434,1.53463,1.50,1.50
2012.08.23 03:23:40.317,1.53436,1.53465,1.50,1.23
2012.08.23 03:23:40.390,1.53438,1.53468,1.50,1.23
2012.08.23 03:23:40.521,1.53434,1.53464,1.50,1.50
2012.08.23 03:23:43.510,1.53434,1.53464,1.50,1.50
2012.08.23 03:23:43.961,1.53434,1.53464,1.50,1.50
2012.08.23 03:23:48.382,1.53434,1.53464,1.50,1.50
2012.08.23 03:23:54.232,1.53442,1.53471,1.50,1.05
2012.08.23 03:23:54.303,1.53447,1.53476,1.50,1.23
2012.08.23 03:23:54.371,1.53447,1.53474,1.50,1.50
2012.08.23 03:23:54.440,1.53437,1.5347,2.25,1.50
2012.08.23 03:23:54.573,1.53431,1.53459,1.50,1.50
2012.08.23 03:23:54.821,1.53437,1.53467,1.50,1.50
2012.08.23 03:24:02.671,1.53431,1.53467,1.50,1.50
2012.08.23 03:24:02.740,1.5343,1.53461,1.50,1.50
2012.08.23 03:24:07.270,1.53427,1.5346,1.50,1.50
2012.08.23 03:24:07.340,1.53426,1.53457,1.50,1.50
2012.08.23 03:24:08.463,1.53426,1.53457,1.50,1.50
2012.08.23 03:24:08.801,1.53426,1.53455,1.50,1.50
2012.08.23 03:24:09.202,1.53421,1.53451,1.50,1.50
2012.08.23 03:24:09.391,1.53425,1.53456,1.50,1.50
2012.08.23 03:24:12.205,1.53423,1.53456,1.50,1.50
2012.08.23 03:24:12.781,1.53418,1.53454,1.50,1.50
2012.08.23 03:24:12.850,1.53418,1.5345,1.50,1.50
2012.08.23 03:24:13.072,1.53421,1.53455,1.50,1.50
2012.08.23 03:24:13.141,1.53423,1.53455,1.50,1.50
2012.08.23 03:24:33.083,1.53421,1.53453,1.50,1.50
2012.08.23 03:24:33.150,1.53421,1.53452,1.50,1.50
2012.08.23 03:24:34.742,1.53416,1.53447,1.50,1.50
2012.08.23 03:24:34.871,1.53422,1.53455,1.50,1.50
2012.08.23 03:24:35.000,1.53425,1.53452,1.50,1.50
2012.08.23 03:24:35.311,1.5342,1.53448,1.50,1.50
2012.08.23 03:24:35.381,1.53418,1.53448,1.50,1.50
2012.08.23 03:24:37.180,1.5342,1.53448,1.50,1.50
2012.08.23 03:24:37.431,1.53424,1.53454,1.50,1.50
2012.08.23 03:24:37.681,1.53435,1.53456,1.03,1.50
2012.08.23 03:24:37.752,1.53437,1.5347,1.50,1.50
2012.08.23 03:24:37.881,1.53437,1.5347,2.25,1.50
2012.08.23 03:24:38.203,1.53439,1.5347,1.50,1.50
2012.08.23 03:24:42.882,1.53438,1.5347,1.03,1.50
2012.08.23 03:24:47.040,1.53439,1.5347,1.50,1.50
2012.08.23 03:24:57.891,1.53438,1.5347,1.03,1.50
2012.08.23 03:24:58.200,1.53439,1.5347,1.78,1.50
2012.08.23 03:24:58.273,1.53447,1.53476,1.50,1.50
2012.08.23 03:24:58.641,1.53448,1.53478,1.50,1.50
2012.08.23 03:24:58.711,1.53449,1.53478,1.50,1.50
2012.08.23 03:24:59.230,1.53456,1.53486,1.50,1.50
2012.08.23 03:25:00.241,1.53456,1.53494,2.25,1.50
2012.08.23 03:25:00.533,1.53468,1.53499,1.50,1.50
2012.08.23 03:25:00.783,1.53464,1.53499,1.50,1.50
2012.08.23 03:25:00.954,1.53462,1.53494,1.50,1.50
2012.08.23 03:25:20.860,1.53462,1.53493,1.50,1.50
2012.08.23 03:25:42.462,1.53457,1.53491,1.50,1.50
2012.08.23 03:25:42.651,1.53451,1.53481,1.50,1.50
2012.08.23 03:25:42.990,1.53453,1.53487,1.50,1.50
2012.08.23 03:25:43.061,1.53457,1.53487,1.50,1.50
2012.08.23 03:25:43.933,1.53459,1.53493,1.50,2.25
2012.08.23 03:25:44.000,1.53462,1.53493,1.50,2.25
2012.08.23 03:25:54.240,1.53456,1.53492,1.50,1.50
2012.08.23 03:25:54.309,1.53456,1.53488,1.50,1.50
2012.08.23 03:25:54.632,1.53458,1.53493,1.50,1.50
2012.08.23 03:25:54.760,1.53461,1.53494,1.50,1.50
2012.08.23 03:26:21.821,1.53457,1.53487,1.50,1.50
2012.08.23 03:26:29.863,1.53457,1.53486,1.50,1.50
2012.08.23 03:26:30.131,1.53457,1.53487,1.50,1.50
2012.08.23 03:26:30.442,1.53457,1.53486,1.50,1.50
2012.08.23 03:26:32.941,1.5345,1.53483,1.50,1.50
2012.08.23 03:26:33.013,1.5345,1.53481,1.50,1.50
2012.08.23 03:26:33.082,1.53444,1.53479,1.50,1.50
2012.08.23 03:26:33.271,1.5345,1.5348,1.50,1.50
2012.08.23 03:26:33.641,1.53444,1.53477,1.50,1.50
2012.08.23 03:26:53.631,1.53447,1.53479,1.50,1.50
2012.08.23 03:27:13.622,1.53446,1.53477,1.50,1.50
2012.08.23 03:27:13.935,1.53446,1.53476,1.50,1.50
2012.08.23 03:27:24.970,1.53446,1.53474,1.50,1.50
2012.08.23 03:27:25.600,1.53446,1.53476,1.50,1.50
2012.08.23 03:27:27.028,1.53446,1.53474,1.50,1.50
2012.08.23 03:27:42.381,1.5345,1.5348,1.50,1.50
2012.08.23 03:27:43.071,1.5345,1.53481,1.50,1.50
2012.08.23 03:27:45.175,1.53443,1.5348,1.50,1.50
2012.08.23 03:27:45.242,1.53443,1.53475,1.50,1.50
2012.08.23 03:27:57.796,1.53443,1.53473,1.03,1.50
2012.08.23 03:27:57.922,1.53438,1.53469,1.03,1.50
2012.08.23 03:27:58.052,1.53433,1.53466,1.03,1.50
2012.08.23 03:27:58.182,1.53433,1.53466,1.50,1.50
2012.08.23 03:27:58.371,1.53445,1.53478,1.50,1.50
2012.08.23 03:28:00.422,1.5345,1.53483,1.50,1.50
2012.08.23 03:28:05.481,1.53446,1.53482,1.50,1.50
2012.08.23 03:28:05.552,1.53446,1.53479,1.50,1.50
2012.08.23 03:28:08.801,1.53446,1.53482,1.50,1.50
2012.08.23 03:28:08.872,1.5345,1.53483,1.50,1.50
2012.08.23 03:28:27.071,1.5345,1.53482,1.50,1.50
2012.08.23 03:28:27.441,1.5345,1.53483,1.50,2.25
2012.08.23 03:28:27.631,1.5345,1.53483,1.50,1.50
2012.08.23 03:28:27.991,1.53456,1.53485,1.50,1.98
2012.08.23 03:28:28.445,1.5345,1.53481,1.50,1.50
2012.08.23 03:28:33.928,1.5345,1.53483,1.50,2.25
2012.08.23 03:28:40.034,1.53447,1.53477,1.50,1.50
2012.08.23 03:28:40.511,1.53447,1.53476,1.50,1.50
2012.08.23 03:28:43.523,1.53447,1.53477,1.50,1.50
2012.08.23 03:28:43.991,1.53447,1.53476,1.50,1.50
2012.08.23 03:28:49.171,1.53447,1.53477,1.50,1.50
2012.08.23 03:28:49.352,1.53447,1.53476,1.50,1.50
2012.08.23 03:29:03.692,1.53443,1.53474,1.50,1.50
2012.08.23 03:29:03.761,1.53441,1.53473,1.50,1.50
2012.08.23 03:29:05.251,1.53441,1.53471,1.50,1.23
2012.08.23 03:29:05.811,1.53441,1.53473,1.50,2.73
2012.08.23 03:29:06.181,1.53446,1.53476,1.50,1.23
2012.08.23 03:29:13.640,1.53443,1.53478,1.50,1.98
2012.08.23 03:29:13.932,1.53441,1.53473,1.50,1.50
2012.08.23 03:29:25.812,1.53435,1.53471,1.50,1.50
2012.08.23 03:29:25.891,1.53435,1.53467,1.50,1.50
2012.08.23 03:29:26.360,1.53428,1.53465,1.50,1.50
2012.08.23 03:29:26.491,1.53428,1.53461,1.50,1.50
2012.08.23 03:29:30.452,1.53427,1.53461,1.03,1.50
2012.08.23 03:29:30.524,1.53423,1.53455,1.50,1.50
2012.08.23 03:29:30.593,1.53417,1.53446,1.78,1.50
2012.08.23 03:29:30.792,1.53417,1.53446,1.50,1.50
2012.08.23 03:29:40.643,1.53413,1.53442,1.50,1.50
2012.08.23 03:29:40.894,1.5341,1.53442,1.50,1.50
2012.08.23 03:29:41.900,1.53417,1.5345,1.50,1.98
2012.08.23 03:29:41.974,1.53407,1.53437,1.50,1.50
2012.08.23 03:29:42.103,1.53404,1.53432,1.03,1.50
2012.08.23 03:29:42.863,1.53404,1.53432,1.03,1.50
2012.08.23 03:29:43.002,1.53412,1.53442,1.78,1.50
2012.08.23 03:29:43.302,1.53416,1.53448,1.50,1.50
2012.08.23 03:29:44.647,1.53415,1.53448,1.50,1.50
2012.08.23 03:29:52.459,1.53416,1.53444,1.50,1.50
2012.08.23 03:29:52.542,1.53416,1.53446,2.25,1.50
2012.08.23 03:29:55.480,1.53416,1.53446,1.50,1.50
2012.08.23 03:29:56.681,1.5341,1.5344,1.50,1.50
2012.08.23 03:29:59.391,1.53407,1.53438,1.50,1.50
2012.08.23 03:29:59.461,1.53405,1.53435,1.50,1.50
2012.08.23 03:30:00.007,1.53405,1.53435,1.50,1.50
2012.08.23 03:30:00.072,1.53411,1.5344,1.50,1.50
2012.08.23 03:30:01.892,1.53409,1.5344,1.50,1.50
2012.08.23 03:30:06.883,1.53411,1.5344,1.50,1.50
2012.08.23 03:30:07.662,1.53414,1.53445,1.50,1.50
2012.08.23 03:30:13.940,1.53411,1.53445,1.50,1.50
2012.08.23 03:30:14.011,1.53408,1.5344,1.50,1.50
2012.08.23 03:30:14.171,1.53406,1.5344,1.03,1.50
2012.08.23 03:30:14.241,1.53405,1.53434,1.03,1.50
2012.08.23 03:30:14.492,1.53398,1.53427,1.50,1.50
2012.08.23 03:30:14.751,1.53397,1.53427,1.50,1.50
2012.08.23 03:30:16.222,1.53395,1.53427,1.50,1.50
2012.08.23 03:30:17.052,1.53391,1.53419,1.50,1.50
2012.08.23 03:30:17.628,1.53385,1.53416,1.50,1.50
2012.08.23 03:30:19.275,1.53385,1.53416,1.50,1.50
2012.08.23 03:30:19.472,1.53385,1.53416,1.50,1.50
2012.08.23 03:30:19.540,1.53393,1.53421,1.50,1.50
2012.08.23 03:30:19.610,1.53393,1.53422,1.50,1.50
2012.08.23 03:30:23.403,1.53392,1.53422,1.50,1.50
2012.08.23 03:30:28.448,1.53387,1.53422,1.50,1.50
2012.08.23 03:30:28.581,1.53385,1.53414,1.50,1.50
2012.08.23 03:30:28.912,1.53384,1.53414,1.50,1.50
2012.08.23 03:30:29.469,1.53385,1.53414,1.50,1.50
2012.08.23 03:30:30.432,1.53384,1.53414,1.50,1.50
2012.08.23 03:30:31.044,1.53378,1.53414,1.50,1.50
2012.08.23 03:30:31.424,1.53376,1.53406,1.50,1.50
2012.08.23 03:30:31.491,1.53371,1.53406,1.50,1.50
2012.08.23 03:30:31.562,1.5337,1.534,1.50,1.50
2012.08.23 03:30:35.980,1.53371,1.534,1.50,1.50
2012.08.23 03:30:36.289,1.53377,1.53407,1.50,1.50
2012.08.23 03:30:37.961,1.53382,1.53412,1.50,1.50
2012.08.23 03:30:38.213,1.53377,1.53409,1.50,1.50
2012.08.23 03:30:38.343,1.53372,1.53401,1.50,1.50
2012.08.23 03:30:38.413,1.53377,1.53406,1.50,1.50
2012.08.23 03:30:38.482,1.53377,1.53406,1.50,1.50
2012.08.23 03:30:38.553,1.53381,1.5341,1.50,1.50
2012.08.23 03:30:39.353,1.5338,1.5341,1.50,1.50
2012.08.23 03:30:39.482,1.53376,1.53406,1.50,1.50
2012.08.23 03:30:40.012,1.53377,1.5341,1.50,1.50
2012.08.23 03:30:40.081,1.5338,1.53412,1.50,1.50
2012.08.23 03:31:05.741,1.53384,1.53416,1.50,1.05
2012.08.23 03:31:06.136,1.53383,1.53416,1.50,1.35
2012.08.23 03:31:06.641,1.53381,1.53411,1.50,1.50
2012.08.23 03:31:06.891,1.53376,1.53406,1.50,1.50
2012.08.23 03:31:06.961,1.53372,1.53406,1.50,1.50
2012.08.23 03:31:07.031,1.53369,1.53402,1.50,1.50
2012.08.23 03:31:08.712,1.53363,1.53402,1.50,1.50
2012.08.23 03:31:08.782,1.5336,1.53392,1.50,1.50
2012.08.23 03:31:16.001,1.53363,1.53392,1.50,1.50
2012.08.23 03:31:16.132,1.53368,1.534,1.50,1.50
2012.08.23 03:31:28.874,1.53365,1.534,1.50,1.50
2012.08.23 03:31:28.965,1.53363,1.53396,1.50,1.50
2012.08.23 03:31:30.162,1.53365,1.53396,1.50,1.50
2012.08.23 03:31:32.494,1.5336,1.5339,1.50,1.50
2012.08.23 03:31:32.621,1.53367,1.53399,1.50,1.50
2012.08.23 03:31:32.693,1.53369,1.53399,1.50,1.50
2012.08.23 03:31:32.765,1.53367,1.53399,1.50,1.50
2012.08.23 03:31:33.221,1.53366,1.53394,1.50,1.50
2012.08.23 03:31:33.682,1.53368,1.534,1.50,1.50
2012.08.23 03:31:43.682,1.53362,1.53397,1.50,1.50
2012.08.23 03:31:43.751,1.53362,1.53394,1.50,1.50
2012.08.23 03:31:45.197,1.53364,1.53394,1.05,1.50
2012.08.23 03:31:45.631,1.53364,1.53397,1.35,1.50
2012.08.23 03:31:45.970,1.53373,1.53402,1.50,1.50
2012.08.23 03:31:46.042,1.53366,1.53402,1.50,1.50
2012.08.23 03:31:46.173,1.53367,1.53402,1.50,1.50
2012.08.23 03:31:46.519,1.53366,1.53399,1.50,1.50
2012.08.23 03:31:47.194,1.53366,1.53402,1.65,1.50
2012.08.23 03:31:47.261,1.53372,1.53403,1.50,1.50
2012.08.23 03:31:48.453,1.53366,1.53398,1.65,1.50
2012.08.23 03:32:06.882,1.53367,1.534,1.50,1.50
2012.08.23 03:32:06.951,1.53372,1.53402,1.50,1.50
2012.08.23 03:32:19.831,1.53369,1.53402,1.50,1.50
2012.08.23 03:32:19.902,1.53367,1.53399,1.50,1.50
2012.08.23 03:32:39.902,1.53366,1.53396,1.50,1.50
2012.08.23 03:32:39.973,1.53365,1.53395,1.50,1.50
2012.08.23 03:32:50.769,1.53366,1.53397,1.50,1.50
2012.08.23 03:32:50.840,1.53369,1.53399,1.50,1.50
2012.08.23 03:33:25.249,1.53371,1.53404,1.50,1.50
2012.08.23 03:33:25.319,1.53374,1.53404,1.50,1.50
2012.08.23 03:33:31.121,1.53368,1.534,1.50,1.50
2012.08.23 03:33:32.152,1.53373,1.53405,1.50,1.50
2012.08.23 03:33:32.982,1.53371,1.53405,1.50,1.50
2012.08.23 03:33:33.053,1.53369,1.53399,1.50,1.50
2012.08.23 03:33:33.472,1.53371,1.53399,1.50,1.50
2012.08.23 03:33:33.541,1.53377,1.53405,1.50,1.50
2012.08.23 03:33:41.563,1.5337,1.534,1.50,1.50
2012.08.23 03:33:41.973,1.53368,1.534,1.50,1.50
2012.08.23 03:33:43.574,1.5337,1.534,1.50,1.50
2012.08.23 03:33:44.313,1.53377,1.53406,1.50,1.50
2012.08.23 03:33:57.422,1.53369,1.53399,1.50,1.50
2012.08.23 03:33:58.351,1.5337,1.53399,1.50,1.50
2012.08.23 03:34:01.894,1.5337,1.53399,1.50,1.50
2012.08.23 03:34:02.022,1.53375,1.53405,1.50,1.50
2012.08.23 03:34:02.332,1.5338,1.5341,1.50,1.50
2012.08.23 03:34:02.583,1.53387,1.53419,2.25,1.50
2012.08.23 03:34:03.162,1.53384,1.53414,1.50,1.50
2012.08.23 03:34:03.483,1.53382,1.53414,1.50,1.50
2012.08.23 03:34:03.552,1.53385,1.53414,1.50,1.50
2012.08.23 03:34:04.323,1.5338,1.53409,1.50,1.50
2012.08.23 03:34:04.542,1.53384,1.53413,1.50,1.50
2012.08.23 03:34:05.231,1.53383,1.53413,1.50,1.50
2012.08.23 03:34:06.115,1.53377,1.53412,2.25,1.50
2012.08.23 03:34:06.182,1.53377,1.53407,2.25,1.50
2012.08.23 03:34:09.810,1.53386,1.53417,1.50,1.50
2012.08.23 03:34:09.885,1.53386,1.53417,2.25,1.50
2012.08.23 03:34:10.015,1.53381,1.53409,1.50,1.50
2012.08.23 03:34:10.872,1.53381,1.53407,1.50,1.50
2012.08.23 03:34:10.945,1.53376,1.5341,1.50,1.50
2012.08.23 03:34:11.012,1.5338,1.5341,1.50,1.50
2012.08.23 03:34:11.143,1.53382,1.5341,1.50,1.50
2012.08.23 03:34:11.593,1.5338,1.5341,1.50,1.50
2012.08.23 03:34:11.781,1.53377,1.53408,1.50,1.50
2012.08.23 03:34:11.851,1.53374,1.53405,1.50,1.50
2012.08.23 03:34:12.902,1.53377,1.53409,2.25,1.50
2012.08.23 03:34:14.102,1.53379,1.53409,1.50,1.50
2012.08.23 03:34:14.593,1.53378,1.53408,1.50,1.50
2012.08.23 03:34:15.643,1.53386,1.53419,1.50,1.50
2012.08.23 03:34:15.831,1.53384,1.53419,1.50,1.50
2012.08.23 03:34:16.097,1.53381,1.53414,1.50,1.50
2012.08.23 03:34:22.911,1.53387,1.53417,1.50,1.50
2012.08.23 03:34:28.278,1.53387,1.53421,1.50,1.50
2012.08.23 03:34:28.354,1.53391,1.53421,1.50,1.50
2012.08.23 03:34:28.849,1.53388,1.53421,1.50,1.50
2012.08.23 03:34:28.982,1.53391,1.5342,1.50,1.23
2012.08.23 03:34:29.342,1.53381,1.53411,1.50,1.50
2012.08.23 03:34:29.471,1.53377,1.5341,1.50,1.50
2012.08.23 03:34:29.541,1.53377,1.53408,1.50,1.50
2012.08.23 03:34:29.612,1.53378,1.53408,1.50,1.50
2012.08.23 03:34:29.842,1.53377,1.53408,1.50,1.50
2012.08.23 03:34:29.915,1.53378,1.53411,1.50,1.50
2012.08.23 03:34:29.982,1.53381,1.53411,1.50,1.50
2012.08.23 03:34:31.742,1.53382,1.53411,1.50,1.50
2012.08.23 03:34:31.953,1.53386,1.53417,1.50,1.50
2012.08.23 03:34:51.918,1.53387,1.53417,1.50,1.50
2012.08.23 03:35:11.894,1.53384,1.53416,1.50,1.50
2012.08.23 03:35:11.961,1.53384,1.53415,1.50,1.50
2012.08.23 03:35:27.533,1.53389,1.53419,1.50,1.50
2012.08.23 03:35:35.471,1.53389,1.53424,1.50,1.50
2012.08.23 03:35:35.542,1.53394,1.53427,1.50,1.50
2012.08.23 03:35:36.092,1.5339,1.53424,1.50,1.50
2012.08.23 03:35:36.161,1.5339,1.53421,1.50,1.50
2012.08.23 03:35:36.231,1.53392,1.53426,1.50,1.50
2012.08.23 03:35:36.362,1.53395,1.53426,1.50,1.50
2012.08.23 03:35:41.582,1.53392,1.53426,1.50,1.50
2012.08.23 03:35:41.651,1.53389,1.53421,1.50,1.50
2012.08.23 03:35:43.225,1.53396,1.53428,1.50,1.50
2012.08.23 03:35:50.365,1.53398,1.53433,1.50,1.50
2012.08.23 03:35:50.432,1.53404,1.53434,1.50,1.50
2012.08.23 03:35:52.802,1.534,1.53433,1.50,1.50
2012.08.23 03:35:52.872,1.534,1.53431,1.50,1.50
2012.08.23 03:36:00.821,1.53395,1.5343,1.50,1.50
2012.08.23 03:36:00.890,1.53395,1.53427,1.50,1.50
2012.08.23 03:36:03.781,1.53395,1.5343,1.50,1.50
2012.08.23 03:36:03.855,1.53401,1.53431,1.50,1.50
2012.08.23 03:36:04.732,1.53398,1.53431,1.50,1.50
2012.08.23 03:36:04.804,1.53396,1.53426,1.50,1.50
2012.08.23 03:36:05.463,1.53396,1.5343,1.50,1.50
2012.08.23 03:36:05.534,1.53401,1.53431,1.50,1.50
2012.08.23 03:36:19.991,1.53398,1.53431,1.50,1.50
2012.08.23 03:36:20.063,1.53396,1.53426,1.50,1.50
2012.08.23 03:36:21.167,1.5339,1.53426,1.50,1.50
2012.08.23 03:36:21.231,1.53387,1.5342,2.25,1.50
2012.08.23 03:36:41.192,1.53383,1.5342,1.50,1.50
2012.08.23 03:36:41.263,1.5338,1.53412,1.50,1.50
2012.08.23 03:36:42.132,1.53383,1.53412,1.50,1.50
2012.08.23 03:36:42.641,1.53382,1.53412,1.50,1.50
2012.08.23 03:36:42.831,1.5338,1.53412,1.50,1.50
2012.08.23 03:36:43.403,1.53376,1.5341,1.50,1.50
2012.08.23 03:36:43.472,1.53375,1.53405,1.50,1.50
2012.08.23 03:36:53.172,1.53372,1.53405,1.50,1.50
2012.08.23 03:36:53.731,1.53375,1.53409,1.50,1.50
2012.08.23 03:36:53.802,1.53378,1.53409,1.50,1.50
2012.08.23 03:37:07.842,1.5338,1.53416,1.50,1.50
2012.08.23 03:37:07.913,1.53384,1.53416,1.50,1.50
2012.08.23 03:37:08.268,1.5338,1.53416,1.50,1.50
2012.08.23 03:37:08.333,1.53379,1.53409,1.50,1.50
2012.08.23 03:37:08.584,1.53375,1.53404,1.50,1.50
2012.08.23 03:37:08.713,1.53373,1.53404,1.50,1.50
2012.08.23 03:37:09.895,1.53369,1.53404,1.50,1.50
2012.08.23 03:37:09.961,1.53368,1.53398,1.78,1.50
2012.08.23 03:37:13.063,1.53369,1.53398,1.50,1.50
2012.08.23 03:37:13.371,1.53368,1.53398,1.50,1.50
2012.08.23 03:37:16.650,1.53369,1.53398,1.50,1.50
2012.08.23 03:37:16.913,1.53375,1.53403,1.50,1.50
2012.08.23 03:37:16.981,1.53377,1.53408,1.50,1.50
2012.08.23 03:37:17.052,1.53379,1.53409,1.50,1.50
2012.08.23 03:37:17.243,1.53387,1.53416,1.50,1.50
2012.08.23 03:37:17.552,1.5339,1.53422,1.50,1.50
2012.08.23 03:37:17.862,1.53393,1.53422,1.50,1.50
2012.08.23 03:37:17.933,1.53397,1.5343,1.50,1.50
2012.08.23 03:37:19.212,1.53396,1.53427,1.50,1.50
2012.08.23 03:37:19.282,1.53395,1.53424,1.50,1.50
2012.08.23 03:37:19.564,1.53399,1.53428,1.50,1.50
2012.08.23 03:37:19.644,1.53399,1.5343,1.50,1.50
2012.08.23 03:37:20.445,1.53397,1.5343,2.25,1.50
2012.08.23 03:37:20.665,1.53399,1.5343,1.50,1.50
2012.08.23 03:37:39.361,1.53402,1.53432,1.50,1.50
2012.08.23 03:37:53.733,1.53407,1.53434,1.50,1.50
2012.08.23 03:37:53.803,1.53407,1.53436,1.50,1.98
2012.08.23 03:37:53.873,1.53407,1.53436,1.50,1.98
2012.08.23 03:37:53.945,1.53407,1.53438,1.50,1.50
2012.08.23 03:37:54.013,1.53409,1.53441,1.50,1.50
2012.08.23 03:37:54.082,1.53407,1.53438,1.50,1.50
2012.08.23 03:37:54.213,1.53402,1.53431,1.50,1.50
2012.08.23 03:38:01.531,1.53407,1.53436,1.50,1.50
2012.08.23 03:38:01.601,1.53407,1.53437,2.25,1.50
2012.08.23 03:38:04.713,1.53407,1.53441,2.25,1.50
2012.08.23 03:38:04.781,1.53412,1.53442,1.50,1.50
2012.08.23 03:38:12.849,1.53412,1.53441,1.50,1.23
2012.08.23 03:38:13.163,1.53394,1.53424,1.50,1.50
2012.08.23 03:38:13.233,1.53399,1.53429,1.50,1.50
2012.08.23 03:38:13.363,1.53405,1.53435,1.50,1.50
2012.08.23 03:38:13.671,1.53394,1.53427,1.50,1.98
2012.08.23 03:38:13.992,1.53402,1.53433,1.50,1.50
2012.08.23 03:38:14.122,1.53394,1.53426,1.50,1.23
2012.08.23 03:38:14.891,1.53396,1.53432,1.50,1.50
2012.08.23 03:38:14.961,1.534,1.53432,1.50,1.50
2012.08.23 03:38:15.033,1.53407,1.53436,1.50,1.50
2012.08.23 03:38:15.582,1.53398,1.5343,1.50,1.50
2012.08.23 03:38:35.713,1.53396,1.53428,1.50,1.50
2012.08.23 03:38:53.802,1.53392,1.53422,1.50,1.50
2012.08.23 03:38:54.463,1.53392,1.53422,1.50,1.50
2012.08.23 03:39:06.442,1.53393,1.53422,1.50,1.50
2012.08.23 03:39:06.522,1.53397,1.53427,1.50,1.50
2012.08.23 03:39:06.883,1.53398,1.53427,1.50,1.50
2012.08.23 03:39:07.203,1.53397,1.53427,2.25,1.50
2012.08.23 03:39:07.494,1.53398,1.53427,1.50,1.50
2012.08.23 03:39:07.682,1.53397,1.53427,1.50,1.50
2012.08.23 03:39:07.752,1.53404,1.53436,1.50,1.98
2012.08.23 03:39:14.492,1.53399,1.53434,1.50,1.50
2012.08.23 03:39:14.561,1.53399,1.53429,1.50,1.50
2012.08.23 03:39:20.892,1.53397,1.5343,1.50,1.50
2012.08.23 03:39:35.363,1.53395,1.53424,1.50,1.50
2012.08.23 03:39:35.685,1.53389,1.53419,1.50,1.50
2012.08.23 03:39:35.758,1.53387,1.53419,1.50,1.50
2012.08.23 03:39:36.066,1.53385,1.53415,1.50,1.50
2012.08.23 03:39:36.803,1.53385,1.53412,1.50,1.50
2012.08.23 03:39:37.122,1.5338,1.5341,1.50,1.50
2012.08.23 03:39:37.193,1.53386,1.53415,1.50,1.50
2012.08.23 03:39:37.492,1.53389,1.53419,1.50,1.50
2012.08.23 03:39:37.801,1.53384,1.53412,1.50,1.50
2012.08.23 03:39:37.993,1.53388,1.53418,1.50,1.50
2012.08.23 03:39:38.553,1.53395,1.53426,1.50,1.50
2012.08.23 03:39:38.623,1.5339,1.53422,1.50,1.50
2012.08.23 03:39:39.379,1.53393,1.53422,1.50,1.50
2012.08.23 03:39:39.914,1.5339,1.53422,1.50,1.50
2012.08.23 03:39:43.404,1.53393,1.53422,1.50,1.50
2012.08.23 03:39:43.557,1.5339,1.53422,1.50,1.50
2012.08.23 03:39:57.582,1.5338,1.53408,1.50,1.50
2012.08.23 03:40:01.774,1.53378,1.53408,1.50,1.50
2012.08.23 03:40:02.263,1.5338,1.53408,1.50,1.50
2012.08.23 03:40:06.552,1.53378,1.53408,1.50,1.50
2012.08.23 03:40:07.182,1.5338,1.53408,1.50,1.50
2012.08.23 03:40:10.652,1.53387,1.53417,1.50,1.50
2012.08.23 03:40:10.722,1.53387,1.53419,1.50,1.50
2012.08.23 03:40:12.823,1.5338,1.53417,1.50,1.50
2012.08.23 03:40:12.893,1.5338,1.53412,1.50,1.50
2012.08.23 03:40:13.343,1.53376,1.53405,1.50,1.50
2012.08.23 03:40:13.846,1.53378,1.53411,1.50,1.50
2012.08.23 03:40:13.920,1.5338,1.53411,1.50,1.50
2012.08.23 03:40:17.227,1.53386,1.53414,1.50,1.50
2012.08.23 03:40:17.292,1.53386,1.53415,1.50,1.50
2012.08.23 03:40:22.835,1.53386,1.53415,1.50,1.50
2012.08.23 03:40:29.073,1.53396,1.53428,1.50,1.50
2012.08.23 03:40:29.263,1.53391,1.53419,1.03,1.50
2012.08.23 03:40:29.822,1.53395,1.53424,1.50,1.50
2012.08.23 03:40:30.207,1.53395,1.53421,1.50,1.50
2012.08.23 03:40:30.552,1.53391,1.53419,1.03,1.50
2012.08.23 03:40:30.622,1.53388,1.53419,1.50,1.50
2012.08.23 03:40:30.865,1.5339,1.53419,1.50,1.50
2012.08.23 03:40:31.301,1.53388,1.53419,1.50,1.50
2012.08.23 03:40:31.673,1.5339,1.5342,1.50,1.50
2012.08.23 03:40:31.742,1.53388,1.5342,1.78,1.50
2012.08.23 03:40:31.814,1.53396,1.53424,1.50,1.50
2012.08.23 03:40:32.123,1.5339,1.53419,1.50,1.50
2012.08.23 03:40:32.254,1.5339,1.53419,1.50,1.50
2012.08.23 03:40:33.058,1.53395,1.53422,1.50,1.50
2012.08.23 03:40:33.133,1.53395,1.53425,1.50,1.50
2012.08.23 03:40:33.712,1.53395,1.53425,1.50,1.50
2012.08.23 03:40:34.043,1.53391,1.53419,1.03,1.50
2012.08.23 03:40:34.111,1.53389,1.53419,1.50,1.50
2012.08.23 03:40:34.702,1.53394,1.53422,1.50,1.50
2012.08.23 03:40:34.772,1.53394,1.53422,1.50,1.50
2012.08.23 03:40:34.844,1.53398,1.53427,1.50,1.50
2012.08.23 03:40:35.285,1.53398,1.53425,1.50,1.50
2012.08.23 03:40:36.033,1.53394,1.53422,1.50,1.50
2012.08.23 03:40:36.575,1.53398,1.53428,1.50,1.50
2012.08.23 03:40:36.655,1.53397,1.53428,1.50,1.50
2012.08.23 03:40:37.083,1.53398,1.53428,1.50,1.50
2012.08.23 03:40:37.393,1.53398,1.53425,1.50,1.50
2012.08.23 03:40:37.521,1.53398,1.53427,1.50,1.50
2012.08.23 03:40:37.592,1.53397,1.53427,1.50,1.50
2012.08.23 03:40:37.722,1.53398,1.53427,1.50,1.50
2012.08.23 03:40:38.243,1.53396,1.53427,2.25,1.50
2012.08.23 03:40:38.623,1.53396,1.53427,1.50,1.50
2012.08.23 03:40:39.023,1.53396,1.53426,1.50,1.50
2012.08.23 03:40:39.092,1.53396,1.53428,2.25,1.50
2012.08.23 03:40:39.281,1.53398,1.53428,1.50,1.50
2012.08.23 03:40:42.542,1.53397,1.53428,1.50,1.50
2012.08.23 03:40:43.014,1.53398,1.53428,1.50,1.50
2012.08.23 03:40:43.284,1.53397,1.53428,1.50,1.50
2012.08.23 03:40:54.120,1.53396,1.53428,2.25,1.50
2012.08.23 03:40:58.272,1.53393,1.53422,1.78,1.50
2012.08.23 03:40:58.424,1.53392,1.53422,1.50,1.50
2012.08.23 03:40:58.909,1.53393,1.53422,1.50,1.50
2012.08.23 03:40:59.272,1.53392,1.53422,1.50,1.50
2012.08.23 03:41:03.424,1.53388,1.53417,1.03,1.50
2012.08.23 03:41:03.933,1.53387,1.53417,1.50,1.50
2012.08.23 03:41:04.524,1.53388,1.53417,1.50,1.50
2012.08.23 03:41:06.689,1.53386,1.53417,2.53,1.50
2012.08.23 03:41:18.444,1.53386,1.53417,2.53,1.50
2012.08.23 03:41:27.973,1.53386,1.53416,1.78,1.50
2012.08.23 03:41:28.041,1.53386,1.53414,1.03,1.50
2012.08.23 03:41:48.337,1.53385,1.53414,1.50,1.50
2012.08.23 03:42:04.403,1.53384,1.53414,1.50,1.50
2012.08.23 03:42:04.532,1.53381,1.5341,1.03,1.50
2012.08.23 03:42:04.851,1.53376,1.53404,1.03,1.50
2012.08.23 03:42:11.114,1.53379,1.53409,1.03,1.50
2012.08.23 03:42:11.471,1.53387,1.53418,2.25,1.50
2012.08.23 03:42:11.824,1.53385,1.53413,1.03,1.50
2012.08.23 03:42:12.128,1.53377,1.53406,1.78,1.50
2012.08.23 03:42:12.357,1.53387,1.53406,1.03,1.50
2012.08.23 03:42:12.912,1.53385,1.53411,1.03,1.50
2012.08.23 03:42:13.574,1.53386,1.53412,1.50,1.50
2012.08.23 03:42:14.122,1.53387,1.53414,1.03,1.50
2012.08.23 03:42:14.812,1.53386,1.53414,1.78,1.50
2012.08.23 03:42:16.618,1.53386,1.53418,1.78,1.50
2012.08.23 03:42:16.698,1.53388,1.5342,1.50,1.50
2012.08.23 03:42:17.063,1.5339,1.53418,1.03,1.50
2012.08.23 03:42:17.377,1.53386,1.53416,1.03,1.50
2012.08.23 03:42:17.702,1.53386,1.53416,1.03,1.50
2012.08.23 03:42:17.962,1.53385,1.53416,1.03,1.50
2012.08.23 03:42:18.155,1.53386,1.53416,1.03,1.50
2012.08.23 03:42:18.222,1.53386,1.53416,1.03,1.50
2012.08.23 03:42:18.894,1.53385,1.53416,1.50,1.50
2012.08.23 03:42:29.159,1.53386,1.53418,1.50,1.50
2012.08.23 03:42:29.222,1.53388,1.5342,1.50,1.50
2012.08.23 03:42:35.110,1.53386,1.5342,1.50,1.50
2012.08.23 03:42:35.184,1.53384,1.53414,1.50,1.50
2012.08.23 03:42:45.806,1.53384,1.53414,1.50,1.50
2012.08.23 03:42:45.932,1.5339,1.5342,1.50,1.50
2012.08.23 03:42:46.893,1.53394,1.53424,1.50,1.50
2012.08.23 03:42:46.963,1.53393,1.53424,1.50,1.50
2012.08.23 03:42:47.913,1.53398,1.53428,1.50,1.50
2012.08.23 03:42:49.323,1.53402,1.53434,1.50,2.25
2012.08.23 03:42:50.355,1.53398,1.53429,1.50,1.50
2012.08.23 03:42:52.834,1.53395,1.53429,1.50,1.50
2012.08.23 03:42:53.335,1.53394,1.53425,1.03,1.50
2012.08.23 03:42:54.636,1.53391,1.53425,1.03,1.50
2012.08.23 03:42:54.824,1.53392,1.53424,1.50,1.50
2012.08.23 03:42:55.143,1.53385,1.53415,1.50,1.50
2012.08.23 03:42:55.692,1.53384,1.53415,1.50,1.50
2012.08.23 03:42:56.090,1.5338,1.53414,1.78,1.50
2012.08.23 03:42:56.163,1.5338,1.5341,1.78,1.50
2012.08.23 03:42:56.585,1.53381,1.5341,1.50,1.50
2012.08.23 03:42:57.332,1.53385,1.53416,1.50,1.50
2012.08.23 03:43:00.081,1.53386,1.53418,1.50,1.50
2012.08.23 03:43:00.153,1.53389,1.53421,1.50,1.50
2012.08.23 03:43:00.453,1.53394,1.53427,1.50,1.50
2012.08.23 03:43:01.920,1.5339,1.53424,1.50,1.50
2012.08.23 03:43:01.999,1.5339,1.53422,1.50,1.50
2012.08.23 03:43:07.052,1.53386,1.53422,1.50,1.50
2012.08.23 03:43:07.121,1.53384,1.53417,1.78,1.50
2012.08.23 03:43:10.414,1.53386,1.53418,1.50,1.50
2012.08.23 03:43:10.663,1.53395,1.53425,1.50,1.50
2012.08.23 03:43:11.862,1.53389,1.53419,1.50,1.50
2012.08.23 03:43:19.432,1.53389,1.53418,1.50,1.50
2012.08.23 03:43:19.564,1.53378,1.53409,1.78,1.50
2012.08.23 03:43:39.443,1.53379,1.5341,1.50,1.50
2012.08.23 03:43:39.591,1.5338,1.5341,1.50,1.50
2012.08.23 03:43:40.901,1.53377,1.53408,1.50,1.50
2012.08.23 03:43:41.003,1.53375,1.53405,1.78,1.50
2012.08.23 03:43:41.253,1.53377,1.53411,1.50,1.50
2012.08.23 03:43:41.330,1.53379,1.53411,1.50,1.50
2012.08.23 03:43:42.859,1.53377,1.53409,1.50,1.50
2012.08.23 03:43:42.982,1.53376,1.53404,1.50,1.50
2012.08.23 03:43:43.352,1.53367,1.53402,1.50,1.50
2012.08.23 03:43:43.425,1.53367,1.53397,1.50,1.50
2012.08.23 03:43:59.443,1.53366,1.53395,1.50,1.50
2012.08.23 03:43:59.514,1.53359,1.53383,1.03,1.50
2012.08.23 03:43:59.702,1.53354,1.53383,1.50,1.50
2012.08.23 03:44:00.387,1.53354,1.53383,1.50,1.50
2012.08.23 03:44:00.667,1.53359,1.5339,1.50,1.80
2012.08.23 03:44:00.732,1.53357,1.5339,1.50,1.80
2012.08.23 03:44:02.123,1.53359,1.53395,1.50,1.50
2012.08.23 03:44:02.253,1.53358,1.53393,1.50,1.50
2012.08.23 03:44:02.322,1.53358,1.53391,1.50,1.50
2012.08.23 03:44:02.394,1.53361,1.53396,1.50,1.50
2012.08.23 03:44:02.525,1.53367,1.53396,1.50,1.50
2012.08.23 03:44:08.513,1.53367,1.53399,1.50,1.50
2012.08.23 03:44:08.583,1.5337,1.53401,1.50,2.10
2012.08.23 03:44:18.812,1.53367,1.53399,1.50,1.50
2012.08.23 03:44:18.883,1.53367,1.53396,1.50,1.50
2012.08.23 03:44:19.825,1.53361,1.53391,1.50,1.50
2012.08.23 03:44:22.559,1.53362,1.53393,1.50,1.50
2012.08.23 03:44:22.631,1.53365,1.53394,1.50,1.50
2012.08.23 03:44:22.922,1.5336,1.5339,1.50,1.50
2012.08.23 03:44:23.844,1.53362,1.5339,1.50,1.50
2012.08.23 03:44:24.883,1.53366,1.53396,1.50,1.50
2012.08.23 03:44:32.144,1.53364,1.53396,1.50,1.50
2012.08.23 03:44:33.663,1.53369,1.53402,1.50,1.50
2012.08.23 03:44:33.973,1.53367,1.53397,1.50,1.50
2012.08.23 03:44:36.576,1.53367,1.53399,1.50,1.50
2012.08.23 03:44:36.641,1.5337,1.53402,1.50,1.50
2012.08.23 03:44:47.190,1.53367,1.53402,1.50,1.50
2012.08.23 03:44:47.263,1.53365,1.53393,1.50,1.50
2012.08.23 03:44:47.392,1.53369,1.53402,1.50,1.50
2012.08.23 03:44:48.372,1.53368,1.534,1.50,1.50
2012.08.23 03:44:57.660,1.53367,1.53397,1.50,1.50
2012.08.23 03:44:57.731,1.53365,1.53393,1.50,1.50
2012.08.23 03:45:02.619,1.53365,1.53391,1.50,1.50
2012.08.23 03:45:02.957,1.5336,1.53388,1.50,1.50
2012.08.23 03:45:03.083,1.53367,1.53401,1.50,1.50
2012.08.23 03:45:03.152,1.5337,1.53401,1.50,1.50
2012.08.23 03:45:05.825,1.53371,1.53405,1.50,1.50
2012.08.23 03:45:05.891,1.53375,1.53405,1.50,1.50
2012.08.23 03:45:25.443,1.53376,1.53411,1.50,1.98
2012.08.23 03:45:25.513,1.53379,1.53411,1.50,1.98
2012.08.23 03:45:28.154,1.53382,1.53411,1.50,1.50
2012.08.23 03:45:28.484,1.5339,1.5342,1.50,1.23
2012.08.23 03:45:31.892,1.53386,1.5342,1.50,1.23
2012.08.23 03:45:31.962,1.53384,1.53416,1.50,1.50
2012.08.23 03:45:32.326,1.53381,1.53416,1.50,1.50
2012.08.23 03:45:32.397,1.53379,1.53411,1.50,1.50
2012.08.23 03:45:34.463,1.53379,1.53414,1.50,1.23
2012.08.23 03:45:34.594,1.5338,1.53412,1.50,1.50
2012.08.23 03:45:36.423,1.5338,1.53415,1.50,1.98
2012.08.23 03:45:36.553,1.53387,1.53417,1.50,1.50
2012.08.23 03:45:37.033,1.5338,1.53415,1.50,1.98
2012.08.23 03:45:37.102,1.5338,1.53412,1.50,1.50
2012.08.23 03:45:37.231,1.53382,1.53415,1.50,1.23
2012.08.23 03:45:37.302,1.53385,1.53415,1.50,1.23
2012.08.23 03:45:44.623,1.53385,1.53421,1.50,1.98
2012.08.23 03:45:44.694,1.53391,1.53421,1.50,1.23
2012.08.23 03:45:45.263,1.53387,1.53421,1.50,1.23
2012.08.23 03:45:45.335,1.53386,1.53416,1.50,1.50
2012.08.23 03:45:45.823,1.53394,1.53422,1.50,1.23
2012.08.23 03:45:47.102,1.53394,1.53422,1.50,1.23
2012.08.23 03:45:47.294,1.53387,1.53418,1.50,1.23
2012.08.23 03:45:55.466,1.53387,1.53421,1.50,1.50
2012.08.23 03:45:55.566,1.53391,1.53423,1.50,1.23
2012.08.23 03:45:56.327,1.53384,1.53421,1.50,1.98
2012.08.23 03:45:56.392,1.53384,1.53414,1.50,1.50
2012.08.23 03:45:56.978,1.53386,1.5342,1.50,1.50
2012.08.23 03:45:57.042,1.5339,1.5342,1.50,1.50
2012.08.23 03:45:57.197,1.53391,1.53424,1.50,1.50
2012.08.23 03:45:57.262,1.53394,1.53424,1.50,1.50
2012.08.23 03:45:57.583,1.53391,1.53421,1.50,1.50
2012.08.23 03:46:12.813,1.53391,1.53425,1.50,1.50
2012.08.23 03:46:12.884,1.53395,1.53428,1.50,1.50
2012.08.23 03:46:13.374,1.53395,1.53431,1.50,1.50
2012.08.23 03:46:13.443,1.534,1.53433,1.50,2.25
2012.08.23 03:46:14.188,1.53402,1.53433,1.50,1.50
2012.08.23 03:46:14.313,1.53406,1.53435,1.50,1.50
2012.08.23 03:46:14.384,1.53406,1.53436,2.25,1.50
2012.08.23 03:46:14.515,1.53401,1.53436,1.50,1.50
2012.08.23 03:46:14.585,1.53398,1.53431,1.50,1.50
2012.08.23 03:46:15.322,1.53398,1.53428,1.50,1.23
2012.08.23 03:46:15.393,1.53398,1.53428,1.50,1.23
2012.08.23 03:46:15.763,1.53398,1.53428,1.50,1.23
2012.08.23 03:46:16.096,1.53396,1.53421,1.50,1.23
2012.08.23 03:46:16.402,1.53387,1.53422,1.50,1.23
2012.08.23 03:46:16.473,1.53382,1.53413,1.50,1.50
2012.08.23 03:46:17.403,1.53387,1.53416,1.50,1.50
2012.08.23 03:46:17.472,1.53387,1.53416,1.50,1.50
2012.08.23 03:46:18.131,1.53386,1.53416,2.25,1.50
2012.08.23 03:46:18.791,1.53387,1.53416,1.50,1.50
2012.08.23 03:46:18.964,1.53386,1.53416,2.25,1.50
2012.08.23 03:46:27.264,1.53382,1.53411,1.50,1.50
2012.08.23 03:46:29.223,1.53375,1.53405,1.50,1.50
2012.08.23 03:46:29.431,1.53375,1.53405,1.50,1.50
2012.08.23 03:46:32.283,1.53374,1.53405,1.50,1.50
2012.08.23 03:46:51.663,1.53374,1.534,1.03,1.50
2012.08.23 03:46:51.998,1.53377,1.53406,1.03,1.50
2012.08.23 03:46:53.762,1.53375,1.53406,1.50,1.50
2012.08.23 03:46:54.375,1.53375,1.53406,1.50,1.50
2012.08.23 03:46:56.708,1.53375,1.53406,1.50,1.50
2012.08.23 03:46:57.870,1.53375,1.53406,1.50,1.50
2012.08.23 03:46:57.944,1.53381,1.5341,1.50,1.50
2012.08.23 03:46:59.409,1.53378,1.5341,1.50,1.50
2012.08.23 03:47:01.963,1.53387,1.53419,2.25,1.50
2012.08.23 03:47:02.542,1.53389,1.53419,1.50,1.50
2012.08.23 03:47:03.918,1.53388,1.53419,1.03,1.50
2012.08.23 03:47:04.123,1.53389,1.53419,1.50,1.50
2012.08.23 03:47:06.825,1.53388,1.53419,1.03,1.50
2012.08.23 03:47:07.216,1.53391,1.53424,1.50,1.50
2012.08.23 03:47:07.345,1.53385,1.53414,1.03,1.50
2012.08.23 03:47:07.473,1.53381,1.53414,1.50,1.50
2012.08.23 03:47:10.236,1.53383,1.53414,1.50,1.50
2012.08.23 03:47:10.613,1.53387,1.5342,1.50,1.50
2012.08.23 03:47:10.684,1.53389,1.5342,1.50,1.50
2012.08.23 03:47:11.316,1.53387,1.5342,2.25,1.50
2012.08.23 03:47:11.383,1.53387,1.53416,1.50,1.50
2012.08.23 03:47:21.995,1.53387,1.53413,1.50,1.50
2012.08.23 03:47:22.183,1.53379,1.53411,1.50,1.50
2012.08.23 03:47:28.233,1.53385,1.53417,1.50,1.80
2012.08.23 03:47:28.783,1.53382,1.5341,1.50,1.50
2012.08.23 03:47:29.224,1.5338,1.5341,1.50,1.50
2012.08.23 03:47:29.353,1.5338,1.53415,1.50,1.50
2012.08.23 03:47:29.668,1.53386,1.53417,1.50,1.50
2012.08.23 03:47:38.800,1.53387,1.53417,1.50,1.50
2012.08.23 03:47:40.009,1.53386,1.53417,1.50,1.50
2012.08.23 03:47:41.223,1.53387,1.53427,1.78,1.50
2012.08.23 03:47:41.294,1.53395,1.53427,1.50,1.50
2012.08.23 03:47:47.365,1.53398,1.53427,1.50,1.50
2012.08.23 03:47:47.813,1.53397,1.53427,1.50,1.50
2012.08.23 03:47:48.064,1.53402,1.53432,1.50,1.65
2012.08.23 03:47:48.374,1.534,1.53432,1.50,1.50
2012.08.23 03:47:48.683,1.53398,1.53432,1.50,1.50
2012.08.23 03:47:48.805,1.53396,1.53427,1.50,1.50
2012.08.23 03:47:48.875,1.53398,1.53427,1.50,1.50
2012.08.23 03:47:48.944,1.53402,1.53431,1.50,1.50
2012.08.23 03:47:49.012,1.534,1.53431,1.50,1.50
2012.08.23 03:47:49.473,1.53397,1.53426,1.50,1.50
2012.08.23 03:47:55.713,1.53404,1.53434,1.50,1.50
2012.08.23 03:47:58.385,1.53405,1.53433,1.50,1.23
2012.08.23 03:47:59.493,1.53404,1.53434,1.50,1.98
2012.08.23 03:48:00.048,1.53404,1.53436,1.50,1.98
2012.08.23 03:48:03.912,1.53406,1.53436,1.50,1.50
2012.08.23 03:48:18.603,1.53406,1.53434,1.50,1.23
2012.08.23 03:48:27.182,1.53406,1.53436,1.50,1.50
2012.08.23 03:48:33.089,1.53404,1.53436,1.50,1.50
2012.08.23 03:48:35.174,1.53404,1.53439,1.50,1.65
2012.08.23 03:48:35.304,1.53402,1.53433,1.50,1.50
2012.08.23 03:48:35.695,1.53399,1.53431,1.50,1.23
2012.08.23 03:48:35.764,1.53397,1.53428,1.50,1.50
2012.08.23 03:48:43.878,1.53397,1.53431,1.50,1.05
2012.08.23 03:48:43.942,1.53406,1.53433,1.50,1.08
2012.08.23 03:48:44.012,1.53406,1.53434,1.50,1.53
2012.08.23 03:48:44.706,1.53406,1.53434,1.50,1.23
2012.08.23 03:48:46.293,1.53406,1.53441,1.50,1.53
2012.08.23 03:48:46.424,1.53408,1.53438,1.50,1.50
2012.08.23 03:48:46.612,1.53408,1.53437,1.50,1.23
2012.08.23 03:48:47.392,1.53408,1.53437,1.50,1.23
2012.08.23 03:48:47.943,1.53404,1.53434,1.50,1.50
2012.08.23 03:48:52.946,1.53401,1.53434,1.50,1.50
2012.08.23 03:48:55.605,1.53409,1.53441,1.50,1.80
2012.08.23 03:48:56.055,1.53415,1.53444,1.50,1.68
2012.08.23 03:48:57.305,1.53409,1.5344,1.50,1.65
2012.08.23 03:49:19.217,1.53405,1.5344,1.50,1.50
2012.08.23 03:49:19.283,1.53403,1.53435,1.50,1.50
2012.08.23 03:49:26.673,1.53403,1.5344,1.50,1.50
2012.08.23 03:49:26.744,1.53411,1.5344,1.50,1.23
2012.08.23 03:49:27.992,1.53411,1.5344,1.50,1.23
2012.08.23 03:49:28.126,1.53406,1.53439,1.50,1.23
2012.08.23 03:49:28.194,1.53406,1.53435,1.50,1.50
2012.08.23 03:49:28.825,1.53407,1.53438,1.50,1.23
2012.08.23 03:49:28.893,1.53411,1.53439,1.50,1.23
2012.08.23 03:49:29.796,1.53411,1.5344,1.50,1.23
2012.08.23 03:49:30.196,1.53407,1.5344,1.50,1.23
2012.08.23 03:49:30.265,1.53406,1.53437,2.25,1.50
2012.08.23 03:49:47.886,1.53407,1.53436,1.50,1.50
2012.08.23 03:49:48.196,1.53403,1.53433,1.50,1.50
2012.08.23 03:49:48.408,1.53401,1.53433,1.50,1.50
2012.08.23 03:49:49.368,1.53403,1.53433,1.50,1.50
2012.08.23 03:49:49.756,1.53407,1.53437,1.50,1.98
2012.08.23 03:49:50.619,1.53401,1.53435,1.50,1.50
2012.08.23 03:49:50.688,1.53401,1.53433,1.50,1.50
2012.08.23 03:49:57.702,1.53397,1.53433,1.50,1.50
2012.08.23 03:49:57.997,1.53396,1.53426,2.25,1.50
2012.08.23 03:49:59.377,1.53396,1.5343,2.25,1.50
2012.08.23 03:49:59.446,1.534,1.53432,1.50,1.50
2012.08.23 03:49:59.517,1.53402,1.53432,1.50,1.50
2012.08.23 03:50:01.180,1.534,1.53432,1.50,1.50
2012.08.23 03:50:02.150,1.53397,1.53428,1.50,1.50
2012.08.23 03:50:19.328,1.53395,1.53428,1.50,1.50
2012.08.23 03:50:23.747,1.53388,1.53418,1.50,1.50
2012.08.23 03:50:27.257,1.53381,1.5341,1.50,1.50
2012.08.23 03:50:27.449,1.53374,1.53403,1.50,1.50
2012.08.23 03:50:27.818,1.53381,1.53413,1.50,1.50
2012.08.23 03:50:43.938,1.53383,1.53413,1.50,1.50
2012.08.23 03:50:44.378,1.53381,1.53413,1.50,1.50
2012.08.23 03:50:47.887,1.53381,1.53413,1.50,1.50
2012.08.23 03:50:54.807,1.53376,1.53412,2.25,1.50
2012.08.23 03:50:54.878,1.53376,1.53406,1.50,1.50
2012.08.23 03:50:55.019,1.53376,1.53409,1.50,1.50
2012.08.23 03:50:55.087,1.53381,1.53411,1.50,1.50
2012.08.23 03:50:55.598,1.53378,1.53411,1.50,1.50
2012.08.23 03:50:55.667,1.53376,1.53407,1.50,1.50
2012.08.23 03:50:56.238,1.53376,1.53409,1.50,1.50
2012.08.23 03:50:56.586,1.53383,1.53409,1.50,1.50
2012.08.23 03:50:56.717,1.53383,1.53412,1.50,1.50
2012.08.23 03:50:57.617,1.5338,1.53412,1.50,1.50
2012.08.23 03:50:59.127,1.53383,1.53412,1.50,1.50
2012.08.23 03:51:00.117,1.5338,1.53412,1.50,1.50
2012.08.23 03:51:00.193,1.53376,1.53405,1.50,1.50
2012.08.23 03:51:00.508,1.53379,1.53409,1.50,1.50
2012.08.23 03:51:00.657,1.5338,1.53409,1.50,1.50
2012.08.23 03:51:01.458,1.53379,1.53409,1.50,1.50
2012.08.23 03:51:01.590,1.53374,1.53404,1.50,1.50
2012.08.23 03:51:02.238,1.53377,1.5341,1.50,1.50
2012.08.23 03:51:02.310,1.5338,1.53412,1.50,1.50
2012.08.23 03:51:03.139,1.53382,1.53412,1.50,1.50
2012.08.23 03:51:03.689,1.5338,1.53412,1.50,1.50
2012.08.23 03:51:04.718,1.53376,1.5341,1.50,1.50
2012.08.23 03:51:04.786,1.53376,1.53405,1.50,1.50
2012.08.23 03:51:05.058,1.53379,1.53409,1.50,1.23
2012.08.23 03:51:05.187,1.53376,1.53406,1.50,1.50
2012.08.23 03:51:05.378,1.53379,1.53411,1.50,1.98
2012.08.23 03:51:06.691,1.53377,1.5341,1.50,1.50
2012.08.23 03:51:07.117,1.5338,1.5341,1.50,1.50
2012.08.23 03:51:07.687,1.53377,1.5341,2.25,1.50
2012.08.23 03:51:26.488,1.53377,1.5341,2.25,1.50
2012.08.23 03:51:28.538,1.53383,1.53412,1.50,1.23
2012.08.23 03:51:29.187,1.53377,1.53413,1.50,1.23
2012.08.23 03:51:29.258,1.53376,1.53406,1.50,1.50
2012.08.23 03:51:31.438,1.53377,1.53412,1.50,1.50
2012.08.23 03:51:31.568,1.5338,1.5341,1.50,1.23
2012.08.23 03:51:31.757,1.53376,1.53406,1.50,1.50
2012.08.23 03:51:32.677,1.53376,1.53406,1.50,1.50
2012.08.23 03:51:33.206,1.53375,1.53406,1.50,1.50
2012.08.23 03:51:33.919,1.53375,1.53405,1.50,1.50
2012.08.23 03:51:34.684,1.53375,1.53405,1.50,1.23
2012.08.23 03:51:38.469,1.53375,1.53405,1.50,1.98
2012.08.23 03:51:38.718,1.53375,1.53406,1.50,1.50
2012.08.23 03:51:43.179,1.53375,1.53405,1.50,1.50
2012.08.23 03:51:43.505,1.53371,1.53403,1.50,1.50
2012.08.23 03:51:43.577,1.53371,1.53401,1.50,1.50
2012.08.23 03:51:46.150,1.53377,1.53407,1.50,1.50
2012.08.23 03:51:46.545,1.53384,1.53414,1.50,1.98
2012.08.23 03:51:46.622,1.53379,1.53409,1.50,1.50
2012.08.23 03:51:47.628,1.53378,1.53411,1.50,1.23
2012.08.23 03:51:48.080,1.53387,1.53415,1.50,1.98
2012.08.23 03:51:49.263,1.53387,1.53415,2.25,1.23
2012.08.23 03:51:49.419,1.53389,1.53418,1.50,1.23
2012.08.23 03:51:49.787,1.53384,1.53414,1.50,1.23
2012.08.23 03:51:49.858,1.53384,1.53413,1.50,1.23
2012.08.23 03:51:56.411,1.5338,1.53413,1.50,1.23
2012.08.23 03:51:56.476,1.53378,1.53408,1.50,1.50
2012.08.23 03:52:11.157,1.53371,1.53405,1.50,1.23
2012.08.23 03:52:11.227,1.53371,1.53401,1.50,1.50
2012.08.23 03:52:20.918,1.53363,1.53392,1.50,1.50
2012.08.23 03:52:21.064,1.53366,1.53397,2.25,1.50
2012.08.23 03:52:23.987,1.53366,1.53395,1.50,1.23
2012.08.23 03:52:24.118,1.53362,1.53393,1.50,1.50
2012.08.23 03:52:25.388,1.53362,1.53391,1.50,1.50
2012.08.23 03:52:25.768,1.53358,1.53387,1.50,1.50
2012.08.23 03:52:28.338,1.53363,1.53393,1.50,1.98
2012.08.23 03:52:29.738,1.53367,1.53398,1.50,1.50
2012.08.23 03:52:32.210,1.53363,1.53387,1.03,1.50
2012.08.23 03:52:32.279,1.53359,1.53387,1.03,1.50
2012.08.23 03:52:32.349,1.53357,1.53387,1.50,1.98
2012.08.23 03:52:32.830,1.53357,1.53387,2.25,1.23
2012.08.23 03:52:32.912,1.53366,1.53396,1.50,1.50
2012.08.23 03:52:38.678,1.53369,1.53402,1.50,1.50
2012.08.23 03:52:58.697,1.5337,1.534,1.50,1.50
2012.08.23 03:53:00.966,1.5337,1.53405,1.50,1.98
2012.08.23 03:53:01.040,1.53374,1.53405,1.50,1.23
2012.08.23 03:53:01.348,1.53367,1.53399,1.50,1.50
2012.08.23 03:53:02.978,1.53359,1.53393,1.50,1.50
2012.08.23 03:53:03.048,1.53359,1.53392,1.50,1.50
2012.08.23 03:53:03.307,1.53359,1.53393,1.50,1.50
2012.08.23 03:53:03.441,1.53359,1.53389,1.50,1.50
2012.08.23 03:53:03.988,1.53352,1.53381,1.50,1.50
2012.08.23 03:53:18.759,1.53351,1.53381,1.50,1.50
2012.08.23 03:53:18.929,1.53347,1.53376,1.50,1.50
2012.08.23 03:53:19.238,1.53348,1.53381,1.50,1.50
2012.08.23 03:53:19.308,1.5335,1.53381,1.50,1.50
2012.08.23 03:53:20.842,1.53347,1.53381,1.50,1.50
2012.08.23 03:53:21.142,1.53344,1.53374,1.50,1.50
2012.08.23 03:53:21.220,1.53344,1.53374,1.03,1.50
2012.08.23 03:53:21.288,1.53342,1.53374,1.03,1.50
2012.08.23 03:53:21.419,1.53336,1.53369,2.40,1.50
2012.08.23 03:53:21.569,1.53341,1.53373,1.50,1.50
2012.08.23 03:53:21.877,1.53337,1.53368,1.50,1.50
2012.08.23 03:53:26.471,1.53339,1.53368,1.50,1.50
2012.08.23 03:53:26.597,1.53347,1.53376,1.50,1.50
2012.08.23 03:53:27.298,1.53341,1.53371,1.50,1.50
2012.08.23 03:53:27.488,1.53347,1.53377,1.50,1.50
2012.08.23 03:53:39.779,1.53348,1.53377,1.50,1.50
2012.08.23 03:53:47.383,1.53347,1.53377,1.50,1.50
2012.08.23 03:54:20.247,1.53356,1.53384,1.50,1.23
2012.08.23 03:54:20.525,1.53356,1.53391,1.93,1.50
2012.08.23 03:54:20.601,1.53373,1.534,1.50,1.23
2012.08.23 03:54:20.667,1.53374,1.53402,1.50,1.23
2012.08.23 03:54:20.949,1.53377,1.53409,1.50,1.50
2012.08.23 03:54:21.029,1.53379,1.53409,1.50,1.50
2012.08.23 03:54:21.158,1.53377,1.53407,1.50,1.50
2012.08.23 03:54:21.227,1.53375,1.53403,1.50,1.50
2012.08.23 03:54:22.180,1.53373,1.53403,1.50,1.50
2012.08.23 03:54:23.168,1.53375,1.53403,1.50,1.50
2012.08.23 03:54:26.508,1.53373,1.53403,1.50,1.50
2012.08.23 03:54:28.560,1.53373,1.53408,1.50,1.98
2012.08.23 03:54:28.628,1.53378,1.53408,1.50,1.23
2012.08.23 03:54:28.819,1.53374,1.53402,1.50,1.23
2012.08.23 03:54:29.141,1.53375,1.53404,1.50,1.50
2012.08.23 03:54:29.568,1.53377,1.53408,1.50,1.50
2012.08.23 03:54:29.642,1.53382,1.5341,1.03,1.50
2012.08.23 03:54:29.900,1.53385,1.53414,1.50,1.23
2012.08.23 03:54:29.969,1.53385,1.53415,1.50,1.50
2012.08.23 03:54:30.040,1.53377,1.53403,1.03,1.50
2012.08.23 03:54:30.348,1.53375,1.53404,1.03,1.50
2012.08.23 03:54:30.481,1.53369,1.53399,1.03,1.50
2012.08.23 03:54:30.550,1.53369,1.53399,1.03,1.50
2012.08.23 03:54:30.985,1.53375,1.53399,1.03,1.50
2012.08.23 03:54:31.608,1.53376,1.53404,1.03,1.50
2012.08.23 03:54:32.368,1.53373,1.53404,1.03,1.50
2012.08.23 03:54:32.438,1.53372,1.53404,1.03,1.50
2012.08.23 03:54:33.298,1.53369,1.534,1.03,1.50
2012.08.23 03:54:33.924,1.53371,1.53402,1.03,1.50
2012.08.23 03:54:34.009,1.53372,1.53404,1.50,1.50
2012.08.23 03:54:34.457,1.53377,1.53408,1.50,1.98
2012.08.23 03:54:34.527,1.53377,1.5341,2.25,1.98
2012.08.23 03:54:42.547,1.53379,1.5341,1.03,1.50
2012.08.23 03:54:42.878,1.53379,1.5341,1.03,1.50
2012.08.23 03:54:46.389,1.53379,1.5341,1.03,1.50
2012.08.23 03:54:47.068,1.53379,1.5341,1.03,1.50
2012.08.23 03:54:51.549,1.53379,1.5341,1.03,1.50
2012.08.23 03:54:51.929,1.53383,1.53414,1.03,1.50
2012.08.23 03:54:52.282,1.53384,1.53414,1.03,1.50
2012.08.23 03:54:52.349,1.53387,1.53419,1.78,1.50
2012.08.23 03:54:52.479,1.53387,1.53419,1.03,1.50
2012.08.23 03:54:53.137,1.53384,1.53413,1.03,1.50
2012.08.23 03:54:53.677,1.53382,1.53413,1.50,1.50
2012.08.23 03:54:54.269,1.53381,1.53411,1.03,1.50
2012.08.23 03:54:54.615,1.53379,1.53408,1.03,1.50
2012.08.23 03:54:55.247,1.53379,1.53408,1.03,1.50
2012.08.23 03:54:55.829,1.53377,1.53402,1.03,1.50
2012.08.23 03:54:55.898,1.53374,1.53402,1.03,1.50
2012.08.23 03:54:55.968,1.53372,1.53402,1.03,1.50
2012.08.23 03:54:56.101,1.53371,1.53401,1.50,1.23
2012.08.23 03:54:56.467,1.53369,1.53402,1.03,1.50
2012.08.23 03:54:56.538,1.53362,1.53391,1.03,1.50
2012.08.23 03:54:56.609,1.53369,1.53402,1.78,1.50
2012.08.23 03:54:56.799,1.53375,1.53405,1.03,1.50
2012.08.23 03:54:56.868,1.53376,1.53408,1.50,1.50
2012.08.23 03:54:57.538,1.53379,1.53408,1.03,1.50
2012.08.23 03:54:57.667,1.53379,1.53407,1.03,1.50
2012.08.23 03:54:58.197,1.53377,1.53407,1.78,1.50
2012.08.23 03:54:58.448,1.53376,1.53406,1.03,1.50
2012.08.23 03:54:58.797,1.53373,1.53403,1.03,1.50
2012.08.23 03:54:59.300,1.53367,1.53397,1.03,1.50
2012.08.23 03:55:02.879,1.53368,1.53397,1.50,1.50
2012.08.23 03:55:04.026,1.53366,1.53397,1.50,1.50
2012.08.23 03:55:04.310,1.53368,1.53397,1.50,1.50
2012.08.23 03:55:04.726,1.53371,1.53401,1.50,1.50
2012.08.23 03:55:04.797,1.5337,1.53401,1.50,1.50
2012.08.23 03:55:06.518,1.53367,1.53397,1.03,1.50
2012.08.23 03:55:10.447,1.53368,1.53397,1.50,1.50
2012.08.23 03:55:10.975,1.53368,1.53397,1.03,1.50
2012.08.23 03:55:11.107,1.53368,1.53397,1.03,1.50
2012.08.23 03:55:11.238,1.5337,1.53402,1.50,1.50
2012.08.23 03:55:11.313,1.53367,1.53402,2.25,1.50
2012.08.23 03:55:11.388,1.53367,1.53397,1.50,1.50
2012.08.23 03:55:13.930,1.53369,1.53402,1.50,1.98
2012.08.23 03:55:33.133,1.53371,1.53402,1.50,1.50
2012.08.23 03:55:33.788,1.53369,1.53402,1.50,1.50
2012.08.23 03:55:33.930,1.53369,1.53402,1.50,1.50
2012.08.23 03:55:40.467,1.5337,1.53398,1.50,1.50
2012.08.23 03:55:44.539,1.53377,1.53406,1.50,1.50
2012.08.23 03:55:44.679,1.53377,1.53406,1.50,1.50
2012.08.23 03:55:44.879,1.53377,1.53406,1.50,1.50
2012.08.23 03:55:47.269,1.53371,1.534,1.03,1.50
2012.08.23 03:55:47.594,1.53371,1.534,1.03,1.50
2012.08.23 03:55:47.739,1.53366,1.53396,1.50,1.50
2012.08.23 03:55:49.694,1.53364,1.53393,1.03,1.50
2012.08.23 03:55:49.757,1.53362,1.53392,1.03,1.50
2012.08.23 03:55:52.207,1.53364,1.53392,1.03,1.50
2012.08.23 03:55:52.828,1.53359,1.53392,1.03,1.50
2012.08.23 03:55:53.018,1.53357,1.53386,1.03,1.50
2012.08.23 03:55:53.445,1.53359,1.53389,1.03,1.50
2012.08.23 03:55:53.568,1.5336,1.5339,1.50,1.50
2012.08.23 03:55:54.476,1.53361,1.5339,1.03,1.50
2012.08.23 03:55:54.546,1.53362,1.5339,1.03,1.50
2012.08.23 03:55:55.129,1.53361,1.5339,1.03,1.50
2012.08.23 03:55:55.651,1.53361,1.5339,1.03,1.50
2012.08.23 03:56:04.850,1.53362,1.53397,1.03,1.50
2012.08.23 03:56:04.918,1.53367,1.53397,1.50,1.50
2012.08.23 03:56:05.958,1.53371,1.53402,1.50,1.23
2012.08.23 03:56:11.258,1.5337,1.534,1.03,1.50
2012.08.23 03:56:11.328,1.53369,1.53398,1.03,1.50
2012.08.23 03:56:11.518,1.5337,1.53398,1.03,1.50
2012.08.23 03:56:11.738,1.53367,1.53398,1.50,1.50
2012.08.23 03:56:13.681,1.53361,1.53393,1.78,1.50
2012.08.23 03:56:14.048,1.53364,1.53393,1.50,1.50
2012.08.23 03:56:17.648,1.53362,1.53393,1.03,1.50
2012.08.23 03:56:19.685,1.53364,1.53393,1.50,1.50
2012.08.23 03:56:19.950,1.53362,1.53393,1.03,1.50
2012.08.23 03:56:20.159,1.53364,1.53393,1.50,1.50
2012.08.23 03:56:20.388,1.53362,1.53393,1.03,1.50
2012.08.23 03:56:20.470,1.53364,1.53398,1.50,1.50
2012.08.23 03:56:20.597,1.53368,1.53398,1.50,1.50
2012.08.23 03:56:24.817,1.5337,1.53398,1.03,1.50
2012.08.23 03:56:25.127,1.53368,1.53398,1.03,1.50
2012.08.23 03:56:26.797,1.53366,1.53393,1.03,1.50
2012.08.23 03:56:27.108,1.53366,1.53389,1.03,1.50
2012.08.23 03:56:27.417,1.53369,1.53397,1.03,1.50
2012.08.23 03:56:27.488,1.53366,1.5339,1.03,1.50
2012.08.23 03:56:27.808,1.53366,1.53392,1.03,1.50
2012.08.23 03:56:27.877,1.53369,1.53398,1.03,1.50
2012.08.23 03:56:28.068,1.53366,1.53398,1.50,1.50
2012.08.23 03:56:28.319,1.53368,1.534,1.50,1.50
2012.08.23 03:56:28.447,1.53366,1.534,1.50,1.50
2012.08.23 03:56:28.518,1.53365,1.53393,1.03,1.50
2012.08.23 03:56:28.707,1.53366,1.53393,1.03,1.50
2012.08.23 03:56:28.777,1.53368,1.53395,1.03,1.50
2012.08.23 03:56:28.848,1.53368,1.53397,1.03,1.50
2012.08.23 03:56:29.039,1.53366,1.53397,1.50,1.50
2012.08.23 03:56:29.357,1.53358,1.53387,1.03,1.50
2012.08.23 03:56:37.617,1.53356,1.53387,1.03,1.50
2012.08.23 03:56:38.047,1.53358,1.53387,1.03,1.50
2012.08.23 03:56:38.358,1.53358,1.53387,1.03,1.50
2012.08.23 03:56:38.716,1.53358,1.53387,1.03,1.50
2012.08.23 03:56:38.908,1.53359,1.53388,1.03,1.50
2012.08.23 03:56:39.223,1.53359,1.53388,1.03,1.50
2012.08.23 03:56:39.737,1.53359,1.53388,1.03,1.50
2012.08.23 03:56:40.067,1.53359,1.53388,1.03,1.50
2012.08.23 03:56:40.879,1.53359,1.53388,1.03,1.50
2012.08.23 03:56:41.208,1.53359,1.53388,1.03,1.50
2012.08.23 03:56:50.828,1.53359,1.53388,1.03,1.50
2012.08.23 03:56:50.898,1.53364,1.53394,1.03,1.50
2012.08.23 03:56:51.440,1.53364,1.53394,1.03,1.50
2012.08.23 03:56:52.120,1.53364,1.53394,1.78,1.50
2012.08.23 03:56:54.177,1.53364,1.53391,1.50,1.50
2012.08.23 03:56:54.859,1.53363,1.53388,1.03,1.50
2012.08.23 03:56:58.739,1.53359,1.53388,1.03,1.50
2012.08.23 03:56:58.807,1.53358,1.53388,1.78,1.50
2012.08.23 03:56:58.879,1.53356,1.53382,1.03,1.50
2012.08.23 03:56:59.011,1.53356,1.53382,1.03,1.50
2012.08.23 03:56:59.258,1.53357,1.53382,1.03,1.50
2012.08.23 03:56:59.593,1.53357,1.53387,1.78,1.50
2012.08.23 03:56:59.718,1.53357,1.53387,1.78,1.50
2012.08.23 03:56:59.848,1.53358,1.53387,1.03,1.50
2012.08.23 03:57:00.158,1.53363,1.53387,1.03,1.50
2012.08.23 03:57:00.685,1.53363,1.53388,1.03,1.50
2012.08.23 03:57:00.779,1.53365,1.53394,1.50,1.50
2012.08.23 03:57:02.918,1.53361,1.53383,1.03,1.50
2012.08.23 03:57:03.410,1.53358,1.53383,1.03,1.50
2012.08.23 03:57:03.818,1.5336,1.5339,1.50,1.50
2012.08.23 03:57:03.891,1.5336,1.53388,1.50,1.50
2012.08.23 03:57:04.209,1.5335,1.53378,1.78,1.50
2012.08.23 03:57:04.827,1.53356,1.53382,1.03,1.50
2012.08.23 03:57:04.897,1.53356,1.53384,1.03,1.50
2012.08.23 03:57:11.138,1.53357,1.53384,1.03,1.50
2012.08.23 03:57:12.117,1.53355,1.53384,1.03,1.50
2012.08.23 03:57:16.148,1.53355,1.53384,1.03,1.50
2012.08.23 03:57:16.407,1.5336,1.5339,1.50,1.50
2012.08.23 03:57:16.537,1.53358,1.5339,1.50,1.50
2012.08.23 03:57:19.042,1.5336,1.5339,1.03,1.50
2012.08.23 03:57:19.170,1.5336,1.5339,1.03,1.50
2012.08.23 03:57:21.387,1.53358,1.5339,1.78,1.50
2012.08.23 03:57:22.208,1.53358,1.53387,1.03,1.50
2012.08.23 03:57:22.577,1.53358,1.53387,1.03,1.50
2012.08.23 03:57:23.148,1.53364,1.53393,1.03,1.50
2012.08.23 03:57:25.530,1.53364,1.53393,1.03,1.50
2012.08.23 03:57:26.127,1.53364,1.53393,1.78,1.50
2012.08.23 03:57:26.199,1.53363,1.53393,1.03,1.50
2012.08.23 03:57:27.828,1.53364,1.53393,1.03,1.50
2012.08.23 03:57:28.472,1.53363,1.53393,1.03,1.50
2012.08.23 03:57:30.899,1.53364,1.53393,1.50,1.50
2012.08.23 03:57:31.207,1.53364,1.53393,1.03,1.50
2012.08.23 03:57:31.349,1.53364,1.53393,1.03,1.50
2012.08.23 03:57:31.688,1.53367,1.53398,1.03,1.50
2012.08.23 03:57:31.822,1.53363,1.53394,1.03,1.50
2012.08.23 03:57:31.888,1.53367,1.53398,1.03,1.50
2012.08.23 03:57:32.018,1.53364,1.53394,1.03,1.50
2012.08.23 03:57:37.118,1.53364,1.53394,1.03,1.50
2012.08.23 03:57:37.588,1.53369,1.53399,1.50,1.50
2012.08.23 03:57:39.213,1.5337,1.53399,1.03,1.50
2012.08.23 03:57:39.278,1.53369,1.53399,1.78,1.50
2012.08.23 03:57:39.350,1.5337,1.53399,1.03,1.50
2012.08.23 03:57:39.671,1.53374,1.53406,1.03,1.50
2012.08.23 03:57:39.755,1.53382,1.53412,1.03,1.50
2012.08.23 03:57:40.877,1.5338,1.53412,1.50,1.50
2012.08.23 03:57:41.101,1.5338,1.5341,1.03,1.50
2012.08.23 03:57:41.288,1.53378,1.53406,1.03,1.50
2012.08.23 03:57:41.952,1.53378,1.53404,1.03,1.50
2012.08.23 03:57:42.219,1.53371,1.53403,1.03,1.50
2012.08.23 03:57:42.349,1.53365,1.53395,1.03,1.50
2012.08.23 03:57:42.720,1.53352,1.53391,1.03,1.23
2012.08.23 03:57:42.788,1.53352,1.53381,1.03,1.50
2012.08.23 03:57:43.175,1.53352,1.53381,1.50,1.50
2012.08.23 03:57:43.728,1.53352,1.53381,1.50,1.50
2012.08.23 03:57:43.980,1.5335,1.53381,1.03,1.50
2012.08.23 03:57:44.230,1.53351,1.53381,1.50,1.50
2012.08.23 03:57:44.301,1.53357,1.53386,2.25,1.23
2012.08.23 03:57:44.369,1.53357,1.53386,1.50,1.98
2012.08.23 03:57:44.680,1.53354,1.53382,1.50,1.23
2012.08.23 03:57:44.929,1.53354,1.53381,1.50,1.23
2012.08.23 03:57:45.178,1.53347,1.53379,1.50,1.23
2012.08.23 03:57:45.486,1.53347,1.53378,1.50,1.50
2012.08.23 03:57:48.877,1.53342,1.53372,1.50,1.50
2012.08.23 03:57:50.340,1.53342,1.53372,1.50,1.50
2012.08.23 03:57:50.778,1.53342,1.53372,1.50,1.50
2012.08.23 03:57:50.902,1.53342,1.53372,1.50,1.50
2012.08.23 03:57:53.752,1.53342,1.53372,1.03,1.50
2012.08.23 03:57:53.819,1.53339,1.53372,1.03,1.50
2012.08.23 03:57:54.188,1.53332,1.5336,1.50,1.50
2012.08.23 03:57:54.258,1.53327,1.53357,1.78,1.50
2012.08.23 03:57:54.328,1.53327,1.53357,1.78,1.50
2012.08.23 03:57:54.459,1.53332,1.53362,1.50,1.50
2012.08.23 03:57:55.158,1.53327,1.53356,1.03,1.50
2012.08.23 03:57:55.228,1.53326,1.53356,1.50,1.50
2012.08.23 03:57:55.419,1.53322,1.53352,1.03,1.50
2012.08.23 03:57:55.728,1.53317,1.53346,1.03,1.50
2012.08.23 03:57:56.509,1.53317,1.53346,1.03,1.50
2012.08.23 03:57:56.913,1.53317,1.53348,1.50,1.50
2012.08.23 03:57:56.989,1.53319,1.53351,1.50,1.50
2012.08.23 03:57:57.178,1.53322,1.53351,1.50,1.50
2012.08.23 03:57:57.489,1.53317,1.53348,1.50,1.50
2012.08.23 03:57:57.559,1.53315,1.53344,1.03,1.50
2012.08.23 03:57:58.048,1.53316,1.53344,1.03,1.50
2012.08.23 03:57:58.485,1.53319,1.53347,1.03,1.50
2012.08.23 03:57:58.619,1.53318,1.53347,1.03,1.50
2012.08.23 03:57:58.849,1.53318,1.53347,1.03,1.50
2012.08.23 03:57:59.428,1.53321,1.53351,1.03,1.50
2012.08.23 03:57:59.500,1.53323,1.53353,1.50,1.50
2012.08.23 03:58:00.168,1.53321,1.53353,1.50,1.50
2012.08.23 03:58:00.604,1.53324,1.53354,1.50,1.50
2012.08.23 03:58:00.729,1.53322,1.53354,1.50,1.50
2012.08.23 03:58:01.412,1.53324,1.53354,1.50,1.50
2012.08.23 03:58:02.170,1.53322,1.53349,1.03,1.50
2012.08.23 03:58:06.168,1.53316,1.53343,1.03,1.50
2012.08.23 03:58:08.428,1.5332,1.53348,1.50,1.50
2012.08.23 03:58:08.497,1.5332,1.53349,1.50,1.50
2012.08.23 03:58:16.009,1.53326,1.53356,1.50,1.50
2012.08.23 03:58:17.428,1.53327,1.53356,1.78,1.50
2012.08.23 03:58:18.627,1.53327,1.53356,1.50,1.50
2012.08.23 03:58:19.528,1.53327,1.53359,1.50,1.50
2012.08.23 03:58:19.598,1.5333,1.5336,1.50,1.50
2012.08.23 03:58:20.510,1.53327,1.53356,1.78,1.50
2012.08.23 03:58:21.090,1.53327,1.53356,1.78,1.50
2012.08.23 03:58:21.540,1.53328,1.53356,1.03,1.50
2012.08.23 03:58:23.287,1.53327,1.53356,1.03,1.50
2012.08.23 03:58:23.807,1.53326,1.53356,1.50,1.50
2012.08.23 03:58:23.938,1.53327,1.53356,1.50,1.50
2012.08.23 03:58:24.008,1.53327,1.53356,1.78,1.50
2012.08.23 03:58:24.197,1.53327,1.53356,1.78,1.50
2012.08.23 03:58:24.389,1.53327,1.53356,1.78,1.50
2012.08.23 03:58:24.944,1.53332,1.53359,1.50,1.50
2012.08.23 03:58:25.018,1.53332,1.53361,1.50,1.50
2012.08.23 03:58:27.865,1.53337,1.53366,1.50,1.50
2012.08.23 03:58:28.799,1.53328,1.53358,1.50,1.50
2012.08.23 03:58:30.001,1.53327,1.53358,1.50,1.50
2012.08.23 03:58:30.490,1.53328,1.53358,1.50,1.50
2012.08.23 03:58:30.978,1.53335,1.53361,1.50,1.50
2012.08.23 03:58:31.047,1.53335,1.53364,1.50,1.50
2012.08.23 03:58:33.642,1.53335,1.53364,1.50,1.50
2012.08.23 03:58:33.829,1.53339,1.5337,1.50,1.50
2012.08.23 03:58:34.018,1.53337,1.5337,1.50,1.50
2012.08.23 03:58:34.150,1.53339,1.53374,1.50,1.50
2012.08.23 03:58:34.220,1.53343,1.53374,1.50,1.50
2012.08.23 03:58:34.631,1.53345,1.53374,1.50,1.50
2012.08.23 03:58:36.098,1.53343,1.53374,1.50,1.50
2012.08.23 03:58:36.408,1.53337,1.53372,1.78,1.50
2012.08.23 03:58:36.717,1.53335,1.53364,1.50,1.50
2012.08.23 03:58:37.629,1.53334,1.53364,1.03,1.50
2012.08.23 03:58:38.167,1.53335,1.53364,1.50,1.50
2012.08.23 03:58:38.554,1.53332,1.53364,1.50,1.50
2012.08.23 03:58:39.221,1.53334,1.53363,1.50,1.50
2012.08.23 03:58:39.287,1.53334,1.53365,1.50,1.50
2012.08.23 03:58:40.709,1.53336,1.53372,1.50,1.50
2012.08.23 03:58:40.778,1.53337,1.53372,1.50,1.50
2012.08.23 03:58:40.849,1.53337,1.53367,1.50,1.50
2012.08.23 03:58:45.528,1.53331,1.53363,1.50,1.50
2012.08.23 03:58:46.477,1.53339,1.53369,1.50,1.50
2012.08.23 03:58:49.569,1.53331,1.53367,1.50,1.50
2012.08.23 03:58:49.840,1.53331,1.53361,1.50,1.50
2012.08.23 03:58:50.669,1.53331,1.53365,1.50,1.50
2012.08.23 03:58:50.738,1.53336,1.53368,1.50,1.50
2012.08.23 03:58:58.499,1.53337,1.53371,1.50,1.50
2012.08.23 03:58:58.569,1.53341,1.53373,1.50,1.50
2012.08.23 03:59:00.307,1.53338,1.53373,1.50,1.50
2012.08.23 03:59:00.378,1.53337,1.53367,1.50,1.50
2012.08.23 03:59:05.958,1.53341,1.53371,1.50,1.50
2012.08.23 03:59:31.281,1.53338,1.53371,1.50,1.50
2012.08.23 03:59:31.360,1.53337,1.53367,1.50,1.50
2012.08.23 03:59:35.838,1.53337,1.53364,1.50,1.50
2012.08.23 03:59:35.968,1.53331,1.53361,1.50,1.50
2012.08.23 03:59:36.160,1.53327,1.5336,1.50,1.50
2012.08.23 03:59:36.228,1.53327,1.53356,1.50,1.50
2012.08.23 03:59:37.718,1.53327,1.53356,1.50,1.50
2012.08.23 03:59:37.789,1.53332,1.53361,1.50,1.50
2012.08.23 03:59:38.039,1.53332,1.53364,1.50,1.23
2012.08.23 03:59:38.108,1.53332,1.53361,1.50,1.23
2012.08.23 03:59:38.239,1.53337,1.53367,1.50,1.50
2012.08.23 03:59:38.458,1.53337,1.53367,2.25,1.50
2012.08.23 03:59:38.742,1.53337,1.53367,1.50,1.50
2012.08.23 03:59:40.308,1.53339,1.5337,1.50,1.50
2012.08.23 03:59:40.977,1.53337,1.5337,1.50,1.50
2012.08.23 03:59:41.048,1.53336,1.53364,1.50,1.50
2012.08.23 03:59:44.587,1.53337,1.53371,1.50,1.50
2012.08.23 03:59:44.657,1.53338,1.53371,1.50,1.50
2012.08.23 03:59:46.865,1.53341,1.53376,1.50,1.23
2012.08.23 03:59:46.937,1.53345,1.53376,1.50,1.23
2012.08.23 03:59:48.261,1.53352,1.53382,1.50,1.80
2012.08.23 03:59:48.330,1.53358,1.53388,1.50,1.50
2012.08.23 03:59:48.742,1.53358,1.53387,1.50,1.50
2012.08.23 03:59:48.997,1.53352,1.53382,1.50,1.50
