2011.02.28 11:00:00.031,1.8397,1.84029,1.20,1.58
2011.02.28 11:00:00.581,1.83978,1.84036,1.20,2.14
2011.02.28 11:00:00.692,1.83971,1.84028,1.20,1.20
2011.02.28 11:00:00.911,1.83963,1.84024,1.39,1.20
2011.02.28 11:00:01.023,1.83971,1.84028,1.20,1.20
2011.02.28 11:00:01.573,1.83977,1.84037,1.20,2.14
2011.02.28 11:00:01.901,1.83984,1.84042,1.20,1.95
2011.02.28 11:00:04.480,1.83984,1.84042,1.20,1.95
2011.02.28 11:00:05.341,1.83984,1.84042,1.20,1.95
2011.02.28 11:00:05.592,1.83987,1.84042,1.02,1.20
2011.02.28 11:00:05.866,1.83997,1.84055,1.20,2.14
2011.02.28 11:00:05.982,1.83989,1.84036,1.20,1.20
2011.02.28 11:00:09.153,1.83989,1.84036,1.20,1.39
2011.02.28 11:00:09.483,1.83978,1.84023,1.32,1.20
2011.02.28 11:00:10.031,1.83988,1.84037,1.20,2.14
2011.02.28 11:00:11.734,1.83982,1.84032,1.39,1.39
2011.02.28 11:00:12.824,1.83978,1.84023,1.32,1.20
2011.02.28 11:00:13.753,1.83976,1.84023,1.58,1.39
2011.02.28 11:00:13.973,1.8397,1.84017,1.95,1.20
2011.02.28 11:00:14.190,1.83971,1.84028,1.95,2.14
2011.02.28 11:00:14.522,1.83977,1.84028,1.32,1.20
2011.02.28 11:00:14.631,1.83977,1.84037,2.52,1.39
2011.02.28 11:00:14.742,1.8397,1.84029,1.95,1.20
2011.02.28 11:00:15.910,1.8397,1.84029,1.20,1.20
2011.02.28 11:00:16.801,1.8397,1.84029,2.14,1.20
2011.02.28 11:00:17.133,1.83996,1.84056,1.39,1.95
2011.02.28 11:00:18.173,1.83991,1.8405,1.20,1.58
2011.02.28 11:00:18.282,1.83983,1.84043,1.39,1.20
2011.02.28 11:00:18.393,1.83978,1.84036,1.39,1.20
2011.02.28 11:00:18.501,1.83983,1.84043,1.39,1.20
2011.02.28 11:00:19.507,1.83977,1.84037,1.54,1.20
2011.02.28 11:00:19.734,1.83984,1.84042,1.20,1.20
2011.02.28 11:00:19.842,1.83991,1.8405,1.20,1.58
2011.02.28 11:00:20.361,1.83983,1.84043,1.39,1.20
2011.02.28 11:00:20.690,1.83991,1.8405,1.20,1.58
2011.02.28 11:00:20.801,1.83983,1.84043,1.39,1.20
2011.02.28 11:00:21.460,1.83977,1.84037,1.47,1.20
2011.02.28 11:00:22.241,1.83983,1.84043,1.39,1.20
2011.02.28 11:00:22.571,1.83978,1.84036,1.39,1.20
2011.02.28 11:00:26.571,1.83984,1.84042,1.20,1.20
2011.02.28 11:00:30.883,1.83984,1.84042,1.28,1.20
2011.02.28 11:00:30.992,1.83991,1.8405,1.20,1.20
2011.02.28 11:00:31.322,1.83991,1.8405,2.14,1.20
2011.02.28 11:00:31.431,1.83996,1.84056,1.39,1.20
2011.02.28 11:00:32.031,1.83991,1.8405,2.14,1.20
2011.02.28 11:00:33.441,1.83991,1.8405,1.20,1.20
2011.02.28 11:00:38.910,1.83997,1.84055,1.20,1.20
2011.02.28 11:00:45.972,1.8399,1.84051,1.20,1.20
2011.02.28 11:00:49.221,1.83996,1.84056,1.20,1.39
2011.02.28 11:00:59.683,1.83996,1.84056,1.28,1.39
2011.02.28 11:01:03.691,1.83996,1.84056,2.22,1.20
2011.02.28 11:01:04.240,1.8401,1.84069,1.20,1.39
2011.02.28 11:01:04.941,1.84004,1.84063,1.20,1.20
2011.02.28 11:01:08.141,1.84004,1.84063,1.39,1.20
2011.02.28 11:01:08.532,1.8401,1.84069,1.20,1.20
2011.02.28 11:01:11.033,1.84017,1.84076,1.20,1.20
2011.02.28 11:01:13.283,1.84017,1.84076,1.39,1.20
2011.02.28 11:01:13.501,1.84023,1.84083,1.20,1.20
2011.02.28 11:01:13.961,1.84016,1.84077,1.39,1.20
2011.02.28 11:01:17.685,1.84016,1.84077,1.20,1.20
2011.02.28 11:01:17.792,1.84011,1.84068,1.20,1.20
2011.02.28 11:01:17.902,1.84017,1.84076,1.20,1.20
2011.02.28 11:01:25.471,1.84017,1.84076,1.39,1.20
2011.02.28 11:01:25.583,1.84024,1.84082,1.20,1.20
2011.02.28 11:01:29.752,1.84031,1.84088,1.20,1.58
2011.02.28 11:01:30.153,1.84031,1.84088,1.39,1.58
2011.02.28 11:01:30.263,1.84023,1.84083,1.20,1.20
2011.02.28 11:01:30.481,1.8403,1.84091,1.20,1.77
2011.02.28 11:01:31.521,1.8403,1.84091,1.20,1.58
2011.02.28 11:01:33.301,1.84036,1.84096,1.20,1.95
2011.02.28 11:01:33.630,1.84031,1.8409,1.20,1.58
2011.02.28 11:01:34.517,1.84031,1.8409,1.20,1.20
2011.02.28 11:01:37.942,1.84023,1.84083,1.39,1.20
2011.02.28 11:01:38.161,1.8403,1.84091,1.20,1.20
2011.02.28 11:01:38.452,1.84023,1.84083,1.39,1.20
2011.02.28 11:01:46.210,1.8403,1.84091,1.20,1.20
2011.02.28 11:01:50.241,1.84023,1.84083,1.39,1.20
2011.02.28 11:01:56.231,1.84031,1.8409,1.20,1.20
2011.02.28 11:01:56.341,1.84037,1.84095,1.20,1.20
2011.02.28 11:01:56.451,1.8403,1.84091,1.20,1.20
2011.02.28 11:01:58.372,1.84023,1.84083,1.39,1.20
2011.02.28 11:01:59.133,1.84036,1.84096,1.20,1.58
2011.02.28 11:01:59.460,1.84029,1.84076,1.20,1.20
2011.02.28 11:02:02.564,1.84035,1.84085,1.20,1.20
2011.02.28 11:02:02.672,1.84029,1.84076,1.20,1.20
2011.02.28 11:02:02.782,1.84035,1.84085,1.20,1.20
2011.02.28 11:02:03.332,1.84043,1.84089,1.20,1.20
2011.02.28 11:02:04.506,1.84028,1.84077,1.39,1.20
2011.02.28 11:02:06.811,1.84028,1.84077,1.20,2.14
2011.02.28 11:02:07.032,1.84013,1.8407,1.77,1.39
2011.02.28 11:02:07.582,1.84013,1.8407,1.58,2.14
2011.02.28 11:02:07.693,1.83999,1.84069,2.14,1.58
2011.02.28 11:02:07.911,1.84013,1.8407,1.20,1.58
2011.02.28 11:02:08.241,1.84006,1.84064,1.39,1.20
2011.02.28 11:02:08.350,1.84013,1.8407,1.20,1.58
2011.02.28 11:02:11.293,1.84013,1.84067,1.20,1.32
2011.02.28 11:02:11.511,1.83999,1.84058,1.20,1.39
2011.02.28 11:02:11.622,1.83992,1.8405,1.20,1.20
2011.02.28 11:02:11.951,1.83985,1.84045,1.39,1.20
2011.02.28 11:02:12.061,1.83978,1.84037,2.89,1.20
2011.02.28 11:02:12.172,1.83985,1.84045,1.39,1.20
2011.02.28 11:02:14.282,1.83985,1.84045,1.39,1.28
2011.02.28 11:02:14.721,1.83978,1.84038,1.69,1.20
2011.02.28 11:02:15.664,1.83985,1.84045,1.39,1.20
2011.02.28 11:02:15.771,1.83991,1.84051,1.20,1.20
2011.02.28 11:02:26.070,1.83985,1.84045,1.39,1.20
2011.02.28 11:02:27.861,1.83984,1.84041,1.39,1.20
2011.02.28 11:02:33.551,1.83989,1.84048,1.20,1.20
2011.02.28 11:02:36.983,1.83989,1.84048,1.20,1.35
2011.02.28 11:02:37.096,1.83984,1.84041,1.20,1.39
2011.02.28 11:02:37.203,1.83975,1.84036,1.58,1.20
2011.02.28 11:02:37.311,1.8397,1.84028,1.95,1.20
2011.02.28 11:02:38.192,1.83962,1.84021,2.14,1.20
2011.02.28 11:02:38.524,1.83956,1.84016,1.39,1.20
2011.02.28 11:02:39.203,1.83948,1.84009,2.14,1.20
2011.02.28 11:02:39.422,1.83956,1.84016,1.39,1.20
2011.02.28 11:02:40.192,1.83949,1.84008,2.14,1.20
2011.02.28 11:02:41.113,1.83957,1.84015,1.39,1.20
2011.02.28 11:02:43.152,1.83957,1.84015,2.14,1.20
2011.02.28 11:02:43.372,1.8397,1.84028,1.39,1.20
2011.02.28 11:02:43.860,1.83975,1.84036,1.20,1.95
2011.02.28 11:02:45.642,1.83969,1.84029,1.39,1.20
2011.02.28 11:02:47.602,1.83969,1.84029,1.20,1.54
2011.02.28 11:02:47.934,1.83966,1.84016,1.32,1.20
2011.02.28 11:02:48.044,1.8399,1.8404,1.39,1.20
2011.02.28 11:02:50.663,1.8399,1.8404,2.14,1.20
2011.02.28 11:02:50.883,1.83998,1.84047,1.39,1.20
2011.02.28 11:02:51.102,1.84004,1.84052,1.20,1.58
2011.02.28 11:02:51.433,1.84004,1.84052,2.14,1.58
2011.02.28 11:02:51.683,1.83999,1.84046,2.14,1.20
2011.02.28 11:02:52.233,1.84004,1.84052,2.14,1.58
2011.02.28 11:02:52.563,1.84004,1.84052,1.39,1.77
2011.02.28 11:02:52.676,1.83999,1.84046,1.20,2.14
2011.02.28 11:02:52.783,1.83999,1.84046,1.39,1.39
2011.02.28 11:02:53.005,1.83991,1.84039,1.20,2.14
2011.02.28 11:02:53.115,1.83979,1.84027,2.14,1.20
2011.02.28 11:02:53.334,1.83966,1.84022,1.32,1.39
2011.02.28 11:02:53.956,1.83963,1.84022,1.32,2.14
2011.02.28 11:02:54.061,1.83961,1.84022,1.95,1.39
2011.02.28 11:02:54.363,1.83957,1.84015,1.95,1.20
2011.02.28 11:02:56.061,1.83957,1.84015,1.20,1.20
2011.02.28 11:02:57.303,1.83957,1.84015,2.14,1.20
2011.02.28 11:02:57.523,1.83961,1.84022,2.14,1.20
2011.02.28 11:02:58.865,1.83969,1.84029,1.20,1.39
2011.02.28 11:03:01.224,1.83969,1.84029,2.14,1.20
2011.02.28 11:03:01.643,1.83975,1.84036,1.39,1.58
2011.02.28 11:03:03.263,1.83975,1.84036,1.20,1.65
2011.02.28 11:03:03.485,1.83975,1.84033,1.20,1.47
2011.02.28 11:03:03.595,1.83962,1.84021,1.20,1.20
2011.02.28 11:03:03.704,1.83957,1.84015,1.20,1.20
2011.02.28 11:03:05.815,1.83962,1.84021,1.20,1.20
2011.02.28 11:03:06.843,1.8397,1.84028,1.20,1.20
2011.02.28 11:03:07.391,1.83961,1.84022,2.14,1.20
2011.02.28 11:03:09.122,1.8397,1.84028,1.20,1.20
2011.02.28 11:03:11.053,1.83962,1.84021,2.14,1.20
2011.02.28 11:03:12.481,1.8397,1.84028,1.20,1.20
2011.02.28 11:03:15.141,1.83962,1.84021,2.14,1.20
2011.02.28 11:03:23.554,1.83957,1.84015,1.39,1.20
2011.02.28 11:03:25.353,1.83957,1.84015,1.20,1.39
2011.02.28 11:03:25.743,1.83944,1.84001,2.14,1.20
2011.02.28 11:03:25.851,1.83944,1.84001,1.39,1.20
2011.02.28 11:03:31.523,1.83943,1.84002,1.39,1.20
2011.02.28 11:03:35.355,1.83948,1.84009,1.20,1.20
2011.02.28 11:03:36.744,1.83957,1.84015,1.20,1.20
2011.02.28 11:03:37.072,1.83949,1.84008,1.39,1.20
2011.02.28 11:03:38.173,1.83949,1.84008,1.20,1.20
2011.02.28 11:03:38.501,1.83944,1.84001,1.20,1.20
2011.02.28 11:03:39.622,1.83949,1.84008,1.20,1.20
2011.02.28 11:03:39.733,1.83943,1.84002,1.20,1.20
2011.02.28 11:03:43.982,1.83943,1.84002,2.14,1.20
2011.02.28 11:03:44.227,1.83957,1.84015,1.39,1.20
2011.02.28 11:03:44.606,1.83949,1.84008,2.14,1.20
2011.02.28 11:03:45.841,1.83965,1.84014,1.20,1.20
2011.02.28 11:03:51.362,1.8396,1.84007,1.20,1.20
2011.02.28 11:04:01.372,1.8396,1.84007,1.20,2.14
2011.02.28 11:04:01.704,1.83948,1.83994,1.02,1.20
2011.02.28 11:04:01.923,1.83952,1.84,2.14,1.20
2011.02.28 11:04:02.032,1.83959,1.8402,2.14,1.39
2011.02.28 11:04:03.449,1.83959,1.8402,1.39,1.20
2011.02.28 11:04:03.782,1.83968,1.84026,1.20,1.20
2011.02.28 11:04:04.555,1.83968,1.84026,1.39,1.20
2011.02.28 11:04:04.971,1.8398,1.8404,1.20,1.95
2011.02.28 11:04:05.413,1.83972,1.84021,1.20,1.20
2011.02.28 11:04:12.283,1.83972,1.84021,1.20,1.39
2011.02.28 11:04:12.615,1.83952,1.84009,1.69,1.39
2011.02.28 11:04:15.871,1.83948,1.84009,1.39,1.20
2011.02.28 11:04:24.532,1.83949,1.8401,1.20,1.20
2011.02.28 11:04:24.753,1.83957,1.84015,1.20,1.20
2011.02.28 11:04:32.423,1.83957,1.84015,2.14,1.20
2011.02.28 11:04:32.753,1.83969,1.84029,1.20,1.20
2011.02.28 11:04:33.763,1.83964,1.84023,1.39,1.20
2011.02.28 11:04:35.113,1.83957,1.84015,2.14,1.20
2011.02.28 11:04:38.343,1.83964,1.84021,1.39,1.20
2011.02.28 11:04:38.453,1.83969,1.84029,1.20,1.20
2011.02.28 11:04:38.893,1.83964,1.84023,1.39,1.20
2011.02.28 11:04:45.473,1.83956,1.84016,2.14,1.20
2011.02.28 11:04:47.254,1.8397,1.84028,1.20,1.20
2011.02.28 11:04:48.133,1.8397,1.84028,2.14,1.20
2011.02.28 11:04:48.243,1.83977,1.84036,1.39,1.58
2011.02.28 11:04:55.684,1.83984,1.84041,1.20,1.95
2011.02.28 11:04:56.012,1.83984,1.84041,1.20,1.20
2011.02.28 11:04:58.793,1.83984,1.84041,2.14,1.20
2011.02.28 11:04:59.014,1.83997,1.84055,1.20,1.20
2011.02.28 11:04:59.573,1.83974,1.84053,2.52,1.20
2011.02.28 11:04:59.792,1.83974,1.84053,1.77,1.20
2011.02.28 11:05:00.122,1.83997,1.84055,1.20,1.20
2011.02.28 11:05:01.482,1.83997,1.84055,1.39,1.20
2011.02.28 11:05:03.364,1.84004,1.84061,1.20,1.58
2011.02.28 11:05:03.694,1.84003,1.84063,2.14,1.95
2011.02.28 11:05:04.244,1.84009,1.84069,1.39,1.20
2011.02.28 11:05:04.465,1.84016,1.84077,1.20,1.39
2011.02.28 11:05:07.253,1.8401,1.84068,1.39,1.20
2011.02.28 11:05:07.912,1.84004,1.84063,1.32,1.20
2011.02.28 11:05:08.813,1.8401,1.84068,1.39,1.20
2011.02.28 11:05:09.942,1.84004,1.84063,1.32,1.20
2011.02.28 11:05:12.253,1.84004,1.84062,2.52,1.20
2011.02.28 11:05:12.692,1.84009,1.84069,1.39,1.20
2011.02.28 11:05:14.265,1.84004,1.84063,1.32,1.20
2011.02.28 11:05:15.365,1.84009,1.84069,1.39,1.20
2011.02.28 11:05:28.393,1.84009,1.84069,1.20,2.14
2011.02.28 11:05:28.721,1.83996,1.84056,2.14,1.20
2011.02.28 11:05:28.943,1.84004,1.84062,1.58,1.20
2011.02.28 11:05:29.442,1.83996,1.84056,2.14,1.20
2011.02.28 11:05:30.952,1.84003,1.84063,1.58,1.39
2011.02.28 11:05:34.156,1.84003,1.84063,1.58,1.39
2011.02.28 11:05:34.372,1.83997,1.84055,2.14,1.20
2011.02.28 11:05:35.989,1.83997,1.84055,1.39,1.20
2011.02.28 11:05:42.664,1.83997,1.84055,2.14,1.20
2011.02.28 11:05:42.773,1.84004,1.84062,1.39,1.20
2011.02.28 11:05:42.883,1.8401,1.84068,1.20,1.20
2011.02.28 11:05:46.103,1.8401,1.84068,3.34,1.20
2011.02.28 11:05:46.213,1.84027,1.84073,1.20,1.20
2011.02.28 11:05:50.042,1.84019,1.84069,1.39,1.20
2011.02.28 11:05:50.803,1.84019,1.84069,2.14,1.20
2011.02.28 11:05:50.912,1.84027,1.84073,1.39,1.20
2011.02.28 11:05:52.301,1.84028,1.84077,1.39,1.20
2011.02.28 11:05:52.914,1.84028,1.84077,1.20,2.14
2011.02.28 11:05:53.023,1.84013,1.8407,1.39,1.39
2011.02.28 11:05:54.993,1.8402,1.84078,1.20,1.20
2011.02.28 11:05:56.044,1.84026,1.84084,1.39,1.20
2011.02.28 11:05:56.374,1.8402,1.84078,1.39,1.20
2011.02.28 11:05:57.174,1.84026,1.84084,1.39,1.20
2011.02.28 11:06:07.312,1.84033,1.84092,1.20,1.20
2011.02.28 11:06:07.424,1.84039,1.84097,1.39,1.58
2011.02.28 11:06:07.905,1.84038,1.84097,1.20,1.32
2011.02.28 11:06:08.122,1.84024,1.84097,1.39,2.52
2011.02.28 11:06:08.563,1.84,1.84089,2.14,1.39
2011.02.28 11:06:09.222,1.8401,1.8409,1.58,1.39
2011.02.28 11:06:15.822,1.84002,1.84084,2.14,1.39
2011.02.28 11:06:16.042,1.84002,1.84084,1.39,1.39
2011.02.28 11:06:17.394,1.84009,1.84089,1.20,1.39
2011.02.28 11:06:23.474,1.84009,1.84091,1.39,1.20
2011.02.28 11:06:23.692,1.84015,1.84097,1.20,2.10
2011.02.28 11:06:26.122,1.84015,1.84097,1.95,1.35
2011.02.28 11:06:28.146,1.84015,1.84097,1.95,1.20
2011.02.28 11:06:28.255,1.84022,1.84097,1.20,1.20
2011.02.28 11:06:28.583,1.8402,1.84097,2.52,1.20
2011.02.28 11:06:28.692,1.84028,1.8411,1.39,1.95
2011.02.28 11:06:29.484,1.84028,1.8411,1.39,2.10
2011.02.28 11:06:29.594,1.84028,1.8411,1.39,1.95
2011.02.28 11:06:29.812,1.84021,1.84103,1.39,1.20
2011.02.28 11:06:30.032,1.84028,1.8411,1.54,3.15
2011.02.28 11:06:35.941,1.84028,1.8411,2.22,1.20
2011.02.28 11:06:37.443,1.84043,1.84122,1.20,2.52
2011.02.28 11:06:37.772,1.84043,1.84122,1.39,1.58
2011.02.28 11:06:38.105,1.84063,1.84136,1.69,1.20
2011.02.28 11:06:38.543,1.84068,1.84142,2.14,1.20
2011.02.28 11:06:38.764,1.84075,1.84142,1.20,1.20
2011.02.28 11:06:38.873,1.84075,1.84149,1.20,1.20
2011.02.28 11:06:39.313,1.84075,1.84158,1.20,1.99
2011.02.28 11:06:39.423,1.84069,1.8415,1.77,1.39
2011.02.28 11:06:39.753,1.84064,1.84144,2.14,1.20
2011.02.28 11:06:40.457,1.84063,1.84144,2.89,1.20
2011.02.28 11:06:40.824,1.84063,1.84144,1.95,1.47
2011.02.28 11:06:41.373,1.84059,1.84137,1.95,1.20
2011.02.28 11:06:44.679,1.84055,1.84137,2.14,1.20
2011.02.28 11:06:45.233,1.84057,1.84137,1.95,1.20
2011.02.28 11:06:45.762,1.84057,1.84137,1.95,1.20
2011.02.28 11:06:45.983,1.84062,1.84145,1.95,2.67
2011.02.28 11:06:46.092,1.84062,1.84145,1.58,1.47
2011.02.28 11:06:48.284,1.84055,1.84137,2.14,1.20
2011.02.28 11:06:50.453,1.84055,1.84137,2.14,1.50
2011.02.28 11:06:52.479,1.84055,1.84137,2.14,1.20
2011.02.28 11:06:52.991,1.84055,1.84137,2.14,1.20
2011.02.28 11:06:53.562,1.84055,1.84137,2.14,1.20
2011.02.28 11:06:54.629,1.84055,1.84137,2.14,1.20
2011.02.28 11:06:55.612,1.84062,1.84145,1.58,1.47
2011.02.28 11:06:58.303,1.84062,1.84145,1.39,1.58
2011.02.28 11:06:58.632,1.84068,1.8415,1.20,2.89
2011.02.28 11:06:58.742,1.84063,1.84137,1.20,1.20
2011.02.28 11:06:58.853,1.84068,1.84144,1.20,1.77
2011.02.28 11:06:59.073,1.84063,1.84144,1.20,1.77
2011.02.28 11:06:59.294,1.84068,1.84148,1.20,1.09
2011.02.28 11:06:59.403,1.84062,1.84145,1.20,1.84
2011.02.28 11:07:01.112,1.84069,1.84149,1.20,2.14
2011.02.28 11:07:01.443,1.84068,1.8415,2.59,1.95
2011.02.28 11:07:02.254,1.84082,1.84158,1.20,1.95
2011.02.28 11:07:02.472,1.84076,1.84157,1.20,2.10
2011.02.28 11:07:02.802,1.84069,1.84149,2.59,1.95
2011.02.28 11:07:06.153,1.84069,1.84149,1.39,1.20
2011.02.28 11:07:07.240,1.84076,1.84157,1.20,2.93
2011.02.28 11:07:07.792,1.84069,1.84149,1.39,1.20
2011.02.28 11:07:09.924,1.84067,1.84127,1.20,1.20
2011.02.28 11:07:10.253,1.84059,1.84108,1.58,1.20
2011.02.28 11:07:10.583,1.84043,1.84102,2.14,1.39
2011.02.28 11:07:10.802,1.84043,1.84102,1.39,1.39
2011.02.28 11:07:10.913,1.84043,1.84102,1.20,2.14
2011.02.28 11:07:11.244,1.84024,1.84096,1.32,1.20
2011.02.28 11:07:11.353,1.84024,1.841,1.32,1.20
2011.02.28 11:07:11.902,1.84044,1.84101,1.39,1.20
2011.02.28 11:07:13.733,1.84036,1.84097,2.14,1.20
2011.02.28 11:07:16.084,1.84036,1.84097,1.58,1.20
2011.02.28 11:07:17.544,1.84029,1.84089,2.14,1.20
2011.02.28 11:07:18.092,1.8403,1.84088,2.14,1.20
2011.02.28 11:07:18.983,1.84037,1.84096,1.20,1.20
2011.02.28 11:07:19.532,1.84043,1.84102,1.20,1.39
2011.02.28 11:07:20.563,1.84036,1.84097,1.58,1.20
2011.02.28 11:07:22.575,1.84036,1.84097,1.58,1.47
2011.02.28 11:07:23.123,1.84023,1.84084,1.95,1.20
2011.02.28 11:07:23.453,1.84017,1.84075,2.14,1.20
2011.02.28 11:07:23.894,1.8403,1.84088,1.95,1.20
2011.02.28 11:07:24.553,1.84037,1.84096,1.58,1.20
2011.02.28 11:07:24.662,1.84029,1.84089,2.14,1.20
2011.02.28 11:07:25.272,1.84029,1.84089,2.14,1.20
2011.02.28 11:07:26.096,1.84029,1.84089,1.39,1.20
2011.02.28 11:07:27.103,1.84037,1.84096,1.20,1.20
2011.02.28 11:07:28.212,1.84043,1.84102,1.20,1.39
2011.02.28 11:07:36.805,1.84043,1.84102,1.20,1.84
2011.02.28 11:07:37.023,1.8403,1.84088,2.14,1.20
2011.02.28 11:07:37.136,1.8403,1.84086,1.95,1.02
2011.02.28 11:07:37.584,1.84021,1.84082,1.95,1.20
2011.02.28 11:07:38.142,1.84021,1.84082,1.95,1.28
2011.02.28 11:07:38.474,1.84017,1.84075,2.14,1.20
2011.02.28 11:07:39.022,1.84017,1.84075,2.14,1.20
2011.02.28 11:07:39.774,1.84017,1.84075,2.14,1.20
2011.02.28 11:07:40.435,1.84017,1.84075,2.14,1.28
2011.02.28 11:07:40.655,1.84017,1.84075,1.20,1.54
2011.02.28 11:07:41.036,1.84004,1.84061,1.39,1.20
2011.02.28 11:07:42.164,1.8401,1.8407,1.20,1.20
2011.02.28 11:07:42.276,1.84016,1.84076,2.14,1.20
2011.02.28 11:07:42.494,1.84029,1.84089,1.20,1.95
2011.02.28 11:07:42.823,1.84029,1.84084,1.20,1.32
2011.02.28 11:07:42.934,1.84009,1.84058,1.20,1.20
2011.02.28 11:07:43.043,1.84009,1.84058,2.14,1.20
2011.02.28 11:07:43.154,1.84034,1.84082,1.20,1.20
2011.02.28 11:07:43.484,1.84029,1.84087,1.20,1.32
2011.02.28 11:07:43.593,1.84013,1.84087,1.39,1.32
2011.02.28 11:07:43.703,1.84011,1.84088,2.14,1.58
2011.02.28 11:07:44.033,1.84029,1.84089,1.20,1.95
2011.02.28 11:07:45.915,1.84029,1.84087,1.20,1.32
2011.02.28 11:07:46.134,1.84017,1.84075,1.58,1.20
2011.02.28 11:07:47.372,1.84017,1.84075,1.58,1.20
2011.02.28 11:07:53.592,1.84023,1.84084,1.20,1.39
2011.02.28 11:07:55.853,1.84016,1.84076,1.58,1.20
2011.02.28 11:07:56.415,1.84016,1.84076,1.20,1.20
2011.02.28 11:07:59.306,1.84016,1.84076,1.20,2.14
2011.02.28 11:07:59.634,1.8401,1.8407,1.20,1.39
2011.02.28 11:08:02.835,1.84004,1.84061,1.58,1.20
2011.02.28 11:08:04.943,1.8401,1.8407,1.20,1.39
2011.02.28 11:08:06.804,1.8401,1.8407,1.39,1.20
2011.02.28 11:08:06.912,1.84016,1.84076,1.20,1.20
2011.02.28 11:08:13.184,1.84016,1.84076,1.20,1.28
2011.02.28 11:08:13.513,1.84004,1.84061,1.20,1.20
2011.02.28 11:08:13.952,1.84011,1.84069,1.20,1.39
2011.02.28 11:08:15.179,1.84011,1.84069,1.20,1.20
2011.02.28 11:08:17.643,1.84003,1.84062,1.20,1.20
2011.02.28 11:08:18.192,1.84004,1.84061,1.20,1.20
2011.02.28 11:08:33.037,1.84004,1.84061,1.20,1.35
2011.02.28 11:08:33.365,1.83996,1.84056,1.20,1.28
2011.02.28 11:08:33.694,1.83991,1.84048,1.39,1.20
2011.02.28 11:08:34.133,1.83991,1.84048,1.20,1.39
2011.02.28 11:08:34.244,1.83983,1.84044,2.14,1.20
2011.02.28 11:08:34.352,1.83991,1.84048,1.20,1.39
2011.02.28 11:08:34.684,1.83996,1.84057,1.39,1.20
2011.02.28 11:08:35.013,1.84004,1.84061,1.20,1.39
2011.02.28 11:08:49.573,1.8399,1.84049,2.14,1.20
2011.02.28 11:08:49.904,1.8399,1.84049,1.20,1.20
2011.02.28 11:08:50.123,1.83983,1.84041,2.14,1.20
2011.02.28 11:08:50.673,1.8399,1.84049,1.20,1.20
2011.02.28 11:08:50.782,1.83983,1.84041,2.14,1.20
2011.02.28 11:08:51.224,1.8399,1.84049,1.20,1.20
2011.02.28 11:09:09.093,1.83982,1.84042,1.39,1.20
2011.02.28 11:09:13.064,1.83982,1.84042,1.20,1.20
2011.02.28 11:09:13.283,1.83976,1.84036,1.20,1.20
2011.02.28 11:09:31.464,1.83976,1.84036,1.20,1.28
2011.02.28 11:09:31.576,1.83968,1.84029,1.58,1.39
2011.02.28 11:09:31.685,1.83963,1.84023,1.95,1.20
2011.02.28 11:09:31.903,1.83969,1.84028,1.20,1.39
2011.02.28 11:09:32.673,1.83963,1.84023,1.95,1.20
2011.02.28 11:09:33.354,1.83963,1.84023,1.58,1.20
2011.02.28 11:09:36.112,1.83963,1.84023,1.20,1.20
2011.02.28 11:09:44.422,1.83963,1.84023,1.20,1.28
2011.02.28 11:09:44.974,1.83963,1.84023,1.20,1.20
2011.02.28 11:10:07.984,1.83963,1.84023,1.20,1.35
2011.02.28 11:10:08.093,1.83955,1.84009,1.32,1.20
2011.02.28 11:10:08.203,1.8395,1.84009,1.95,1.20
2011.02.28 11:10:08.533,1.83956,1.84015,1.20,1.20
2011.02.28 11:10:08.642,1.83951,1.84008,1.58,1.20
2011.02.28 11:10:11.739,1.83951,1.84008,1.58,1.20
2011.02.28 11:10:16.233,1.83951,1.84008,1.20,1.20
2011.02.28 11:10:20.486,1.83963,1.84023,1.20,2.59
2011.02.28 11:10:20.703,1.83963,1.84023,1.39,1.65
2011.02.28 11:10:21.033,1.83956,1.84015,2.14,1.20
2011.02.28 11:10:21.363,1.83963,1.84023,1.39,1.58
2011.02.28 11:10:26.232,1.83963,1.84023,1.39,1.20
2011.02.28 11:10:44.643,1.83969,1.84028,1.20,1.39
2011.02.28 11:10:45.567,1.83969,1.84028,1.20,1.20
2011.02.28 11:10:50.542,1.83977,1.84035,1.20,1.20
2011.02.28 11:10:50.872,1.83969,1.84028,2.40,1.20
2011.02.28 11:10:51.093,1.83977,1.84035,1.20,1.20
2011.02.28 11:10:55.574,1.83977,1.84035,1.28,1.20
2011.02.28 11:10:55.796,1.83983,1.84041,1.39,1.20
2011.02.28 11:10:56.376,1.83991,1.84048,1.20,2.14
2011.02.28 11:10:56.485,1.83982,1.84042,1.39,1.58
2011.02.28 11:10:57.143,1.83982,1.84042,1.39,1.58
2011.02.28 11:11:00.763,1.83979,1.8404,1.39,1.20
2011.02.28 11:11:06.225,1.83975,1.84032,2.14,1.20
2011.02.28 11:11:06.335,1.83975,1.84032,1.20,1.20
2011.02.28 11:11:06.444,1.83966,1.84026,1.58,1.20
2011.02.28 11:11:07.016,1.83974,1.84033,1.20,1.20
2011.02.28 11:11:07.453,1.83974,1.84033,1.28,1.20
2011.02.28 11:11:07.674,1.83974,1.84033,1.20,1.20
2011.02.28 11:11:26.474,1.83967,1.84025,1.20,1.20
2011.02.28 11:11:27.353,1.83961,1.84019,1.77,1.20
2011.02.28 11:11:37.145,1.83961,1.84019,1.20,1.20
2011.02.28 11:11:37.475,1.83952,1.84013,1.39,1.20
2011.02.28 11:11:37.833,1.83961,1.84019,1.20,1.20
2011.02.28 11:11:40.585,1.83963,1.84019,1.09,1.20
2011.02.28 11:11:41.075,1.83961,1.84019,1.20,1.39
2011.02.28 11:11:41.184,1.83959,1.84006,1.20,1.20
2011.02.28 11:11:41.512,1.83947,1.83994,1.77,1.20
2011.02.28 11:11:42.064,1.83947,1.83994,1.32,1.20
2011.02.28 11:11:44.573,1.83944,1.83994,1.95,1.20
2011.02.28 11:11:44.685,1.8394,1.83987,1.95,1.20
2011.02.28 11:11:50.092,1.8394,1.83987,1.20,1.20
2011.02.28 11:12:06.514,1.8394,1.83987,1.20,2.14
2011.02.28 11:12:06.736,1.83903,1.8395,2.14,1.20
2011.02.28 11:12:06.843,1.83899,1.83957,2.14,1.20
2011.02.28 11:12:06.955,1.83899,1.83957,2.14,1.20
2011.02.28 11:12:19.126,1.83916,1.83962,2.14,1.20
2011.02.28 11:12:19.234,1.83928,1.83976,2.14,1.20
2011.02.28 11:12:19.454,1.83933,1.83983,1.39,1.20
2011.02.28 11:12:20.005,1.83942,1.83989,1.20,1.20
2011.02.28 11:12:21.986,1.83942,1.83989,2.14,1.20
2011.02.28 11:12:32.125,1.83933,1.83983,2.14,1.20
2011.02.28 11:12:33.865,1.83933,1.83983,2.14,1.20
2011.02.28 11:12:34.274,1.83942,1.83989,1.20,1.20
2011.02.28 11:12:36.066,1.83942,1.83989,2.14,1.20
2011.02.28 11:12:39.543,1.8395,1.84008,1.39,1.20
2011.02.28 11:12:39.765,1.8395,1.84008,1.54,1.20
2011.02.28 11:12:40.094,1.83961,1.84009,1.39,1.20
2011.02.28 11:12:42.414,1.83969,1.84015,1.20,1.20
2011.02.28 11:12:44.524,1.83969,1.84015,1.20,1.39
2011.02.28 11:12:44.636,1.83954,1.84011,1.69,1.20
2011.02.28 11:12:44.744,1.83945,1.83998,1.58,1.20
2011.02.28 11:12:44.854,1.83938,1.83998,1.84,1.20
2011.02.28 11:12:45.074,1.83939,1.84002,1.39,1.20
2011.02.28 11:12:45.183,1.83944,1.84003,1.20,1.20
2011.02.28 11:12:45.514,1.83939,1.83997,1.39,1.20
2011.02.28 11:12:47.823,1.83944,1.84003,1.20,1.20
2011.02.28 11:12:48.205,1.83938,1.83998,1.39,1.20
2011.02.28 11:12:49.954,1.8393,1.83991,2.14,1.20
2011.02.28 11:12:50.063,1.83938,1.83998,1.39,1.20
2011.02.28 11:12:50.394,1.83931,1.8399,2.14,1.20
2011.02.28 11:12:50.503,1.83931,1.8399,1.20,1.20
2011.02.28 11:12:50.944,1.83925,1.83984,1.77,1.20
2011.02.28 11:12:51.273,1.8392,1.83978,1.69,1.20
2011.02.28 11:12:55.474,1.8392,1.83978,1.69,1.20
2011.02.28 11:12:55.804,1.83939,1.83997,1.20,1.20
2011.02.28 11:12:55.915,1.8393,1.83991,2.14,1.20
2011.02.28 11:12:57.343,1.83939,1.83997,1.20,1.58
2011.02.28 11:13:02.805,1.83947,1.84003,1.02,1.95
2011.02.28 11:13:06.334,1.83943,1.84004,2.14,1.20
2011.02.28 11:13:07.994,1.83952,1.8401,1.39,1.20
2011.02.28 11:13:08.106,1.83944,1.84003,2.14,1.20
2011.02.28 11:13:08.213,1.83951,1.84011,1.20,1.39
2011.02.28 11:13:08.325,1.83944,1.84003,2.14,1.20
2011.02.28 11:13:09.794,1.83952,1.8401,1.39,1.20
2011.02.28 11:13:10.014,1.83943,1.84004,2.14,1.20
2011.02.28 11:13:10.124,1.83952,1.8401,1.39,1.20
2011.02.28 11:13:10.453,1.83944,1.84003,2.14,1.20
2011.02.28 11:13:17.757,1.83952,1.8401,1.39,1.20
2011.02.28 11:13:23.204,1.83952,1.8401,1.20,1.39
2011.02.28 11:13:23.533,1.83938,1.83998,1.39,1.20
2011.02.28 11:13:24.423,1.83933,1.8399,1.69,1.20
2011.02.28 11:13:27.954,1.83944,1.84003,1.28,1.20
2011.02.28 11:13:28.063,1.83944,1.84003,1.20,1.20
2011.02.28 11:13:29.426,1.83939,1.83997,1.39,1.20
2011.02.28 11:13:29.764,1.8393,1.83991,2.14,1.20
2011.02.28 11:13:30.314,1.83939,1.83997,1.39,1.20
2011.02.28 11:13:30.424,1.83943,1.84004,1.20,1.20
2011.02.28 11:13:32.015,1.83939,1.83997,1.39,1.20
2011.02.28 11:13:32.126,1.83939,1.83997,1.20,1.20
2011.02.28 11:13:32.346,1.8393,1.83991,1.20,1.20
2011.02.28 11:13:32.563,1.8393,1.83991,1.35,1.20
2011.02.28 11:13:32.784,1.83938,1.83998,1.20,1.20
2011.02.28 11:13:33.113,1.83931,1.8399,1.20,1.20
2011.02.28 11:13:36.184,1.83931,1.8399,1.35,1.20
2011.02.28 11:13:36.294,1.83939,1.83997,1.20,1.20
2011.02.28 11:13:39.215,1.83939,1.83997,1.39,1.20
2011.02.28 11:13:39.544,1.83952,1.8401,1.20,1.20
2011.02.28 11:13:46.225,1.83944,1.84003,1.39,1.20
2011.02.28 11:13:46.382,1.83951,1.84011,1.20,1.20
2011.02.28 11:13:55.584,1.83944,1.84003,1.39,1.20
2011.02.28 11:13:56.315,1.83938,1.83998,1.95,1.39
2011.02.28 11:13:57.414,1.8393,1.83991,2.14,1.20
2011.02.28 11:13:58.113,1.83939,1.83997,1.77,1.20
2011.02.28 11:14:00.177,1.83939,1.83997,2.14,1.20
2011.02.28 11:14:00.394,1.83931,1.83991,1.69,1.20
2011.02.28 11:14:00.503,1.83938,1.83998,2.14,1.20
2011.02.28 11:14:06.223,1.83938,1.83998,1.47,1.20
2011.02.28 11:14:10.073,1.83944,1.84001,1.20,1.20
2011.02.28 11:14:25.104,1.83936,1.83995,1.39,1.20
2011.02.28 11:14:36.084,1.83943,1.84002,1.20,1.20
2011.02.28 11:14:36.863,1.83949,1.84008,1.20,1.39
2011.02.28 11:14:38.747,1.83936,1.83996,1.39,1.20
2011.02.28 11:14:39.406,1.83937,1.83995,1.39,1.20
2011.02.28 11:14:41.816,1.83944,1.84001,1.20,1.20
2011.02.28 11:14:56.464,1.83937,1.83995,1.39,1.20
2011.02.28 11:14:58.012,1.83937,1.83995,1.20,1.20
2011.02.28 11:14:58.344,1.83937,1.83995,1.20,1.39
2011.02.28 11:14:58.673,1.8393,1.83989,1.20,1.20
2011.02.28 11:15:01.494,1.8393,1.83989,2.14,1.20
2011.02.28 11:15:01.604,1.8393,1.83989,1.20,1.39
2011.02.28 11:15:02.173,1.83931,1.83988,1.20,1.20
2011.02.28 11:15:02.755,1.83931,1.83988,2.14,1.20
2011.02.28 11:15:02.976,1.83936,1.83995,1.39,1.20
2011.02.28 11:15:06.003,1.83936,1.83995,1.20,1.20
2011.02.28 11:15:06.684,1.83936,1.83995,1.39,1.20
2011.02.28 11:15:06.796,1.83944,1.84001,1.20,1.20
2011.02.28 11:15:08.225,1.83936,1.83995,1.20,1.20
2011.02.28 11:15:10.254,1.83944,1.84001,1.20,1.77
2011.02.28 11:15:29.718,1.83944,1.84001,1.39,1.20
2011.02.28 11:15:30.262,1.83943,1.84002,1.39,1.20
2011.02.28 11:15:33.048,1.8394,1.84,2.14,1.20
2011.02.28 11:15:37.673,1.83953,1.84013,1.20,1.77
2011.02.28 11:15:38.004,1.83947,1.84005,1.39,1.20
2011.02.28 11:15:39.815,1.83941,1.84,1.32,1.20
2011.02.28 11:15:40.842,1.83946,1.84006,1.39,1.20
2011.02.28 11:15:41.128,1.83941,1.84,1.32,1.20
2011.02.28 11:15:49.644,1.83946,1.84006,1.39,1.20
2011.02.28 11:15:49.865,1.83953,1.84013,1.20,1.39
2011.02.28 11:15:50.626,1.83946,1.84006,1.39,1.20
2011.02.28 11:15:50.844,1.83954,1.84012,1.20,1.39
2011.02.28 11:15:51.174,1.83947,1.84005,1.39,1.20
2011.02.28 11:15:53.173,1.8394,1.84,2.14,1.20
2011.02.28 11:15:53.834,1.83958,1.84004,1.20,1.20
2011.02.28 11:15:54.054,1.8394,1.84,2.14,1.20
2011.02.28 11:16:04.066,1.83953,1.84013,1.20,1.77
2011.02.28 11:16:04.174,1.83947,1.84005,1.39,1.20
2011.02.28 11:16:04.836,1.8394,1.84,2.14,1.20
2011.02.28 11:16:05.384,1.83941,1.83999,2.14,1.20
2011.02.28 11:16:07.793,1.83941,1.83999,1.20,2.14
2011.02.28 11:16:08.343,1.83928,1.83985,1.20,1.20
2011.02.28 11:16:09.275,1.83928,1.83968,1.20,1.32
2011.02.28 11:16:09.385,1.83901,1.8393,1.13,1.20
2011.02.28 11:16:09.494,1.83901,1.8393,1.13,1.20
2011.02.28 11:16:09.604,1.83927,1.83984,2.14,1.69
2011.02.28 11:16:09.715,1.83927,1.83986,2.14,2.14
2011.02.28 11:16:09.825,1.83921,1.8397,2.14,1.39
2011.02.28 11:16:11.414,1.83921,1.8397,2.14,1.20
2011.02.28 11:16:11.526,1.83927,1.83977,1.20,1.39
2011.02.28 11:16:11.635,1.83922,1.83969,1.39,1.20
2011.02.28 11:16:12.146,1.83928,1.83976,1.20,1.39
2011.02.28 11:16:12.474,1.83928,1.83976,1.39,1.20
2011.02.28 11:16:15.084,1.83935,1.83983,1.20,1.39
2011.02.28 11:16:15.304,1.83927,1.83977,1.39,1.20
2011.02.28 11:16:33.884,1.83927,1.83977,1.20,1.39
2011.02.28 11:16:34.263,1.83921,1.8397,1.20,1.20
2011.02.28 11:16:35.033,1.83927,1.83977,1.20,1.39
2011.02.28 11:16:36.274,1.83921,1.8397,1.20,1.20
2011.02.28 11:16:38.055,1.83921,1.8397,2.14,1.20
2011.02.28 11:16:38.383,1.8394,1.8399,1.20,1.39
2011.02.28 11:16:38.933,1.8394,1.8399,1.39,1.20
2011.02.28 11:16:40.674,1.83936,1.83982,1.39,1.20
2011.02.28 11:16:40.893,1.83936,1.83982,1.20,1.20
2011.02.28 11:16:45.445,1.83927,1.83977,2.14,1.20
2011.02.28 11:16:45.554,1.83935,1.83983,1.20,1.20
2011.02.28 11:16:46.003,1.83928,1.83976,2.14,1.20
2011.02.28 11:16:48.563,1.8393,1.83978,1.39,1.20
2011.02.28 11:16:50.281,1.8393,1.83978,1.20,1.20
2011.02.28 11:16:52.103,1.83924,1.83973,1.39,1.20
2011.02.28 11:16:58.966,1.83924,1.83973,1.20,2.14
2011.02.28 11:16:59.184,1.83916,1.83966,1.39,1.39
2011.02.28 11:17:05.773,1.83914,1.83962,1.39,1.20
2011.02.28 11:17:07.386,1.83914,1.83962,1.20,1.39
2011.02.28 11:17:07.605,1.83909,1.83956,1.20,1.20
2011.02.28 11:17:09.745,1.83914,1.83962,1.20,1.39
2011.02.28 11:17:12.694,1.83914,1.83962,1.39,1.20
2011.02.28 11:17:12.914,1.83921,1.8397,1.20,1.20
2011.02.28 11:17:14.743,1.83925,1.83972,1.20,1.20
2011.02.28 11:17:23.263,1.83925,1.83972,1.20,2.14
2011.02.28 11:17:23.703,1.83917,1.83965,1.20,2.14
2011.02.28 11:17:23.814,1.83917,1.83965,2.14,1.20
2011.02.28 11:17:24.013,1.83924,1.83973,1.20,1.39
2011.02.28 11:17:24.234,1.83917,1.83965,2.14,1.20
2011.02.28 11:17:24.565,1.83911,1.83959,1.20,1.39
2011.02.28 11:17:27.354,1.83911,1.83959,2.14,1.20
2011.02.28 11:17:27.463,1.83917,1.83965,2.14,1.20
2011.02.28 11:17:27.573,1.83925,1.83972,1.20,1.39
2011.02.28 11:17:27.794,1.83917,1.83965,2.14,1.20
2011.02.28 11:17:28.734,1.83917,1.83965,1.20,1.20
2011.02.28 11:17:31.925,1.83925,1.83972,1.20,1.39
2011.02.28 11:17:32.034,1.83925,1.83972,1.20,1.20
2011.02.28 11:17:36.166,1.83925,1.83972,1.20,2.14
2011.02.28 11:17:36.276,1.83925,1.83972,1.20,1.39
2011.02.28 11:17:36.604,1.83916,1.83966,2.14,1.20
2011.02.28 11:17:37.203,1.83916,1.83966,1.20,1.20
2011.02.28 11:17:43.034,1.83924,1.83973,1.20,1.39
2011.02.28 11:17:43.364,1.83916,1.83966,1.20,1.20
2011.02.28 11:17:48.195,1.83916,1.83966,1.28,1.20
2011.02.28 11:17:48.526,1.83937,1.83986,2.14,1.20
2011.02.28 11:17:48.742,1.83943,1.83992,1.20,1.77
2011.02.28 11:17:49.415,1.83943,1.83992,1.20,1.77
2011.02.28 11:17:50.982,1.83943,1.83992,1.20,1.77
2011.02.28 11:17:51.425,1.83952,1.83998,1.20,1.95
2011.02.28 11:17:51.646,1.83952,1.83998,1.20,1.20
2011.02.28 11:17:51.754,1.83957,1.84005,1.20,1.39
2011.02.28 11:17:53.346,1.83951,1.83999,1.20,1.20
2011.02.28 11:17:53.918,1.83943,1.83992,1.77,1.20
2011.02.28 11:17:54.354,1.83952,1.83998,1.20,1.20
2011.02.28 11:17:54.463,1.83957,1.84005,1.20,1.39
2011.02.28 11:17:55.135,1.83957,1.84005,1.20,2.14
2011.02.28 11:17:55.245,1.83944,1.84004,1.58,2.14
2011.02.28 11:17:55.720,1.83943,1.83985,1.32,1.20
2011.02.28 11:17:55.838,1.83938,1.83985,1.95,1.39
2011.02.28 11:17:56.056,1.83952,1.83998,1.20,2.14
2011.02.28 11:17:56.167,1.83944,1.83991,1.20,2.14
2011.02.28 11:17:57.614,1.83944,1.83991,1.20,1.20
2011.02.28 11:17:57.948,1.83937,1.83986,1.39,1.20
2011.02.28 11:17:58.275,1.83937,1.83986,1.20,1.39
2011.02.28 11:17:58.385,1.83929,1.83979,1.20,1.20
2011.02.28 11:18:04.234,1.83938,1.83985,1.20,1.39
2011.02.28 11:18:05.374,1.83929,1.83979,1.20,1.20
2011.02.28 11:18:05.704,1.83937,1.83986,1.20,1.39
2011.02.28 11:18:07.363,1.83929,1.83979,1.20,1.20
2011.02.28 11:18:11.607,1.83924,1.83973,1.39,1.20
2011.02.28 11:18:11.825,1.83937,1.83996,1.39,1.39
2011.02.28 11:18:14.373,1.83937,1.83996,1.20,1.20
2011.02.28 11:18:14.484,1.83943,1.84002,1.20,1.20
2011.02.28 11:18:15.504,1.83944,1.84002,1.20,1.20
2011.02.28 11:18:16.202,1.83944,1.84002,1.28,1.20
2011.02.28 11:18:16.316,1.83948,1.84009,1.47,1.20
2011.02.28 11:18:16.426,1.83956,1.84016,1.20,1.39
2011.02.28 11:18:28.614,1.8395,1.84008,1.39,1.20
2011.02.28 11:18:29.943,1.83955,1.84008,1.20,1.20
2011.02.28 11:18:30.054,1.83956,1.84016,1.20,1.39
2011.02.28 11:18:33.325,1.83956,1.84016,2.14,1.20
2011.02.28 11:18:33.545,1.8397,1.84028,1.20,1.20
2011.02.28 11:18:38.515,1.8397,1.84028,1.20,1.20
2011.02.28 11:18:39.065,1.83966,1.84023,1.39,1.20
2011.02.28 11:18:42.414,1.83964,1.84023,1.20,1.20
2011.02.28 11:18:42.855,1.8397,1.84028,1.20,1.39
2011.02.28 11:18:42.965,1.83963,1.84024,1.20,1.20
2011.02.28 11:18:43.074,1.8397,1.84028,1.20,1.39
2011.02.28 11:18:43.405,1.83976,1.84037,1.20,1.20
2011.02.28 11:18:43.515,1.8397,1.84028,1.39,1.20
2011.02.28 11:18:43.844,1.83963,1.84024,1.58,1.20
2011.02.28 11:18:45.275,1.8397,1.84028,1.20,1.39
2011.02.28 11:18:46.933,1.83964,1.84023,1.20,1.20
2011.02.28 11:18:47.654,1.83956,1.84016,1.58,1.20
2011.02.28 11:18:49.455,1.83958,1.84016,1.20,1.20
2011.02.28 11:18:49.926,1.83964,1.84023,1.20,1.20
2011.02.28 11:18:50.584,1.83968,1.84023,1.20,1.20
2011.02.28 11:18:50.806,1.8397,1.84028,1.20,1.39
2011.02.28 11:18:51.135,1.8397,1.84028,1.20,1.54
2011.02.28 11:18:51.465,1.83954,1.84023,1.58,2.22
2011.02.28 11:18:51.728,1.83954,1.8401,1.20,1.20
2011.02.28 11:18:51.956,1.83957,1.84015,1.20,1.20
2011.02.28 11:18:52.396,1.8395,1.8401,1.39,1.20
2011.02.28 11:18:54.394,1.83954,1.8401,1.20,1.20
2011.02.28 11:18:54.505,1.83956,1.84016,1.20,1.20
2011.02.28 11:18:56.724,1.83964,1.84023,1.20,1.39
2011.02.28 11:18:57.813,1.83964,1.84023,1.20,1.20
2011.02.28 11:19:01.204,1.83958,1.84015,1.47,1.20
2011.02.28 11:19:01.313,1.83964,1.84023,1.20,1.20
2011.02.28 11:19:05.763,1.83966,1.84025,1.20,1.20
2011.02.28 11:19:07.264,1.8396,1.84017,1.20,1.20
2011.02.28 11:19:13.595,1.83962,1.84017,1.20,1.20
2011.02.28 11:19:13.815,1.83966,1.84025,1.20,1.20
2011.02.28 11:19:14.254,1.83973,1.84031,1.20,1.39
2011.02.28 11:19:17.805,1.83973,1.84031,2.14,1.20
2011.02.28 11:19:18.164,1.83991,1.8404,2.14,1.95
2011.02.28 11:19:18.385,1.84004,1.84051,1.20,1.39
2011.02.28 11:19:31.604,1.84004,1.84033,1.20,1.20
2011.02.28 11:19:32.319,1.84004,1.84023,1.20,1.20
2011.02.28 11:19:32.535,1.83991,1.84023,1.39,1.20
2011.02.28 11:19:32.976,1.83984,1.84023,1.20,1.20
2011.02.28 11:19:33.086,1.83984,1.8402,1.20,1.20
2011.02.28 11:19:33.528,1.83984,1.8402,2.14,1.20
2011.02.28 11:19:33.635,1.83997,1.84031,1.20,1.20
2011.02.28 11:19:34.244,1.83997,1.84027,1.20,1.20
2011.02.28 11:19:35.655,1.83997,1.84028,1.20,2.40
2011.02.28 11:19:36.395,1.83997,1.84027,1.20,1.20
2011.02.28 11:19:36.505,1.8399,1.84029,2.14,1.20
2011.02.28 11:19:36.726,1.8401,1.84032,1.20,1.20
2011.02.28 11:19:37.057,1.84004,1.84037,1.20,1.20
2011.02.28 11:19:37.166,1.84011,1.84024,1.20,1.20
2011.02.28 11:19:37.716,1.8401,1.84024,1.20,1.20
2011.02.28 11:19:38.184,1.8401,1.84056,1.20,1.32
2011.02.28 11:19:39.330,1.83999,1.84047,1.20,2.14
2011.02.28 11:19:39.453,1.83992,1.84039,1.20,1.39
2011.02.28 11:19:39.677,1.83992,1.84039,1.20,2.14
2011.02.28 11:19:39.897,1.83959,1.84018,1.95,2.14
2011.02.28 11:19:40.658,1.83959,1.84018,1.95,2.14
2011.02.28 11:19:41.926,1.83959,1.84018,1.95,2.14
2011.02.28 11:19:42.255,1.83954,1.84001,1.20,1.20
2011.02.28 11:19:42.805,1.8396,1.8401,1.20,2.14
2011.02.28 11:19:43.356,1.83954,1.84001,1.39,1.20
2011.02.28 11:19:45.706,1.83948,1.83995,1.20,1.39
2011.02.28 11:19:46.365,1.83953,1.84002,1.20,2.14
2011.02.28 11:19:49.586,1.83953,1.84002,2.14,1.20
2011.02.28 11:19:49.695,1.8396,1.84016,1.39,1.32
2011.02.28 11:19:49.916,1.8396,1.84017,1.39,1.58
2011.02.28 11:19:50.136,1.83965,1.84026,1.20,2.14
2011.02.28 11:19:51.706,1.83972,1.84029,1.20,1.69
2011.02.28 11:19:51.928,1.83966,1.84025,1.20,2.14
2011.02.28 11:19:52.038,1.83972,1.84018,1.32,1.20
2011.02.28 11:19:52.147,1.83978,1.84026,1.39,1.20
2011.02.28 11:19:52.256,1.83991,1.8404,1.20,1.20
2011.02.28 11:19:52.477,1.83984,1.84034,1.20,1.20
2011.02.28 11:19:52.744,1.83991,1.8404,1.20,1.20
2011.02.28 11:19:53.387,1.83992,1.84039,1.20,1.20
2011.02.28 11:19:53.756,1.83992,1.84039,1.20,2.14
2011.02.28 11:19:53.976,1.83985,1.84033,1.20,1.39
2011.02.28 11:19:56.456,1.83985,1.84033,1.20,2.14
2011.02.28 11:19:56.565,1.83966,1.84025,1.20,2.14
2011.02.28 11:19:58.170,1.83966,1.84025,1.20,1.20
2011.02.28 11:19:58.279,1.83973,1.84031,1.20,1.20
2011.02.28 11:19:58.649,1.83966,1.84025,1.20,1.20
2011.02.28 11:19:58.762,1.83972,1.84032,1.20,1.39
2011.02.28 11:19:58.877,1.83966,1.84025,1.20,1.20
2011.02.28 11:19:59.205,1.83973,1.84031,1.20,1.20
2011.02.28 11:20:02.607,1.83973,1.84031,1.39,1.20
2011.02.28 11:20:02.936,1.83985,1.84045,1.20,2.14
2011.02.28 11:20:03.370,1.83992,1.84053,1.20,2.14
2011.02.28 11:20:03.478,1.83985,1.84045,1.39,1.20
2011.02.28 11:20:04.248,1.83979,1.8404,2.14,1.20
2011.02.28 11:20:04.466,1.83979,1.8404,1.20,1.39
2011.02.28 11:20:05.016,1.83986,1.84044,1.20,1.39
2011.02.28 11:20:07.596,1.83986,1.84044,2.14,1.20
2011.02.28 11:20:07.707,1.83992,1.84053,1.39,1.20
2011.02.28 11:20:07.816,1.83999,1.84058,1.20,1.77
2011.02.28 11:20:08.335,1.83999,1.84058,1.20,2.14
2011.02.28 11:20:12.098,1.83999,1.84058,1.20,1.77
2011.02.28 11:20:12.695,1.83999,1.84058,1.20,2.14
2011.02.28 11:20:14.722,1.83999,1.84058,2.14,1.95
2011.02.28 11:20:15.671,1.84005,1.84066,1.39,1.95
2011.02.28 11:20:16.365,1.84005,1.84066,1.39,1.20
2011.02.28 11:20:17.838,1.84005,1.84066,1.20,1.39
2011.02.28 11:20:18.166,1.83999,1.84058,1.20,1.20
2011.02.28 11:20:21.416,1.84006,1.84065,1.20,1.39
2011.02.28 11:20:21.527,1.84,1.84057,1.20,1.20
2011.02.28 11:20:21.955,1.84,1.84057,1.20,2.14
2011.02.28 11:20:22.287,1.83992,1.84053,1.58,2.14
2011.02.28 11:20:22.395,1.83992,1.84053,1.58,1.20
2011.02.28 11:20:22.507,1.83999,1.84058,1.20,1.20
2011.02.28 11:20:22.946,1.83993,1.84052,1.58,1.20
2011.02.28 11:20:23.715,1.83995,1.84052,1.69,1.20
2011.02.28 11:20:23.936,1.84023,1.84073,1.20,1.20
2011.02.28 11:20:24.267,1.84023,1.84073,1.20,2.14
2011.02.28 11:20:24.816,1.84024,1.84072,1.20,2.14
2011.02.28 11:20:25.178,1.84024,1.84072,1.20,1.39
2011.02.28 11:20:26.386,1.84031,1.84077,1.20,2.14
2011.02.28 11:20:27.935,1.84033,1.84081,1.20,2.14
2011.02.28 11:20:28.155,1.84031,1.84077,1.20,2.14
2011.02.28 11:20:28.266,1.84031,1.84077,1.39,1.39
2011.02.28 11:20:28.376,1.84038,1.84085,1.20,2.14
2011.02.28 11:20:30.666,1.84043,1.84091,1.20,1.32
2011.02.28 11:20:31.326,1.84037,1.84086,1.39,1.39
2011.02.28 11:20:35.047,1.84044,1.84091,1.20,2.52
2011.02.28 11:20:35.706,1.84037,1.84086,1.39,1.39
2011.02.28 11:20:35.815,1.84044,1.84091,1.20,2.52
2011.02.28 11:20:36.696,1.84038,1.84085,1.20,2.14
2011.02.28 11:20:37.222,1.84037,1.84086,1.20,2.14
2011.02.28 11:20:38.146,1.84034,1.8408,1.20,2.14
2011.02.28 11:20:38.438,1.84034,1.8408,1.20,2.14
2011.02.28 11:20:38.547,1.84027,1.84075,1.20,2.14
2011.02.28 11:20:38.657,1.84027,1.84075,1.20,1.39
2011.02.28 11:20:38.767,1.84034,1.8408,1.20,2.14
2011.02.28 11:20:39.096,1.84034,1.8408,1.20,2.14
2011.02.28 11:20:39.206,1.84026,1.84076,1.20,2.14
2011.02.28 11:20:41.468,1.84026,1.84076,1.39,1.39
2011.02.28 11:20:41.578,1.84033,1.84081,1.20,2.14
2011.02.28 11:20:42.367,1.84033,1.84081,1.20,2.14
2011.02.28 11:20:42.478,1.84026,1.84076,1.20,2.14
2011.02.28 11:20:43.436,1.84034,1.8408,1.20,2.14
2011.02.28 11:20:43.767,1.84034,1.8408,1.39,1.39
2011.02.28 11:20:44.097,1.8404,1.84088,1.20,2.14
2011.02.28 11:20:44.507,1.8404,1.84088,1.20,2.14
2011.02.28 11:20:44.727,1.84027,1.84077,1.20,2.14
2011.02.28 11:20:45.107,1.84009,1.84068,1.95,2.14
2011.02.28 11:20:45.887,1.84009,1.84068,1.95,1.39
2011.02.28 11:20:46.251,1.84009,1.84068,1.20,1.39
2011.02.28 11:20:46.695,1.84002,1.8406,1.20,1.20
2011.02.28 11:20:47.358,1.84021,1.84068,1.20,1.39
2011.02.28 11:20:48.467,1.84007,1.84056,1.20,2.14
2011.02.28 11:20:48.796,1.84015,1.84062,1.20,2.14
2011.02.28 11:20:48.905,1.84015,1.84062,1.20,1.39
2011.02.28 11:20:49.635,1.8402,1.84069,1.20,2.14
2011.02.28 11:20:49.856,1.8402,1.84069,1.20,1.20
2011.02.28 11:20:50.050,1.84027,1.84077,1.20,1.77
2011.02.28 11:20:50.388,1.84015,1.84062,1.20,1.39
2011.02.28 11:20:54.125,1.84011,1.84061,1.20,1.39
2011.02.28 11:20:54.346,1.84005,1.84052,1.20,1.39
2011.02.28 11:20:54.675,1.84011,1.84061,1.20,2.14
2011.02.28 11:20:55.019,1.84011,1.84061,1.20,1.20
2011.02.28 11:20:55.347,1.84018,1.84066,1.20,2.14
2011.02.28 11:20:56.348,1.84012,1.8406,1.20,1.20
2011.02.28 11:20:58.706,1.84018,1.84066,1.20,2.14
2011.02.28 11:20:59.067,1.84025,1.84073,1.20,2.14
2011.02.28 11:20:59.907,1.84019,1.84065,1.20,1.39
2011.02.28 11:21:02.829,1.84019,1.84065,2.14,1.20
2011.02.28 11:21:02.937,1.84031,1.8408,1.20,1.77
2011.02.28 11:21:03.157,1.84024,1.84074,1.39,1.20
2011.02.28 11:21:03.625,1.84032,1.84079,1.20,1.77
2011.02.28 11:21:04.257,1.84032,1.84079,2.14,1.58
2011.02.28 11:21:04.585,1.84044,1.84091,1.20,2.14
2011.02.28 11:21:05.105,1.84044,1.84091,1.20,2.14
2011.02.28 11:21:05.705,1.84044,1.84091,1.20,2.14
2011.02.28 11:21:06.586,1.84044,1.84091,1.20,1.39
2011.02.28 11:21:11.406,1.84044,1.84091,1.20,2.14
2011.02.28 11:21:11.736,1.84051,1.84099,1.20,2.14
2011.02.28 11:21:11.846,1.84038,1.84087,1.20,2.14
2011.02.28 11:21:12.285,1.84038,1.84087,1.20,1.39
2011.02.28 11:21:13.277,1.84038,1.84087,1.20,2.14
2011.02.28 11:21:13.497,1.84032,1.84079,1.20,1.39
2011.02.28 11:21:13.829,1.84024,1.84074,1.20,2.14
2011.02.28 11:21:14.265,1.84018,1.84066,2.14,1.20
2011.02.28 11:21:14.376,1.84024,1.84074,1.58,1.39
2011.02.28 11:21:14.758,1.84032,1.84079,1.20,2.14
2011.02.28 11:21:15.317,1.84032,1.84079,1.20,1.39
2011.02.28 11:21:16.088,1.84024,1.84074,2.52,1.20
2011.02.28 11:21:16.415,1.84032,1.84079,1.20,1.39
2011.02.28 11:21:17.007,1.84032,1.84079,2.14,1.20
2011.02.28 11:21:17.117,1.84037,1.84094,1.39,1.32
2011.02.28 11:21:17.227,1.84038,1.84105,2.14,1.69
2011.02.28 11:21:17.665,1.84038,1.84119,1.39,3.34
2011.02.28 11:21:19.037,1.84038,1.84117,2.14,1.95
2011.02.28 11:21:19.146,1.84038,1.84117,1.58,1.39
2011.02.28 11:21:19.397,1.84049,1.84106,1.20,1.20
2011.02.28 11:21:19.522,1.84042,1.84101,1.58,1.20
2011.02.28 11:21:20.077,1.84042,1.84101,1.58,1.20
2011.02.28 11:21:20.406,1.84061,1.84109,1.20,1.20
2011.02.28 11:21:21.559,1.84053,1.84102,2.14,1.20
2011.02.28 11:21:21.667,1.84074,1.84122,1.20,1.20
2011.02.28 11:21:31.006,1.8408,1.84128,1.20,1.39
2011.02.28 11:21:31.666,1.84074,1.84122,1.20,1.20
2011.02.28 11:21:36.286,1.84068,1.84114,1.20,1.20
2011.02.28 11:21:36.726,1.84073,1.84123,1.20,1.20
2011.02.28 11:21:36.865,1.84073,1.84123,1.20,2.14
2011.02.28 11:21:36.976,1.84067,1.84115,1.20,2.14
2011.02.28 11:21:37.985,1.84073,1.84123,1.20,2.14
2011.02.28 11:21:38.316,1.84068,1.84114,1.20,1.39
2011.02.28 11:21:41.197,1.84068,1.84114,2.14,1.20
2011.02.28 11:21:41.307,1.84081,1.84127,1.20,1.39
2011.02.28 11:21:43.698,1.84074,1.84121,1.39,1.20
2011.02.28 11:21:44.517,1.84074,1.84121,1.20,2.14
2011.02.28 11:21:44.625,1.84067,1.84115,1.20,2.14
2011.02.28 11:21:45.656,1.84067,1.84115,1.39,1.20
2011.02.28 11:21:45.766,1.84074,1.84121,1.20,1.39
2011.02.28 11:21:55.088,1.8408,1.84128,1.20,2.14
2011.02.28 11:21:55.198,1.84074,1.84122,1.20,1.39
2011.02.28 11:21:55.417,1.84074,1.84122,1.20,1.20
2011.02.28 11:21:55.527,1.84081,1.84127,1.20,1.39
2011.02.28 11:21:56.615,1.84074,1.84122,1.20,1.20
2011.02.28 11:21:59.726,1.84074,1.84122,1.20,1.39
2011.02.28 11:22:01.019,1.84067,1.84115,1.20,1.20
2011.02.28 11:22:02.938,1.84067,1.84115,1.20,1.39
2011.02.28 11:22:12.417,1.84061,1.84109,1.39,1.20
2011.02.28 11:22:12.856,1.84061,1.84109,1.20,1.39
2011.02.28 11:22:13.129,1.84047,1.84096,1.58,1.39
2011.02.28 11:22:13.345,1.84053,1.84102,1.20,2.14
2011.02.28 11:22:15.313,1.84053,1.84102,1.20,1.39
2011.02.28 11:22:28.876,1.84053,1.84102,2.14,1.20
2011.02.28 11:22:29.208,1.84061,1.84109,1.39,1.20
2011.02.28 11:22:29.318,1.84068,1.84114,1.20,1.39
2011.02.28 11:22:29.648,1.8404,1.84089,2.14,1.20
2011.02.28 11:22:29.867,1.84061,1.84109,1.20,1.39
2011.02.28 11:22:31.278,1.84097,1.84135,1.20,2.10
2011.02.28 11:22:31.388,1.84097,1.84145,1.20,1.02
2011.02.28 11:22:31.497,1.84097,1.84147,1.39,1.95
2011.02.28 11:22:31.664,1.84097,1.84147,1.39,1.20
2011.02.28 11:22:31.780,1.84109,1.84159,1.20,1.77
2011.02.28 11:22:31.999,1.8409,1.84151,1.20,2.14
2011.02.28 11:22:32.356,1.8409,1.84151,1.20,2.14
2011.02.28 11:22:32.466,1.84083,1.84143,1.20,1.39
2011.02.28 11:22:36.866,1.84083,1.84143,1.39,1.20
2011.02.28 11:22:37.086,1.8409,1.84151,1.20,1.39
2011.02.28 11:22:38.421,1.84083,1.84143,1.20,1.20
2011.02.28 11:22:43.529,1.84091,1.8415,1.20,1.77
2011.02.28 11:22:43.639,1.84084,1.84142,1.20,1.20
2011.02.28 11:22:43.747,1.8409,1.84151,1.20,1.39
2011.02.28 11:22:43.857,1.84084,1.84142,1.20,1.20
2011.02.28 11:22:46.028,1.8409,1.84151,1.20,1.39
2011.02.28 11:22:51.787,1.8409,1.84151,2.14,1.20
2011.02.28 11:22:52.008,1.84109,1.84159,1.20,1.20
2011.02.28 11:22:52.227,1.84091,1.8415,2.14,1.20
2011.02.28 11:22:52.337,1.84091,1.8415,1.20,1.20
2011.02.28 11:22:53.618,1.84091,1.8415,1.20,3.34
2011.02.28 11:22:53.728,1.84067,1.8415,1.20,2.14
2011.02.28 11:22:53.839,1.84079,1.84127,1.20,1.20
2011.02.28 11:22:54.168,1.84116,1.84145,1.20,1.20
2011.02.28 11:22:54.389,1.84098,1.84147,1.20,1.20
2011.02.28 11:22:54.497,1.84098,1.84155,1.20,1.20
2011.02.28 11:22:55.466,1.84098,1.84155,1.20,1.28
2011.02.28 11:22:56.767,1.84098,1.84155,1.20,1.20
2011.02.28 11:22:59.158,1.84098,1.84155,1.20,1.28
2011.02.28 11:22:59.488,1.84084,1.84142,1.20,1.20
2011.02.28 11:22:59.596,1.8409,1.84151,1.20,2.14
2011.02.28 11:23:03.437,1.8409,1.84151,1.20,1.20
2011.02.28 11:23:03.679,1.84098,1.84155,1.20,1.20
2011.02.28 11:23:04.437,1.84104,1.84163,1.20,1.47
2011.02.28 11:23:04.547,1.84098,1.84155,1.20,1.20
2011.02.28 11:23:04.657,1.84098,1.84155,1.39,1.20
2011.02.28 11:23:04.876,1.84111,1.84169,1.20,1.39
2011.02.28 11:23:06.518,1.84111,1.84169,2.52,1.20
2011.02.28 11:23:06.735,1.84142,1.84189,1.20,2.14
2011.02.28 11:23:07.436,1.84142,1.84189,2.14,1.20
2011.02.28 11:23:07.766,1.84154,1.84203,1.20,2.22
2011.02.28 11:23:08.456,1.84154,1.84203,1.20,2.29
2011.02.28 11:23:08.675,1.84142,1.84191,1.20,2.14
2011.02.28 11:23:09.338,1.84123,1.84183,2.14,2.14
2011.02.28 11:23:09.667,1.84123,1.84183,1.20,2.14
2011.02.28 11:23:09.778,1.84123,1.84183,1.20,1.39
2011.02.28 11:23:09.886,1.84118,1.84176,1.39,1.20
2011.02.28 11:23:09.997,1.84123,1.84183,1.20,1.39
2011.02.28 11:23:11.009,1.84155,1.84194,1.20,1.20
2011.02.28 11:23:11.446,1.84155,1.84202,1.20,1.20
2011.02.28 11:23:11.815,1.84142,1.84191,1.39,2.14
2011.02.28 11:23:12.147,1.84142,1.84191,1.20,2.14
2011.02.28 11:23:12.259,1.84136,1.84185,1.20,2.14
2011.02.28 11:23:14.376,1.84136,1.84185,1.39,1.20
2011.02.28 11:23:14.487,1.84136,1.84185,2.14,1.20
2011.02.28 11:23:14.597,1.84149,1.84202,1.20,1.02
2011.02.28 11:23:14.709,1.84142,1.84201,1.20,1.50
2011.02.28 11:23:15.063,1.84142,1.84201,1.20,1.20
2011.02.28 11:23:19.207,1.84149,1.84206,1.20,1.39
2011.02.28 11:23:21.308,1.84142,1.84201,1.20,1.20
2011.02.28 11:23:21.638,1.84135,1.84193,1.58,1.20
2011.02.28 11:23:26.903,1.84135,1.84193,1.58,2.14
2011.02.28 11:23:27.021,1.8414,1.84189,1.20,1.20
2011.02.28 11:23:27.238,1.84133,1.84181,1.58,1.20
2011.02.28 11:23:27.458,1.8414,1.84189,1.20,1.20
2011.02.28 11:23:27.567,1.84133,1.84181,1.58,1.20
2011.02.28 11:23:27.897,1.84141,1.84188,1.20,2.14
2011.02.28 11:23:30.236,1.8414,1.84189,1.20,2.14
2011.02.28 11:23:31.637,1.8414,1.84189,1.39,1.20
2011.02.28 11:23:31.747,1.84145,1.84195,1.20,1.39
2011.02.28 11:23:32.528,1.8414,1.84189,1.39,1.20
2011.02.28 11:23:36.354,1.8414,1.84189,1.39,1.50
2011.02.28 11:23:36.579,1.84115,1.84161,2.89,1.20
2011.02.28 11:23:36.799,1.8412,1.84168,1.77,1.20
2011.02.28 11:23:36.907,1.84128,1.84174,1.20,1.39
2011.02.28 11:23:37.017,1.84128,1.84174,1.39,1.20
2011.02.28 11:23:37.127,1.84133,1.84181,1.20,1.39
2011.02.28 11:23:39.226,1.84133,1.84181,1.20,2.14
2011.02.28 11:23:39.448,1.84114,1.84161,1.95,1.39
2011.02.28 11:23:39.999,1.8412,1.8418,1.20,1.20
2011.02.28 11:23:40.106,1.84119,1.84169,1.20,1.39
2011.02.28 11:23:40.606,1.84119,1.84169,1.39,1.20
2011.02.28 11:23:40.828,1.84128,1.84174,1.20,1.20
2011.02.28 11:23:42.408,1.84133,1.84181,1.20,2.14
2011.02.28 11:23:42.515,1.84128,1.84174,1.20,1.20
2011.02.28 11:23:43.087,1.84128,1.84174,1.20,2.14
2011.02.28 11:23:43.308,1.84113,1.84162,1.20,1.39
2011.02.28 11:23:46.106,1.84113,1.84162,1.39,1.20
2011.02.28 11:23:46.437,1.8412,1.84168,1.20,1.39
2011.02.28 11:23:48.077,1.8412,1.84168,1.20,2.14
2011.02.28 11:23:48.188,1.84114,1.84161,1.20,1.39
2011.02.28 11:23:49.286,1.84114,1.84161,2.14,1.20
2011.02.28 11:23:49.396,1.84151,1.84182,1.20,1.20
2011.02.28 11:23:49.509,1.84151,1.84182,2.14,1.20
2011.02.28 11:23:49.836,1.84162,1.84211,1.20,1.39
2011.02.28 11:23:50.407,1.84168,1.84218,1.20,2.14
2011.02.28 11:23:51.306,1.84168,1.84218,1.20,1.39
2011.02.28 11:23:51.885,1.84163,1.8421,1.39,1.20
2011.02.28 11:23:52.225,1.84163,1.8421,1.20,1.39
2011.02.28 11:23:53.686,1.84163,1.8421,1.20,2.14
2011.02.28 11:23:53.796,1.84154,1.84204,1.20,2.14
2011.02.28 11:23:54.376,1.84142,1.84202,1.77,1.02
2011.02.28 11:23:54.486,1.8415,1.84197,1.20,1.39
2011.02.28 11:23:55.036,1.84149,1.84198,1.20,1.39
2011.02.28 11:23:56.886,1.84154,1.84204,1.20,2.14
2011.02.28 11:23:56.996,1.8415,1.84197,1.20,1.39
2011.02.28 11:23:57.927,1.84141,1.84191,1.58,1.39
2011.02.28 11:23:58.475,1.84141,1.84191,1.58,1.39
2011.02.28 11:23:58.840,1.8415,1.84197,1.20,2.14
2011.02.28 11:23:58.951,1.8415,1.84197,2.14,1.20
2011.02.28 11:23:59.167,1.84161,1.8421,1.20,2.14
2011.02.28 11:23:59.277,1.84161,1.8421,1.20,2.14
2011.02.28 11:23:59.388,1.8415,1.84197,1.20,1.39
2011.02.28 11:23:59.937,1.8415,1.84197,1.20,2.14
2011.02.28 11:24:00.266,1.84138,1.84185,1.95,2.14
2011.02.28 11:24:00.596,1.8413,1.84178,1.39,1.20
2011.02.28 11:24:00.818,1.84137,1.84186,1.20,2.14
2011.02.28 11:24:02.297,1.84137,1.84186,2.14,1.20
2011.02.28 11:24:02.638,1.8415,1.84193,1.20,1.32
2011.02.28 11:24:03.799,1.84167,1.84197,1.32,1.20
2011.02.28 11:24:03.907,1.84187,1.84234,1.20,1.39
2011.02.28 11:24:04.918,1.84192,1.8424,1.20,2.14
2011.02.28 11:24:05.026,1.84187,1.84234,1.20,1.39
2011.02.28 11:24:05.245,1.84191,1.84241,1.20,2.14
2011.02.28 11:24:05.356,1.84187,1.84234,1.20,1.39
2011.02.28 11:24:05.797,1.84192,1.8424,1.20,2.14
2011.02.28 11:24:05.906,1.84187,1.84234,1.20,1.39
2011.02.28 11:24:06.347,1.84191,1.84241,1.20,1.39
2011.02.28 11:24:06.457,1.84191,1.84241,1.20,2.14
2011.02.28 11:24:06.632,1.84179,1.84229,1.20,1.39
2011.02.28 11:24:06.858,1.8416,1.84221,2.14,2.14
2011.02.28 11:24:07.299,1.84165,1.84221,1.32,1.39
2011.02.28 11:24:07.518,1.84168,1.84228,1.20,1.39
2011.02.28 11:24:08.016,1.8416,1.84221,2.14,1.20
2011.02.28 11:24:09.188,1.84161,1.84221,1.69,1.20
2011.02.28 11:24:09.518,1.84187,1.84236,1.20,1.20
2011.02.28 11:24:09.847,1.84187,1.84236,1.20,1.28
2011.02.28 11:24:10.066,1.84187,1.84236,1.20,1.20
2011.02.28 11:24:10.176,1.84187,1.84236,1.20,1.28
2011.02.28 11:24:10.286,1.84187,1.84236,1.20,1.20
2011.02.28 11:24:10.396,1.84187,1.84236,1.20,1.28
2011.02.28 11:24:10.726,1.84187,1.84233,1.20,1.09
2011.02.28 11:24:10.838,1.84175,1.84221,1.20,1.20
2011.02.28 11:24:11.897,1.84175,1.84221,1.20,2.14
2011.02.28 11:24:12.250,1.84166,1.84216,1.20,2.14
2011.02.28 11:24:13.117,1.84166,1.84216,1.20,1.20
2011.02.28 11:24:13.337,1.84175,1.84221,1.20,1.20
2011.02.28 11:24:20.065,1.84167,1.84215,1.20,1.20
2011.02.28 11:24:20.178,1.84167,1.84215,1.20,1.39
2011.02.28 11:24:20.506,1.84174,1.84222,1.20,2.14
2011.02.28 11:24:20.836,1.84179,1.84223,1.20,1.02
2011.02.28 11:24:20.946,1.84171,1.8422,1.20,2.14
2011.02.28 11:24:22.076,1.84171,1.8422,1.20,1.20
2011.02.28 11:24:22.296,1.8418,1.84226,1.20,2.14
2011.02.28 11:24:23.199,1.84186,1.84233,1.20,2.29
2011.02.28 11:24:23.310,1.84179,1.84227,1.20,2.14
2011.02.28 11:24:24.647,1.84179,1.84227,1.20,2.14
2011.02.28 11:24:25.218,1.8418,1.84226,1.20,2.14
2011.02.28 11:24:29.979,1.84171,1.8422,1.20,2.14
2011.02.28 11:24:30.167,1.84166,1.84213,1.20,1.39
2011.02.28 11:24:30.277,1.84179,1.84223,1.20,1.02
2011.02.28 11:24:30.606,1.84172,1.84219,1.20,2.14
2011.02.28 11:24:32.515,1.84165,1.84214,1.20,2.14
2011.02.28 11:24:32.626,1.84171,1.8422,1.20,2.14
2011.02.28 11:24:35.638,1.84171,1.8422,1.20,1.20
2011.02.28 11:24:35.746,1.8418,1.84226,1.20,1.39
2011.02.28 11:24:43.108,1.8418,1.84226,1.20,1.47
2011.02.28 11:24:44.147,1.84172,1.84219,1.20,2.14
2011.02.28 11:24:45.277,1.84171,1.8422,1.20,2.14
2011.02.28 11:24:52.967,1.84165,1.84214,1.20,1.39
2011.02.28 11:24:53.295,1.84171,1.8422,1.20,2.14
2011.02.28 11:24:57.381,1.84172,1.84219,1.20,2.14
2011.02.28 11:24:58.527,1.84172,1.84219,1.20,1.20
2011.02.28 11:24:58.830,1.84179,1.84227,1.20,1.39
2011.02.28 11:24:59.046,1.84171,1.8422,1.20,1.20
2011.02.28 11:25:00.328,1.84179,1.84227,1.20,1.39
2011.02.28 11:25:12.647,1.84179,1.84227,1.20,1.39
2011.02.28 11:25:12.756,1.84184,1.84234,1.20,2.14
2011.02.28 11:25:14.087,1.84184,1.84232,1.20,1.09
2011.02.28 11:25:14.197,1.84179,1.84227,1.20,2.14
2011.02.28 11:25:14.416,1.84172,1.84219,1.20,1.20
2011.02.28 11:25:19.817,1.84172,1.84219,1.20,2.14
2011.02.28 11:25:20.326,1.84171,1.8422,1.20,2.14
2011.02.28 11:25:25.037,1.84179,1.84227,1.20,2.14
2011.02.28 11:25:25.257,1.84179,1.84227,1.20,1.39
2011.02.28 11:25:25.477,1.84185,1.84233,1.20,2.29
2011.02.28 11:25:26.138,1.84171,1.8422,1.20,1.20
2011.02.28 11:25:26.248,1.84171,1.8422,1.20,1.39
2011.02.28 11:25:27.808,1.84166,1.84213,1.39,1.20
2011.02.28 11:25:27.918,1.8418,1.84226,1.20,1.20
2011.02.28 11:25:28.139,1.8418,1.84226,1.20,2.14
2011.02.28 11:25:28.490,1.84171,1.8422,1.20,2.14
2011.02.28 11:25:33.967,1.8418,1.84226,1.20,2.14
2011.02.28 11:25:34.517,1.8418,1.84226,1.20,1.39
2011.02.28 11:25:34.767,1.84166,1.84215,1.20,2.14
2011.02.28 11:25:36.027,1.84166,1.84215,2.14,1.20
2011.02.28 11:25:36.358,1.84193,1.84238,1.20,1.32
2011.02.28 11:25:36.687,1.84181,1.84227,1.20,2.14
2011.02.28 11:25:41.498,1.84193,1.84242,1.20,2.14
2011.02.28 11:25:41.606,1.84193,1.84242,1.20,2.14
2011.02.28 11:25:41.828,1.84193,1.84242,1.20,2.14
2011.02.28 11:25:41.938,1.84193,1.84242,1.20,2.14
2011.02.28 11:25:42.378,1.84186,1.84234,1.20,1.39
2011.02.28 11:25:42.926,1.84186,1.84234,1.20,2.14
2011.02.28 11:25:44.085,1.84182,1.84232,1.20,2.14
2011.02.28 11:25:45.007,1.84182,1.84232,1.39,1.39
2011.02.28 11:25:45.227,1.8419,1.84239,1.20,2.14
2011.02.28 11:25:48.090,1.84182,1.84232,1.39,2.14
2011.02.28 11:25:49.717,1.84182,1.84232,1.39,1.39
2011.02.28 11:25:49.827,1.84191,1.84238,1.20,2.14
2011.02.28 11:25:50.378,1.84182,1.84232,1.20,2.14
2011.02.28 11:25:50.487,1.84182,1.84232,1.20,1.39
2011.02.28 11:25:50.706,1.84177,1.84226,2.14,1.20
2011.02.28 11:25:50.818,1.84183,1.84231,2.14,1.20
2011.02.28 11:25:51.037,1.84191,1.84238,2.14,1.20
2011.02.28 11:25:51.148,1.84204,1.84252,1.20,2.52
2011.02.28 11:25:52.947,1.84204,1.84252,2.14,1.58
2011.02.28 11:25:53.279,1.84211,1.84253,1.20,1.32
2011.02.28 11:25:53.388,1.84204,1.84252,2.14,1.77
2011.02.28 11:25:53.497,1.84204,1.84252,1.20,2.52
2011.02.28 11:25:53.939,1.84204,1.84252,1.20,2.29
2011.02.28 11:25:54.049,1.8419,1.84239,2.14,1.20
2011.02.28 11:25:54.158,1.84197,1.84247,1.20,2.14
2011.02.28 11:25:54.268,1.84197,1.84247,2.14,2.14
2011.02.28 11:25:54.378,1.84197,1.84247,1.20,2.14
2011.02.28 11:25:54.863,1.84191,1.84238,1.20,2.14
2011.02.28 11:25:55.628,1.84191,1.84238,1.39,1.39
2011.02.28 11:25:55.957,1.84198,1.84246,1.20,2.14
2011.02.28 11:25:57.196,1.84198,1.84246,1.39,1.20
2011.02.28 11:25:57.525,1.84205,1.84251,1.20,2.14
2011.02.28 11:25:58.606,1.84205,1.84251,1.39,1.39
2011.02.28 11:25:58.957,1.84211,1.84255,1.20,1.32
2011.02.28 11:26:00.834,1.84204,1.84252,2.14,1.39
2011.02.28 11:26:00.946,1.84204,1.84252,1.20,2.14
2011.02.28 11:26:01.607,1.8421,1.84256,1.20,1.32
2011.02.28 11:26:01.717,1.84205,1.84251,1.20,2.14
2011.02.28 11:26:02.609,1.84211,1.84256,1.20,1.32
2011.02.28 11:26:03.248,1.84211,1.84256,1.20,1.32
2011.02.28 11:26:03.357,1.84204,1.84252,1.20,2.14
2011.02.28 11:26:03.746,1.84197,1.84247,1.39,1.39
2011.02.28 11:26:03.860,1.84205,1.84251,1.20,2.14
2011.02.28 11:26:07.576,1.84205,1.84251,1.20,2.14
2011.02.28 11:26:07.907,1.84198,1.84246,1.20,2.14
2011.02.28 11:26:08.017,1.84204,1.84252,1.39,2.14
2011.02.28 11:26:08.127,1.84204,1.84252,1.20,2.14
2011.02.28 11:26:11.470,1.84204,1.84252,2.14,1.39
2011.02.28 11:26:11.797,1.84205,1.84251,1.20,2.14
2011.02.28 11:26:12.127,1.8421,1.84258,1.20,2.14
2011.02.28 11:26:12.569,1.8421,1.84258,1.39,1.20
2011.02.28 11:26:12.676,1.84217,1.84264,1.20,1.32
2011.02.28 11:26:13.009,1.84217,1.84263,1.20,1.32
2011.02.28 11:26:13.228,1.84209,1.84259,1.20,2.14
2011.02.28 11:26:14.060,1.84204,1.84252,1.39,1.39
2011.02.28 11:26:14.497,1.84211,1.84259,1.20,2.14
2011.02.28 11:26:15.548,1.84211,1.84253,1.20,1.02
2011.02.28 11:26:15.659,1.84204,1.84243,1.20,1.02
2011.02.28 11:26:15.767,1.84191,1.84238,1.20,2.14
2011.02.28 11:26:15.988,1.84191,1.84238,1.39,1.39
2011.02.28 11:26:16.097,1.84198,1.84243,1.20,1.02
2011.02.28 11:26:18.067,1.84191,1.84238,1.20,2.14
2011.02.28 11:26:18.176,1.84191,1.84238,2.14,1.20
2011.02.28 11:26:18.398,1.84198,1.84246,1.39,1.20
2011.02.28 11:26:18.506,1.84205,1.84251,1.20,1.39
2011.02.28 11:26:20.346,1.84205,1.84251,1.39,1.39
2011.02.28 11:26:20.677,1.84211,1.84259,2.14,2.14
2011.02.28 11:26:21.007,1.84218,1.8426,1.20,1.69
2011.02.28 11:26:21.703,1.84218,1.8426,1.20,1.69
2011.02.28 11:26:22.637,1.84218,1.8426,1.20,1.69
2011.02.28 11:26:22.967,1.84211,1.84252,1.20,1.32
2011.02.28 11:26:23.297,1.84205,1.84251,1.20,2.14
2011.02.28 11:26:23.786,1.8421,1.84252,1.20,1.39
2011.02.28 11:26:23.899,1.84204,1.84252,1.20,2.52
2011.02.28 11:26:24.446,1.84205,1.84251,1.20,2.14
2011.02.28 11:26:26.576,1.84205,1.84251,1.39,1.39
2011.02.28 11:26:26.906,1.84211,1.84259,1.20,2.14
2011.02.28 11:26:29.117,1.84211,1.84253,1.20,1.02
2011.02.28 11:26:29.336,1.84204,1.84252,1.20,2.14
2011.02.28 11:26:35.596,1.84204,1.84252,1.20,2.14
2011.02.28 11:26:35.707,1.8419,1.84239,1.20,2.14
2011.02.28 11:26:43.507,1.8419,1.84232,1.20,1.02
2011.02.28 11:26:43.616,1.84166,1.84214,1.58,2.14
2011.02.28 11:26:44.668,1.84166,1.84212,1.58,1.02
2011.02.28 11:26:44.777,1.84166,1.84212,1.20,1.02
2011.02.28 11:26:44.888,1.84153,1.842,1.20,2.14
2011.02.28 11:26:45.438,1.84166,1.84214,1.20,2.52
2011.02.28 11:26:48.240,1.84141,1.8419,1.58,2.14
2011.02.28 11:26:48.347,1.8413,1.84177,1.20,2.14
2011.02.28 11:26:50.577,1.8413,1.84177,1.39,1.20
2011.02.28 11:26:50.908,1.84136,1.84186,1.20,2.14
2011.02.28 11:26:51.127,1.84143,1.8419,1.39,1.20
2011.02.28 11:26:51.347,1.8415,1.84196,1.20,1.69
2011.02.28 11:26:51.908,1.8415,1.84196,1.20,1.69
2011.02.28 11:26:52.236,1.8413,1.8419,1.39,1.32
2011.02.28 11:26:52.566,1.8413,1.84191,2.14,1.58
2011.02.28 11:26:52.956,1.84149,1.84199,1.20,2.14
2011.02.28 11:26:53.506,1.84149,1.84199,1.20,2.14
2011.02.28 11:26:54.106,1.84149,1.84199,1.20,2.14
2011.02.28 11:26:55.388,1.84149,1.84199,1.39,1.95
2011.02.28 11:26:55.978,1.8415,1.84198,1.20,2.14
2011.02.28 11:26:56.588,1.8415,1.84198,1.20,2.14
2011.02.28 11:26:56.696,1.8415,1.84198,1.20,1.39
2011.02.28 11:26:58.946,1.8415,1.84198,1.20,2.14
2011.02.28 11:26:59.057,1.84142,1.84191,1.20,1.39
2011.02.28 11:26:59.277,1.8415,1.84198,1.20,2.14
2011.02.28 11:27:00.068,1.84145,1.84193,1.20,1.39
2011.02.28 11:27:00.369,1.84138,1.84185,1.20,1.20
2011.02.28 11:27:14.109,1.84138,1.84185,2.14,1.20
2011.02.28 11:27:14.328,1.84138,1.84185,2.14,1.20
2011.02.28 11:27:14.439,1.84151,1.84199,1.20,1.20
2011.02.28 11:27:14.878,1.84158,1.84206,1.20,1.39
2011.02.28 11:27:15.096,1.84151,1.84199,1.20,1.20
2011.02.28 11:27:17.138,1.84151,1.84199,1.20,2.14
2011.02.28 11:27:17.356,1.84144,1.84194,1.20,1.39
2011.02.28 11:27:19.447,1.84144,1.84194,1.20,1.39
2011.02.28 11:27:20.107,1.84131,1.84181,1.77,1.20
2011.02.28 11:27:20.656,1.84131,1.84181,1.77,1.20
2011.02.28 11:27:22.469,1.84131,1.84181,1.58,2.14
2011.02.28 11:27:23.018,1.84131,1.84181,1.58,2.14
2011.02.28 11:27:23.708,1.84131,1.84181,1.58,2.14
2011.02.28 11:27:25.827,1.84125,1.84172,1.95,1.20
2011.02.28 11:27:26.499,1.84125,1.84172,1.20,1.20
2011.02.28 11:27:26.896,1.84125,1.84172,1.20,2.14
2011.02.28 11:27:27.008,1.84125,1.84172,1.39,1.20
2011.02.28 11:27:27.227,1.84111,1.84159,2.14,1.20
2011.02.28 11:27:27.337,1.84125,1.84172,1.20,1.20
2011.02.28 11:27:27.448,1.84118,1.84166,1.39,1.20
2011.02.28 11:27:27.666,1.84124,1.84173,1.20,1.39
2011.02.28 11:27:29.686,1.84117,1.84167,2.14,1.20
2011.02.28 11:27:30.373,1.84117,1.84167,1.20,1.39
2011.02.28 11:27:35.079,1.84125,1.84172,1.20,1.39
2011.02.28 11:27:37.193,1.84125,1.84172,1.20,1.20
2011.02.28 11:27:41.397,1.84125,1.84172,2.14,1.20
2011.02.28 11:27:41.508,1.84131,1.84179,2.14,1.20
2011.02.28 11:27:41.616,1.84137,1.84186,1.20,1.39
2011.02.28 11:27:41.729,1.84131,1.84181,2.14,1.20
2011.02.28 11:27:42.059,1.84138,1.84185,1.20,1.39
2011.02.28 11:27:42.606,1.84145,1.8419,1.20,1.32
2011.02.28 11:27:43.076,1.84145,1.84193,1.20,1.58
2011.02.28 11:27:44.346,1.84145,1.84193,1.20,1.58
2011.02.28 11:27:44.678,1.84145,1.8419,1.20,1.32
2011.02.28 11:27:44.787,1.84137,1.84183,1.20,1.02
2011.02.28 11:27:44.896,1.84114,1.84161,1.58,2.14
2011.02.28 11:27:45.007,1.84112,1.84148,1.20,1.20
2011.02.28 11:27:45.516,1.84112,1.84156,1.20,2.14
2011.02.28 11:27:45.626,1.84106,1.84156,1.58,2.14
2011.02.28 11:27:46.538,1.84106,1.84156,1.20,2.14
2011.02.28 11:27:46.647,1.84087,1.84148,2.14,1.20
2011.02.28 11:27:46.760,1.84087,1.84148,2.14,1.20
2011.02.28 11:27:46.978,1.84105,1.84165,1.39,1.39
2011.02.28 11:27:47.307,1.84124,1.84173,1.20,1.58
2011.02.28 11:27:47.878,1.84124,1.84173,1.20,1.95
2011.02.28 11:27:48.423,1.84124,1.84173,1.20,1.58
2011.02.28 11:27:48.987,1.84117,1.84167,1.39,1.20
2011.02.28 11:27:49.620,1.84131,1.84181,1.20,2.14
2011.02.28 11:27:49.727,1.84119,1.84179,1.39,2.14
2011.02.28 11:27:49.947,1.84131,1.84181,1.20,2.89
2011.02.28 11:27:50.530,1.84131,1.84181,1.20,2.89
2011.02.28 11:27:51.187,1.84125,1.84172,1.39,1.58
2011.02.28 11:27:51.707,1.84125,1.84172,1.20,1.58
2011.02.28 11:27:52.367,1.84117,1.84165,2.14,1.20
2011.02.28 11:27:52.937,1.84117,1.84165,1.20,1.20
2011.02.28 11:27:53.816,1.84124,1.84173,1.20,2.52
2011.02.28 11:27:54.228,1.84117,1.84165,1.20,1.20
2011.02.28 11:27:54.337,1.84125,1.84172,1.20,1.77
2011.02.28 11:27:54.923,1.84125,1.84172,1.20,1.77
2011.02.28 11:27:55.479,1.8413,1.84178,2.14,1.95
2011.02.28 11:27:55.587,1.84125,1.84172,2.14,1.20
2011.02.28 11:27:55.807,1.84138,1.84185,1.20,1.20
2011.02.28 11:27:56.137,1.84138,1.84185,2.14,1.20
2011.02.28 11:27:56.247,1.84138,1.84185,1.39,1.20
2011.02.28 11:27:56.359,1.84151,1.84199,1.20,2.14
2011.02.28 11:27:56.467,1.84143,1.84193,1.20,1.39
2011.02.28 11:27:57.379,1.84143,1.84193,1.20,2.14
2011.02.28 11:27:57.979,1.84103,1.84149,1.20,1.20
2011.02.28 11:27:58.302,1.841,1.84179,2.14,2.89
2011.02.28 11:27:58.421,1.841,1.84167,1.20,1.32
2011.02.28 11:27:58.654,1.84099,1.8416,2.14,1.20
2011.02.28 11:27:58.988,1.84118,1.84168,1.20,1.58
2011.02.28 11:27:59.318,1.84126,1.84175,1.20,1.95
2011.02.28 11:27:59.538,1.84118,1.84168,1.20,1.58
2011.02.28 11:28:00.196,1.84118,1.84168,1.20,1.58
2011.02.28 11:28:00.716,1.84118,1.84168,1.20,1.58
2011.02.28 11:28:01.046,1.84127,1.84174,1.20,2.14
2011.02.28 11:28:01.377,1.84133,1.8418,1.20,1.95
2011.02.28 11:28:03.519,1.84133,1.8418,1.20,1.95
2011.02.28 11:28:03.627,1.84127,1.84174,1.20,1.95
2011.02.28 11:28:03.849,1.84127,1.84167,1.20,1.32
2011.02.28 11:28:04.069,1.84118,1.84167,1.20,1.32
2011.02.28 11:28:04.179,1.84113,1.84162,1.20,1.39
2011.02.28 11:28:04.287,1.84113,1.84162,2.14,1.20
2011.02.28 11:28:04.399,1.84119,1.84167,1.39,1.58
2011.02.28 11:28:04.508,1.84126,1.84175,1.20,1.95
2011.02.28 11:28:04.727,1.84118,1.84168,1.39,1.58
2011.02.28 11:28:06.639,1.84118,1.84168,1.39,1.20
2011.02.28 11:28:06.966,1.84126,1.84175,1.20,1.20
2011.02.28 11:28:12.967,1.84118,1.84168,1.39,1.20
2011.02.28 11:28:13.296,1.84113,1.84162,1.20,1.20
2011.02.28 11:28:15.337,1.84105,1.84155,1.39,1.20
2011.02.28 11:28:15.732,1.84105,1.84155,1.20,2.14
2011.02.28 11:28:15.837,1.841,1.84148,1.58,1.39
2011.02.28 11:28:16.340,1.841,1.84148,1.58,1.39
2011.02.28 11:28:16.559,1.841,1.84148,1.20,1.39
2011.02.28 11:28:19.077,1.841,1.84148,1.20,2.14
2011.02.28 11:28:19.297,1.84093,1.8414,1.20,1.39
2011.02.28 11:28:19.408,1.84101,1.84147,1.20,2.14
2011.02.28 11:28:20.277,1.84087,1.84134,2.14,1.20
2011.02.28 11:28:20.740,1.84086,1.84135,1.20,2.14
2011.02.28 11:28:21.311,1.84087,1.84134,1.20,2.14
2011.02.28 11:28:24.188,1.84079,1.84127,1.77,1.39
2011.02.28 11:28:25.897,1.84079,1.84127,1.77,1.20
2011.02.28 11:28:26.009,1.84086,1.84135,1.20,1.39
2011.02.28 11:28:28.777,1.84078,1.84128,1.39,1.20
2011.02.28 11:28:28.998,1.84087,1.84134,1.20,1.20
2011.02.28 11:28:29.107,1.84079,1.84127,1.39,1.20
2011.02.28 11:28:29.218,1.84085,1.84144,1.20,2.14
2011.02.28 11:28:30.136,1.84085,1.84144,1.20,1.20
2011.02.28 11:28:30.727,1.84085,1.84144,2.14,1.20
2011.02.28 11:28:31.057,1.84104,1.84152,1.20,1.95
2011.02.28 11:28:32.768,1.84097,1.84146,1.20,1.20
2011.02.28 11:28:38.467,1.84097,1.84146,1.20,2.14
2011.02.28 11:28:38.578,1.8409,1.84139,1.20,1.39
2011.02.28 11:28:41.406,1.84097,1.84139,1.20,1.39
2011.02.28 11:28:41.738,1.84127,1.84175,2.14,1.20
2011.02.28 11:28:41.957,1.8414,1.84187,1.20,1.20
2011.02.28 11:28:42.067,1.8414,1.84187,2.14,1.20
2011.02.28 11:28:42.177,1.84145,1.84204,2.14,2.14
2011.02.28 11:28:42.726,1.84147,1.84194,1.20,1.39
2011.02.28 11:28:46.518,1.84147,1.84193,1.20,2.14
2011.02.28 11:28:46.627,1.84105,1.84186,1.32,2.14
2011.02.28 11:28:46.957,1.84104,1.84186,1.77,1.39
2011.02.28 11:28:52.228,1.8411,1.84192,1.20,1.09
2011.02.28 11:28:52.447,1.84105,1.84185,1.39,1.39
2011.02.28 11:28:52.897,1.84105,1.84185,2.14,1.20
2011.02.28 11:28:53.007,1.8411,1.84193,2.14,2.55
2011.02.28 11:28:53.119,1.84118,1.84198,1.39,1.77
2011.02.28 11:28:53.956,1.84118,1.84198,1.39,1.77
2011.02.28 11:28:56.756,1.84118,1.84198,1.39,1.39
2011.02.28 11:29:09.587,1.84112,1.84193,1.32,1.20
2011.02.28 11:29:10.268,1.84112,1.84193,1.32,1.35
2011.02.28 11:29:10.819,1.8411,1.84193,1.95,1.47
2011.02.28 11:29:11.477,1.84104,1.84186,1.95,1.20
2011.02.28 11:29:16.697,1.84104,1.84186,1.20,1.20
2011.02.28 11:29:21.708,1.84104,1.84186,1.20,2.14
2011.02.28 11:29:22.148,1.84092,1.84172,2.14,1.39
2011.02.28 11:29:22.696,1.84097,1.84179,2.03,2.14
2011.02.28 11:29:25.139,1.84105,1.84185,1.20,1.20
2011.02.28 11:29:30.157,1.84105,1.84185,1.20,1.28
2011.02.28 11:29:30.486,1.84096,1.84179,2.59,1.20
2011.02.28 11:29:33.558,1.84104,1.84186,1.20,1.39
2011.02.28 11:29:41.188,1.84104,1.84186,1.73,1.39
2011.02.28 11:29:41.637,1.84111,1.84192,1.39,1.95
2011.02.28 11:29:53.907,1.8411,1.84193,1.77,1.20
2011.02.28 11:29:54.016,1.84117,1.84199,1.39,1.39
2011.02.28 11:29:55.018,1.8411,1.84193,1.77,1.20
2011.02.28 11:29:55.127,1.8411,1.84193,1.58,1.39
2011.02.28 11:29:57.567,1.84108,1.84186,1.58,1.20
2011.02.28 11:29:58.199,1.84111,1.84192,1.58,1.39
2011.02.28 11:29:59.106,1.84112,1.84192,1.39,1.20
2011.02.28 11:29:59.216,1.84118,1.84198,1.20,1.20
2011.02.28 11:30:00.017,1.84112,1.84193,1.39,1.20
2011.02.28 11:30:01.900,1.84117,1.84199,1.20,1.20
2011.02.28 11:30:05.818,1.84117,1.84199,1.35,1.20
2011.02.28 11:30:06.039,1.84123,1.84206,1.20,1.39
2011.02.28 11:30:09.537,1.84125,1.84206,1.28,1.39
2011.02.28 11:30:10.019,1.84132,1.84212,1.20,1.77
2011.02.28 11:30:10.749,1.84132,1.84212,2.14,1.58
2011.02.28 11:30:11.076,1.84155,1.84213,1.20,1.58
2011.02.28 11:30:11.846,1.84155,1.84213,1.20,1.58
2011.02.28 11:30:13.828,1.84156,1.84213,1.39,1.20
2011.02.28 11:30:14.047,1.84168,1.84226,1.20,1.20
2011.02.28 11:30:14.617,1.84159,1.8422,1.39,1.20
2011.02.28 11:30:15.348,1.8416,1.84219,1.39,1.20
2011.02.28 11:30:15.897,1.8416,1.84219,1.20,1.39
2011.02.28 11:30:16.116,1.84154,1.84214,1.20,1.20
2011.02.28 11:30:16.227,1.84154,1.84214,2.14,1.20
2011.02.28 11:30:16.337,1.84167,1.84227,1.20,1.20
2011.02.28 11:30:16.447,1.84159,1.8422,1.39,1.20
2011.02.28 11:30:19.777,1.84159,1.8422,1.20,1.20
2011.02.28 11:30:20.158,1.84154,1.84214,1.20,1.20
2011.02.28 11:30:20.488,1.84159,1.8422,1.39,1.20
2011.02.28 11:30:28.697,1.84159,1.8422,1.20,1.39
2011.02.28 11:30:29.287,1.8416,1.84219,1.20,1.20
2011.02.28 11:30:30.408,1.84155,1.84213,1.20,1.20
2011.02.28 11:30:30.768,1.84173,1.84222,1.20,1.20
2011.02.28 11:30:33.529,1.84173,1.84222,1.20,2.14
2011.02.28 11:30:33.637,1.84155,1.84213,1.39,1.39
2011.02.28 11:30:34.738,1.84155,1.84213,2.14,1.20
2011.02.28 11:30:34.956,1.84167,1.84227,1.20,1.39
2011.02.28 11:30:38.259,1.8416,1.84219,1.39,1.20
2011.02.28 11:30:40.988,1.84168,1.84226,1.20,1.39
2011.02.28 11:30:53.278,1.8416,1.84219,1.39,1.20
2011.02.28 11:30:53.607,1.84154,1.84214,1.58,1.20
2011.02.28 11:31:18.707,1.84151,1.84211,1.20,1.20
2011.02.28 11:31:27.400,1.84144,1.84203,1.39,1.28
2011.02.28 11:31:27.508,1.84144,1.84203,1.20,1.39
2011.02.28 11:31:27.618,1.84144,1.84203,1.39,1.20
2011.02.28 11:31:27.947,1.84145,1.84191,1.20,1.20
2011.02.28 11:31:30.357,1.84145,1.84191,2.14,1.20
2011.02.28 11:31:30.578,1.84158,1.84205,1.20,1.20
2011.02.28 11:31:31.518,1.84158,1.84205,2.14,1.20
2011.02.28 11:31:31.787,1.84163,1.84213,1.20,1.02
2011.02.28 11:31:31.912,1.84149,1.84199,1.20,1.20
2011.02.28 11:31:32.140,1.84157,1.84206,1.20,1.20
2011.02.28 11:31:32.470,1.84143,1.84204,1.39,1.20
2011.02.28 11:31:34.169,1.84143,1.84204,1.20,1.39
2011.02.28 11:31:34.278,1.84138,1.84198,1.58,1.20
2011.02.28 11:31:34.607,1.8413,1.84191,2.14,1.20
2011.02.28 11:31:36.067,1.84126,1.84183,2.14,1.20
2011.02.28 11:31:36.369,1.84144,1.84192,1.20,1.20
2011.02.28 11:31:38.158,1.84144,1.84192,2.14,1.20
2011.02.28 11:31:38.487,1.84158,1.84205,1.39,1.20
2011.02.28 11:31:38.849,1.8415,1.84198,2.14,1.20
2011.02.28 11:31:38.959,1.84157,1.84206,1.39,1.20
2011.02.28 11:31:39.290,1.84163,1.84211,1.39,1.20
2011.02.28 11:31:41.109,1.84151,1.84211,1.39,1.39
2011.02.28 11:31:41.218,1.84162,1.84212,1.20,1.39
2011.02.28 11:31:43.127,1.84143,1.84204,2.14,1.20
2011.02.28 11:31:43.347,1.84143,1.84204,1.20,1.20
2011.02.28 11:31:45.447,1.84151,1.84211,1.20,1.20
2011.02.28 11:31:50.667,1.84151,1.84211,2.14,1.20
2011.02.28 11:31:50.779,1.84157,1.84218,1.39,1.20
2011.02.28 11:31:53.708,1.84152,1.8421,1.20,1.20
2011.02.28 11:32:01.478,1.84151,1.84211,1.13,1.20
2011.02.28 11:32:09.807,1.84158,1.84217,1.20,1.20
2011.02.28 11:32:15.609,1.84152,1.8421,1.20,1.20
2011.02.28 11:32:21.281,1.84152,1.8421,1.20,2.14
2011.02.28 11:32:21.607,1.84131,1.8419,2.89,1.20
2011.02.28 11:32:21.937,1.84149,1.84199,1.20,1.20
2011.02.28 11:32:22.378,1.84149,1.84199,1.39,1.20
2011.02.28 11:32:22.488,1.84158,1.84205,1.20,1.20
2011.02.28 11:32:23.307,1.8415,1.84198,1.39,1.20
2011.02.28 11:32:24.619,1.84158,1.84205,1.20,1.20
2011.02.28 11:32:24.949,1.84163,1.84211,1.20,1.39
2011.02.28 11:32:25.388,1.84147,1.84203,1.32,1.20
2011.02.28 11:32:26.287,1.84144,1.84203,1.58,1.20
2011.02.28 11:32:26.817,1.84144,1.84203,1.20,1.20
2011.02.28 11:32:30.178,1.84152,1.8421,1.20,1.20
2011.02.28 11:32:49.569,1.84151,1.84211,1.20,1.20
2011.02.28 11:32:49.897,1.84155,1.84213,1.20,1.39
2011.02.28 11:32:58.687,1.84155,1.84213,1.39,1.20
2011.02.28 11:32:58.906,1.8416,1.84219,1.20,1.20
2011.02.28 11:32:59.569,1.84168,1.84226,1.20,1.39
2011.02.28 11:33:01.478,1.84159,1.8422,1.39,1.20
2011.02.28 11:33:01.918,1.84159,1.8422,2.14,1.20
2011.02.28 11:33:02.029,1.84159,1.8422,1.39,1.20
2011.02.28 11:33:02.249,1.84182,1.84236,1.20,1.02
2011.02.28 11:33:02.467,1.84174,1.84233,1.20,1.77
2011.02.28 11:33:03.017,1.84174,1.84233,1.20,1.77
2011.02.28 11:33:03.457,1.84167,1.84227,1.20,1.20
2011.02.28 11:33:03.677,1.84174,1.84233,1.20,1.77
2011.02.28 11:33:04.319,1.84174,1.84233,1.20,1.77
2011.02.28 11:33:04.896,1.84174,1.84233,1.20,1.77
2011.02.28 11:33:05.452,1.84174,1.84233,1.20,1.77
2011.02.28 11:33:05.569,1.84167,1.84227,1.20,1.20
2011.02.28 11:33:05.791,1.84166,1.84223,1.20,1.20
2011.02.28 11:33:06.669,1.84174,1.84233,1.20,1.39
2011.02.28 11:33:06.780,1.84168,1.84226,1.58,1.20
2011.02.28 11:33:08.118,1.84168,1.84226,1.58,2.14
2011.02.28 11:33:08.449,1.84155,1.84213,1.95,1.20
2011.02.28 11:33:09.697,1.8416,1.84219,1.95,1.39
2011.02.28 11:33:09.810,1.8416,1.84219,2.14,1.20
2011.02.28 11:33:10.136,1.84168,1.84226,1.58,1.20
2011.02.28 11:33:10.989,1.84168,1.84226,1.58,1.20
2011.02.28 11:33:11.099,1.84159,1.8422,2.14,1.20
2011.02.28 11:33:11.539,1.84159,1.8422,1.95,1.39
2011.02.28 11:33:11.868,1.84154,1.84214,1.95,1.20
2011.02.28 11:33:12.375,1.84154,1.84214,1.95,1.20
2011.02.28 11:33:13.978,1.84167,1.84227,1.58,1.50
2011.02.28 11:33:14.088,1.84159,1.8422,2.14,1.20
2011.02.28 11:33:14.417,1.84155,1.84213,1.95,1.20
2011.02.28 11:33:15.383,1.84159,1.8422,1.95,1.39
2011.02.28 11:33:15.504,1.84155,1.84213,1.95,1.20
2011.02.28 11:33:16.188,1.8416,1.84219,1.95,1.39
2011.02.28 11:33:16.407,1.84154,1.84214,1.95,1.20
2011.02.28 11:33:16.628,1.84159,1.8422,1.95,1.39
2011.02.28 11:33:16.846,1.84159,1.8422,1.20,1.39
2011.02.28 11:33:17.178,1.84159,1.8422,1.39,1.20
2011.02.28 11:33:17.287,1.84168,1.84226,1.20,1.20
2011.02.28 11:33:18.127,1.84159,1.8422,1.39,1.20
2011.02.28 11:33:19.008,1.84168,1.84226,1.20,1.20
2011.02.28 11:33:19.118,1.8416,1.84219,1.39,1.20
2011.02.28 11:33:19.978,1.84167,1.84227,1.20,1.20
2011.02.28 11:33:20.198,1.84159,1.8422,1.39,1.20
2011.02.28 11:33:20.573,1.84159,1.8422,1.20,1.39
2011.02.28 11:33:20.680,1.84146,1.84207,1.77,1.20
2011.02.28 11:33:20.788,1.84155,1.84213,1.20,1.20
2011.02.28 11:33:21.008,1.8416,1.84219,1.20,1.39
2011.02.28 11:33:32.795,1.84155,1.84213,1.20,1.20
2011.02.28 11:33:33.128,1.8416,1.84219,1.20,1.39
2011.02.28 11:33:38.588,1.84155,1.84213,1.20,1.20
2011.02.28 11:33:39.577,1.8416,1.84219,1.20,1.39
2011.02.28 11:33:45.577,1.84154,1.84214,1.20,1.20
2011.02.28 11:33:51.348,1.84154,1.84214,1.20,1.28
2011.02.28 11:33:51.679,1.84154,1.84213,1.20,1.09
2011.02.28 11:33:52.009,1.84134,1.84193,2.14,1.20
2011.02.28 11:33:52.338,1.84141,1.842,1.95,1.20
2011.02.28 11:33:52.557,1.84147,1.84206,1.58,1.39
2011.02.28 11:33:57.100,1.84147,1.84206,1.20,1.47
2011.02.28 11:33:57.649,1.84134,1.84193,1.58,1.20
2011.02.28 11:33:58.198,1.84141,1.842,1.20,1.39
2011.02.28 11:33:58.527,1.84146,1.84207,1.20,1.20
2011.02.28 11:33:58.747,1.84154,1.84214,1.20,1.47
2011.02.28 11:33:58.967,1.84146,1.84207,1.20,1.20
2011.02.28 11:33:59.077,1.84146,1.84207,1.20,1.35
2011.02.28 11:34:01.528,1.84146,1.84207,1.20,1.20
2011.02.28 11:34:01.849,1.84154,1.84214,1.20,1.39
2011.02.28 11:34:03.488,1.84154,1.84214,1.20,1.47
2011.02.28 11:34:05.007,1.84154,1.84214,1.20,1.39
2011.02.28 11:34:05.578,1.84154,1.84214,1.20,1.47
2011.02.28 11:34:05.868,1.84147,1.84206,1.20,1.20
2011.02.28 11:34:06.088,1.84147,1.84206,1.20,1.28
2011.02.28 11:34:06.307,1.84147,1.84206,1.20,1.20
2011.02.28 11:34:06.747,1.84147,1.84206,1.20,1.28
2011.02.28 11:34:09.447,1.84142,1.84199,1.39,1.20
2011.02.28 11:34:10.269,1.84133,1.84194,1.95,1.20
2011.02.28 11:34:10.839,1.84133,1.84194,1.95,1.35
2011.02.28 11:34:11.169,1.84127,1.84187,1.95,1.39
2011.02.28 11:34:11.497,1.84114,1.84174,2.14,1.20
2011.02.28 11:34:11.827,1.84114,1.84174,2.14,1.28
2011.02.28 11:34:13.678,1.84114,1.84174,2.14,1.20
2011.02.28 11:34:14.148,1.8412,1.8418,1.95,2.14
2011.02.28 11:34:14.260,1.8412,1.8418,1.20,1.77
2011.02.28 11:34:14.369,1.84114,1.84174,1.20,1.20
2011.02.28 11:34:14.588,1.8412,1.8418,1.20,1.77
2011.02.28 11:34:15.028,1.84114,1.84174,1.20,1.20
2011.02.28 11:34:15.138,1.8412,1.8418,1.20,1.77
2011.02.28 11:34:15.687,1.8412,1.8418,1.20,1.58
2011.02.28 11:34:16.283,1.8412,1.8418,1.20,1.58
2011.02.28 11:34:16.837,1.8412,1.8418,1.20,1.20
2011.02.28 11:34:23.559,1.84127,1.84187,1.20,1.47
2011.02.28 11:34:23.668,1.84121,1.84179,1.20,1.20
2011.02.28 11:34:24.519,1.84121,1.84179,1.39,1.20
2011.02.28 11:34:24.847,1.84139,1.84188,1.20,1.20
2011.02.28 11:34:25.067,1.84121,1.84179,1.20,1.39
2011.02.28 11:34:27.158,1.84121,1.84179,1.39,1.20
2011.02.28 11:34:27.377,1.84128,1.84186,1.20,1.28
2011.02.28 11:34:28.082,1.8412,1.8418,1.39,1.20
2011.02.28 11:34:32.228,1.84127,1.84187,1.20,1.20
2011.02.28 11:34:32.337,1.84127,1.84187,1.20,1.28
2011.02.28 11:34:34.928,1.84127,1.84187,1.20,1.20
2011.02.28 11:34:35.307,1.84127,1.84187,1.20,1.28
2011.02.28 11:34:35.639,1.8412,1.8418,1.39,1.20
2011.02.28 11:34:35.748,1.84127,1.84187,1.20,1.28
2011.02.28 11:34:37.298,1.84121,1.84179,1.39,1.20
2011.02.28 11:34:42.566,1.84121,1.84179,1.20,1.39
2011.02.28 11:34:42.898,1.84114,1.84174,1.58,1.20
2011.02.28 11:34:43.007,1.84121,1.84179,1.20,1.39
2011.02.28 11:34:46.445,1.84115,1.84173,1.58,1.20
2011.02.28 11:34:47.317,1.84115,1.84173,1.20,1.28
2011.02.28 11:34:47.710,1.84132,1.84191,1.20,1.58
2011.02.28 11:34:48.545,1.84132,1.84191,1.20,1.58
2011.02.28 11:34:49.107,1.84132,1.84191,1.20,1.58
2011.02.28 11:34:50.788,1.84132,1.84191,1.39,1.58
2011.02.28 11:34:51.007,1.8414,1.84197,1.20,1.95
2011.02.28 11:34:52.357,1.8414,1.84197,1.20,1.95
2011.02.28 11:34:53.050,1.8414,1.84197,1.20,1.95
2011.02.28 11:34:55.288,1.8414,1.84197,1.20,1.95
2011.02.28 11:34:56.530,1.84126,1.84184,1.20,1.20
2011.02.28 11:34:59.570,1.84125,1.84185,1.20,1.39
2011.02.28 11:34:59.790,1.84124,1.84181,1.20,1.20
2011.02.28 11:35:05.398,1.84128,1.84189,1.20,1.39
2011.02.28 11:35:05.508,1.84137,1.84195,1.20,1.20
2011.02.28 11:35:05.837,1.84128,1.84189,2.14,1.20
2011.02.28 11:35:06.717,1.84136,1.84196,1.39,1.20
2011.02.28 11:35:07.488,1.84129,1.84188,2.52,1.20
2011.02.28 11:35:12.247,1.8413,1.84188,1.32,1.20
2011.02.28 11:35:12.467,1.84136,1.84196,1.39,1.20
2011.02.28 11:35:12.577,1.84141,1.84202,1.20,1.20
2011.02.28 11:35:16.867,1.84136,1.84196,1.39,1.20
2011.02.28 11:35:17.889,1.84149,1.84209,1.20,1.20
2011.02.28 11:35:25.517,1.84149,1.84209,2.14,1.20
2011.02.28 11:35:25.849,1.84156,1.84215,1.39,1.58
2011.02.28 11:35:26.348,1.84156,1.84215,1.39,1.58
2011.02.28 11:35:27.498,1.8415,1.84208,2.52,1.20
2011.02.28 11:35:28.167,1.84155,1.84216,1.39,1.20
2011.02.28 11:35:28.497,1.84163,1.84222,1.20,1.39
2011.02.28 11:35:28.838,1.84156,1.84215,1.39,1.20
2011.02.28 11:35:30.977,1.84163,1.84222,1.20,1.39
2011.02.28 11:35:32.642,1.84155,1.84216,1.39,1.20
2011.02.28 11:35:38.779,1.8415,1.84209,1.32,1.20
2011.02.28 11:35:42.478,1.84155,1.84216,1.39,1.20
2011.02.28 11:35:55.687,1.8415,1.84208,2.52,1.20
2011.02.28 11:35:56.014,1.84141,1.84202,1.95,1.28
2011.02.28 11:35:56.957,1.84141,1.84202,1.20,1.28
2011.02.28 11:36:01.317,1.84137,1.84195,1.39,1.20
2011.02.28 11:36:02.390,1.84137,1.84195,1.20,1.39
2011.02.28 11:36:02.500,1.84137,1.84165,1.20,1.20
2011.02.28 11:36:02.608,1.84137,1.84169,1.20,1.20
2011.02.28 11:36:02.829,1.84129,1.84164,2.14,1.20
2011.02.28 11:36:02.939,1.84136,1.84169,1.58,1.20
2011.02.28 11:36:04.299,1.84136,1.84171,1.77,2.40
2011.02.28 11:36:04.689,1.84141,1.84162,1.39,1.20
2011.02.28 11:36:04.907,1.84137,1.8416,1.20,1.20
2011.02.28 11:36:05.019,1.84134,1.8415,1.58,1.20
2011.02.28 11:36:05.347,1.84131,1.84158,1.32,1.20
2011.02.28 11:36:05.458,1.84141,1.84158,1.20,1.20
2011.02.28 11:36:05.569,1.84141,1.84178,1.20,1.20
2011.02.28 11:36:05.679,1.84131,1.84179,1.58,1.20
2011.02.28 11:36:05.898,1.84135,1.8417,1.32,1.20
2011.02.28 11:36:06.200,1.84136,1.84181,1.32,1.20
2011.02.28 11:36:06.307,1.84147,1.84181,1.20,1.20
2011.02.28 11:36:06.638,1.84147,1.8417,1.20,1.20
2011.02.28 11:36:06.748,1.84132,1.8417,1.32,1.20
2011.02.28 11:36:06.858,1.84108,1.84161,2.14,1.20
2011.02.28 11:36:07.408,1.84108,1.84159,1.39,1.20
2011.02.28 11:36:11.088,1.84104,1.84154,1.32,1.20
2011.02.28 11:36:11.568,1.84104,1.84183,1.32,1.20
2011.02.28 11:36:14.308,1.841,1.8414,1.58,1.20
2011.02.28 11:36:14.637,1.84078,1.84159,1.02,1.20
2011.02.28 11:36:14.967,1.84078,1.84157,1.35,1.32
2011.02.28 11:36:15.078,1.84081,1.84142,1.20,1.20
2011.02.28 11:36:15.429,1.84077,1.84134,1.20,1.20
2011.02.28 11:36:16.639,1.84082,1.84141,1.20,1.20
2011.02.28 11:36:18.019,1.84076,1.84135,1.20,1.20
2011.02.28 11:36:25.341,1.84069,1.84128,1.39,1.20
2011.02.28 11:36:25.611,1.84069,1.84128,1.39,1.20
2011.02.28 11:36:25.718,1.84064,1.84121,1.77,1.20
2011.02.28 11:36:25.938,1.84064,1.84121,1.58,1.39
2011.02.28 11:36:26.048,1.84056,1.84114,2.14,1.20
2011.02.28 11:36:26.268,1.84063,1.84122,1.58,1.20
2011.02.28 11:36:26.488,1.84068,1.84129,1.20,1.20
2011.02.28 11:36:28.811,1.84064,1.84121,1.20,1.20
2011.02.28 11:36:32.168,1.84055,1.84115,1.39,1.20
2011.02.28 11:36:32.278,1.84063,1.84122,1.20,1.20
2011.02.28 11:36:35.638,1.84069,1.84128,1.20,1.20
2011.02.28 11:36:35.970,1.84077,1.84134,1.20,1.20
2011.02.28 11:36:36.299,1.84068,1.84129,2.14,1.20
2011.02.28 11:36:41.979,1.84076,1.84135,1.39,1.20
2011.02.28 11:36:45.329,1.84076,1.84135,1.20,2.14
2011.02.28 11:36:45.548,1.84064,1.84121,1.20,1.20
2011.02.28 11:36:48.417,1.84069,1.84128,1.20,1.20
2011.02.28 11:36:57.018,1.84063,1.84122,1.39,1.20
2011.02.28 11:36:58.679,1.84063,1.84122,1.20,1.39
2011.02.28 11:36:59.010,1.84056,1.84114,1.39,1.20
2011.02.28 11:37:02.888,1.84064,1.84121,1.20,1.20
2011.02.28 11:37:03.218,1.84055,1.84115,1.39,1.20
2011.02.28 11:37:05.074,1.84049,1.84109,2.52,1.20
2011.02.28 11:37:05.520,1.84055,1.84115,1.39,1.20
2011.02.28 11:37:08.340,1.84063,1.84122,1.39,1.20
2011.02.28 11:37:08.671,1.84077,1.84134,1.20,1.95
2011.02.28 11:37:09.770,1.84077,1.84134,1.39,1.95
2011.02.28 11:37:10.101,1.84083,1.84141,1.39,1.20
2011.02.28 11:37:10.208,1.84089,1.84149,1.20,1.39
2011.02.28 11:37:10.319,1.84089,1.84149,1.20,1.20
2011.02.28 11:37:10.867,1.8409,1.84148,1.20,1.20
2011.02.28 11:37:11.240,1.84082,1.84141,1.39,1.20
2011.02.28 11:37:11.568,1.8409,1.84148,1.20,1.39
2011.02.28 11:37:11.788,1.84081,1.84142,1.39,1.20
2011.02.28 11:37:12.448,1.84094,1.84155,1.39,1.20
2011.02.28 11:37:15.328,1.84089,1.84149,2.14,1.20
2011.02.28 11:37:15.660,1.84089,1.84149,1.20,1.20
2011.02.28 11:37:15.879,1.84082,1.84141,1.20,1.20
2011.02.28 11:37:16.209,1.8409,1.84148,1.20,1.20
2011.02.28 11:37:16.318,1.84081,1.84142,1.20,1.20
2011.02.28 11:37:16.428,1.84089,1.84149,1.20,1.20
2011.02.28 11:37:16.649,1.84081,1.84142,1.20,1.20
2011.02.28 11:37:17.089,1.84081,1.84142,2.14,1.20
2011.02.28 11:37:17.198,1.84102,1.84162,1.20,1.95
2011.02.28 11:37:17.420,1.84102,1.84162,2.14,1.95
2011.02.28 11:37:17.529,1.84102,1.84162,2.52,1.20
2011.02.28 11:37:17.749,1.84117,1.84174,1.20,1.58
2011.02.28 11:37:18.100,1.84109,1.8417,1.39,1.20
2011.02.28 11:37:21.690,1.84109,1.8417,1.20,1.20
2011.02.28 11:37:21.908,1.84103,1.84161,1.58,1.20
2011.02.28 11:37:23.558,1.84109,1.8417,1.20,1.20
2011.02.28 11:37:23.778,1.84103,1.84161,1.58,1.20
2011.02.28 11:37:24.189,1.84096,1.84157,2.14,1.20
2011.02.28 11:37:24.738,1.84096,1.84157,2.14,1.20
2011.02.28 11:37:25.759,1.84103,1.84161,1.58,1.20
2011.02.28 11:37:27.559,1.8411,1.84169,1.20,1.20
2011.02.28 11:37:27.670,1.84102,1.84162,1.20,1.20
2011.02.28 11:37:44.268,1.84102,1.84162,2.14,1.20
2011.02.28 11:37:44.532,1.84109,1.8417,1.39,1.20
2011.02.28 11:37:44.643,1.84117,1.84174,1.20,1.58
2011.02.28 11:37:46.839,1.84117,1.84174,1.20,1.20
2011.02.28 11:37:51.889,1.84117,1.84172,1.20,1.02
2011.02.28 11:37:52.109,1.8411,1.84169,1.20,1.39
2011.02.28 11:37:52.438,1.8411,1.84169,1.20,1.20
2011.02.28 11:37:55.630,1.84103,1.84162,1.32,1.20
2011.02.28 11:37:55.742,1.84116,1.84175,2.14,1.20
2011.02.28 11:37:55.849,1.84129,1.84189,1.20,1.58
2011.02.28 11:37:56.152,1.84123,1.84182,1.39,1.20
2011.02.28 11:37:58.578,1.84123,1.84182,1.20,1.20
2011.02.28 11:37:58.798,1.84116,1.84175,1.20,1.20
2011.02.28 11:37:59.518,1.84122,1.84183,1.20,1.20
2011.02.28 11:38:05.819,1.84116,1.84175,1.20,1.20
2011.02.28 11:38:08.479,1.84109,1.8417,1.39,1.20
2011.02.28 11:38:08.591,1.84123,1.84182,1.20,1.20
2011.02.28 11:38:08.699,1.84116,1.84175,1.20,1.20
2011.02.28 11:38:10.228,1.84116,1.84175,2.14,1.20
2011.02.28 11:38:10.448,1.84116,1.84175,2.40,1.20
2011.02.28 11:38:10.558,1.8413,1.84188,1.20,2.52
2011.02.28 11:38:10.669,1.84117,1.84174,1.20,1.20
2011.02.28 11:38:10.778,1.84123,1.84182,1.20,1.39
2011.02.28 11:38:11.778,1.84123,1.84182,1.20,1.20
2011.02.28 11:38:12.938,1.84117,1.84174,1.39,1.20
2011.02.28 11:38:14.439,1.84129,1.84189,1.20,1.77
2011.02.28 11:38:16.958,1.84129,1.84189,2.14,1.20
2011.02.28 11:38:17.177,1.84137,1.84196,1.20,1.20
2011.02.28 11:38:17.818,1.84137,1.84196,1.39,1.20
2011.02.28 11:38:18.368,1.84136,1.84197,1.39,1.20
2011.02.28 11:38:20.118,1.8413,1.84188,1.20,1.20
2011.02.28 11:38:26.369,1.8413,1.84188,2.14,1.20
2011.02.28 11:38:26.478,1.84137,1.84196,1.39,1.20
2011.02.28 11:38:26.590,1.84142,1.84202,1.39,1.65
2011.02.28 11:38:26.697,1.84137,1.84196,1.39,1.20
2011.02.28 11:38:27.081,1.84143,1.84201,1.39,1.20
2011.02.28 11:38:27.189,1.84136,1.84197,1.20,1.39
2011.02.28 11:38:27.298,1.84129,1.84189,1.77,1.20
2011.02.28 11:38:46.388,1.84136,1.84197,1.20,1.39
2011.02.28 11:38:49.398,1.84136,1.84197,1.20,1.20
2011.02.28 11:38:53.198,1.84139,1.84198,1.20,1.58
2011.02.28 11:38:56.160,1.84146,1.84204,1.20,1.20
2011.02.28 11:38:56.938,1.84146,1.84204,1.20,1.35
2011.02.28 11:38:57.269,1.84132,1.84191,1.39,1.20
2011.02.28 11:38:57.598,1.84138,1.84199,1.20,1.20
2011.02.28 11:39:06.750,1.84133,1.8419,1.20,1.20
2011.02.28 11:39:20.030,1.84133,1.8419,1.20,1.39
2011.02.28 11:39:20.140,1.84125,1.84186,1.20,1.20
2011.02.28 11:39:20.249,1.84133,1.8419,1.20,1.54
2011.02.28 11:39:20.359,1.84118,1.84178,1.39,1.20
2011.02.28 11:39:20.470,1.84125,1.84186,1.20,1.20
2011.02.28 11:39:21.019,1.84126,1.84185,1.20,1.20
2011.02.28 11:39:25.200,1.84126,1.84185,1.39,1.20
2011.02.28 11:39:25.308,1.84132,1.84191,1.20,1.20
2011.02.28 11:39:26.254,1.84125,1.84186,1.39,1.20
2011.02.28 11:39:28.880,1.84125,1.84186,1.20,1.39
2011.02.28 11:39:29.098,1.84118,1.84178,1.20,1.20
2011.02.28 11:39:31.490,1.84125,1.84186,1.20,1.39
2011.02.28 11:39:36.050,1.84125,1.84186,1.39,1.20
2011.02.28 11:39:36.378,1.84133,1.8419,1.20,1.20
2011.02.28 11:39:37.058,1.84133,1.8419,1.20,1.58
2011.02.28 11:39:45.880,1.84126,1.84185,1.39,1.20
2011.02.28 11:39:46.761,1.84126,1.84185,1.20,1.39
2011.02.28 11:39:47.080,1.84118,1.84178,1.20,1.58
2011.02.28 11:39:51.189,1.84118,1.84178,2.14,1.58
2011.02.28 11:39:51.519,1.84132,1.84191,1.20,1.95
2011.02.28 11:39:54.968,1.84132,1.84191,1.35,1.95
2011.02.28 11:39:55.081,1.84137,1.84191,1.02,1.20
2011.02.28 11:39:55.411,1.84159,1.84214,1.20,1.02
2011.02.28 11:39:55.519,1.84146,1.84204,1.39,1.20
2011.02.28 11:39:55.629,1.84158,1.84214,1.20,1.02
2011.02.28 11:39:55.849,1.84158,1.84218,1.20,1.77
2011.02.28 11:39:55.961,1.84152,1.84213,1.20,1.20
2011.02.28 11:39:56.818,1.84158,1.84218,1.20,1.77
2011.02.28 11:39:58.529,1.84158,1.84218,1.20,1.92
2011.02.28 11:39:58.859,1.84152,1.84213,1.20,1.28
2011.02.28 11:39:59.420,1.84152,1.84213,1.20,1.20
2011.02.28 11:40:00.078,1.84159,1.84217,1.20,1.84
2011.02.28 11:40:00.741,1.84153,1.84212,1.20,1.20
2011.02.28 11:40:01.180,1.84161,1.84212,2.14,1.20
2011.02.28 11:40:01.290,1.84173,1.8423,1.20,1.95
2011.02.28 11:40:01.839,1.84179,1.84233,1.20,1.02
2011.02.28 11:40:02.469,1.84179,1.84238,1.39,1.95
2011.02.28 11:40:02.594,1.84172,1.84231,2.14,1.20
2011.02.28 11:40:02.822,1.84186,1.84244,1.20,1.20
2011.02.28 11:40:03.042,1.84168,1.84247,1.39,1.32
2011.02.28 11:40:03.150,1.84176,1.84247,1.20,1.32
2011.02.28 11:40:03.260,1.84176,1.84255,1.20,2.89
2011.02.28 11:40:03.368,1.84169,1.8425,1.20,1.32
2011.02.28 11:40:03.920,1.84169,1.8425,2.14,2.33
2011.02.28 11:40:04.142,1.84182,1.84262,1.39,1.58
2011.02.28 11:40:04.249,1.84182,1.84265,1.39,1.50
2011.02.28 11:40:04.360,1.84182,1.84265,1.39,1.58
2011.02.28 11:40:04.711,1.84183,1.84257,1.39,1.58
2011.02.28 11:40:05.103,1.84176,1.84256,1.20,1.84
2011.02.28 11:40:05.209,1.84175,1.84253,1.20,1.02
2011.02.28 11:40:05.789,1.84175,1.84257,1.20,2.89
2011.02.28 11:40:06.118,1.84183,1.84261,1.20,1.50
2011.02.28 11:40:08.320,1.84183,1.84262,1.20,1.50
2011.02.28 11:40:08.649,1.84176,1.84256,1.39,2.10
2011.02.28 11:40:08.931,1.84169,1.8425,1.20,2.14
2011.02.28 11:40:09.040,1.84162,1.84243,1.39,2.10
2011.02.28 11:40:09.589,1.84171,1.84243,1.20,1.58
2011.02.28 11:40:09.918,1.84175,1.84252,1.20,1.02
2011.02.28 11:40:10.248,1.84175,1.84256,1.39,1.58
2011.02.28 11:40:10.949,1.84175,1.84244,1.20,1.02
2011.02.28 11:40:11.168,1.84162,1.84243,1.39,2.03
2011.02.28 11:40:11.390,1.84169,1.84244,1.20,1.02
2011.02.28 11:40:12.360,1.84168,1.84243,1.20,2.10
2011.02.28 11:40:12.581,1.84166,1.84243,1.20,1.95
2011.02.28 11:40:12.783,1.84169,1.8425,1.20,2.14
2011.02.28 11:40:13.109,1.84169,1.8425,1.20,2.14
2011.02.28 11:40:13.219,1.84175,1.84252,1.20,1.02
2011.02.28 11:40:13.550,1.8417,1.84243,1.20,1.95
2011.02.28 11:40:13.660,1.84163,1.84243,1.39,1.95
2011.02.28 11:40:13.770,1.84168,1.84247,1.20,1.69
2011.02.28 11:40:14.098,1.84168,1.84246,2.40,1.69
2011.02.28 11:40:15.754,1.84168,1.84246,1.20,1.69
2011.02.28 11:40:15.978,1.84163,1.84242,1.39,1.95
2011.02.28 11:40:16.309,1.84169,1.84246,1.20,1.69
2011.02.28 11:40:16.528,1.84169,1.84247,1.20,1.69
2011.02.28 11:40:18.011,1.84162,1.84243,1.39,2.10
2011.02.28 11:40:20.359,1.84169,1.84246,1.20,1.69
2011.02.28 11:40:20.471,1.84162,1.84243,1.39,1.95
2011.02.28 11:40:20.581,1.84176,1.84244,1.20,1.09
2011.02.28 11:40:20.689,1.84162,1.84243,1.39,2.10
2011.02.28 11:40:21.869,1.84169,1.84246,1.20,1.69
2011.02.28 11:40:22.231,1.84149,1.8423,1.39,2.14
2011.02.28 11:40:22.780,1.84155,1.84231,1.39,1.50
2011.02.28 11:40:23.330,1.84157,1.84231,1.39,1.50
2011.02.28 11:40:23.438,1.84162,1.84236,1.39,1.13
2011.02.28 11:40:23.549,1.84162,1.84242,1.39,1.09
2011.02.28 11:40:23.659,1.84168,1.84242,1.20,1.09
2011.02.28 11:40:23.768,1.84163,1.84242,1.39,2.29
2011.02.28 11:40:23.988,1.84167,1.84242,1.20,1.09
2011.02.28 11:40:24.098,1.84167,1.84243,1.20,1.09
2011.02.28 11:40:24.318,1.84162,1.84243,1.39,2.29
2011.02.28 11:40:24.648,1.84162,1.84242,1.39,1.09
2011.02.28 11:40:25.447,1.84162,1.84242,1.39,1.09
2011.02.28 11:40:27.250,1.84162,1.84243,1.39,1.92
2011.02.28 11:40:27.720,1.84162,1.84242,1.39,1.09
2011.02.28 11:40:28.698,1.84154,1.84237,3.34,1.73
2011.02.28 11:40:29.028,1.84154,1.84234,2.40,1.02
2011.02.28 11:40:29.139,1.84149,1.84229,1.20,1.58
2011.02.28 11:40:29.470,1.84154,1.84237,1.20,2.29
2011.02.28 11:40:29.909,1.84162,1.84243,1.20,3.04
2011.02.28 11:40:39.618,1.84154,1.84237,2.40,1.77
2011.02.28 11:40:42.690,1.84162,1.84243,1.20,3.04
2011.02.28 11:40:49.861,1.84162,1.84243,1.20,2.37
2011.02.28 11:40:49.972,1.84154,1.84237,2.78,1.54
2011.02.28 11:40:50.080,1.84154,1.84229,1.58,1.20
2011.02.28 11:40:54.984,1.84149,1.84229,1.95,1.20
2011.02.28 11:40:55.888,1.84149,1.84229,1.95,1.35
2011.02.28 11:40:55.998,1.84149,1.84229,1.20,1.73
2011.02.28 11:40:56.109,1.84144,1.84222,1.39,1.20
2011.02.28 11:40:59.388,1.84149,1.84229,1.20,1.73
2011.02.28 11:40:59.719,1.84137,1.84216,1.20,1.20
2011.02.28 11:41:00.049,1.8414,1.84223,1.20,1.47
2011.02.28 11:41:00.529,1.84143,1.84223,1.39,1.28
2011.02.28 11:41:02.120,1.84148,1.8423,1.39,1.77
2011.02.28 11:41:02.228,1.84148,1.8423,1.39,1.92
2011.02.28 11:41:02.598,1.84148,1.8423,1.39,1.77
2011.02.28 11:41:04.361,1.84148,1.8423,1.39,1.92
2011.02.28 11:41:06.483,1.84148,1.84229,1.39,1.09
2011.02.28 11:41:11.041,1.84141,1.84222,1.20,2.14
2011.02.28 11:41:11.151,1.84136,1.84217,1.20,1.58
2011.02.28 11:41:11.370,1.84141,1.84222,1.20,2.14
2011.02.28 11:41:12.938,1.84135,1.84217,1.20,1.58
2011.02.28 11:41:16.938,1.84135,1.84217,1.20,1.58
2011.02.28 11:41:17.543,1.84135,1.84217,1.20,1.88
2011.02.28 11:41:17.758,1.84124,1.84203,1.58,1.28
2011.02.28 11:41:17.978,1.84128,1.84209,1.20,1.54
2011.02.28 11:41:18.198,1.84125,1.84202,1.20,1.28
2011.02.28 11:41:18.418,1.84123,1.84202,1.58,1.28
2011.02.28 11:41:18.929,1.84128,1.84209,1.20,1.54
2011.02.28 11:41:20.721,1.84123,1.84202,1.58,1.28
2011.02.28 11:41:22.808,1.84123,1.84202,1.58,1.28
2011.02.28 11:41:23.358,1.84123,1.84202,1.58,1.28
2011.02.28 11:41:24.818,1.84123,1.84202,1.58,1.28
2011.02.28 11:41:25.319,1.84123,1.84202,1.58,1.28
2011.02.28 11:41:26.848,1.84123,1.84202,1.20,1.65
2011.02.28 11:41:27.939,1.84136,1.84212,1.20,1.69
2011.02.28 11:41:29.059,1.84136,1.84212,1.20,1.69
2011.02.28 11:41:29.168,1.84128,1.84211,2.40,2.14
2011.02.28 11:41:29.498,1.84136,1.84212,1.20,1.69
2011.02.28 11:41:35.041,1.84143,1.84222,1.20,1.09
2011.02.28 11:41:35.368,1.84149,1.84223,1.20,1.02
2011.02.28 11:41:35.589,1.84143,1.84223,1.20,1.02
2011.02.28 11:41:36.880,1.84149,1.84229,1.20,2.14
2011.02.28 11:41:36.991,1.84149,1.84229,1.20,1.77
2011.02.28 11:41:37.489,1.84135,1.84217,1.39,1.20
2011.02.28 11:41:37.961,1.84142,1.84222,1.39,1.47
2011.02.28 11:41:38.509,1.84135,1.84217,1.39,1.35
2011.02.28 11:41:38.983,1.84135,1.84217,1.39,1.20
2011.02.28 11:41:40.049,1.84135,1.84217,1.39,1.35
2011.02.28 11:41:41.321,1.84135,1.84217,1.20,1.84
2011.02.28 11:41:41.541,1.84128,1.8421,1.77,1.69
2011.02.28 11:41:43.839,1.84128,1.8421,1.77,1.69
2011.02.28 11:41:44.509,1.84135,1.84216,1.20,1.84
2011.02.28 11:41:44.621,1.84135,1.84217,1.20,1.54
2011.02.28 11:41:46.580,1.84135,1.84217,1.20,1.62
2011.02.28 11:41:46.800,1.84129,1.84209,1.58,1.54
2011.02.28 11:41:48.099,1.84129,1.84209,1.58,1.54
2011.02.28 11:41:48.369,1.84129,1.84209,1.20,1.92
2011.02.28 11:41:50.310,1.84122,1.84189,1.20,1.39
2011.02.28 11:41:50.419,1.84115,1.84198,1.95,2.14
2011.02.28 11:41:51.148,1.84115,1.84198,1.95,2.44
2011.02.28 11:41:51.629,1.84115,1.84198,2.14,1.20
2011.02.28 11:41:51.740,1.84115,1.84198,2.14,1.50
2011.02.28 11:41:52.639,1.84116,1.84197,2.14,1.20
2011.02.28 11:41:52.748,1.84123,1.84202,1.20,1.28
2011.02.28 11:41:52.859,1.84123,1.84202,1.20,1.43
2011.02.28 11:41:53.189,1.84123,1.84202,1.20,1.28
2011.02.28 11:41:54.925,1.84123,1.84202,1.20,1.35
2011.02.28 11:41:55.369,1.84116,1.84196,2.14,1.28
2011.02.28 11:41:59.771,1.84116,1.84196,1.39,2.03
2011.02.28 11:42:01.400,1.84109,1.84189,1.39,2.14
2011.02.28 11:42:09.438,1.84109,1.84183,1.20,1.32
2011.02.28 11:42:09.551,1.84109,1.84185,1.39,1.73
2011.02.28 11:42:09.880,1.84101,1.84177,1.20,2.14
2011.02.28 11:42:10.109,1.84095,1.84177,1.39,2.14
2011.02.28 11:42:10.710,1.84095,1.84177,1.39,2.14
2011.02.28 11:42:11.249,1.84095,1.84177,1.39,2.14
2011.02.28 11:42:11.800,1.84101,1.84182,1.39,1.95
2011.02.28 11:42:12.348,1.84102,1.84185,1.39,2.10
2011.02.28 11:42:13.042,1.84108,1.8419,1.39,1.95
2011.02.28 11:42:14.022,1.84102,1.84183,1.20,1.02
2011.02.28 11:42:14.131,1.84098,1.84176,1.20,1.95
2011.02.28 11:42:14.239,1.84096,1.84176,1.20,1.95
2011.02.28 11:42:14.569,1.84096,1.84176,1.20,3.38
2011.02.28 11:42:15.118,1.84083,1.84163,3.34,1.28
2011.02.28 11:42:15.620,1.84096,1.84176,1.20,2.10
2011.02.28 11:42:16.171,1.84096,1.84176,1.20,1.95
2011.02.28 11:42:16.279,1.84102,1.84182,1.20,1.02
2011.02.28 11:42:17.700,1.84103,1.84185,1.39,2.03
2011.02.28 11:42:18.470,1.84109,1.84189,1.20,2.10
2011.02.28 11:42:23.091,1.84109,1.84189,1.20,1.58
2011.02.28 11:42:23.309,1.84109,1.84189,1.20,1.88
2011.02.28 11:42:27.706,1.84109,1.84189,1.20,1.58
2011.02.28 11:42:37.058,1.84109,1.84189,1.20,1.58
2011.02.28 11:42:37.999,1.84103,1.84184,1.77,1.20
2011.02.28 11:42:38.328,1.84109,1.84189,1.20,1.58
2011.02.28 11:42:39.860,1.84109,1.84189,1.20,1.88
2011.02.28 11:42:40.410,1.84102,1.84185,1.77,1.35
2011.02.28 11:42:43.718,1.84109,1.84189,1.20,1.88
2011.02.28 11:42:44.788,1.84109,1.84189,1.20,1.58
2011.02.28 11:42:47.049,1.84109,1.84189,1.20,1.20
2011.02.28 11:42:50.799,1.84117,1.84189,1.20,1.20
2011.02.28 11:42:51.189,1.84122,1.84197,1.20,1.09
2011.02.28 11:42:51.520,1.84122,1.84203,1.39,2.03
2011.02.28 11:42:51.850,1.84135,1.84213,1.20,1.09
2011.02.28 11:42:53.552,1.84135,1.84207,1.20,1.02
2011.02.28 11:42:53.771,1.84128,1.84211,1.39,2.14
2011.02.28 11:42:53.990,1.84136,1.84212,1.20,1.09
2011.02.28 11:42:55.700,1.84136,1.84207,1.20,1.09
2011.02.28 11:42:55.809,1.84129,1.8421,1.39,2.14
2011.02.28 11:42:57.029,1.84129,1.8421,1.39,1.39
2011.02.28 11:42:58.270,1.84136,1.84215,1.20,1.02
2011.02.28 11:43:00.153,1.84129,1.84202,1.39,1.28
2011.02.28 11:43:03.179,1.84123,1.842,1.20,1.09
2011.02.28 11:43:03.289,1.84109,1.84189,3.34,1.20
2011.02.28 11:43:03.399,1.84109,1.84189,3.34,1.50
2011.02.28 11:43:04.268,1.84109,1.84189,2.14,1.35
2011.02.28 11:43:04.910,1.84109,1.84189,2.14,1.20
2011.02.28 11:43:05.479,1.84109,1.84189,2.14,1.50
2011.02.28 11:43:05.701,1.84109,1.84189,2.14,1.20
2011.02.28 11:43:06.205,1.84109,1.84189,2.14,1.20
2011.02.28 11:43:06.890,1.84109,1.84189,2.14,1.20
2011.02.28 11:43:07.300,1.84109,1.84189,1.39,1.95
2011.02.28 11:43:12.021,1.84117,1.84189,2.14,1.95
2011.02.28 11:43:12.550,1.84128,1.84208,1.39,1.09
2011.02.28 11:43:17.047,1.84122,1.84203,1.39,1.28
2011.02.28 11:43:18.478,1.84116,1.84197,3.34,1.20
2011.02.28 11:43:18.810,1.84117,1.84198,2.14,1.35
2011.02.28 11:43:19.249,1.84115,1.84198,1.20,1.35
2011.02.28 11:43:20.158,1.84109,1.84189,1.39,1.20
2011.02.28 11:43:23.179,1.84109,1.84189,1.20,1.20
2011.02.28 11:43:23.290,1.84109,1.84189,1.20,1.35
2011.02.28 11:43:23.858,1.84103,1.84184,1.95,1.28
2011.02.28 11:43:24.630,1.84103,1.84184,1.58,1.28
2011.02.28 11:43:25.073,1.84103,1.84184,1.58,1.47
2011.02.28 11:43:25.400,1.84095,1.84177,1.95,1.20
2011.02.28 11:43:26.479,1.84095,1.84177,1.95,1.28
2011.02.28 11:43:26.809,1.84095,1.84177,1.95,1.20
2011.02.28 11:43:27.138,1.84095,1.84177,1.20,1.95
2011.02.28 11:43:37.180,1.84095,1.84177,1.20,1.58
2011.02.28 11:43:41.309,1.84095,1.84177,1.20,2.03
2011.02.28 11:43:41.575,1.84089,1.84163,1.20,1.54
2011.02.28 11:43:41.683,1.84083,1.84163,1.58,1.84
2011.02.28 11:43:42.349,1.84075,1.84156,2.14,1.35
2011.02.28 11:43:42.958,1.84073,1.8415,1.69,1.20
2011.02.28 11:43:44.489,1.84074,1.84157,1.95,1.69
2011.02.28 11:43:45.059,1.84074,1.84157,1.95,1.69
2011.02.28 11:43:45.584,1.84074,1.84157,1.95,1.69
2011.02.28 11:43:47.220,1.84074,1.84156,1.20,1.09
2011.02.28 11:43:47.990,1.84074,1.8415,1.20,1.20
2011.02.28 11:43:48.102,1.84062,1.84142,1.39,1.43
2011.02.28 11:43:48.549,1.84057,1.84136,1.32,1.20
2011.02.28 11:43:48.990,1.84062,1.84142,1.39,1.35
2011.02.28 11:43:49.100,1.84057,1.84136,1.32,1.35
2011.02.28 11:43:51.011,1.84056,1.84136,1.77,1.54
2011.02.28 11:43:51.301,1.84058,1.84136,1.58,1.39
2011.02.28 11:43:51.408,1.84069,1.8415,1.20,2.52
2011.02.28 11:43:51.848,1.84061,1.84143,1.20,1.54
2011.02.28 11:43:52.500,1.84064,1.84143,1.39,1.35
2011.02.28 11:43:53.048,1.84062,1.84142,1.39,1.20
2011.02.28 11:43:53.650,1.84062,1.84142,1.20,1.39
2011.02.28 11:43:53.761,1.84062,1.84142,1.20,1.69
2011.02.28 11:43:53.868,1.84056,1.84136,1.58,1.20
2011.02.28 11:43:54.199,1.84061,1.84143,1.20,1.54
2011.02.28 11:43:57.129,1.84061,1.84142,1.20,1.09
2011.02.28 11:43:57.678,1.84056,1.84136,1.20,1.58
2011.02.28 11:43:57.789,1.84061,1.84142,1.20,1.09
2011.02.28 11:43:58.649,1.84054,1.84129,1.20,1.20
2011.02.28 11:43:58.759,1.84061,1.84142,1.20,1.09
2011.02.28 11:43:58.869,1.84056,1.84136,1.20,1.73
2011.02.28 11:43:59.549,1.84048,1.8413,1.39,1.50
2011.02.28 11:44:00.459,1.84055,1.84137,1.20,1.65
2011.02.28 11:44:00.751,1.84047,1.8413,1.39,1.35
2011.02.28 11:44:01.111,1.84047,1.8413,1.39,1.20
2011.02.28 11:44:01.332,1.84055,1.84137,1.20,1.88
2011.02.28 11:44:01.670,1.84047,1.8413,1.39,1.35
2011.02.28 11:44:01.947,1.84047,1.8413,1.39,1.20
2011.02.28 11:44:06.002,1.84055,1.84137,1.20,1.73
2011.02.28 11:44:06.928,1.84055,1.84137,1.20,1.58
2011.02.28 11:44:07.680,1.84055,1.84137,1.20,1.80
2011.02.28 11:44:07.899,1.84043,1.84123,1.77,1.47
2011.02.28 11:44:08.559,1.84047,1.8413,1.20,2.14
2011.02.28 11:44:09.000,1.8405,1.8413,1.39,1.20
2011.02.28 11:44:09.111,1.84056,1.84136,1.20,1.73
2011.02.28 11:44:09.440,1.84048,1.84129,1.39,1.20
2011.02.28 11:44:11.899,1.84056,1.84136,1.20,1.73
2011.02.28 11:44:14.278,1.8405,1.84129,1.39,1.20
2011.02.28 11:44:15.518,1.84056,1.84136,1.20,1.73
2011.02.28 11:44:16.569,1.84047,1.8413,1.39,1.20
2011.02.28 11:44:17.189,1.84047,1.8413,1.39,1.58
2011.02.28 11:44:19.312,1.84047,1.8413,1.39,1.73
2011.02.28 11:44:19.529,1.84047,1.8413,1.39,1.58
2011.02.28 11:44:19.750,1.84043,1.84123,2.14,1.35
2011.02.28 11:44:22.881,1.84043,1.84123,1.20,1.54
2011.02.28 11:44:23.482,1.84034,1.84117,1.77,1.50
2011.02.28 11:44:23.809,1.84033,1.84109,1.32,1.20
2011.02.28 11:44:26.541,1.84033,1.84109,1.32,1.50
2011.02.28 11:44:26.918,1.8403,1.84109,1.95,2.44
2011.02.28 11:44:27.028,1.84018,1.84096,1.39,1.65
2011.02.28 11:44:31.191,1.84008,1.84088,1.65,1.39
2011.02.28 11:44:31.301,1.84003,1.84083,1.95,1.20
2011.02.28 11:44:31.848,1.84003,1.84083,1.95,1.28
2011.02.28 11:44:34.819,1.84008,1.84089,1.58,1.39
2011.02.28 11:44:35.810,1.84015,1.84093,1.20,1.47
2011.02.28 11:44:36.138,1.84007,1.8409,1.58,1.39
2011.02.28 11:44:37.106,1.84007,1.8409,1.20,1.77
2011.02.28 11:44:38.001,1.84007,1.8409,1.20,1.92
2011.02.28 11:44:38.329,1.83996,1.84076,1.77,1.28
2011.02.28 11:44:39.450,1.8399,1.8407,1.69,1.20
2011.02.28 11:44:40.061,1.83995,1.84076,1.77,1.28
2011.02.28 11:44:42.549,1.8399,1.8407,1.69,1.20
2011.02.28 11:44:42.768,1.83995,1.84076,1.77,1.28
2011.02.28 11:44:47.009,1.83989,1.8407,2.14,1.58
2011.02.28 11:44:48.439,1.83989,1.8407,1.20,1.92
2011.02.28 11:44:48.659,1.83983,1.84063,1.39,1.47
2011.02.28 11:44:50.838,1.83975,1.84057,2.14,1.20
2011.02.28 11:44:53.220,1.8399,1.84069,1.20,1.54
2011.02.28 11:44:56.650,1.8399,1.84069,1.20,1.54
2011.02.28 11:44:56.869,1.83983,1.84063,1.39,1.47
2011.02.28 11:44:57.089,1.83989,1.8407,1.20,1.92
2011.02.28 11:44:57.309,1.83985,1.84064,1.20,1.47
2011.02.28 11:44:57.530,1.83981,1.84064,1.39,1.47
2011.02.28 11:44:57.641,1.83978,1.84057,1.77,1.20
2011.02.28 11:45:00.759,1.83982,1.84063,1.39,1.47
2011.02.28 11:45:00.869,1.8399,1.84066,1.20,1.47
2011.02.28 11:45:02.229,1.83983,1.84063,1.39,1.47
2011.02.28 11:45:02.820,1.83983,1.84063,1.39,1.84
2011.02.28 11:45:03.929,1.83983,1.84063,1.39,1.54
2011.02.28 11:45:04.260,1.83989,1.8407,1.20,2.07
2011.02.28 11:45:04.701,1.83981,1.84064,1.39,1.54
2011.02.28 11:45:06.161,1.83989,1.8407,1.20,2.07
2011.02.28 11:45:11.970,1.83994,1.84072,1.20,1.84
2011.02.28 11:45:12.300,1.84003,1.84083,1.20,2.14
2011.02.28 11:45:12.740,1.84007,1.8409,1.20,2.14
2011.02.28 11:45:14.581,1.84007,1.84083,1.20,1.09
2011.02.28 11:45:14.800,1.84003,1.84083,1.20,2.29
2011.02.28 11:45:17.294,1.84003,1.84083,1.20,1.47
2011.02.28 11:45:18.399,1.84003,1.84083,1.20,1.62
2011.02.28 11:45:18.621,1.83995,1.84076,1.58,1.47
2011.02.28 11:45:18.730,1.83993,1.84069,1.58,1.20
2011.02.28 11:45:20.019,1.8399,1.84069,1.95,1.20
2011.02.28 11:45:24.060,1.8399,1.84069,1.95,2.14
2011.02.28 11:45:24.608,1.83975,1.84057,2.14,1.39
2011.02.28 11:45:26.158,1.83981,1.84064,1.95,2.22
2011.02.28 11:45:26.841,1.83981,1.84064,1.95,2.22
2011.02.28 11:45:27.870,1.83981,1.84064,1.39,1.28
2011.02.28 11:45:28.089,1.83989,1.84068,1.20,1.73
2011.02.28 11:45:29.529,1.83989,1.8407,1.20,1.95
2011.02.28 11:45:29.749,1.83989,1.8407,1.20,2.25
2011.02.28 11:45:30.810,1.83982,1.84063,1.39,1.35
2011.02.28 11:45:31.678,1.83976,1.84056,2.14,1.20
2011.02.28 11:45:31.789,1.83976,1.84056,1.20,1.39
2011.02.28 11:45:32.903,1.83976,1.84056,1.20,1.47
2011.02.28 11:45:33.299,1.83976,1.84056,1.20,1.39
2011.02.28 11:45:33.519,1.83976,1.84056,1.20,1.54
2011.02.28 11:45:36.981,1.83976,1.84056,1.20,1.39
2011.02.28 11:45:37.909,1.83976,1.84056,1.20,1.47
2011.02.28 11:45:38.282,1.83976,1.84056,1.20,1.39
2011.02.28 11:45:39.578,1.83976,1.84056,1.20,1.54
2011.02.28 11:45:44.409,1.83976,1.84056,1.20,1.39
2011.02.28 11:45:48.599,1.83976,1.84056,1.28,1.77
2011.02.28 11:45:48.710,1.83994,1.84064,1.20,1.69
2011.02.28 11:45:49.089,1.84003,1.84083,1.20,2.29
2011.02.28 11:45:49.638,1.84003,1.84083,1.20,2.29
2011.02.28 11:45:55.204,1.84003,1.84083,1.20,2.29
2011.02.28 11:45:55.479,1.84003,1.84083,1.20,2.29
2011.02.28 11:46:01.240,1.84003,1.84083,1.20,2.37
2011.02.28 11:46:01.460,1.83996,1.84077,1.77,1.28
2011.02.28 11:46:05.601,1.83996,1.84077,1.77,1.20
2011.02.28 11:46:06.051,1.84003,1.84083,1.20,1.92
2011.02.28 11:46:08.251,1.84003,1.84083,2.14,1.58
2011.02.28 11:46:08.801,1.84016,1.84091,1.20,1.95
2011.02.28 11:46:15.101,1.84002,1.84084,2.14,1.58
2011.02.28 11:46:15.978,1.8401,1.84091,1.39,1.95
2011.02.28 11:46:16.880,1.84016,1.84095,1.20,1.02
2011.02.28 11:46:25.680,1.84016,1.84095,1.20,1.02
2011.02.28 11:46:25.900,1.84002,1.84084,2.14,1.58
2011.02.28 11:46:28.060,1.84016,1.84095,1.20,1.02
2011.02.28 11:46:36.984,1.84016,1.84096,1.20,1.77
2011.02.28 11:46:38.981,1.84023,1.84102,1.20,1.02
2011.02.28 11:46:39.531,1.84015,1.84097,1.39,1.77
2011.02.28 11:46:39.638,1.84023,1.84102,1.20,2.22
2011.02.28 11:46:41.890,1.84017,1.84097,1.20,1.77
2011.02.28 11:46:42.109,1.84022,1.84102,1.20,1.02
2011.02.28 11:46:58.110,1.84022,1.84101,1.20,1.69
2011.02.28 11:46:58.440,1.84022,1.84096,1.20,2.37
2011.02.28 11:46:58.548,1.84003,1.84083,1.95,1.28
2011.02.28 11:46:59.100,1.84003,1.84083,1.95,1.28
2011.02.28 11:46:59.959,1.84012,1.84083,1.20,1.28
2011.02.28 11:47:00.291,1.84016,1.84096,2.14,1.35
2011.02.28 11:47:01.402,1.84015,1.84092,1.20,1.09
2011.02.28 11:47:02.274,1.84002,1.84084,1.95,1.54
2011.02.28 11:47:04.050,1.84011,1.84092,1.20,2.14
2011.02.28 11:47:04.378,1.84016,1.84092,1.20,2.14
2011.02.28 11:47:04.489,1.8401,1.84091,1.20,2.14
2011.02.28 11:47:08.520,1.8401,1.84091,1.39,1.20
2011.02.28 11:47:08.739,1.84015,1.84097,1.20,2.29
2011.02.28 11:47:09.069,1.8401,1.84091,2.59,1.20
2011.02.28 11:47:09.752,1.8401,1.84088,1.20,1.54
2011.02.28 11:47:09.971,1.84002,1.84084,1.20,1.47
2011.02.28 11:47:14.592,1.84002,1.84084,1.20,1.84
2011.02.28 11:47:14.920,1.83992,1.84069,1.69,1.20
2011.02.28 11:47:15.741,1.83996,1.84077,1.77,1.50
2011.02.28 11:47:15.962,1.83992,1.84069,1.69,1.20
2011.02.28 11:47:16.410,1.84003,1.84076,1.20,1.35
2011.02.28 11:47:16.523,1.84003,1.84083,1.20,1.54
2011.02.28 11:47:16.629,1.84003,1.84083,1.20,1.62
2011.02.28 11:47:16.951,1.83996,1.84069,1.77,1.20
2011.02.28 11:47:17.171,1.83995,1.84076,1.39,1.28
2011.02.28 11:47:17.279,1.83995,1.84076,1.39,1.20
2011.02.28 11:47:17.389,1.83995,1.84078,1.39,1.20
2011.02.28 11:47:17.801,1.83995,1.84078,1.39,1.35
2011.02.28 11:47:19.150,1.83995,1.84078,1.39,1.20
2011.02.28 11:47:19.259,1.84002,1.84082,1.20,1.92
2011.02.28 11:47:25.482,1.84002,1.84084,1.20,1.99
2011.02.28 11:47:25.810,1.83989,1.8407,2.14,1.50
2011.02.28 11:47:26.139,1.83989,1.8407,1.20,1.69
2011.02.28 11:47:27.518,1.83989,1.8407,1.20,1.77
2011.02.28 11:47:28.291,1.83995,1.84078,1.39,1.95
2011.02.28 11:47:28.618,1.84003,1.84083,1.20,2.22
2011.02.28 11:47:31.141,1.84001,1.8406,1.20,1.20
2011.02.28 11:47:31.470,1.83983,1.84058,1.20,1.39
2011.02.28 11:47:32.020,1.83979,1.84058,1.77,1.39
2011.02.28 11:47:32.391,1.84002,1.84059,1.20,1.39
2011.02.28 11:47:32.499,1.83988,1.84046,1.20,1.20
2011.02.28 11:47:35.241,1.83981,1.84042,1.58,1.20
2011.02.28 11:47:35.939,1.83982,1.84042,1.32,1.20
2011.02.28 11:47:36.326,1.83994,1.84055,1.20,1.20
2011.02.28 11:47:36.444,1.83988,1.84046,1.39,1.20
2011.02.28 11:47:36.881,1.83982,1.84041,1.58,1.20
2011.02.28 11:47:36.991,1.83982,1.84053,1.58,1.09
2011.02.28 11:47:37.102,1.83988,1.84046,1.20,1.39
2011.02.28 11:47:37.320,1.83982,1.84041,1.20,1.20
2011.02.28 11:47:37.429,1.83988,1.84046,1.20,1.39
2011.02.28 11:47:38.209,1.83982,1.84041,1.20,1.20
2011.02.28 11:47:38.651,1.83974,1.84034,1.39,1.20
2011.02.28 11:47:39.311,1.83981,1.84042,1.20,1.28
2011.02.28 11:47:39.640,1.83987,1.84047,1.20,1.39
2011.02.28 11:47:40.600,1.83982,1.84041,1.20,1.20
2011.02.28 11:47:41.387,1.83975,1.84033,1.39,1.20
2011.02.28 11:47:41.610,1.83982,1.84041,1.20,1.20
2011.02.28 11:47:41.720,1.83975,1.84033,1.39,1.20
2011.02.28 11:47:42.323,1.83975,1.84033,1.39,1.28
2011.02.28 11:47:44.669,1.83975,1.84033,1.39,1.20
2011.02.28 11:47:46.188,1.83975,1.84033,1.20,1.20
2011.02.28 11:47:46.575,1.83968,1.84028,1.58,2.29
2011.02.28 11:47:47.129,1.83962,1.8402,1.95,1.39
2011.02.28 11:47:47.240,1.83962,1.8402,1.20,1.39
2011.02.28 11:47:51.520,1.83954,1.84015,1.39,1.20
2011.02.28 11:47:51.631,1.83961,1.84021,1.20,1.39
2011.02.28 11:47:57.209,1.83968,1.84028,1.20,2.29
2011.02.28 11:47:57.429,1.83961,1.84021,1.20,1.39
2011.02.28 11:47:58.252,1.83969,1.84027,1.20,1.54
2011.02.28 11:47:58.361,1.83962,1.8402,1.20,1.39
2011.02.28 11:47:58.909,1.83968,1.84028,1.20,2.14
2011.02.28 11:47:59.243,1.83968,1.84016,1.20,1.32
2011.02.28 11:47:59.351,1.83948,1.84007,2.14,1.20
2011.02.28 11:47:59.572,1.83962,1.8402,1.20,1.20
2011.02.28 11:47:59.790,1.83954,1.84015,1.39,1.20
2011.02.28 11:47:59.899,1.83961,1.84021,1.20,1.20
2011.02.28 11:48:00.010,1.83955,1.84014,1.39,1.20
2011.02.28 11:48:00.360,1.83955,1.84014,1.39,1.28
2011.02.28 11:48:00.579,1.83955,1.84014,1.39,1.20
2011.02.28 11:48:02.459,1.83961,1.84021,1.20,1.20
2011.02.28 11:48:03.480,1.83954,1.84015,1.39,1.20
2011.02.28 11:48:06.199,1.83955,1.84014,1.39,1.20
2011.02.28 11:48:09.562,1.83961,1.84021,1.39,1.20
2011.02.28 11:48:09.672,1.83968,1.84028,1.20,1.20
2011.02.28 11:48:10.220,1.83962,1.8402,1.39,1.20
2011.02.28 11:48:11.082,1.83968,1.84028,1.20,1.20
2011.02.28 11:48:16.649,1.83962,1.8402,1.39,1.20
2011.02.28 11:48:16.760,1.83969,1.84027,1.20,1.20
2011.02.28 11:48:17.113,1.83961,1.84021,1.39,1.20
2011.02.28 11:48:17.551,1.83968,1.84028,1.20,1.20
2011.02.28 11:48:17.660,1.83961,1.84021,1.39,1.20
2011.02.28 11:48:17.989,1.83969,1.84027,1.20,1.20
2011.02.28 11:48:20.060,1.83974,1.84034,1.20,1.39
2011.02.28 11:48:24.991,1.83974,1.84034,2.14,1.20
2011.02.28 11:48:25.210,1.83988,1.84046,1.20,1.20
2011.02.28 11:48:25.541,1.83994,1.84055,1.20,1.39
2011.02.28 11:48:29.409,1.83988,1.84046,1.20,1.20
2011.02.28 11:48:29.739,1.83995,1.84054,1.20,1.47
2011.02.28 11:48:31.100,1.83988,1.84046,1.20,1.20
2011.02.28 11:48:32.079,1.83988,1.84046,1.20,1.28
2011.02.28 11:48:32.303,1.83981,1.84042,1.39,1.35
2011.02.28 11:48:34.369,1.83974,1.84034,2.14,1.20
2011.02.28 11:48:34.592,1.83974,1.84034,1.20,1.20
2011.02.28 11:48:37.400,1.83981,1.84042,1.20,1.39
2011.02.28 11:48:37.620,1.83981,1.84042,1.39,1.20
2011.02.28 11:48:37.839,1.83988,1.84046,1.20,1.20
2011.02.28 11:48:38.224,1.83988,1.84046,1.20,1.28
2011.02.28 11:48:38.550,1.83981,1.84042,1.39,1.28
2011.02.28 11:48:39.241,1.83975,1.84033,1.20,1.20
2011.02.28 11:48:39.861,1.83982,1.84041,1.20,1.39
2011.02.28 11:48:40.344,1.83975,1.84033,1.20,1.28
2011.02.28 11:48:40.868,1.83974,1.84034,1.20,1.28
2011.02.28 11:48:40.979,1.83974,1.84034,1.20,1.20
2011.02.28 11:48:41.627,1.83974,1.84034,1.20,1.28
2011.02.28 11:48:41.990,1.83974,1.84034,1.20,1.20
2011.02.28 11:48:42.267,1.83974,1.84034,1.20,1.28
2011.02.28 11:48:42.490,1.83974,1.84034,1.20,1.20
2011.02.28 11:48:42.601,1.83974,1.84034,1.20,1.28
2011.02.28 11:48:47.359,1.83974,1.84034,1.20,1.20
2011.02.28 11:48:52.841,1.83974,1.84034,1.20,1.28
2011.02.28 11:48:53.390,1.83974,1.84034,1.20,1.20
2011.02.28 11:49:00.922,1.83974,1.84034,1.20,1.28
2011.02.28 11:49:01.032,1.83974,1.84033,1.20,1.02
2011.02.28 11:49:01.140,1.83962,1.8402,1.20,1.20
2011.02.28 11:49:11.639,1.83969,1.84027,1.20,1.39
2011.02.28 11:49:11.750,1.83969,1.84027,1.20,1.20
2011.02.28 11:49:14.451,1.83969,1.84027,1.20,1.35
2011.02.28 11:49:14.560,1.83962,1.8402,1.39,1.20
2011.02.28 11:49:15.150,1.83969,1.84027,1.20,1.20
2011.02.28 11:49:15.479,1.83974,1.84034,1.20,2.22
2011.02.28 11:49:15.589,1.83969,1.84027,1.20,1.20
2011.02.28 11:49:16.250,1.83961,1.84021,1.39,1.20
2011.02.28 11:49:19.469,1.83954,1.84015,2.14,1.20
2011.02.28 11:49:19.733,1.83962,1.8402,1.39,1.20
2011.02.28 11:49:20.711,1.83969,1.84027,1.20,1.20
2011.02.28 11:49:20.930,1.83962,1.8402,1.39,1.20
2011.02.28 11:49:21.481,1.83961,1.84021,1.39,1.20
2011.02.28 11:49:22.861,1.83961,1.84016,1.20,1.02
2011.02.28 11:49:23.081,1.83949,1.84006,1.20,1.20
2011.02.28 11:49:23.631,1.83949,1.84006,1.20,1.28
2011.02.28 11:49:24.092,1.83942,1.84001,1.77,1.20
2011.02.28 11:49:24.641,1.83935,1.83993,1.95,1.20
2011.02.28 11:49:24.861,1.83948,1.84007,1.20,1.35
2011.02.28 11:49:25.130,1.83948,1.84007,1.20,1.20
2011.02.28 11:49:25.540,1.83948,1.84007,1.20,1.35
2011.02.28 11:49:25.759,1.83941,1.84002,2.14,1.28
2011.02.28 11:49:26.420,1.83941,1.84002,1.95,2.29
2011.02.28 11:49:26.749,1.83934,1.83994,1.95,1.28
2011.02.28 11:49:26.972,1.83934,1.83994,1.95,1.20
2011.02.28 11:49:27.309,1.83934,1.83994,1.20,1.20
2011.02.28 11:49:29.211,1.83934,1.83994,1.20,1.28
2011.02.28 11:49:29.433,1.83934,1.83994,1.20,1.20
2011.02.28 11:49:30.431,1.83934,1.83994,2.14,1.20
2011.02.28 11:49:30.541,1.83949,1.84006,1.20,2.03
2011.02.28 11:49:30.791,1.83941,1.84002,1.39,1.73
2011.02.28 11:49:30.902,1.83941,1.84,1.20,1.32
2011.02.28 11:49:31.011,1.83934,1.83994,1.20,1.39
2011.02.28 11:49:31.339,1.83941,1.84,1.20,1.32
2011.02.28 11:49:31.451,1.83934,1.83994,1.20,1.39
2011.02.28 11:49:34.509,1.83928,1.83989,1.20,1.20
2011.02.28 11:49:38.062,1.83921,1.83981,1.39,1.20
2011.02.28 11:49:38.830,1.83929,1.83988,1.20,1.20
2011.02.28 11:49:39.159,1.83934,1.83994,1.20,1.47
2011.02.28 11:49:39.270,1.83928,1.83989,1.20,1.20
2011.02.28 11:49:52.170,1.83921,1.83981,1.39,1.20
2011.02.28 11:49:55.849,1.83928,1.83989,1.20,1.20
2011.02.28 11:49:56.071,1.83934,1.83994,1.20,1.39
2011.02.28 11:49:56.673,1.83929,1.83988,1.20,1.20
2011.02.28 11:49:57.040,1.83922,1.8398,1.39,1.20
2011.02.28 11:50:02.370,1.83937,1.83986,1.20,1.20
2011.02.28 11:50:04.310,1.83937,1.83986,1.39,1.20
2011.02.28 11:50:05.001,1.83937,1.83986,1.20,2.14
2011.02.28 11:50:05.110,1.83922,1.8398,2.14,2.14
2011.02.28 11:50:06.010,1.83922,1.8398,1.20,1.20
2011.02.28 11:50:10.540,1.83937,1.83986,1.20,2.14
2011.02.28 11:50:10.650,1.83937,1.83986,1.20,1.20
2011.02.28 11:50:11.202,1.83937,1.83986,2.14,1.20
2011.02.28 11:50:11.420,1.83946,1.84004,1.39,2.14
2011.02.28 11:50:14.280,1.83946,1.84004,1.39,1.20
2011.02.28 11:50:14.499,1.83952,1.84013,1.20,1.39
2011.02.28 11:50:15.062,1.83945,1.84005,1.39,1.20
2011.02.28 11:50:15.641,1.83941,1.84,2.14,1.20
2011.02.28 11:50:16.782,1.83947,1.84008,1.39,1.20
2011.02.28 11:50:17.221,1.83942,1.83999,2.14,1.20
2011.02.28 11:50:19.800,1.83955,1.84012,1.20,1.39
2011.02.28 11:50:19.911,1.83948,1.84007,1.39,1.20
2011.02.28 11:50:20.791,1.83942,1.83999,2.14,1.20
2011.02.28 11:50:21.010,1.83948,1.84007,1.39,1.20
2011.02.28 11:50:22.741,1.83948,1.84007,1.39,1.20
2011.02.28 11:50:22.960,1.83954,1.84013,1.39,1.20
2011.02.28 11:50:29.739,1.83957,1.84016,1.20,1.20
2011.02.28 11:50:33.479,1.83951,1.8401,1.39,1.20
2011.02.28 11:50:33.702,1.83958,1.84015,1.20,1.20
2011.02.28 11:50:56.661,1.83958,1.84013,1.20,1.02
2011.02.28 11:50:56.772,1.83944,1.84002,1.20,1.20
2011.02.28 11:50:57.319,1.83951,1.8401,1.20,1.39
2011.02.28 11:50:57.539,1.83951,1.8401,1.20,1.20
2011.02.28 11:50:58.020,1.83943,1.84003,1.39,1.20
2011.02.28 11:50:58.130,1.83951,1.8401,1.20,1.20
2011.02.28 11:50:58.240,1.83943,1.84003,1.39,1.20
2011.02.28 11:50:58.460,1.83951,1.8401,1.20,1.20
2011.02.28 11:50:59.479,1.83944,1.84002,1.39,1.20
2011.02.28 11:51:00.029,1.83951,1.8401,1.20,1.20
2011.02.28 11:51:01.032,1.83958,1.84015,1.20,1.65
2011.02.28 11:51:01.142,1.83943,1.84003,1.39,1.20
2011.02.28 11:51:01.471,1.83951,1.8401,1.20,1.20
2011.02.28 11:51:02.131,1.83948,1.84008,1.20,1.20
2011.02.28 11:51:10.629,1.83961,1.84021,1.20,2.14
2011.02.28 11:51:17.317,1.83961,1.84021,1.20,1.39
2011.02.28 11:51:18.810,1.83959,1.84018,1.20,1.39
2011.02.28 11:51:37.099,1.83959,1.84018,1.20,1.54
2011.02.28 11:51:37.430,1.83952,1.84012,1.20,1.58
2011.02.28 11:51:37.540,1.83945,1.84005,1.39,1.20
2011.02.28 11:51:40.769,1.83948,1.84008,1.20,1.20
2011.02.28 11:52:02.829,1.83965,1.84013,1.20,1.58
2011.02.28 11:52:03.271,1.83965,1.84013,1.39,1.58
2011.02.28 11:52:03.710,1.83974,1.84023,1.20,1.69
2011.02.28 11:52:04.274,1.83974,1.84022,1.20,1.02
2011.02.28 11:52:04.601,1.83966,1.84022,1.39,1.02
2011.02.28 11:52:04.819,1.8396,1.84018,1.20,2.14
2011.02.28 11:52:05.889,1.8396,1.84018,1.20,2.14
2011.02.28 11:52:06.220,1.83966,1.84023,1.20,1.69
2011.02.28 11:52:06.330,1.83959,1.84019,1.20,2.14
2011.02.28 11:52:06.549,1.83967,1.84026,1.20,2.14
2011.02.28 11:52:07.151,1.83967,1.84026,1.20,2.14
2011.02.28 11:52:13.001,1.83967,1.84026,1.20,1.39
2011.02.28 11:52:13.571,1.83959,1.84007,1.20,1.20
2011.02.28 11:52:13.899,1.83966,1.84012,1.20,1.20
2011.02.28 11:52:14.011,1.83949,1.84007,1.20,1.20
2011.02.28 11:52:15.678,1.83949,1.84007,1.20,1.50
2011.02.28 11:52:15.911,1.83949,1.84007,1.20,1.20
2011.02.28 11:52:21.954,1.83949,1.84007,1.20,1.50
2011.02.28 11:52:22.281,1.83942,1.84002,1.58,1.54
2011.02.28 11:52:22.801,1.83942,1.84002,1.58,1.54
2011.02.28 11:52:23.021,1.83936,1.83993,2.14,1.20
2011.02.28 11:52:23.570,1.83936,1.83993,2.14,1.20
2011.02.28 11:52:24.011,1.83936,1.83993,1.39,1.28
2011.02.28 11:52:24.340,1.83949,1.84003,1.20,1.17
2011.02.28 11:52:24.451,1.83936,1.83993,1.39,1.28
2011.02.28 11:52:24.752,1.83942,1.84002,1.20,1.77
2011.02.28 11:52:30.792,1.83942,1.84002,1.20,1.77
2011.02.28 11:52:31.216,1.83948,1.84006,1.20,1.69
2011.02.28 11:52:37.459,1.83948,1.84008,1.20,2.14
2011.02.28 11:52:48.829,1.8393,1.84007,1.32,2.14
2011.02.28 11:52:48.941,1.83925,1.84007,1.95,2.59
2011.02.28 11:52:49.519,1.83925,1.84007,1.58,2.59
2011.02.28 11:52:50.049,1.83925,1.84007,1.95,2.74
2011.02.28 11:52:53.571,1.83925,1.83996,1.95,1.09
2011.02.28 11:52:54.120,1.83912,1.83993,1.95,1.54
2011.02.28 11:52:57.279,1.83919,1.83995,1.20,1.09
2011.02.28 11:52:57.501,1.83912,1.83993,1.39,1.73
2011.02.28 11:52:57.720,1.83925,1.83996,1.20,2.10
2011.02.28 11:52:57.831,1.83912,1.83993,1.39,1.73
2011.02.28 11:52:58.399,1.83918,1.83998,1.20,1.05
2011.02.28 11:53:03.771,1.83918,1.83998,1.20,1.05
2011.02.28 11:53:07.208,1.83918,1.84001,1.20,3.45
2011.02.28 11:53:10.670,1.83925,1.84001,1.20,1.05
2011.02.28 11:53:10.779,1.83925,1.84006,1.20,1.02
2011.02.28 11:53:12.152,1.83925,1.84006,1.20,1.17
2011.02.28 11:53:12.260,1.83918,1.84001,1.20,2.10
2011.02.28 11:53:13.465,1.83918,1.84001,1.20,1.95
2011.02.28 11:53:13.573,1.83925,1.84006,1.20,1.02
2011.02.28 11:53:15.491,1.83918,1.84001,1.20,1.95
2011.02.28 11:53:15.600,1.83925,1.84006,1.20,1.09
2011.02.28 11:53:17.369,1.83925,1.84006,1.20,1.09
2011.02.28 11:53:22.691,1.83925,1.83997,1.20,1.24
2011.02.28 11:53:23.021,1.83913,1.83992,1.58,1.54
2011.02.28 11:53:27.479,1.83913,1.83992,1.20,2.29
2011.02.28 11:53:32.132,1.83913,1.83992,2.14,1.95
2011.02.28 11:53:32.462,1.83933,1.84008,1.20,1.05
2011.02.28 11:53:32.571,1.83925,1.84007,1.39,2.10
2011.02.28 11:53:32.682,1.83933,1.84008,1.20,1.05
2011.02.28 11:53:33.932,1.83926,1.84006,1.39,2.10
2011.02.28 11:53:34.153,1.83926,1.84002,1.20,2.14
2011.02.28 11:53:34.372,1.83919,1.83997,1.20,1.05
2011.02.28 11:53:35.349,1.83913,1.83992,1.39,1.73
2011.02.28 11:53:37.489,1.83913,1.83992,1.39,1.35
2011.02.28 11:53:43.530,1.83913,1.83992,1.39,1.65
2011.02.28 11:53:43.859,1.83902,1.83985,1.77,2.74
2011.02.28 11:53:44.163,1.83898,1.8398,2.14,1.20
2011.02.28 11:53:44.491,1.83906,1.83987,1.20,2.07
2011.02.28 11:53:46.271,1.83913,1.83992,1.20,2.59
2011.02.28 11:53:58.554,1.83913,1.83992,1.39,1.73
2011.02.28 11:53:58.773,1.83919,1.83996,1.20,1.09
2011.02.28 11:53:59.323,1.83918,1.83996,1.20,1.02
2011.02.28 11:53:59.915,1.83918,1.83996,1.20,1.02
2011.02.28 11:54:02.137,1.83912,1.83993,1.39,1.65
2011.02.28 11:54:03.893,1.83918,1.83996,1.20,1.02
2011.02.28 11:54:07.235,1.83918,1.84001,1.20,3.49
2011.02.28 11:54:08.923,1.83918,1.84001,1.20,3.34
2011.02.28 11:54:09.252,1.83925,1.84002,1.20,1.02
2011.02.28 11:54:17.884,1.83915,1.83993,1.39,1.28
2011.02.28 11:54:17.996,1.83926,1.84001,1.20,1.39
2011.02.28 11:54:18.482,1.83926,1.84003,1.20,1.02
2011.02.28 11:54:18.814,1.83918,1.84001,1.20,1.69
2011.02.28 11:54:21.154,1.83913,1.83992,1.77,1.35
2011.02.28 11:54:21.374,1.83913,1.83989,1.58,1.39
2011.02.28 11:54:22.161,1.83912,1.83992,1.58,1.09
2011.02.28 11:54:23.254,1.83912,1.83993,1.58,1.54
2011.02.28 11:54:24.663,1.83917,1.83993,1.20,1.54
2011.02.28 11:54:24.993,1.83936,1.83993,1.20,1.39
2011.02.28 11:54:25.487,1.83928,1.83974,1.20,1.39
2011.02.28 11:54:25.594,1.8391,1.8397,1.58,1.20
2011.02.28 11:54:26.145,1.8391,1.8397,1.58,1.20
2011.02.28 11:54:27.297,1.8391,1.8397,1.20,1.20
2011.02.28 11:54:30.983,1.83917,1.83978,1.20,1.77
2011.02.28 11:54:33.515,1.83917,1.83978,1.20,1.92
2011.02.28 11:54:33.772,1.8391,1.8397,1.20,1.20
2011.02.28 11:54:37.833,1.83918,1.83977,1.20,1.77
2011.02.28 11:54:50.786,1.83918,1.83977,1.20,1.20
2011.02.28 11:54:50.894,1.83924,1.83983,1.20,1.65
2011.02.28 11:54:52.361,1.83918,1.83977,1.20,1.20
2011.02.28 11:54:52.694,1.83911,1.83969,1.20,1.20
2011.02.28 11:54:53.023,1.83917,1.83978,1.20,2.14
2011.02.28 11:54:54.123,1.83917,1.83978,1.20,1.20
2011.02.28 11:54:54.343,1.83924,1.83983,1.20,1.65
2011.02.28 11:54:54.453,1.83917,1.83978,1.20,1.20
2011.02.28 11:54:55.223,1.83924,1.83983,1.20,1.65
2011.02.28 11:54:57.226,1.83924,1.83983,1.20,1.28
2011.02.28 11:55:05.343,1.83924,1.83983,1.20,1.35
2011.02.28 11:55:12.593,1.83924,1.83983,1.20,1.20
2011.02.28 11:55:19.033,1.83925,1.83982,1.20,1.20
2011.02.28 11:55:26.944,1.83925,1.83982,1.20,2.14
2011.02.28 11:55:27.164,1.83925,1.83982,1.20,1.39
2011.02.28 11:55:27.385,1.83917,1.83978,1.39,1.20
2011.02.28 11:55:27.493,1.83924,1.83983,1.20,1.54
2011.02.28 11:55:27.986,1.83924,1.83976,1.20,1.02
2011.02.28 11:55:28.203,1.8391,1.8397,1.20,1.39
2011.02.28 11:55:28.874,1.83918,1.83977,1.20,2.14
2011.02.28 11:55:29.314,1.83918,1.83977,1.20,1.20
2011.02.28 11:55:29.423,1.83924,1.83983,1.20,1.28
2011.02.28 11:55:32.394,1.83924,1.83982,1.20,1.02
2011.02.28 11:55:32.502,1.8391,1.8397,1.20,1.39
2011.02.28 11:55:33.785,1.83917,1.83978,1.20,2.14
2011.02.28 11:55:35.963,1.83911,1.83969,1.20,1.20
2011.02.28 11:55:36.564,1.83917,1.83978,1.20,2.14
2011.02.28 11:55:38.364,1.83917,1.83978,1.39,1.20
2011.02.28 11:55:38.474,1.83924,1.83983,1.20,1.84
2011.02.28 11:55:47.372,1.83924,1.83983,1.20,1.47
2011.02.28 11:55:47.923,1.83924,1.83983,1.20,1.39
2011.02.28 11:55:49.415,1.83931,1.83983,1.20,1.39
2011.02.28 11:55:49.524,1.83924,1.83983,1.20,1.39
2011.02.28 11:55:56.255,1.83929,1.83986,1.20,1.39
2011.02.28 11:55:56.985,1.83929,1.83986,1.39,1.20
2011.02.28 11:55:57.095,1.83934,1.83995,1.20,1.77
2011.02.28 11:55:57.204,1.83942,1.84,1.20,2.14
2011.02.28 11:55:57.424,1.83942,1.84,1.20,1.77
2011.02.28 11:55:57.754,1.83942,1.83993,1.20,1.09
2011.02.28 11:55:57.863,1.83917,1.83975,1.58,1.39
2011.02.28 11:55:58.473,1.83917,1.83975,1.58,1.39
2011.02.28 11:56:00.215,1.83917,1.83975,1.58,1.54
2011.02.28 11:56:01.317,1.83911,1.8397,1.95,1.20
2011.02.28 11:56:01.757,1.83911,1.83969,1.95,1.09
2011.02.28 11:56:01.866,1.83903,1.83963,1.20,1.54
2011.02.28 11:56:03.189,1.83885,1.83907,1.39,1.20
2011.02.28 11:56:03.414,1.83885,1.83907,1.20,1.20
2011.02.28 11:56:03.526,1.83846,1.83893,2.14,1.20
2011.02.28 11:56:03.635,1.83871,1.83917,2.14,1.20
2011.02.28 11:56:03.965,1.83882,1.83931,2.14,1.95
2011.02.28 11:56:04.294,1.8389,1.83949,1.39,2.14
2011.02.28 11:56:04.964,1.8389,1.83949,1.20,2.14
2011.02.28 11:56:11.864,1.83884,1.83943,1.20,1.39
2011.02.28 11:56:12.083,1.8389,1.83949,1.20,2.14
2011.02.28 11:56:12.684,1.83891,1.83948,1.20,1.69
2011.02.28 11:56:12.965,1.83883,1.83944,1.20,1.54
2011.02.28 11:56:16.585,1.83891,1.83948,1.20,1.39
2011.02.28 11:56:16.913,1.83883,1.83944,1.20,1.54
2011.02.28 11:56:18.334,1.83883,1.83943,1.20,1.09
2011.02.28 11:56:18.665,1.83883,1.83944,1.20,1.20
2011.02.28 11:56:19.145,1.83898,1.83956,1.20,2.14
2011.02.28 11:56:19.475,1.83898,1.83913,1.20,1.32
2011.02.28 11:56:19.583,1.83869,1.83902,1.20,1.20
2011.02.28 11:56:19.695,1.83852,1.83902,1.95,1.20
2011.02.28 11:56:19.803,1.83841,1.83889,1.95,1.39
2011.02.28 11:56:19.914,1.83841,1.83889,1.58,1.39
2011.02.28 11:56:20.024,1.83841,1.83889,1.58,3.34
2011.02.28 11:56:20.133,1.83824,1.83883,1.95,2.14
2011.02.28 11:56:20.244,1.83824,1.83883,2.89,1.20
2011.02.28 11:56:20.353,1.83841,1.83889,1.20,1.39
2011.02.28 11:56:26.669,1.83828,1.83864,1.58,2.14
2011.02.28 11:56:26.784,1.83834,1.83865,1.20,1.95
2011.02.28 11:56:26.895,1.83809,1.83846,2.14,1.20
2011.02.28 11:56:27.005,1.83833,1.83882,1.20,2.14
2011.02.28 11:56:27.113,1.83818,1.83875,1.20,2.14
2011.02.28 11:56:27.335,1.8381,1.83871,2.14,1.20
2011.02.28 11:56:27.554,1.83826,1.83876,1.39,1.39
2011.02.28 11:56:27.773,1.8382,1.83868,1.20,2.14
2011.02.28 11:56:28.103,1.83826,1.83876,1.20,1.39
2011.02.28 11:56:29.993,1.83833,1.83882,1.20,2.14
2011.02.28 11:56:30.214,1.83826,1.83876,1.20,1.39
2011.02.28 11:56:30.434,1.83834,1.83881,1.20,2.14
2011.02.28 11:56:30.543,1.83827,1.83875,1.20,1.39
2011.02.28 11:56:30.654,1.83834,1.83881,1.20,2.14
2011.02.28 11:56:30.873,1.83826,1.83876,1.20,1.39
2011.02.28 11:56:30.984,1.83834,1.83881,1.20,2.14
2011.02.28 11:56:32.333,1.8383,1.83879,1.20,2.14
2011.02.28 11:56:38.443,1.8383,1.83879,2.14,1.20
2011.02.28 11:56:38.666,1.83837,1.83886,1.20,1.39
2011.02.28 11:56:38.993,1.83831,1.83878,1.39,1.20
2011.02.28 11:56:40.455,1.83818,1.83865,1.20,1.39
2011.02.28 11:56:47.193,1.83821,1.83867,1.20,2.14
2011.02.28 11:56:55.394,1.83821,1.83867,1.39,1.20
2011.02.28 11:56:55.504,1.83825,1.83875,1.20,1.39
2011.02.28 11:57:00.645,1.83825,1.83875,1.20,1.77
2011.02.28 11:57:00.974,1.83788,1.83838,1.20,2.14
2011.02.28 11:57:01.084,1.83785,1.83849,2.14,1.32
2011.02.28 11:57:01.303,1.83802,1.83849,1.20,2.52
2011.02.28 11:57:01.524,1.83785,1.83844,1.39,2.14
2011.02.28 11:57:02.625,1.83785,1.83844,1.20,2.14
2011.02.28 11:57:02.734,1.8378,1.83837,1.20,2.14
2011.02.28 11:57:02.844,1.83777,1.83835,1.20,1.39
2011.02.28 11:57:04.484,1.83784,1.83843,1.20,2.14
2011.02.28 11:57:04.594,1.83784,1.83843,1.20,1.39
2011.02.28 11:57:06.535,1.83789,1.83849,1.20,2.52
2011.02.28 11:57:14.714,1.83789,1.83849,1.39,1.20
2011.02.28 11:57:14.988,1.83796,1.83856,1.20,1.39
2011.02.28 11:57:15.205,1.83789,1.83849,1.39,1.20
2011.02.28 11:57:18.475,1.83797,1.83856,1.20,1.20
2011.02.28 11:57:18.803,1.83803,1.83862,1.20,1.58
2011.02.28 11:57:21.233,1.83797,1.83856,1.20,1.20
2011.02.28 11:57:22.405,1.83803,1.83862,1.20,1.58
2011.02.28 11:57:25.485,1.83803,1.83862,1.20,1.95
2011.02.28 11:57:25.996,1.83803,1.83862,1.20,1.58
2011.02.28 11:57:26.383,1.8381,1.83869,1.20,2.14
2011.02.28 11:57:27.105,1.83816,1.8387,1.20,1.69
2011.02.28 11:57:27.215,1.83809,1.8387,1.20,1.95
2011.02.28 11:57:27.323,1.83809,1.8387,1.20,1.20
2011.02.28 11:57:29.843,1.83828,1.83878,1.20,1.77
2011.02.28 11:57:30.512,1.83836,1.83883,1.20,1.95
2011.02.28 11:57:31.245,1.83836,1.83874,1.20,1.32
2011.02.28 11:57:31.355,1.83823,1.83871,1.20,2.14
2011.02.28 11:57:31.685,1.83816,1.83866,1.20,1.39
2011.02.28 11:57:32.474,1.83823,1.83871,1.20,2.14
2011.02.28 11:57:32.824,1.83817,1.83865,1.20,1.39
2011.02.28 11:57:33.267,1.83817,1.83865,1.20,2.14
2011.02.28 11:57:33.377,1.83799,1.83846,1.20,2.14
2011.02.28 11:57:33.484,1.83792,1.83851,1.58,2.14
2011.02.28 11:57:35.133,1.83792,1.83851,1.58,1.39
2011.02.28 11:57:56.783,1.83796,1.83854,1.20,1.32
2011.02.28 11:57:57.114,1.83791,1.8384,1.20,1.39
2011.02.28 11:57:57.224,1.83791,1.8384,1.20,1.20
2011.02.28 11:57:57.333,1.83796,1.83855,1.20,1.32
2011.02.28 11:57:57.553,1.83796,1.83856,1.39,1.20
2011.02.28 11:57:57.664,1.83816,1.83863,1.20,1.77
2011.02.28 11:57:58.223,1.83822,1.83866,1.20,1.69
2011.02.28 11:57:59.164,1.83816,1.83863,1.20,2.52
2011.02.28 11:57:59.603,1.83823,1.83863,1.20,1.32
2011.02.28 11:58:03.833,1.83823,1.83871,1.20,1.95
2011.02.28 11:58:04.056,1.83829,1.83877,1.20,2.89
2011.02.28 11:58:07.306,1.83835,1.83885,1.20,2.14
2011.02.28 11:58:07.634,1.83835,1.83885,1.20,1.39
2011.02.28 11:58:07.853,1.83842,1.83889,1.20,1.32
2011.02.28 11:58:10.834,1.83835,1.83885,1.20,1.39
2011.02.28 11:58:11.484,1.83842,1.83889,1.20,1.32
2011.02.28 11:58:12.389,1.83842,1.83889,1.20,1.32
2011.02.28 11:58:12.616,1.83842,1.83889,1.20,1.32
2011.02.28 11:58:12.724,1.83823,1.83883,1.20,2.14
2011.02.28 11:58:12.834,1.83823,1.83883,1.20,2.14
2011.02.28 11:58:13.236,1.83818,1.83866,1.20,1.39
2011.02.28 11:58:14.264,1.83818,1.83866,1.20,2.14
2011.02.28 11:58:14.373,1.838,1.83857,1.95,2.14
2011.02.28 11:58:14.594,1.83802,1.83857,1.32,1.20
2011.02.28 11:58:14.924,1.83806,1.83865,1.58,2.14
2011.02.28 11:58:15.505,1.83806,1.83865,1.58,2.14
2011.02.28 11:58:17.275,1.83813,1.8387,1.20,2.14
2011.02.28 11:58:17.994,1.83805,1.83866,1.20,2.14
2011.02.28 11:58:18.566,1.83805,1.83866,1.20,2.14
2011.02.28 11:58:18.676,1.838,1.83857,1.58,1.39
2011.02.28 11:58:19.576,1.838,1.83857,1.77,1.20
2011.02.28 11:58:19.795,1.838,1.83857,1.58,1.39
2011.02.28 11:58:20.126,1.83806,1.83865,1.20,1.39
2011.02.28 11:58:20.784,1.83806,1.83865,1.20,2.14
2011.02.28 11:58:20.893,1.83799,1.83858,1.58,2.14
2011.02.28 11:58:23.036,1.83799,1.83858,1.58,2.14
2011.02.28 11:58:23.255,1.83806,1.83865,1.20,2.14
2011.02.28 11:58:23.965,1.83801,1.83849,1.58,1.20
2011.02.28 11:58:24.077,1.83781,1.83842,1.95,1.39
2011.02.28 11:58:24.184,1.83781,1.83842,1.20,1.39
2011.02.28 11:58:25.063,1.83775,1.83833,1.20,1.20
2011.02.28 11:58:29.363,1.83793,1.83842,1.20,1.39
2011.02.28 11:58:30.079,1.83793,1.83842,1.20,2.14
2011.02.28 11:58:32.404,1.83793,1.83842,1.20,2.22
2011.02.28 11:58:32.661,1.8378,1.83828,1.20,2.14
2011.02.28 11:58:38.306,1.83731,1.83806,1.77,1.32
2011.02.28 11:58:38.413,1.83744,1.83791,1.20,2.14
2011.02.28 11:58:38.524,1.83761,1.83808,1.20,1.77
2011.02.28 11:58:38.887,1.83756,1.83803,1.20,1.39
2011.02.28 11:58:38.999,1.83756,1.83803,1.20,1.20
2011.02.28 11:58:39.115,1.83762,1.83806,1.20,1.32
2011.02.28 11:58:39.334,1.83755,1.83804,1.20,1.39
2011.02.28 11:58:39.445,1.83755,1.83804,1.20,1.20
2011.02.28 11:58:39.554,1.83761,1.83817,1.20,1.69
2011.02.28 11:58:40.101,1.83761,1.83817,1.20,1.69
2011.02.28 11:58:41.803,1.83761,1.83817,1.20,1.69
2011.02.28 11:58:42.244,1.83755,1.83814,1.20,2.14
2011.02.28 11:58:42.823,1.83762,1.83817,1.20,1.69
2011.02.28 11:58:43.153,1.83762,1.83806,1.20,1.32
2011.02.28 11:58:43.374,1.83748,1.83806,1.20,1.32
2011.02.28 11:58:46.944,1.83749,1.83806,1.20,2.52
2011.02.28 11:58:47.394,1.83749,1.83803,1.20,1.02
2011.02.28 11:58:47.506,1.83735,1.83793,1.58,2.14
2011.02.28 11:58:50.237,1.83741,1.83802,1.20,1.39
2011.02.28 11:58:50.346,1.83755,1.83814,1.20,2.14
2011.02.28 11:58:50.455,1.83748,1.83807,1.20,2.14
2011.02.28 11:58:51.225,1.83754,1.83814,1.20,2.14
2011.02.28 11:58:51.335,1.83749,1.83806,1.20,2.14
2011.02.28 11:58:51.553,1.83754,1.83815,1.20,2.14
2011.02.28 11:58:51.773,1.83754,1.83815,1.20,2.14
2011.02.28 11:58:51.994,1.83749,1.83806,1.20,1.39
2011.02.28 11:58:52.434,1.83749,1.83806,1.39,1.20
2011.02.28 11:58:52.654,1.83762,1.83819,1.20,1.77
2011.02.28 11:58:52.763,1.83754,1.83815,1.20,1.39
2011.02.28 11:58:52.873,1.83761,1.8382,1.20,1.77
2011.02.28 11:58:52.985,1.83754,1.83815,1.20,1.39
2011.02.28 11:58:53.095,1.83761,1.8382,1.20,1.77
2011.02.28 11:58:53.567,1.83755,1.83814,1.20,1.39
2011.02.28 11:58:53.675,1.83761,1.8382,1.20,1.77
2011.02.28 11:58:54.006,1.83768,1.83821,1.20,1.32
2011.02.28 11:58:54.334,1.83774,1.83834,1.20,2.89
2011.02.28 11:58:54.664,1.83768,1.83828,1.20,2.14
2011.02.28 11:58:55.998,1.83782,1.83828,1.32,1.20
2011.02.28 11:58:56.323,1.838,1.83848,1.20,2.14
2011.02.28 11:58:57.456,1.838,1.83848,1.20,2.14
2011.02.28 11:58:57.983,1.83799,1.83849,1.20,2.14
2011.02.28 11:58:59.025,1.83799,1.83849,1.20,2.14
2011.02.28 11:58:59.354,1.83806,1.83853,1.20,2.14
2011.02.28 11:58:59.806,1.83799,1.83849,1.20,2.14
2011.02.28 11:59:00.357,1.83799,1.83849,1.39,1.20
2011.02.28 11:59:00.464,1.83806,1.83853,1.20,1.39
2011.02.28 11:59:00.793,1.83812,1.83862,1.20,2.14
2011.02.28 11:59:02.856,1.83812,1.83862,1.20,2.14
2011.02.28 11:59:02.964,1.83805,1.83854,1.20,2.14
2011.02.28 11:59:03.487,1.83805,1.83854,1.39,1.20
2011.02.28 11:59:03.696,1.8382,1.83866,1.20,2.52
2011.02.28 11:59:05.584,1.8382,1.83865,1.20,1.32
2011.02.28 11:59:09.366,1.83813,1.83861,1.20,2.14
2011.02.28 11:59:09.478,1.83805,1.83854,1.20,2.14
2011.02.28 11:59:10.108,1.83819,1.83865,1.20,2.14
2011.02.28 11:59:10.775,1.83819,1.83867,1.20,2.14
2011.02.28 11:59:10.885,1.83812,1.83862,1.20,2.14
2011.02.28 11:59:13.235,1.83812,1.83862,1.20,2.29
2011.02.28 11:59:13.456,1.83792,1.83841,1.95,2.14
2011.02.28 11:59:13.567,1.83792,1.83841,2.14,2.14
2011.02.28 11:59:13.895,1.83802,1.8386,1.32,2.14
2011.02.28 11:59:14.117,1.83812,1.83862,1.20,2.14
2011.02.28 11:59:14.504,1.83807,1.83854,1.20,2.14
2011.02.28 11:59:14.835,1.83801,1.83849,1.58,2.14
2011.02.28 11:59:15.056,1.83782,1.83841,1.95,2.14
2011.02.28 11:59:15.167,1.83787,1.83847,1.95,2.14
2011.02.28 11:59:15.275,1.83806,1.83855,1.20,2.14
2011.02.28 11:59:15.494,1.83794,1.83846,1.69,1.39
2011.02.28 11:59:15.604,1.83788,1.83846,1.95,2.14
2011.02.28 11:59:15.713,1.83788,1.83846,1.95,2.14
2011.02.28 11:59:16.046,1.83806,1.83855,1.20,1.39
2011.02.28 11:59:18.895,1.83806,1.83855,1.20,2.14
2011.02.28 11:59:19.236,1.8382,1.83868,1.20,2.14
2011.02.28 11:59:19.835,1.83814,1.83862,1.20,2.14
2011.02.28 11:59:21.705,1.83789,1.83842,1.58,2.14
2011.02.28 11:59:21.813,1.83777,1.83825,1.95,2.14
2011.02.28 11:59:22.038,1.83777,1.83825,2.14,1.20
2011.02.28 11:59:22.145,1.83795,1.83842,1.20,1.20
2011.02.28 11:59:22.693,1.83796,1.83843,1.20,1.20
2011.02.28 11:59:22.804,1.83796,1.83843,1.20,2.14
2011.02.28 11:59:22.915,1.83796,1.83843,1.20,1.20
2011.02.28 11:59:23.024,1.83782,1.83831,1.95,1.20
2011.02.28 11:59:23.136,1.83789,1.83838,1.58,1.20
2011.02.28 11:59:23.734,1.83788,1.83836,1.58,1.20
2011.02.28 11:59:24.325,1.83796,1.83843,1.20,1.20
2011.02.28 11:59:26.195,1.83796,1.83843,1.20,2.14
2011.02.28 11:59:26.525,1.8379,1.83837,1.58,2.14
2011.02.28 11:59:28.075,1.83787,1.83837,1.20,2.14
2011.02.28 11:59:34.266,1.83783,1.8383,1.20,1.20
2011.02.28 11:59:34.594,1.83783,1.8383,1.20,2.14
2011.02.28 11:59:36.705,1.83783,1.8383,1.39,1.20
2011.02.28 11:59:36.924,1.83782,1.83831,1.20,2.14
2011.02.28 11:59:40.266,1.83787,1.83837,1.20,2.14
2011.02.28 11:59:41.105,1.83787,1.83837,1.20,2.14
2011.02.28 11:59:43.044,1.83783,1.8383,1.20,1.39
2011.02.28 11:59:43.455,1.83788,1.83836,1.20,2.14
2011.02.28 11:59:43.785,1.83796,1.83843,1.20,2.14
2011.02.28 11:59:44.225,1.83788,1.83836,1.20,2.14
2011.02.28 11:59:44.446,1.83783,1.8383,1.20,1.39
2011.02.28 11:59:44.885,1.83787,1.83837,1.20,2.14
2011.02.28 11:59:45.214,1.83796,1.83843,1.20,2.14
2011.02.28 11:59:45.654,1.83787,1.83837,1.20,2.14
2011.02.28 11:59:46.344,1.83783,1.8383,1.20,1.39
2011.02.28 11:59:47.345,1.83788,1.83836,1.20,2.14
2011.02.28 11:59:52.425,1.83782,1.83831,1.20,1.39
2011.02.28 11:59:52.755,1.83788,1.83836,1.20,1.20
2011.02.28 11:59:52.864,1.83788,1.83836,1.20,2.14
2011.02.28 11:59:53.083,1.83783,1.8383,1.20,1.39
2011.02.28 11:59:53.304,1.83788,1.83836,1.20,2.14
2011.02.28 11:59:53.489,1.83783,1.8383,1.20,1.39
2011.02.28 11:59:53.587,1.83787,1.83832,1.20,1.02
2011.02.28 11:59:53.805,1.83774,1.83824,1.20,1.20
2011.02.28 11:59:54.025,1.83783,1.8383,1.20,1.39
2011.02.28 11:59:54.995,1.83783,1.8383,1.20,2.14
2011.02.28 11:59:55.215,1.83769,1.83817,1.58,2.14
2011.02.28 11:59:55.544,1.83774,1.83832,1.20,2.14
2011.02.28 11:59:55.984,1.83774,1.83834,2.14,1.39
2011.02.28 11:59:56.094,1.83793,1.83842,1.20,2.14
2011.02.28 11:59:56.592,1.83775,1.83833,1.20,2.14
2011.02.28 11:59:56.710,1.83794,1.83841,1.20,2.14
2011.02.28 11:59:56.936,1.83775,1.83833,1.20,2.14
2011.02.28 11:59:57.045,1.83775,1.83833,2.14,1.39
2011.02.28 11:59:57.156,1.83793,1.83842,1.20,2.14
2011.02.28 11:59:57.595,1.83799,1.83848,1.20,2.14
2011.02.28 11:59:57.927,1.83793,1.83842,1.39,1.20
2011.02.28 11:59:58.036,1.83793,1.83842,1.20,2.14
2011.02.28 11:59:58.946,1.83793,1.83842,1.20,2.14
2011.02.28 11:59:59.163,1.83799,1.83848,1.20,2.14
2011.02.28 11:59:59.494,1.83806,1.83853,1.20,1.32
2011.02.28 11:59:59.964,1.838,1.83847,1.20,2.14
