2012.10.29 06:00:01.228,1.57424,1.57457,1.73,1.50
2012.10.29 06:00:03.151,1.57426,1.57459,1.50,1.50
2012.10.29 06:00:03.270,1.57426,1.57459,2.48,1.50
2012.10.29 06:00:03.661,1.57433,1.57459,1.73,1.50
2012.10.29 06:00:03.720,1.57435,1.57467,1.50,1.50
2012.10.29 06:00:03.780,1.57435,1.57469,1.50,1.50
2012.10.29 06:00:03.841,1.57435,1.57469,1.73,1.50
2012.10.29 06:00:04.410,1.57436,1.57469,1.73,1.50
2012.10.29 06:00:07.881,1.57435,1.57467,1.73,1.50
2012.10.29 06:00:08.060,1.57434,1.57467,1.50,1.50
2012.10.29 06:00:08.231,1.57433,1.57463,1.50,1.50
2012.10.29 06:00:09.202,1.57427,1.57462,2.48,1.50
2012.10.29 06:00:12.515,1.57427,1.57462,2.48,1.50
2012.10.29 06:00:13.500,1.57427,1.57462,2.48,1.50
2012.10.29 06:00:16.593,1.57427,1.57462,2.48,1.50
2012.10.29 06:00:22.522,1.57427,1.57462,2.25,1.50
2012.10.29 06:00:28.471,1.57427,1.57461,2.25,1.50
2012.10.29 06:00:28.710,1.57422,1.57455,1.50,1.50
2012.10.29 06:00:28.830,1.57422,1.57455,1.50,1.50
2012.10.29 06:00:29.118,1.57422,1.57455,1.50,1.50
2012.10.29 06:00:29.181,1.57426,1.57456,1.50,1.50
2012.10.29 06:00:29.240,1.57426,1.57456,1.50,1.50
2012.10.29 06:00:30.432,1.57426,1.57456,1.73,1.50
2012.10.29 06:00:34.061,1.5743,1.57464,1.73,1.50
2012.10.29 06:00:34.120,1.57435,1.57466,1.50,1.50
2012.10.29 06:00:34.592,1.57435,1.57466,1.50,1.50
2012.10.29 06:00:36.550,1.57427,1.57457,1.58,1.50
2012.10.29 06:00:36.738,1.57426,1.57457,1.73,1.50
2012.10.29 06:00:44.511,1.57426,1.57457,1.73,1.50
2012.10.29 06:00:45.330,1.57426,1.57457,1.73,1.50
2012.10.29 06:00:45.521,1.57427,1.57457,2.78,1.50
2012.10.29 06:00:46.210,1.57435,1.57457,1.50,1.50
2012.10.29 06:00:54.255,1.57435,1.57466,1.50,1.50
2012.10.29 06:00:56.331,1.57435,1.57464,1.50,1.50
2012.10.29 06:00:56.451,1.57427,1.57461,1.50,1.50
2012.10.29 06:00:56.630,1.57427,1.57461,1.50,1.50
2012.10.29 06:00:58.733,1.57427,1.57461,1.50,1.50
2012.10.29 06:00:59.060,1.57433,1.57461,1.50,1.50
2012.10.29 06:01:01.341,1.57426,1.57461,1.50,1.50
2012.10.29 06:01:01.400,1.57426,1.57461,1.50,1.50
2012.10.29 06:01:02.611,1.57426,1.57461,1.50,1.50
2012.10.29 06:01:07.772,1.57426,1.57461,1.50,1.50
2012.10.29 06:01:12.600,1.57426,1.57461,1.73,1.50
2012.10.29 06:01:13.370,1.57426,1.57461,1.73,1.50
2012.10.29 06:01:16.750,1.57429,1.57463,1.50,1.50
2012.10.29 06:01:22.476,1.57428,1.57463,1.50,1.50
2012.10.29 06:01:25.851,1.57429,1.57463,1.50,1.50
2012.10.29 06:01:29.570,1.57427,1.57461,1.50,1.50
2012.10.29 06:01:29.701,1.57426,1.57457,1.50,1.50
2012.10.29 06:01:31.701,1.57425,1.57457,1.50,1.50
2012.10.29 06:01:43.170,1.5742,1.57454,1.50,1.50
2012.10.29 06:01:44.690,1.57423,1.57457,1.50,1.73
2012.10.29 06:01:49.940,1.57426,1.57459,1.50,1.13
2012.10.29 06:01:56.881,1.57424,1.57458,1.50,1.50
2012.10.29 06:01:57.340,1.57417,1.57453,1.50,1.50
2012.10.29 06:02:08.001,1.57416,1.57453,1.50,1.50
2012.10.29 06:02:08.390,1.57409,1.57443,1.50,1.50
2012.10.29 06:02:08.450,1.57407,1.57439,1.73,1.50
2012.10.29 06:02:09.050,1.57406,1.57439,1.50,1.50
2012.10.29 06:02:15.132,1.57404,1.57437,1.50,1.50
2012.10.29 06:02:15.310,1.57402,1.57437,1.50,1.73
2012.10.29 06:02:17.661,1.57404,1.57439,1.50,1.73
2012.10.29 06:02:17.721,1.57404,1.57439,1.50,1.50
2012.10.29 06:02:18.005,1.57406,1.57441,1.50,1.13
2012.10.29 06:02:18.061,1.5741,1.57444,1.50,1.35
2012.10.29 06:02:38.781,1.57406,1.57441,1.50,1.88
2012.10.29 06:02:44.391,1.57404,1.57438,1.50,1.50
2012.10.29 06:02:44.511,1.57397,1.57431,1.73,1.50
2012.10.29 06:02:49.030,1.57397,1.57433,1.50,1.50
2012.10.29 06:02:49.091,1.57401,1.57437,1.50,1.73
2012.10.29 06:02:49.270,1.57401,1.57433,1.50,1.50
2012.10.29 06:02:49.390,1.57398,1.57432,1.50,1.73
2012.10.29 06:02:49.690,1.57397,1.57432,1.50,1.73
2012.10.29 06:02:50.251,1.57397,1.57432,1.50,1.73
2012.10.29 06:02:50.814,1.57398,1.57432,1.50,1.50
2012.10.29 06:02:51.362,1.57397,1.57432,1.50,1.50
2012.10.29 06:02:51.700,1.57402,1.57432,1.50,1.50
2012.10.29 06:02:54.451,1.57394,1.57424,1.73,1.50
2012.10.29 06:02:54.510,1.57394,1.57424,1.73,1.50
2012.10.29 06:03:02.801,1.57396,1.57424,1.50,1.50
2012.10.29 06:03:02.920,1.57398,1.57431,1.50,1.73
2012.10.29 06:03:02.980,1.57398,1.57431,2.25,1.73
2012.10.29 06:03:03.160,1.57398,1.57431,1.50,1.50
2012.10.29 06:03:03.410,1.57399,1.57431,1.50,1.73
2012.10.29 06:03:16.711,1.57397,1.57431,1.50,1.50
2012.10.29 06:03:23.688,1.57397,1.57429,1.50,1.50
2012.10.29 06:03:24.054,1.57393,1.57427,1.50,1.50
2012.10.29 06:03:32.410,1.57397,1.57427,1.50,1.50
2012.10.29 06:03:33.332,1.57391,1.57427,1.50,1.73
2012.10.29 06:03:36.030,1.5739,1.57427,1.50,1.73
2012.10.29 06:03:36.210,1.57385,1.5742,1.50,1.50
2012.10.29 06:03:36.458,1.57385,1.5742,1.50,1.73
2012.10.29 06:03:36.700,1.57374,1.5741,1.50,1.50
2012.10.29 06:03:46.231,1.57371,1.574,1.13,1.50
2012.10.29 06:03:46.741,1.57366,1.574,1.50,1.50
2012.10.29 06:03:46.861,1.57366,1.574,1.50,1.50
2012.10.29 06:03:46.981,1.57364,1.57392,1.13,1.50
2012.10.29 06:03:47.243,1.57364,1.57392,1.13,1.50
2012.10.29 06:03:47.800,1.57358,1.57392,1.50,1.50
2012.10.29 06:03:47.861,1.57357,1.57387,1.50,1.50
2012.10.29 06:03:48.041,1.57351,1.57387,1.88,1.50
2012.10.29 06:03:48.470,1.57351,1.57387,1.50,1.73
2012.10.29 06:03:49.573,1.57349,1.57387,2.25,1.73
2012.10.29 06:03:55.991,1.57349,1.57387,1.50,1.73
2012.10.29 06:03:56.321,1.57349,1.57387,1.50,1.73
2012.10.29 06:03:56.874,1.57347,1.57385,1.73,1.50
2012.10.29 06:03:56.931,1.57342,1.57361,1.73,1.13
2012.10.29 06:03:57.291,1.57329,1.57355,1.54,1.50
2012.10.29 06:03:57.385,1.57322,1.57355,1.54,1.50
2012.10.29 06:03:57.455,1.57333,1.57367,1.50,1.50
2012.10.29 06:03:57.521,1.57336,1.5737,1.50,1.50
2012.10.29 06:04:03.420,1.57336,1.5737,1.50,1.50
2012.10.29 06:04:03.651,1.57336,1.5737,2.48,1.50
2012.10.29 06:04:03.770,1.57336,1.5737,1.50,1.50
2012.10.29 06:04:12.875,1.57336,1.5737,1.73,1.50
2012.10.29 06:04:13.001,1.57341,1.57376,1.50,1.73
2012.10.29 06:04:13.257,1.57341,1.57374,1.50,1.50
2012.10.29 06:04:13.570,1.57341,1.57374,1.50,1.50
2012.10.29 06:04:20.551,1.57343,1.57378,1.50,1.50
2012.10.29 06:04:20.911,1.57347,1.57378,1.73,1.50
2012.10.29 06:04:21.090,1.57349,1.57383,1.73,1.88
2012.10.29 06:04:21.603,1.57348,1.57383,1.73,1.50
2012.10.29 06:04:21.722,1.57349,1.57385,1.73,1.50
2012.10.29 06:04:23.841,1.57349,1.57376,2.33,1.50
2012.10.29 06:04:26.190,1.57349,1.57383,3.08,1.50
2012.10.29 06:04:32.450,1.57349,1.57383,1.50,1.50
2012.10.29 06:04:32.642,1.57353,1.57383,1.73,1.50
2012.10.29 06:04:32.992,1.57349,1.57383,1.73,1.50
2012.10.29 06:04:33.751,1.57348,1.57383,1.73,1.50
2012.10.29 06:04:38.961,1.57346,1.57382,1.73,1.50
2012.10.29 06:04:40.019,1.57344,1.57377,1.73,1.50
2012.10.29 06:04:44.841,1.57341,1.57377,2.48,1.50
2012.10.29 06:04:45.371,1.57341,1.57377,2.48,1.50
2012.10.29 06:04:45.478,1.57341,1.57377,2.48,1.50
2012.10.29 06:04:47.302,1.57339,1.57375,1.73,1.50
2012.10.29 06:04:48.357,1.57337,1.57373,2.10,1.50
2012.10.29 06:04:48.670,1.57337,1.57369,1.13,1.50
2012.10.29 06:04:48.941,1.57337,1.57369,1.35,1.50
2012.10.29 06:04:54.687,1.57344,1.57369,1.13,1.50
2012.10.29 06:04:54.990,1.57339,1.57369,1.58,1.50
2012.10.29 06:05:02.184,1.57344,1.57369,1.13,1.50
2012.10.29 06:05:02.421,1.57342,1.57375,1.50,1.50
2012.10.29 06:05:19.470,1.57351,1.57384,1.50,1.50
2012.10.29 06:05:19.531,1.57351,1.57384,1.73,1.50
2012.10.29 06:05:22.481,1.57357,1.57384,1.50,1.50
2012.10.29 06:05:22.541,1.57357,1.57389,1.50,1.50
2012.10.29 06:05:22.844,1.57358,1.5739,1.73,1.50
2012.10.29 06:05:27.901,1.57358,1.5739,1.73,1.50
2012.10.29 06:05:27.961,1.57351,1.57383,1.25,1.50
2012.10.29 06:05:28.081,1.57345,1.57378,1.50,1.50
2012.10.29 06:05:29.171,1.57345,1.57378,1.73,1.50
2012.10.29 06:05:29.393,1.57345,1.57378,1.73,1.50
2012.10.29 06:05:46.825,1.57344,1.57377,1.50,1.50
2012.10.29 06:05:47.211,1.57336,1.57371,2.25,1.50
2012.10.29 06:05:47.289,1.57336,1.57371,2.25,1.50
2012.10.29 06:05:47.411,1.57343,1.57376,1.50,1.50
2012.10.29 06:05:47.924,1.5734,1.57374,1.50,1.50
2012.10.29 06:05:47.981,1.57337,1.57373,1.50,1.50
2012.10.29 06:05:48.110,1.5734,1.57373,1.50,1.50
2012.10.29 06:05:53.180,1.57336,1.57373,2.48,1.50
2012.10.29 06:05:53.491,1.57336,1.57373,1.73,1.50
2012.10.29 06:05:53.612,1.57337,1.57373,1.50,1.50
2012.10.29 06:05:58.580,1.57337,1.57373,2.25,1.50
2012.10.29 06:06:03.101,1.57337,1.57373,1.50,1.50
2012.10.29 06:06:03.281,1.57337,1.57373,1.50,1.50
2012.10.29 06:06:03.598,1.57339,1.57373,1.50,1.50
2012.10.29 06:06:28.812,1.57346,1.57378,1.50,1.50
2012.10.29 06:06:29.730,1.57342,1.57376,1.73,1.50
2012.10.29 06:06:29.850,1.5734,1.57376,1.50,1.50
2012.10.29 06:06:33.524,1.5734,1.57373,1.50,1.50
2012.10.29 06:06:34.611,1.57337,1.57371,2.48,1.50
2012.10.29 06:06:36.590,1.57337,1.57371,2.25,1.50
2012.10.29 06:06:37.260,1.57337,1.57371,2.25,1.50
2012.10.29 06:06:47.702,1.57337,1.57371,2.25,1.50
2012.10.29 06:06:47.880,1.57337,1.57368,2.25,1.73
2012.10.29 06:06:47.941,1.57334,1.57362,1.50,1.50
2012.10.29 06:06:55.021,1.57337,1.57362,1.50,1.50
2012.10.29 06:06:55.201,1.57337,1.57369,1.50,1.35
2012.10.29 06:06:56.919,1.57337,1.5737,1.50,1.50
2012.10.29 06:06:58.880,1.57337,1.5737,1.50,1.50
2012.10.29 06:06:59.513,1.57337,1.5737,1.50,1.50
2012.10.29 06:07:00.112,1.57337,1.5737,1.50,1.50
2012.10.29 06:07:00.231,1.57337,1.5737,1.50,1.50
2012.10.29 06:07:02.376,1.57337,1.5737,1.50,1.50
2012.10.29 06:07:02.931,1.57337,1.5737,1.50,1.50
2012.10.29 06:07:04.740,1.57337,1.5737,1.50,1.50
2012.10.29 06:07:04.800,1.57337,1.5737,1.50,1.50
2012.10.29 06:07:05.442,1.57337,1.5737,1.50,1.50
2012.10.29 06:07:08.881,1.57337,1.5737,1.50,1.50
2012.10.29 06:07:09.001,1.57337,1.5737,1.50,1.50
2012.10.29 06:07:09.312,1.57337,1.5737,1.50,1.50
2012.10.29 06:07:09.642,1.57337,1.5737,1.50,1.50
2012.10.29 06:07:10.181,1.57337,1.5737,1.50,1.50
2012.10.29 06:07:10.361,1.57337,1.5737,1.50,1.50
2012.10.29 06:07:10.960,1.57337,1.5737,1.50,1.50
2012.10.29 06:07:11.416,1.57337,1.5737,1.50,1.50
2012.10.29 06:07:13.054,1.57337,1.57362,1.50,1.50
2012.10.29 06:07:14.252,1.57337,1.57362,1.50,1.50
2012.10.29 06:07:14.941,1.57337,1.57371,2.25,1.50
2012.10.29 06:07:21.402,1.57337,1.57371,2.25,1.50
2012.10.29 06:07:22.393,1.57344,1.57371,1.50,1.50
2012.10.29 06:07:25.477,1.57347,1.57371,1.50,1.50
2012.10.29 06:07:27.471,1.57347,1.57383,1.50,1.50
2012.10.29 06:07:27.593,1.57356,1.57389,1.50,1.58
2012.10.29 06:07:28.770,1.57354,1.57385,1.50,1.50
2012.10.29 06:07:28.891,1.57346,1.57379,1.50,1.50
2012.10.29 06:07:28.950,1.57346,1.57379,1.50,1.50
2012.10.29 06:07:32.523,1.57346,1.57379,1.50,1.50
2012.10.29 06:07:42.529,1.57346,1.57379,1.50,1.50
2012.10.29 06:07:49.812,1.57346,1.57379,1.50,1.50
2012.10.29 06:07:49.870,1.57346,1.57379,1.50,1.50
2012.10.29 06:07:51.322,1.57346,1.57376,1.50,1.50
2012.10.29 06:07:57.170,1.57343,1.57376,1.50,1.50
2012.10.29 06:07:57.231,1.57341,1.57374,1.73,1.50
2012.10.29 06:07:57.290,1.57339,1.57374,1.50,2.25
2012.10.29 06:07:57.531,1.57331,1.57369,1.50,1.73
2012.10.29 06:07:57.591,1.57327,1.57358,1.88,1.50
2012.10.29 06:07:57.711,1.57324,1.57357,1.50,1.73
2012.10.29 06:08:13.461,1.57326,1.57358,1.50,1.50
2012.10.29 06:08:17.241,1.57326,1.57358,1.73,1.50
2012.10.29 06:08:17.751,1.57326,1.5736,2.48,1.50
2012.10.29 06:08:17.831,1.57326,1.57362,2.48,1.50
2012.10.29 06:08:21.441,1.57332,1.57362,1.50,1.50
2012.10.29 06:08:25.500,1.57326,1.57362,1.73,1.50
2012.10.29 06:08:25.560,1.57326,1.57362,1.50,1.50
2012.10.29 06:08:25.690,1.57325,1.57362,1.13,1.50
2012.10.29 06:08:28.281,1.57322,1.57348,1.50,1.50
2012.10.29 06:08:29.181,1.57313,1.57339,1.73,1.50
2012.10.29 06:08:29.241,1.57313,1.57339,1.50,1.50
2012.10.29 06:08:30.171,1.57313,1.57347,1.50,1.50
2012.10.29 06:08:48.131,1.5732,1.57347,1.50,1.50
2012.10.29 06:08:48.191,1.5732,1.57352,1.50,1.50
2012.10.29 06:08:48.250,1.5732,1.57354,1.50,1.50
2012.10.29 06:09:02.441,1.57318,1.57353,1.73,1.50
2012.10.29 06:09:02.922,1.57318,1.57353,1.50,1.50
2012.10.29 06:09:08.214,1.5732,1.57354,1.50,1.50
2012.10.29 06:09:08.872,1.5732,1.57354,1.50,1.50
2012.10.29 06:09:10.563,1.57319,1.57352,1.50,1.50
2012.10.29 06:09:12.395,1.57319,1.57352,1.50,1.50
2012.10.29 06:09:12.510,1.57318,1.57352,1.50,1.50
2012.10.29 06:09:13.872,1.57317,1.5735,1.50,1.50
2012.10.29 06:09:14.115,1.57309,1.57344,1.50,1.50
2012.10.29 06:09:22.581,1.57308,1.57344,1.50,1.50
2012.10.29 06:09:37.211,1.57308,1.57343,1.50,1.50
2012.10.29 06:09:37.521,1.57302,1.57337,1.50,2.10
2012.10.29 06:09:37.581,1.57302,1.57336,1.50,1.73
2012.10.29 06:09:37.641,1.57303,1.57337,1.50,1.88
2012.10.29 06:09:37.881,1.57307,1.57345,1.73,1.50
2012.10.29 06:09:42.885,1.57306,1.57343,1.50,1.50
2012.10.29 06:09:42.941,1.57303,1.57337,1.50,1.50
2012.10.29 06:09:44.072,1.573,1.57337,1.50,1.50
2012.10.29 06:09:51.251,1.57295,1.5733,1.50,1.50
2012.10.29 06:09:51.371,1.57292,1.5733,2.48,1.50
2012.10.29 06:09:56.672,1.57294,1.57327,1.50,1.50
2012.10.29 06:10:00.681,1.57289,1.57324,1.50,1.50
2012.10.29 06:10:00.741,1.57287,1.57322,1.50,1.50
2012.10.29 06:10:26.991,1.57289,1.57322,1.50,1.50
2012.10.29 06:10:30.043,1.57287,1.57322,2.25,1.50
2012.10.29 06:10:32.631,1.57287,1.57322,2.25,1.50
2012.10.29 06:10:34.270,1.57287,1.57322,1.50,1.50
2012.10.29 06:10:37.651,1.57287,1.57322,1.50,1.73
2012.10.29 06:10:46.982,1.57287,1.57321,1.50,1.73
2012.10.29 06:10:47.471,1.57287,1.57321,1.50,1.65
2012.10.29 06:10:48.390,1.57287,1.57321,1.50,1.73
2012.10.29 06:10:50.877,1.57287,1.57321,1.50,1.73
2012.10.29 06:10:50.942,1.57287,1.57321,1.50,1.73
2012.10.29 06:10:52.058,1.57287,1.57321,2.25,1.73
2012.10.29 06:10:52.372,1.57287,1.57321,2.25,1.73
2012.10.29 06:10:52.432,1.57287,1.57321,2.25,1.73
2012.10.29 06:10:52.943,1.57287,1.57321,1.50,1.50
2012.10.29 06:11:02.685,1.57287,1.57322,1.50,1.50
2012.10.29 06:11:03.362,1.57287,1.57323,2.25,1.50
2012.10.29 06:11:03.701,1.57317,1.57334,1.50,1.73
2012.10.29 06:11:03.994,1.57317,1.57349,1.50,1.50
2012.10.29 06:11:04.055,1.57315,1.57348,1.50,1.73
2012.10.29 06:11:04.412,1.57307,1.57338,1.50,1.35
2012.10.29 06:11:04.601,1.57307,1.57341,2.25,1.13
2012.10.29 06:11:04.962,1.57307,1.57346,1.73,1.50
2012.10.29 06:11:05.021,1.57314,1.57351,1.50,1.50
2012.10.29 06:11:06.951,1.57314,1.57349,1.50,1.50
2012.10.29 06:11:07.431,1.57307,1.57343,2.25,1.50
2012.10.29 06:11:13.934,1.57307,1.57341,1.50,1.50
2012.10.29 06:11:14.222,1.57308,1.57344,1.50,2.25
2012.10.29 06:11:20.221,1.57315,1.57344,1.73,1.50
2012.10.29 06:11:20.521,1.57321,1.57356,1.50,1.50
2012.10.29 06:11:20.582,1.57327,1.57363,1.50,2.48
2012.10.29 06:11:20.641,1.57327,1.57363,1.50,2.25
2012.10.29 06:11:23.382,1.57327,1.57362,1.50,1.13
2012.10.29 06:11:23.501,1.57321,1.57355,1.50,1.50
2012.10.29 06:11:41.622,1.5732,1.57354,1.50,1.50
2012.10.29 06:11:43.132,1.57321,1.57355,1.50,1.50
2012.10.29 06:11:43.431,1.57331,1.57364,1.73,1.50
2012.10.29 06:11:44.401,1.57331,1.57362,1.73,1.50
2012.10.29 06:11:44.581,1.5732,1.57355,1.50,1.50
2012.10.29 06:11:44.641,1.5732,1.57353,1.50,1.50
2012.10.29 06:11:47.931,1.57318,1.57353,1.50,1.50
2012.10.29 06:11:48.051,1.57313,1.57348,1.50,1.50
2012.10.29 06:11:48.380,1.57313,1.57348,1.50,1.50
2012.10.29 06:11:48.501,1.57313,1.57348,1.50,1.50
2012.10.29 06:11:48.622,1.57313,1.57348,1.50,1.50
2012.10.29 06:11:53.161,1.57313,1.57348,1.50,1.50
2012.10.29 06:11:54.757,1.57313,1.57348,1.50,1.50
2012.10.29 06:11:58.151,1.57314,1.57348,1.50,1.50
2012.10.29 06:11:58.271,1.5732,1.57358,1.50,1.50
2012.10.29 06:12:07.162,1.5732,1.57358,1.50,1.50
2012.10.29 06:12:07.561,1.57316,1.57349,1.50,1.50
2012.10.29 06:12:07.741,1.57314,1.57349,2.25,1.50
2012.10.29 06:12:08.062,1.57314,1.57342,1.50,1.50
2012.10.29 06:12:08.411,1.57314,1.57342,1.50,1.50
2012.10.29 06:12:08.773,1.57314,1.57335,1.73,1.50
2012.10.29 06:12:09.981,1.57309,1.57346,1.73,1.50
2012.10.29 06:12:10.270,1.5731,1.57346,1.95,1.50
2012.10.29 06:12:10.368,1.57319,1.57351,1.50,1.50
2012.10.29 06:12:10.431,1.57319,1.57354,1.50,2.25
2012.10.29 06:12:11.211,1.57319,1.57354,1.50,1.50
2012.10.29 06:12:12.129,1.57325,1.57364,1.50,2.25
2012.10.29 06:12:12.312,1.57327,1.57364,1.50,1.50
2012.10.29 06:12:28.497,1.57326,1.57364,1.50,2.25
2012.10.29 06:12:28.560,1.57322,1.57357,1.50,1.50
2012.10.29 06:12:30.761,1.57322,1.57357,1.50,1.50
2012.10.29 06:12:31.171,1.5732,1.57355,2.25,1.50
2012.10.29 06:12:31.290,1.57314,1.57351,1.73,1.50
2012.10.29 06:12:35.344,1.57314,1.57351,1.73,1.50
2012.10.29 06:12:37.982,1.57317,1.57351,1.50,1.50
2012.10.29 06:12:41.815,1.57319,1.57355,2.25,1.50
2012.10.29 06:12:41.873,1.57321,1.57355,1.73,1.50
2012.10.29 06:12:42.201,1.57321,1.57355,1.73,1.50
2012.10.29 06:12:42.527,1.57321,1.57355,1.73,1.50
2012.10.29 06:12:48.252,1.57321,1.57355,1.50,1.50
2012.10.29 06:12:49.751,1.57318,1.57353,1.50,1.50
2012.10.29 06:12:49.810,1.57317,1.57349,1.50,1.50
2012.10.29 06:12:50.641,1.57317,1.57349,1.50,1.50
2012.10.29 06:12:51.034,1.57317,1.57349,1.50,1.50
2012.10.29 06:12:52.512,1.5732,1.57349,2.33,1.50
2012.10.29 06:12:53.630,1.57317,1.57349,1.73,1.50
2012.10.29 06:12:54.611,1.57313,1.57349,1.50,1.50
2012.10.29 06:13:01.141,1.57313,1.57349,1.50,1.50
2012.10.29 06:13:02.422,1.57313,1.57349,1.50,1.50
2012.10.29 06:13:04.111,1.57313,1.57349,1.73,1.50
2012.10.29 06:13:04.290,1.57313,1.57349,1.73,1.50
2012.10.29 06:13:09.722,1.57318,1.57353,1.50,1.50
2012.10.29 06:13:09.780,1.57318,1.57354,2.25,1.50
2012.10.29 06:13:19.821,1.57319,1.57354,1.50,1.50
2012.10.29 06:13:19.941,1.57328,1.57362,1.50,1.73
2012.10.29 06:13:20.001,1.57333,1.57369,1.50,1.29
2012.10.29 06:13:20.157,1.57333,1.5737,1.73,1.50
2012.10.29 06:13:20.651,1.57334,1.5737,1.50,1.50
2012.10.29 06:13:21.010,1.57346,1.5738,1.50,1.13
2012.10.29 06:13:21.941,1.57353,1.57385,1.50,1.50
2012.10.29 06:13:22.000,1.57353,1.57389,1.50,1.73
2012.10.29 06:13:22.546,1.57353,1.57389,1.50,1.50
2012.10.29 06:13:28.452,1.57347,1.57382,1.73,1.50
2012.10.29 06:13:28.858,1.57347,1.57382,1.50,1.50
2012.10.29 06:13:29.063,1.5734,1.57379,1.73,1.50
2012.10.29 06:13:29.122,1.5734,1.57376,1.73,1.50
2012.10.29 06:13:34.752,1.5734,1.57376,1.73,1.50
2012.10.29 06:13:35.403,1.5734,1.57376,1.73,1.50
2012.10.29 06:13:38.421,1.5734,1.57374,1.50,1.50
2012.10.29 06:13:38.480,1.57338,1.57374,1.50,1.50
2012.10.29 06:13:42.601,1.5734,1.57376,1.50,1.50
2012.10.29 06:13:42.881,1.5734,1.57376,1.50,1.50
2012.10.29 06:13:44.409,1.5734,1.57376,1.73,1.50
2012.10.29 06:13:44.924,1.5734,1.57376,1.73,1.50
2012.10.29 06:13:46.241,1.5734,1.57374,1.73,1.50
2012.10.29 06:13:46.813,1.57336,1.57369,1.73,1.50
2012.10.29 06:13:49.021,1.57339,1.57377,2.48,1.50
2012.10.29 06:14:01.701,1.57339,1.57375,1.73,1.50
2012.10.29 06:14:02.206,1.57339,1.57375,1.50,1.50
2012.10.29 06:14:09.831,1.57337,1.57373,2.25,1.50
2012.10.29 06:14:09.892,1.57337,1.57372,1.50,1.50
2012.10.29 06:14:16.374,1.57337,1.57372,2.10,1.50
2012.10.29 06:14:16.491,1.57348,1.57383,1.73,2.25
2012.10.29 06:14:16.612,1.57356,1.57383,1.50,1.50
2012.10.29 06:14:17.110,1.5735,1.57383,1.73,2.25
2012.10.29 06:14:17.722,1.5735,1.57383,1.73,2.25
2012.10.29 06:14:32.602,1.5735,1.57383,1.73,2.25
2012.10.29 06:14:36.005,1.57352,1.57383,1.50,1.50
2012.10.29 06:14:36.061,1.57355,1.5739,1.50,1.50
2012.10.29 06:14:36.183,1.57356,1.57391,2.25,1.50
2012.10.29 06:14:36.246,1.57362,1.57399,1.50,1.73
2012.10.29 06:14:36.311,1.57362,1.574,2.25,1.50
2012.10.29 06:14:36.961,1.57365,1.574,1.50,1.50
2012.10.29 06:14:37.021,1.57371,1.57405,1.50,2.10
2012.10.29 06:14:43.530,1.57367,1.57403,1.50,1.50
2012.10.29 06:14:43.590,1.57365,1.574,1.50,1.50
2012.10.29 06:14:49.982,1.57367,1.574,1.50,1.50
2012.10.29 06:14:50.539,1.57367,1.574,1.73,1.50
2012.10.29 06:15:01.441,1.57367,1.574,1.50,1.50
2012.10.29 06:15:01.962,1.57367,1.574,1.50,1.50
2012.10.29 06:15:12.221,1.57367,1.574,1.73,1.50
2012.10.29 06:15:12.644,1.57369,1.574,1.73,1.50
2012.10.29 06:15:14.771,1.57373,1.57407,1.50,1.50
2012.10.29 06:15:34.797,1.57371,1.57407,1.73,1.50
2012.10.29 06:15:37.022,1.5737,1.57404,1.73,1.50
2012.10.29 06:15:37.874,1.57369,1.57404,1.73,1.50
2012.10.29 06:15:46.841,1.57369,1.57404,1.73,1.50
2012.10.29 06:15:47.475,1.57371,1.57406,1.73,1.50
2012.10.29 06:15:59.660,1.5737,1.57404,1.50,1.50
2012.10.29 06:16:01.372,1.57369,1.57404,1.50,1.50
2012.10.29 06:16:06.744,1.57368,1.57401,1.50,1.35
2012.10.29 06:16:06.921,1.57357,1.57393,1.50,2.25
2012.10.29 06:16:07.042,1.57355,1.57391,1.50,1.50
2012.10.29 06:16:12.162,1.5735,1.57384,1.50,1.50
2012.10.29 06:16:12.548,1.57346,1.5738,1.50,1.73
2012.10.29 06:16:15.328,1.57346,1.57382,2.25,1.50
2012.10.29 06:16:15.393,1.57346,1.57384,2.25,1.88
2012.10.29 06:16:15.451,1.57354,1.57384,1.50,1.13
2012.10.29 06:16:28.452,1.57355,1.57388,1.50,1.35
2012.10.29 06:16:28.572,1.57355,1.57389,1.50,1.73
2012.10.29 06:16:33.290,1.57354,1.57388,1.50,2.25
2012.10.29 06:16:33.946,1.57355,1.57388,1.50,1.50
2012.10.29 06:16:35.842,1.57356,1.57391,1.50,1.73
2012.10.29 06:16:36.037,1.57355,1.57388,1.50,1.50
2012.10.29 06:16:36.531,1.57356,1.57391,1.50,1.73
2012.10.29 06:16:38.572,1.57356,1.57391,1.50,1.73
2012.10.29 06:16:39.912,1.57356,1.57393,1.50,2.25
2012.10.29 06:16:40.784,1.57356,1.57391,1.50,1.50
2012.10.29 06:16:41.051,1.57348,1.57384,1.50,1.50
2012.10.29 06:16:42.188,1.57348,1.57383,1.50,1.50
2012.10.29 06:16:42.621,1.5735,1.57384,1.50,2.25
2012.10.29 06:16:42.681,1.57348,1.57384,1.50,2.25
2012.10.29 06:16:59.271,1.57344,1.57379,1.73,1.50
2012.10.29 06:17:19.754,1.57345,1.57379,1.73,1.50
2012.10.29 06:17:33.943,1.57347,1.57382,1.50,1.50
2012.10.29 06:17:34.001,1.5735,1.57383,1.50,1.50
2012.10.29 06:17:38.671,1.5735,1.57382,1.50,1.50
2012.10.29 06:17:40.415,1.5735,1.57384,1.50,2.48
2012.10.29 06:17:44.492,1.5735,1.57384,1.50,2.25
2012.10.29 06:17:44.631,1.5735,1.57384,1.50,2.25
2012.10.29 06:17:44.903,1.5735,1.57384,1.50,2.25
2012.10.29 06:17:46.244,1.57346,1.5738,1.50,1.50
2012.10.29 06:17:48.042,1.57344,1.57378,1.50,1.50
2012.10.29 06:17:50.042,1.57346,1.5738,1.50,1.73
2012.10.29 06:17:53.101,1.57344,1.57378,1.50,1.50
2012.10.29 06:17:53.411,1.57336,1.57373,1.50,1.50
2012.10.29 06:18:00.431,1.57336,1.57374,1.50,1.50
2012.10.29 06:18:01.474,1.57342,1.57376,1.50,2.48
2012.10.29 06:18:05.972,1.57345,1.57378,1.50,1.73
2012.10.29 06:18:08.231,1.57342,1.57376,1.50,1.73
2012.10.29 06:18:20.773,1.57338,1.57371,1.50,1.50
2012.10.29 06:18:20.893,1.57338,1.57363,1.50,1.50
2012.10.29 06:18:21.013,1.57331,1.57363,1.50,1.73
2012.10.29 06:18:21.132,1.57324,1.57358,1.50,1.50
2012.10.29 06:18:21.192,1.57324,1.57358,1.50,1.73
2012.10.29 06:18:21.672,1.57324,1.57358,1.50,1.73
2012.10.29 06:18:21.852,1.57322,1.57354,1.50,1.50
2012.10.29 06:18:22.041,1.57322,1.57347,1.50,1.50
2012.10.29 06:18:22.282,1.57317,1.57347,1.50,1.50
2012.10.29 06:18:22.341,1.57315,1.5735,1.50,1.65
2012.10.29 06:18:22.401,1.57316,1.57352,1.50,1.65
2012.10.29 06:18:22.461,1.57316,1.57352,1.50,1.50
2012.10.29 06:18:22.521,1.57323,1.57358,1.50,1.50
2012.10.29 06:18:23.554,1.57323,1.57358,1.50,1.73
2012.10.29 06:18:27.032,1.57318,1.57352,1.50,1.50
2012.10.29 06:18:44.101,1.57316,1.57348,1.50,1.50
2012.10.29 06:18:44.282,1.57308,1.57343,1.50,1.73
2012.10.29 06:19:02.491,1.57308,1.57342,1.50,1.73
2012.10.29 06:19:04.882,1.57307,1.57341,1.50,1.73
2012.10.29 06:19:06.062,1.57304,1.57338,1.50,1.73
2012.10.29 06:19:06.394,1.57298,1.57333,1.50,2.48
2012.10.29 06:19:15.591,1.57299,1.57333,1.50,2.48
2012.10.29 06:19:16.332,1.57299,1.57333,1.50,2.48
2012.10.29 06:19:17.561,1.57298,1.57332,2.25,1.73
2012.10.29 06:19:18.193,1.57298,1.57333,1.50,2.48
2012.10.29 06:19:18.612,1.57298,1.57333,1.50,2.48
2012.10.29 06:19:19.160,1.57298,1.57333,1.50,2.48
2012.10.29 06:19:22.302,1.57299,1.57333,1.50,2.48
2012.10.29 06:19:22.363,1.57299,1.57333,1.50,2.25
2012.10.29 06:19:22.561,1.57299,1.57333,1.50,2.25
2012.10.29 06:19:23.452,1.57299,1.57333,1.73,2.25
2012.10.29 06:19:24.435,1.57299,1.57333,1.50,2.25
2012.10.29 06:19:25.355,1.57299,1.57333,1.50,2.25
2012.10.29 06:19:26.770,1.57299,1.57333,1.50,2.25
2012.10.29 06:19:27.752,1.573,1.57333,1.50,1.73
2012.10.29 06:19:29.871,1.57297,1.57333,2.25,1.73
2012.10.29 06:19:29.931,1.57297,1.5733,1.50,1.50
2012.10.29 06:19:52.892,1.57297,1.5733,1.50,1.50
2012.10.29 06:19:54.314,1.57298,1.57333,1.50,1.50
2012.10.29 06:19:54.381,1.573,1.57335,1.50,1.50
2012.10.29 06:20:02.734,1.57297,1.57333,2.25,1.73
2012.10.29 06:20:02.791,1.57297,1.57331,1.50,1.50
2012.10.29 06:20:03.348,1.57295,1.57328,1.50,1.50
2012.10.29 06:20:03.472,1.57296,1.57328,1.50,1.13
2012.10.29 06:20:03.832,1.57295,1.57329,1.50,1.50
2012.10.29 06:20:06.013,1.57294,1.57328,1.50,1.50
2012.10.29 06:20:08.631,1.5729,1.57324,1.50,1.50
2012.10.29 06:20:09.142,1.57285,1.57319,1.50,1.50
2012.10.29 06:20:13.399,1.57285,1.57319,1.50,1.73
2012.10.29 06:20:13.828,1.57278,1.57311,1.50,1.13
2012.10.29 06:20:15.611,1.57276,1.57305,1.50,1.50
2012.10.29 06:20:15.672,1.57271,1.57305,1.50,1.50
2012.10.29 06:20:15.753,1.57269,1.57305,1.73,1.50
2012.10.29 06:20:15.915,1.57269,1.57305,1.73,1.50
2012.10.29 06:20:16.143,1.57261,1.57295,1.50,1.50
2012.10.29 06:20:16.297,1.57261,1.57295,1.50,1.50
2012.10.29 06:20:16.853,1.57267,1.573,1.50,1.50
2012.10.29 06:20:19.141,1.57267,1.57302,2.25,1.50
2012.10.29 06:20:19.951,1.57269,1.57302,1.50,1.50
2012.10.29 06:20:22.625,1.57267,1.57302,1.50,1.50
2012.10.29 06:20:23.651,1.57267,1.573,1.50,1.50
2012.10.29 06:20:33.362,1.57269,1.573,1.50,1.50
2012.10.29 06:20:33.483,1.57267,1.573,1.50,1.73
2012.10.29 06:20:34.402,1.57261,1.57294,1.50,1.50
2012.10.29 06:20:34.866,1.5726,1.57294,1.50,1.73
2012.10.29 06:20:35.201,1.5726,1.57294,1.50,1.73
2012.10.29 06:20:35.630,1.5726,1.57294,1.50,1.73
2012.10.29 06:20:37.181,1.5726,1.57294,1.50,1.73
2012.10.29 06:20:37.922,1.5726,1.57292,1.50,1.29
2012.10.29 06:20:38.102,1.57251,1.57285,1.50,1.73
2012.10.29 06:20:39.632,1.57252,1.57286,1.50,1.73
2012.10.29 06:20:39.816,1.57262,1.57296,1.50,1.50
2012.10.29 06:20:39.885,1.57267,1.57303,1.50,2.48
2012.10.29 06:20:39.944,1.57269,1.57303,1.50,1.73
2012.10.29 06:20:40.703,1.57275,1.57309,1.50,1.13
2012.10.29 06:20:41.322,1.57269,1.57305,1.50,1.13
2012.10.29 06:20:41.382,1.57269,1.57304,1.50,1.50
2012.10.29 06:20:42.084,1.57269,1.57305,1.50,1.13
2012.10.29 06:20:42.668,1.57277,1.57311,1.50,1.65
2012.10.29 06:20:46.792,1.57277,1.57312,1.50,2.48
2012.10.29 06:20:47.411,1.57277,1.57312,1.50,1.73
2012.10.29 06:20:48.084,1.57277,1.57312,1.50,1.73
2012.10.29 06:20:48.291,1.57277,1.57311,1.50,1.73
2012.10.29 06:20:50.672,1.57277,1.57312,1.50,1.73
2012.10.29 06:20:52.592,1.57277,1.57311,1.50,1.73
2012.10.29 06:20:53.061,1.57277,1.57311,1.50,1.35
2012.10.29 06:20:57.122,1.57277,1.57311,1.50,2.10
2012.10.29 06:20:58.096,1.57277,1.57309,1.50,1.35
2012.10.29 06:20:58.762,1.57277,1.57311,1.50,1.35
2012.10.29 06:20:58.822,1.57277,1.57311,1.50,1.35
2012.10.29 06:21:02.211,1.57277,1.57312,1.50,1.35
2012.10.29 06:21:02.544,1.57274,1.57309,1.50,1.13
2012.10.29 06:21:02.603,1.57271,1.57306,1.73,1.50
2012.10.29 06:21:02.850,1.5727,1.57306,1.73,1.50
2012.10.29 06:21:03.033,1.5727,1.57304,1.50,1.50
2012.10.29 06:21:06.272,1.57271,1.57304,1.50,1.50
2012.10.29 06:21:06.441,1.57269,1.57304,2.25,1.50
2012.10.29 06:21:07.332,1.57271,1.57304,1.50,1.50
2012.10.29 06:21:08.721,1.57273,1.57306,1.50,1.50
2012.10.29 06:21:11.362,1.57276,1.57314,2.25,2.48
2012.10.29 06:21:11.542,1.57278,1.57314,1.73,2.25
2012.10.29 06:21:12.111,1.57285,1.57319,2.25,1.13
2012.10.29 06:21:12.178,1.57293,1.57326,1.50,1.50
2012.10.29 06:21:12.363,1.57295,1.57327,1.50,1.50
2012.10.29 06:21:12.542,1.57301,1.57335,1.50,1.13
2012.10.29 06:21:13.032,1.57301,1.57335,1.50,1.35
2012.10.29 06:21:13.103,1.57295,1.57331,1.50,1.73
2012.10.29 06:21:14.431,1.57294,1.57328,1.50,1.50
2012.10.29 06:21:14.722,1.57288,1.57323,1.73,1.50
2012.10.29 06:21:14.841,1.57287,1.57323,1.50,1.73
2012.10.29 06:21:30.940,1.57287,1.57324,2.25,1.73
2012.10.29 06:21:31.533,1.57293,1.57328,1.50,1.35
2012.10.29 06:21:31.841,1.57293,1.57328,1.50,1.13
2012.10.29 06:21:40.581,1.57293,1.5733,1.50,1.73
2012.10.29 06:21:48.560,1.57293,1.57328,1.50,1.13
2012.10.29 06:21:48.683,1.57293,1.57327,1.50,1.13
2012.10.29 06:21:48.801,1.57287,1.57322,1.50,1.50
2012.10.29 06:21:48.861,1.57287,1.57322,2.25,1.50
2012.10.29 06:21:49.382,1.57286,1.57322,2.25,1.50
2012.10.29 06:21:51.026,1.57287,1.57324,1.50,1.50
2012.10.29 06:21:51.141,1.57292,1.57327,1.50,2.10
2012.10.29 06:21:53.902,1.57292,1.57324,1.50,1.35
2012.10.29 06:21:54.331,1.57292,1.57324,1.50,1.35
2012.10.29 06:22:09.902,1.57286,1.57313,2.25,1.13
2012.10.29 06:22:09.962,1.57285,1.57313,1.50,1.13
2012.10.29 06:22:10.213,1.57285,1.57317,1.50,1.35
2012.10.29 06:22:10.472,1.57291,1.57322,1.50,1.50
2012.10.29 06:22:16.821,1.57291,1.57325,1.50,2.48
2012.10.29 06:22:17.593,1.57291,1.57325,1.50,1.73
2012.10.29 06:22:18.747,1.57291,1.57325,1.50,2.48
2012.10.29 06:22:20.632,1.57291,1.57323,1.50,1.73
2012.10.29 06:22:21.033,1.57286,1.57322,1.50,1.50
2012.10.29 06:22:21.092,1.57285,1.5732,1.50,1.50
2012.10.29 06:22:22.993,1.57285,1.5732,1.50,2.10
2012.10.29 06:22:27.672,1.57285,1.5732,1.50,1.88
2012.10.29 06:22:28.723,1.57285,1.5732,2.25,1.95
2012.10.29 06:22:29.631,1.57285,1.57319,1.50,1.73
2012.10.29 06:22:29.872,1.57266,1.57303,1.50,2.10
2012.10.29 06:22:30.356,1.57274,1.5731,1.50,1.73
2012.10.29 06:22:31.353,1.57274,1.57312,2.25,2.40
2012.10.29 06:22:31.412,1.57276,1.57312,1.50,2.40
2012.10.29 06:22:31.486,1.57276,1.57312,1.50,2.25
2012.10.29 06:22:31.661,1.57276,1.57312,2.25,1.50
2012.10.29 06:22:32.102,1.57283,1.57317,2.25,1.13
2012.10.29 06:22:32.173,1.57284,1.57317,1.50,1.13
2012.10.29 06:22:32.511,1.57283,1.57317,1.50,1.13
2012.10.29 06:22:40.602,1.57283,1.57318,1.50,1.50
2012.10.29 06:22:44.582,1.57278,1.57314,1.50,1.73
2012.10.29 06:22:44.642,1.57275,1.57311,1.50,1.50
2012.10.29 06:22:44.767,1.57275,1.5731,1.50,1.50
2012.10.29 06:22:46.421,1.57275,1.5731,1.50,1.73
2012.10.29 06:22:46.543,1.57275,1.57311,1.50,1.73
2012.10.29 06:22:46.911,1.57275,1.5731,1.50,1.73
2012.10.29 06:22:48.391,1.5727,1.57303,1.50,1.50
2012.10.29 06:22:48.451,1.57268,1.57303,1.50,1.50
2012.10.29 06:22:48.511,1.57268,1.57302,1.50,1.50
2012.10.29 06:23:08.132,1.57268,1.57303,1.50,2.48
2012.10.29 06:23:08.653,1.57274,1.57304,1.50,1.50
2012.10.29 06:23:12.481,1.57277,1.57308,1.50,1.73
2012.10.29 06:23:19.063,1.57275,1.57308,1.50,1.73
2012.10.29 06:23:20.731,1.57277,1.57308,1.50,1.50
2012.10.29 06:23:22.521,1.57277,1.57308,1.50,1.50
2012.10.29 06:23:23.051,1.57275,1.57308,1.50,1.50
2012.10.29 06:23:32.482,1.57273,1.57304,1.50,1.50
2012.10.29 06:23:32.908,1.57276,1.57304,2.70,1.50
2012.10.29 06:23:33.472,1.57273,1.57304,1.50,1.50
2012.10.29 06:23:37.121,1.57273,1.57304,1.50,1.50
2012.10.29 06:23:37.991,1.57273,1.57304,1.50,1.50
2012.10.29 06:23:39.541,1.57273,1.57304,1.50,1.50
2012.10.29 06:23:42.490,1.57273,1.57304,1.50,1.50
2012.10.29 06:23:42.552,1.57276,1.57304,2.48,1.50
2012.10.29 06:23:45.452,1.57276,1.57306,3.23,1.50
2012.10.29 06:23:45.572,1.57278,1.57312,1.50,1.73
2012.10.29 06:23:45.633,1.57278,1.57314,1.50,2.48
2012.10.29 06:23:45.693,1.57278,1.57314,1.50,2.25
2012.10.29 06:23:47.125,1.57278,1.57314,2.70,2.25
2012.10.29 06:23:47.566,1.57286,1.57314,1.50,1.50
2012.10.29 06:23:48.313,1.57286,1.57314,1.50,1.50
2012.10.29 06:23:48.631,1.57286,1.57314,1.50,1.50
2012.10.29 06:23:49.885,1.57286,1.57314,1.50,1.50
2012.10.29 06:23:50.472,1.57287,1.57318,1.50,1.50
2012.10.29 06:23:50.564,1.57287,1.57321,1.50,1.50
2012.10.29 06:23:50.622,1.57287,1.57321,3.60,1.50
2012.10.29 06:23:52.525,1.57286,1.57321,1.50,1.50
2012.10.29 06:23:58.947,1.57284,1.57318,2.25,1.73
2012.10.29 06:23:59.072,1.57279,1.57314,1.50,2.25
2012.10.29 06:23:59.562,1.57282,1.57314,1.50,1.50
2012.10.29 06:24:04.601,1.57286,1.57321,1.50,1.73
2012.10.29 06:24:12.544,1.57286,1.57321,2.25,1.50
2012.10.29 06:24:18.793,1.57286,1.57321,2.25,1.50
2012.10.29 06:24:19.732,1.57286,1.57321,2.25,1.50
2012.10.29 06:24:22.094,1.57286,1.57314,1.50,1.50
2012.10.29 06:24:22.154,1.57278,1.57312,1.73,1.50
2012.10.29 06:24:22.549,1.57278,1.57312,1.73,1.50
2012.10.29 06:24:23.271,1.57285,1.57312,1.50,1.50
2012.10.29 06:24:23.574,1.57286,1.57312,1.50,1.50
2012.10.29 06:24:23.632,1.57286,1.5732,2.25,1.50
2012.10.29 06:24:23.872,1.57286,1.5732,1.50,1.50
2012.10.29 06:25:05.277,1.57286,1.57319,1.50,1.13
2012.10.29 06:25:25.022,1.5729,1.57324,1.50,1.50
2012.10.29 06:25:25.511,1.5729,1.57326,1.50,1.73
2012.10.29 06:25:26.943,1.57291,1.57327,1.50,1.73
2012.10.29 06:25:30.522,1.57291,1.57327,1.50,1.73
2012.10.29 06:25:30.643,1.57291,1.57329,1.50,2.48
2012.10.29 06:25:30.825,1.57299,1.57333,1.50,2.85
2012.10.29 06:25:31.353,1.57294,1.57325,1.50,1.50
2012.10.29 06:25:31.412,1.57291,1.57325,1.73,2.25
2012.10.29 06:25:31.907,1.57291,1.57324,1.50,1.50
2012.10.29 06:25:32.339,1.57291,1.57324,1.50,1.50
2012.10.29 06:25:33.613,1.57286,1.57324,1.50,2.25
2012.10.29 06:25:33.972,1.57277,1.57309,1.50,1.50
2012.10.29 06:25:34.274,1.57277,1.5731,2.25,1.50
2012.10.29 06:25:34.348,1.57277,1.57312,1.50,1.50
2012.10.29 06:25:34.772,1.57277,1.57313,1.50,1.50
2012.10.29 06:25:35.675,1.57281,1.57316,1.50,1.50
2012.10.29 06:25:36.084,1.57281,1.57313,1.50,1.50
2012.10.29 06:25:36.262,1.57269,1.57307,1.50,1.50
2012.10.29 06:25:56.774,1.57269,1.57307,1.50,1.50
2012.10.29 06:26:34.647,1.57269,1.57309,1.50,1.50
2012.10.29 06:26:34.712,1.57274,1.57309,1.50,1.50
2012.10.29 06:26:39.481,1.57266,1.57305,1.73,1.50
2012.10.29 06:26:39.541,1.57266,1.57303,1.50,1.50
2012.10.29 06:26:41.143,1.57266,1.57304,1.50,1.73
2012.10.29 06:26:43.891,1.57275,1.5731,1.50,1.73
2012.10.29 06:26:44.011,1.57275,1.5731,1.50,1.73
2012.10.29 06:26:44.302,1.57267,1.57303,1.50,1.50
2012.10.29 06:26:44.577,1.57268,1.57304,1.50,1.50
2012.10.29 06:26:44.872,1.57273,1.5731,1.50,2.48
2012.10.29 06:26:44.993,1.57275,1.5731,1.50,1.50
2012.10.29 06:26:45.357,1.57276,1.57312,1.50,1.50
2012.10.29 06:26:45.832,1.57276,1.57312,1.50,1.73
2012.10.29 06:26:45.892,1.57276,1.57311,1.50,1.73
2012.10.29 06:26:45.952,1.57276,1.57311,1.50,1.73
2012.10.29 06:26:46.932,1.57276,1.57311,1.50,1.73
2012.10.29 06:26:47.893,1.57276,1.57311,1.50,1.73
2012.10.29 06:26:48.012,1.57276,1.57311,1.50,1.73
2012.10.29 06:26:48.912,1.57276,1.57311,1.50,1.73
2012.10.29 06:26:49.562,1.57276,1.57311,1.50,1.73
2012.10.29 06:26:49.702,1.57276,1.57311,1.50,1.73
2012.10.29 06:26:49.822,1.57276,1.57311,1.50,1.73
2012.10.29 06:26:50.052,1.57276,1.57311,1.50,2.10
2012.10.29 06:26:50.342,1.57276,1.57311,1.50,2.10
2012.10.29 06:26:50.585,1.57276,1.57311,2.25,2.10
2012.10.29 06:26:51.091,1.57276,1.57311,2.25,1.88
2012.10.29 06:26:55.594,1.57276,1.57312,2.25,2.25
2012.10.29 06:26:55.832,1.57276,1.57311,2.25,1.50
2012.10.29 06:26:56.722,1.57276,1.57311,2.25,1.50
2012.10.29 06:26:57.293,1.57276,1.57312,2.25,1.50
2012.10.29 06:27:05.812,1.57279,1.57313,1.50,1.50
2012.10.29 06:27:09.793,1.57279,1.57313,1.50,1.50
2012.10.29 06:27:10.403,1.57279,1.57314,1.50,2.25
2012.10.29 06:27:16.222,1.57282,1.57316,1.50,2.25
2012.10.29 06:27:26.782,1.57286,1.57316,1.50,1.50
2012.10.29 06:27:27.539,1.57286,1.5732,1.50,1.73
2012.10.29 06:27:27.742,1.57286,1.57319,1.50,1.50
2012.10.29 06:27:28.399,1.57286,1.5732,1.50,1.73
2012.10.29 06:27:28.732,1.57286,1.57319,1.50,1.50
2012.10.29 06:27:28.973,1.57286,1.5732,1.50,1.50
2012.10.29 06:27:29.312,1.57286,1.57319,1.50,1.50
2012.10.29 06:27:29.714,1.57285,1.57314,1.50,1.35
2012.10.29 06:27:32.643,1.57285,1.57314,1.50,1.35
2012.10.29 06:27:34.579,1.57279,1.57311,1.50,1.73
2012.10.29 06:27:34.642,1.57276,1.57311,2.25,1.73
2012.10.29 06:27:51.932,1.57276,1.57313,1.50,1.73
2012.10.29 06:27:52.112,1.57285,1.57313,1.50,1.50
2012.10.29 06:27:52.462,1.57287,1.5732,1.50,1.50
2012.10.29 06:27:53.902,1.57285,1.5732,1.50,1.50
2012.10.29 06:27:58.534,1.5728,1.57311,1.73,1.50
2012.10.29 06:27:58.596,1.57278,1.57311,1.50,1.50
2012.10.29 06:27:59.087,1.57278,1.57316,1.50,1.50
2012.10.29 06:27:59.153,1.57286,1.5732,1.50,1.73
2012.10.29 06:28:02.556,1.57286,1.5732,1.50,1.50
2012.10.29 06:28:14.452,1.57286,1.5732,1.50,1.50
2012.10.29 06:28:15.542,1.57286,1.5732,1.50,1.50
2012.10.29 06:28:16.232,1.57287,1.5732,1.50,1.50
2012.10.29 06:28:17.112,1.57287,1.5732,1.50,1.50
2012.10.29 06:28:19.748,1.57289,1.57323,1.50,1.50
2012.10.29 06:28:20.702,1.57289,1.57324,1.50,2.25
2012.10.29 06:28:22.466,1.57289,1.57323,1.50,1.50
2012.10.29 06:28:29.956,1.5729,1.57323,1.50,1.50
2012.10.29 06:28:31.789,1.57295,1.57329,1.50,1.50
2012.10.29 06:28:33.503,1.57295,1.57329,1.50,1.50
2012.10.29 06:28:36.894,1.57303,1.57336,1.50,2.85
2012.10.29 06:28:37.812,1.57303,1.57333,1.50,2.18
2012.10.29 06:28:37.932,1.57296,1.57328,1.50,1.50
2012.10.29 06:28:39.882,1.57293,1.57328,1.50,1.50
2012.10.29 06:28:41.815,1.57293,1.57328,1.50,1.50
2012.10.29 06:28:46.329,1.57293,1.57328,1.50,1.50
2012.10.29 06:28:48.727,1.57296,1.57328,1.50,1.50
2012.10.29 06:28:48.913,1.57296,1.57328,1.50,1.50
2012.10.29 06:28:49.122,1.57302,1.57336,1.50,3.68
2012.10.29 06:28:52.497,1.57302,1.57336,1.50,1.50
2012.10.29 06:28:55.022,1.57302,1.57336,1.50,1.50
2012.10.29 06:28:59.405,1.57302,1.57336,1.50,1.50
2012.10.29 06:29:02.501,1.57302,1.57336,1.50,1.50
2012.10.29 06:29:03.062,1.57302,1.57336,1.50,1.50
2012.10.29 06:29:07.122,1.57302,1.57336,1.50,1.50
2012.10.29 06:29:09.786,1.57302,1.57336,1.50,1.50
2012.10.29 06:29:12.303,1.57301,1.57336,1.50,1.50
2012.10.29 06:29:13.972,1.57301,1.57336,1.50,1.50
2012.10.29 06:29:22.521,1.57301,1.57333,1.50,1.50
2012.10.29 06:29:29.010,1.57301,1.57336,1.50,1.88
2012.10.29 06:29:29.883,1.57296,1.57333,2.25,1.50
2012.10.29 06:29:49.832,1.57298,1.57333,1.50,1.50
2012.10.29 06:29:52.439,1.57298,1.57333,1.50,1.50
2012.10.29 06:30:04.562,1.57298,1.57333,1.50,1.50
2012.10.29 06:30:05.652,1.573,1.57331,1.50,1.50
2012.10.29 06:30:07.611,1.573,1.57333,1.50,2.48
2012.10.29 06:30:12.469,1.573,1.57327,1.50,2.63
2012.10.29 06:30:13.781,1.573,1.57329,1.50,1.65
2012.10.29 06:30:14.033,1.573,1.57331,1.50,1.50
2012.10.29 06:30:14.574,1.573,1.57329,1.50,2.85
2012.10.29 06:30:15.362,1.573,1.57331,1.50,1.73
2012.10.29 06:30:22.474,1.573,1.57329,1.50,2.78
2012.10.29 06:30:25.093,1.573,1.57331,1.50,1.50
2012.10.29 06:30:25.273,1.573,1.57331,1.50,1.50
2012.10.29 06:30:25.333,1.573,1.57331,1.50,1.50
2012.10.29 06:30:25.773,1.57292,1.57324,1.50,1.50
2012.10.29 06:30:27.891,1.5729,1.57322,1.50,1.50
2012.10.29 06:30:32.481,1.57289,1.57305,1.50,2.78
2012.10.29 06:30:33.043,1.57292,1.57322,1.50,1.50
2012.10.29 06:30:33.102,1.57296,1.57329,1.50,1.50
2012.10.29 06:30:33.163,1.57296,1.57329,1.50,1.50
2012.10.29 06:30:33.595,1.57296,1.57328,1.50,2.48
2012.10.29 06:30:38.020,1.5729,1.57323,1.50,1.50
2012.10.29 06:30:38.562,1.5729,1.57321,1.50,2.93
2012.10.29 06:30:40.936,1.5729,1.57315,1.50,1.73
2012.10.29 06:30:41.052,1.5728,1.57312,1.50,1.73
2012.10.29 06:30:42.493,1.5728,1.573,1.50,1.65
2012.10.29 06:30:44.435,1.57269,1.573,1.13,1.65
2012.10.29 06:30:45.822,1.57273,1.57305,1.50,2.25
2012.10.29 06:30:46.003,1.57278,1.57311,1.50,1.73
2012.10.29 06:30:46.123,1.57278,1.57311,1.50,1.50
2012.10.29 06:30:46.339,1.57278,1.57311,1.50,1.50
2012.10.29 06:30:46.603,1.57278,1.57311,1.50,1.73
2012.10.29 06:30:46.903,1.57278,1.57311,1.50,1.50
2012.10.29 06:30:47.328,1.57278,1.57311,1.50,1.50
2012.10.29 06:30:48.031,1.57278,1.57311,1.50,1.73
2012.10.29 06:30:49.113,1.57278,1.57311,1.50,1.73
2012.10.29 06:30:49.528,1.57278,1.57311,1.50,1.50
2012.10.29 06:30:49.639,1.57278,1.57311,1.50,1.50
2012.10.29 06:30:51.553,1.57278,1.57311,1.50,1.50
2012.10.29 06:30:51.884,1.57278,1.57311,1.50,1.73
2012.10.29 06:30:52.073,1.57278,1.57311,1.50,1.50
2012.10.29 06:30:52.382,1.57278,1.57311,1.50,1.50
2012.10.29 06:30:52.633,1.57278,1.57311,1.50,1.50
2012.10.29 06:30:53.193,1.57278,1.57311,1.50,1.50
2012.10.29 06:30:56.583,1.57278,1.57311,1.50,1.50
2012.10.29 06:30:57.343,1.57278,1.57311,1.50,1.50
2012.10.29 06:30:57.864,1.57278,1.57311,1.50,1.73
2012.10.29 06:30:58.434,1.57278,1.57295,1.50,2.03
2012.10.29 06:31:02.289,1.57278,1.57311,1.50,1.73
2012.10.29 06:31:03.065,1.57278,1.57311,1.50,1.50
2012.10.29 06:31:03.821,1.57278,1.57311,1.50,1.50
2012.10.29 06:31:06.782,1.5728,1.57312,1.50,1.50
2012.10.29 06:31:12.555,1.5728,1.57304,1.50,2.48
2012.10.29 06:31:13.464,1.5728,1.57312,1.50,1.50
2012.10.29 06:31:15.762,1.5728,1.57312,1.50,1.50
2012.10.29 06:31:17.604,1.5728,1.57312,1.50,1.50
2012.10.29 06:31:17.853,1.5728,1.57312,1.50,1.50
2012.10.29 06:31:21.675,1.5728,1.57312,1.50,1.50
2012.10.29 06:31:22.334,1.5728,1.57313,1.50,1.50
2012.10.29 06:31:22.593,1.5728,1.57307,1.50,1.88
2012.10.29 06:31:23.993,1.5728,1.57312,1.50,1.50
2012.10.29 06:31:24.054,1.5728,1.57313,1.50,1.50
2012.10.29 06:31:24.113,1.57286,1.57319,1.50,1.73
2012.10.29 06:31:24.423,1.57286,1.57319,1.50,1.50
2012.10.29 06:31:28.609,1.57286,1.57319,1.50,1.50
2012.10.29 06:31:30.953,1.57286,1.57319,1.50,1.73
2012.10.29 06:31:31.482,1.57286,1.57319,1.50,1.73
2012.10.29 06:31:32.473,1.57286,1.57308,1.50,2.78
2012.10.29 06:31:34.053,1.57286,1.57319,1.50,1.73
2012.10.29 06:31:34.594,1.57287,1.57319,1.50,2.93
2012.10.29 06:31:35.204,1.57287,1.57304,1.50,2.55
2012.10.29 06:31:38.732,1.57281,1.57304,1.50,2.55
2012.10.29 06:31:41.045,1.57281,1.57313,1.50,1.50
2012.10.29 06:31:42.532,1.57281,1.57307,1.50,2.25
2012.10.29 06:31:42.923,1.57283,1.57315,1.50,1.50
2012.10.29 06:31:42.982,1.57287,1.5732,1.50,1.73
2012.10.29 06:31:43.814,1.57287,1.5732,1.50,1.73
2012.10.29 06:31:52.363,1.57287,1.57322,1.50,2.10
2012.10.29 06:31:52.596,1.57287,1.5732,1.50,1.50
2012.10.29 06:31:59.284,1.57287,1.5732,1.50,1.50
2012.10.29 06:32:02.422,1.57287,1.57321,1.50,1.50
2012.10.29 06:32:03.434,1.57287,1.57323,1.50,1.50
2012.10.29 06:32:03.936,1.5729,1.57324,1.50,1.50
2012.10.29 06:32:12.504,1.5729,1.57323,1.50,1.50
2012.10.29 06:32:22.394,1.5729,1.57325,1.50,1.50
2012.10.29 06:32:22.509,1.5729,1.57323,1.50,1.50
2012.10.29 06:32:32.403,1.5729,1.57325,1.50,1.50
2012.10.29 06:32:32.519,1.5729,1.57323,1.50,1.50
2012.10.29 06:32:42.572,1.5729,1.57323,1.50,1.50
2012.10.29 06:32:44.822,1.57287,1.57319,1.50,1.50
2012.10.29 06:33:26.783,1.57287,1.57322,1.50,2.25
2012.10.29 06:33:26.842,1.57289,1.57322,1.50,1.50
2012.10.29 06:33:32.492,1.57289,1.57322,1.50,1.50
2012.10.29 06:33:35.652,1.57289,1.57324,1.50,1.50
2012.10.29 06:33:37.533,1.57289,1.57322,1.73,1.50
2012.10.29 06:33:42.577,1.57289,1.57322,1.73,1.50
2012.10.29 06:33:47.817,1.57291,1.57322,1.50,1.50
2012.10.29 06:33:55.896,1.57291,1.57324,1.50,2.25
2012.10.29 06:34:00.126,1.57291,1.57326,1.73,1.50
2012.10.29 06:34:00.243,1.57298,1.57329,1.50,1.50
2012.10.29 06:34:01.275,1.573,1.57334,1.50,1.50
2012.10.29 06:34:01.333,1.57303,1.57337,1.50,1.88
2012.10.29 06:34:02.633,1.57303,1.57337,1.50,1.88
2012.10.29 06:34:04.923,1.57303,1.57337,1.50,1.88
2012.10.29 06:34:06.894,1.57303,1.57337,1.50,1.13
2012.10.29 06:34:09.121,1.57297,1.57332,1.73,1.50
2012.10.29 06:34:09.188,1.57297,1.57331,1.50,1.50
2012.10.29 06:34:09.653,1.57297,1.5733,1.50,1.50
2012.10.29 06:34:12.532,1.57297,1.57332,1.50,1.50
2012.10.29 06:34:49.880,1.57293,1.57332,1.50,1.50
2012.10.29 06:34:49.943,1.57292,1.57326,1.73,1.50
2012.10.29 06:35:09.661,1.57293,1.57326,1.50,1.50
2012.10.29 06:35:10.157,1.57297,1.57329,1.50,1.50
2012.10.29 06:35:30.682,1.57295,1.57329,1.50,1.50
2012.10.29 06:35:31.313,1.57294,1.57327,1.50,1.50
2012.10.29 06:35:37.091,1.57294,1.57334,1.50,1.50
2012.10.29 06:35:37.153,1.573,1.57336,1.50,1.50
2012.10.29 06:35:42.093,1.57302,1.57336,1.50,1.50
2012.10.29 06:35:42.274,1.57308,1.57341,1.50,1.13
2012.10.29 06:35:42.574,1.57311,1.57341,1.50,1.13
2012.10.29 06:35:43.290,1.57311,1.57341,1.50,1.13
2012.10.29 06:35:43.803,1.57311,1.57341,1.50,1.13
2012.10.29 06:35:45.220,1.57311,1.57341,1.50,1.88
2012.10.29 06:35:45.586,1.57303,1.57336,3.60,1.50
2012.10.29 06:35:46.003,1.57303,1.57336,1.73,1.50
2012.10.29 06:35:48.278,1.57303,1.57336,1.50,1.50
2012.10.29 06:35:52.574,1.57307,1.57336,2.63,1.50
2012.10.29 06:35:52.894,1.57304,1.57336,2.48,1.50
2012.10.29 06:35:56.863,1.57306,1.57336,2.10,1.50
2012.10.29 06:35:57.734,1.5731,1.57336,2.48,1.50
2012.10.29 06:35:58.417,1.57304,1.57336,1.65,1.50
2012.10.29 06:36:02.465,1.57309,1.57336,2.78,1.50
2012.10.29 06:36:05.103,1.57304,1.57336,2.55,1.50
2012.10.29 06:36:05.222,1.57309,1.57336,1.88,1.50
2012.10.29 06:36:12.593,1.57311,1.57336,2.25,1.50
2012.10.29 06:36:12.657,1.57305,1.57336,1.50,1.50
2012.10.29 06:36:17.003,1.57305,1.57336,1.50,1.50
2012.10.29 06:36:25.883,1.5731,1.57343,1.50,1.50
2012.10.29 06:36:39.587,1.57308,1.57342,1.50,1.13
2012.10.29 06:36:59.792,1.57306,1.57338,1.50,1.50
2012.10.29 06:37:02.526,1.57306,1.57338,1.50,1.50
2012.10.29 06:37:12.534,1.57306,1.57338,1.50,1.50
2012.10.29 06:37:20.233,1.57304,1.57338,2.25,1.50
2012.10.29 06:37:22.465,1.57303,1.57336,1.50,1.50
2012.10.29 06:37:35.541,1.57304,1.57336,1.50,1.50
2012.10.29 06:37:36.554,1.57304,1.57336,1.73,1.50
2012.10.29 06:37:40.792,1.57306,1.5734,1.50,1.50
2012.10.29 06:37:42.484,1.57307,1.5734,1.50,1.50
2012.10.29 06:37:45.573,1.57307,1.5734,1.50,1.50
2012.10.29 06:37:45.933,1.57307,1.5734,2.48,1.50
2012.10.29 06:37:48.043,1.57311,1.57347,2.25,1.50
2012.10.29 06:37:51.833,1.57313,1.57347,1.50,1.50
2012.10.29 06:37:56.715,1.57313,1.57347,1.73,1.50
2012.10.29 06:37:56.773,1.57321,1.57353,1.50,2.25
2012.10.29 06:37:56.834,1.57321,1.57353,1.50,2.25
2012.10.29 06:37:57.044,1.57326,1.5736,1.50,1.88
2012.10.29 06:37:57.755,1.57326,1.57358,1.50,1.50
2012.10.29 06:37:58.113,1.57317,1.57354,1.50,1.50
2012.10.29 06:37:58.174,1.57317,1.57352,1.50,1.50
2012.10.29 06:37:58.770,1.57317,1.57352,1.50,1.50
2012.10.29 06:38:59.253,1.57307,1.57363,3.00,1.73
2012.10.29 06:39:04.985,1.57307,1.57358,3.00,1.35
2012.10.29 06:39:05.103,1.57307,1.57358,3.00,1.35
2012.10.29 06:39:05.262,1.57304,1.57356,2.10,1.35
2012.10.29 06:39:07.640,1.57307,1.57356,2.63,1.35
2012.10.29 06:39:08.542,1.57308,1.57356,2.03,1.13
2012.10.29 06:39:08.862,1.57317,1.57356,1.50,1.13
2012.10.29 06:39:09.193,1.57325,1.57356,1.50,1.13
2012.10.29 06:39:10.064,1.57326,1.57358,1.73,1.50
2012.10.29 06:39:10.123,1.57326,1.57359,1.73,1.50
2012.10.29 06:39:10.183,1.57326,1.57359,1.73,1.50
2012.10.29 06:39:10.304,1.57326,1.57359,2.48,1.50
2012.10.29 06:39:10.553,1.57326,1.57359,2.25,1.50
2012.10.29 06:39:11.293,1.57325,1.57359,1.50,1.50
2012.10.29 06:39:11.403,1.57325,1.57358,1.50,1.50
2012.10.29 06:39:11.732,1.57321,1.57353,1.50,1.50
2012.10.29 06:39:11.854,1.5732,1.57351,1.73,1.50
2012.10.29 06:39:12.481,1.57319,1.57351,1.50,1.50
2012.10.29 06:39:31.853,1.57317,1.57349,1.50,1.50
2012.10.29 06:39:32.502,1.57318,1.57349,1.50,1.50
2012.10.29 06:39:42.511,1.57318,1.57349,1.50,1.50
2012.10.29 06:39:49.205,1.57318,1.57349,1.50,1.50
2012.10.29 06:39:51.728,1.57319,1.57351,1.50,1.50
2012.10.29 06:39:51.783,1.57319,1.57352,1.50,1.50
2012.10.29 06:39:59.551,1.57319,1.57352,1.50,1.50
2012.10.29 06:40:02.536,1.57319,1.57352,1.50,1.50
2012.10.29 06:40:12.573,1.57319,1.57352,1.50,1.50
2012.10.29 06:40:12.803,1.57322,1.57353,1.50,1.50
2012.10.29 06:40:13.993,1.57322,1.57353,1.50,2.25
2012.10.29 06:40:14.549,1.57314,1.57347,1.65,1.50
2012.10.29 06:40:27.523,1.57321,1.57353,1.50,1.50
2012.10.29 06:40:32.555,1.57321,1.57354,1.50,1.50
2012.10.29 06:40:32.613,1.57321,1.57354,1.50,1.50
2012.10.29 06:40:33.483,1.57321,1.57354,1.50,1.50
2012.10.29 06:40:35.213,1.5732,1.57353,1.50,1.13
2012.10.29 06:40:44.813,1.57321,1.57354,1.50,1.50
2012.10.29 06:40:47.765,1.57322,1.57355,1.50,1.50
2012.10.29 06:40:49.748,1.57322,1.57357,1.50,1.50
2012.10.29 06:40:53.455,1.57323,1.57357,1.50,1.50
2012.10.29 06:41:29.783,1.57322,1.57355,1.50,1.50
2012.10.29 06:41:31.553,1.57323,1.57355,1.50,1.50
2012.10.29 06:41:57.803,1.57324,1.57357,1.50,1.50
2012.10.29 06:42:11.565,1.57323,1.57356,1.50,1.50
2012.10.29 06:42:14.984,1.57324,1.57356,1.50,1.50
2012.10.29 06:42:15.104,1.57326,1.57357,1.50,1.50
2012.10.29 06:42:15.164,1.57327,1.57357,1.50,1.50
2012.10.29 06:42:15.284,1.57331,1.57363,2.25,1.50
2012.10.29 06:42:15.866,1.57331,1.57364,2.25,1.50
2012.10.29 06:42:15.923,1.57341,1.57372,1.50,1.35
2012.10.29 06:42:26.960,1.57337,1.5737,1.73,1.13
2012.10.29 06:42:27.040,1.57336,1.5737,2.48,1.88
2012.10.29 06:42:36.828,1.57337,1.5737,1.73,1.13
2012.10.29 06:42:37.262,1.5734,1.57372,1.50,1.13
2012.10.29 06:42:50.325,1.5734,1.57375,1.50,1.50
2012.10.29 06:42:57.702,1.5734,1.57374,1.50,1.50
2012.10.29 06:43:06.734,1.57329,1.57361,1.73,1.50
2012.10.29 06:43:07.323,1.57329,1.57361,1.50,1.50
2012.10.29 06:43:09.474,1.57329,1.57361,1.50,1.50
2012.10.29 06:43:09.794,1.57337,1.57369,1.50,1.50
2012.10.29 06:43:15.689,1.57331,1.57363,1.50,1.50
2012.10.29 06:43:18.037,1.57331,1.57363,1.50,1.50
2012.10.29 06:43:22.278,1.57333,1.57363,1.50,1.50
2012.10.29 06:43:22.454,1.57342,1.57376,1.50,1.73
2012.10.29 06:43:22.994,1.57342,1.57376,1.73,1.50
2012.10.29 06:43:23.574,1.57342,1.57376,1.50,1.50
2012.10.29 06:43:42.873,1.57343,1.57376,1.50,1.50
2012.10.29 06:43:48.424,1.57344,1.57376,1.50,1.50
2012.10.29 06:43:48.544,1.57349,1.57384,1.50,2.25
2012.10.29 06:43:49.204,1.57351,1.57384,1.50,2.25
2012.10.29 06:43:50.795,1.57349,1.57384,2.25,2.25
2012.10.29 06:43:53.274,1.57349,1.57382,1.50,1.50
2012.10.29 06:43:53.394,1.57344,1.57381,1.50,1.50
2012.10.29 06:43:53.454,1.57341,1.57376,1.50,1.50
2012.10.29 06:44:00.883,1.57341,1.57373,1.50,1.50
2012.10.29 06:44:01.065,1.57335,1.57366,1.50,2.25
2012.10.29 06:44:01.128,1.57328,1.57364,1.50,1.50
2012.10.29 06:44:01.184,1.57325,1.57361,1.50,1.50
2012.10.29 06:44:02.055,1.57333,1.57368,1.50,1.50
2012.10.29 06:44:17.915,1.57336,1.57372,2.25,1.50
2012.10.29 06:44:17.975,1.57343,1.57376,1.50,1.73
2012.10.29 06:44:18.035,1.57338,1.57374,1.50,1.50
2012.10.29 06:44:18.215,1.57339,1.57371,1.50,1.50
2012.10.29 06:44:18.416,1.57345,1.57379,1.50,1.50
2012.10.29 06:44:33.024,1.57347,1.57379,1.73,1.50
2012.10.29 06:44:33.284,1.57353,1.57388,1.50,1.50
2012.10.29 06:44:34.194,1.57353,1.57386,1.50,1.50
2012.10.29 06:44:34.318,1.57347,1.57382,1.73,1.50
2012.10.29 06:44:35.178,1.57347,1.57382,1.50,1.50
2012.10.29 06:44:54.295,1.57346,1.57382,1.50,1.73
2012.10.29 06:44:54.778,1.57346,1.57382,1.50,1.73
2012.10.29 06:45:12.214,1.57344,1.57375,2.25,1.50
2012.10.29 06:45:12.394,1.57337,1.5737,1.50,1.50
2012.10.29 06:45:12.575,1.57336,1.5737,1.50,1.73
2012.10.29 06:45:12.975,1.57336,1.57369,1.50,1.73
2012.10.29 06:45:14.754,1.57336,1.5737,1.50,1.73
2012.10.29 06:45:14.874,1.57336,1.5737,1.50,1.73
2012.10.29 06:45:27.724,1.57336,1.57369,1.50,1.73
2012.10.29 06:45:29.047,1.57336,1.5737,1.50,1.73
2012.10.29 06:45:29.655,1.57336,1.57369,1.50,1.73
2012.10.29 06:45:30.284,1.57336,1.5737,1.50,1.73
2012.10.29 06:45:30.469,1.57334,1.5737,1.50,1.73
2012.10.29 06:45:30.524,1.57329,1.57363,1.50,1.50
2012.10.29 06:45:35.044,1.57329,1.57363,1.50,2.25
2012.10.29 06:45:39.985,1.57329,1.57363,1.50,2.25
2012.10.29 06:45:47.814,1.57329,1.57363,1.50,1.50
2012.10.29 06:45:50.494,1.57329,1.57363,1.50,1.50
2012.10.29 06:45:51.262,1.5733,1.57363,1.50,1.50
2012.10.29 06:46:01.005,1.5733,1.57363,1.50,1.50
2012.10.29 06:46:02.535,1.5733,1.57363,1.50,1.50
2012.10.29 06:46:11.775,1.5733,1.57365,1.50,1.50
2012.10.29 06:46:11.834,1.57333,1.57366,1.50,1.50
2012.10.29 06:46:32.794,1.5733,1.57365,1.50,1.50
2012.10.29 06:46:33.102,1.5733,1.57363,1.50,1.50
2012.10.29 06:46:52.795,1.57329,1.57362,1.50,1.50
2012.10.29 06:46:59.205,1.5733,1.57362,1.50,1.50
2012.10.29 06:47:05.633,1.57328,1.57362,1.50,1.50
2012.10.29 06:47:12.644,1.57328,1.57362,1.50,1.73
2012.10.29 06:47:12.955,1.57322,1.57355,1.50,1.50
2012.10.29 06:47:13.134,1.57327,1.57363,1.50,1.73
2012.10.29 06:47:13.886,1.5733,1.57363,1.50,1.50
2012.10.29 06:47:14.466,1.5733,1.57363,1.50,2.48
2012.10.29 06:47:14.905,1.57333,1.57363,1.50,1.50
2012.10.29 06:47:15.283,1.57338,1.57369,1.50,1.73
2012.10.29 06:47:15.345,1.57338,1.57371,1.50,1.73
2012.10.29 06:47:17.544,1.57338,1.57371,1.50,1.73
2012.10.29 06:47:17.794,1.5733,1.57365,1.50,1.73
2012.10.29 06:47:17.974,1.57333,1.57365,1.50,1.50
2012.10.29 06:47:29.748,1.57337,1.57371,1.50,1.50
2012.10.29 06:47:29.809,1.57338,1.57372,1.50,1.50
2012.10.29 06:47:35.774,1.57338,1.57372,1.73,1.50
2012.10.29 06:47:36.014,1.57338,1.57372,1.50,1.50
2012.10.29 06:47:36.540,1.57338,1.57372,1.73,1.50
2012.10.29 06:47:36.668,1.57338,1.57377,1.73,1.50
2012.10.29 06:47:36.784,1.57346,1.57379,1.50,1.50
2012.10.29 06:47:56.864,1.57344,1.57379,2.25,1.50
2012.10.29 06:48:03.686,1.57339,1.57369,1.73,1.50
2012.10.29 06:48:03.744,1.57337,1.57369,1.73,1.50
2012.10.29 06:48:04.475,1.57337,1.57369,1.50,1.73
2012.10.29 06:48:15.095,1.57337,1.57371,1.50,1.73
2012.10.29 06:48:23.874,1.57334,1.57368,1.50,1.73
2012.10.29 06:48:30.068,1.57334,1.57365,1.50,1.50
2012.10.29 06:48:30.625,1.57333,1.57365,1.50,1.73
2012.10.29 06:48:39.955,1.57328,1.57361,1.50,1.50
2012.10.29 06:49:00.214,1.5733,1.57363,1.50,1.73
2012.10.29 06:49:13.814,1.57329,1.57363,1.50,1.73
2012.10.29 06:49:14.384,1.57329,1.57363,1.50,1.73
2012.10.29 06:49:19.234,1.5733,1.57363,1.50,1.50
2012.10.29 06:49:21.645,1.5733,1.57363,1.50,1.73
2012.10.29 06:49:22.495,1.57328,1.57363,1.50,1.73
2012.10.29 06:49:28.745,1.57324,1.57356,1.50,1.50
2012.10.29 06:49:28.805,1.57324,1.57353,1.50,1.50
2012.10.29 06:49:48.884,1.57319,1.57353,1.50,2.25
2012.10.29 06:49:52.196,1.57319,1.57353,1.50,2.25
2012.10.29 06:49:54.950,1.57319,1.57353,1.50,2.25
2012.10.29 06:50:02.071,1.57319,1.57353,1.50,2.25
2012.10.29 06:50:02.512,1.57319,1.57353,1.50,2.25
2012.10.29 06:50:03.588,1.57319,1.57353,1.50,2.25
2012.10.29 06:50:04.486,1.57319,1.57353,1.50,2.25
2012.10.29 06:50:08.834,1.57317,1.57349,1.50,1.50
2012.10.29 06:50:12.300,1.57317,1.57349,1.50,1.50
2012.10.29 06:50:22.534,1.57317,1.57349,1.50,1.50
2012.10.29 06:50:23.204,1.57317,1.57349,1.50,1.50
2012.10.29 06:50:25.205,1.57317,1.57349,1.50,1.50
2012.10.29 06:50:29.584,1.57319,1.57351,1.50,1.50
2012.10.29 06:50:42.441,1.57319,1.57351,1.50,1.50
2012.10.29 06:50:43.914,1.57318,1.57351,2.25,1.50
2012.10.29 06:50:49.904,1.57317,1.5735,1.50,1.50
2012.10.29 06:50:54.539,1.57317,1.5735,1.50,1.50
2012.10.29 06:51:10.682,1.57315,1.5735,2.25,1.50
2012.10.29 06:51:10.744,1.57315,1.57346,1.50,1.50
2012.10.29 06:51:11.204,1.57315,1.57346,1.50,1.50
2012.10.29 06:51:11.511,1.57315,1.57346,1.50,1.50
2012.10.29 06:51:12.470,1.57313,1.57346,2.48,1.50
2012.10.29 06:51:16.994,1.57315,1.57346,1.73,1.50
2012.10.29 06:51:26.294,1.57315,1.57346,1.50,1.50
2012.10.29 06:51:30.854,1.57314,1.57349,1.73,1.50
2012.10.29 06:51:55.996,1.57321,1.57356,1.50,1.50
2012.10.29 06:52:16.745,1.57321,1.57357,1.50,1.50
2012.10.29 06:52:17.259,1.57323,1.57359,1.50,2.25
2012.10.29 06:52:37.790,1.57323,1.57359,1.50,1.50
2012.10.29 06:53:38.035,1.57311,1.57372,1.59,2.63
2012.10.29 06:53:40.785,1.57319,1.57362,1.73,1.50
2012.10.29 06:53:52.356,1.5733,1.57361,1.50,1.50
2012.10.29 06:53:59.396,1.57337,1.57362,1.35,1.50
2012.10.29 06:53:59.456,1.57339,1.57369,1.50,1.50
2012.10.29 06:53:59.515,1.57339,1.57372,1.73,1.50
2012.10.29 06:54:19.835,1.57342,1.57374,1.50,1.50
2012.10.29 06:54:39.930,1.57342,1.57375,1.50,1.50
2012.10.29 06:54:59.555,1.57341,1.57375,1.50,1.50
2012.10.29 06:55:00.795,1.57341,1.57375,1.50,1.50
2012.10.29 06:55:20.830,1.57338,1.57375,2.48,1.50
2012.10.29 06:55:20.884,1.57338,1.57373,2.48,1.50
2012.10.29 06:55:40.915,1.57341,1.57374,1.50,1.50
2012.10.29 06:56:01.818,1.57342,1.57377,1.50,1.50
2012.10.29 06:56:12.576,1.57348,1.57377,2.18,1.50
2012.10.29 06:56:22.005,1.57349,1.57382,1.50,1.73
2012.10.29 06:56:22.378,1.57349,1.57382,1.50,1.73
2012.10.29 06:56:22.604,1.57349,1.57382,1.50,1.73
2012.10.29 06:56:30.645,1.57349,1.57382,1.50,1.50
2012.10.29 06:56:32.476,1.5735,1.57382,2.70,1.50
2012.10.29 06:56:35.495,1.57357,1.57382,1.50,1.50
2012.10.29 06:56:35.675,1.57357,1.5739,1.50,1.50
2012.10.29 06:56:42.499,1.57357,1.5739,2.25,1.50
2012.10.29 06:56:43.296,1.57357,1.5739,1.50,1.50
2012.10.29 06:56:52.247,1.57356,1.57388,1.50,1.50
2012.10.29 06:56:52.306,1.57356,1.57388,1.50,1.50
2012.10.29 06:56:52.428,1.57355,1.57384,1.50,1.50
2012.10.29 06:56:52.803,1.57357,1.57382,1.50,1.50
2012.10.29 06:56:53.577,1.57357,1.57382,1.50,1.50
2012.10.29 06:57:02.495,1.57357,1.57382,1.50,1.50
2012.10.29 06:57:12.496,1.57355,1.57382,1.50,1.50
2012.10.29 06:57:12.905,1.57357,1.57386,1.50,1.50
2012.10.29 06:57:16.566,1.57355,1.57386,1.50,1.50
2012.10.29 06:57:27.847,1.57353,1.57384,1.50,1.50
2012.10.29 06:57:30.086,1.57355,1.57386,1.50,1.50
2012.10.29 06:57:32.461,1.57357,1.57386,1.50,1.50
2012.10.29 06:57:33.787,1.57357,1.57388,1.50,1.50
2012.10.29 06:57:42.355,1.57356,1.57388,2.25,1.50
2012.10.29 06:57:42.465,1.57357,1.57388,1.50,1.50
2012.10.29 06:57:51.043,1.57356,1.57388,1.50,1.50
2012.10.29 06:57:51.701,1.57357,1.57388,1.50,1.50
2012.10.29 06:57:52.475,1.57357,1.57388,1.50,1.50
2012.10.29 06:57:54.155,1.57357,1.57387,1.50,1.50
2012.10.29 06:57:54.670,1.57355,1.57386,2.25,1.50
2012.10.29 06:58:11.467,1.57357,1.57386,1.50,1.50
2012.10.29 06:58:11.621,1.57358,1.57393,1.50,1.50
2012.10.29 06:58:11.745,1.5736,1.57393,1.50,1.50
2012.10.29 06:58:12.571,1.57361,1.57393,1.50,1.50
2012.10.29 06:58:22.435,1.57361,1.57393,1.50,1.50
2012.10.29 06:58:22.577,1.57361,1.57393,1.50,1.50
2012.10.29 06:58:23.457,1.5736,1.57393,2.25,1.50
2012.10.29 06:58:29.966,1.57362,1.57394,1.50,1.50
2012.10.29 06:58:31.746,1.57364,1.57397,2.25,1.50
2012.10.29 06:58:33.584,1.57366,1.57397,1.50,1.50
2012.10.29 06:58:46.781,1.57366,1.57397,1.50,1.50
2012.10.29 06:58:51.425,1.57365,1.57397,1.50,1.50
2012.10.29 06:58:52.905,1.57366,1.57401,1.50,1.50
2012.10.29 06:58:54.436,1.57368,1.57401,1.50,1.50
2012.10.29 06:58:54.866,1.57368,1.57401,1.73,1.50
2012.10.29 06:58:55.378,1.57368,1.57401,1.50,1.50
2012.10.29 06:58:57.881,1.57375,1.57409,2.25,1.50
2012.10.29 06:59:02.522,1.57377,1.57409,1.50,1.50
2012.10.29 06:59:05.813,1.57377,1.57409,1.50,1.50
2012.10.29 06:59:10.645,1.57375,1.57409,1.73,1.50
2012.10.29 06:59:12.826,1.57377,1.57409,1.50,1.50
2012.10.29 06:59:14.056,1.57378,1.57409,1.50,1.50
2012.10.29 06:59:14.606,1.57376,1.57409,1.50,1.50
2012.10.29 06:59:17.782,1.57377,1.57413,1.50,2.25
2012.10.29 06:59:17.845,1.57378,1.57413,1.50,2.25
2012.10.29 06:59:20.717,1.57381,1.57413,1.50,1.50
2012.10.29 06:59:32.736,1.57381,1.57413,1.50,2.25
2012.10.29 06:59:34.206,1.57378,1.57413,2.25,2.25
2012.10.29 06:59:34.767,1.57381,1.57413,1.50,2.25
2012.10.29 06:59:34.850,1.57381,1.57413,1.50,2.25
2012.10.29 06:59:34.985,1.57381,1.57413,1.50,2.25
2012.10.29 06:59:35.045,1.57382,1.57413,1.50,1.50
2012.10.29 06:59:38.707,1.57383,1.57413,1.50,1.50
2012.10.29 06:59:39.106,1.57381,1.57414,1.50,1.50
2012.10.29 06:59:40.326,1.57383,1.57415,1.50,1.50
2012.10.29 06:59:42.026,1.5738,1.57414,1.50,1.50
2012.10.29 06:59:59.077,1.5738,1.57414,1.50,1.50
