2014.11.24 19:00:00.288,1.58318,1.58346,1.00,1.00
2014.11.24 19:00:00.569,1.58323,1.58346,1.00,1.00
2014.11.24 19:00:00.620,1.58318,1.58347,1.00,1.00
2014.11.24 19:00:01.821,1.58321,1.58346,1.00,1.00
2014.11.24 19:00:01.943,1.58324,1.58356,1.00,1.00
2014.11.24 19:00:02.044,1.58321,1.58356,1.00,1.00
2014.11.24 19:00:02.368,1.58321,1.58347,1.00,1.00
2014.11.24 19:00:02.873,1.5832,1.58347,1.00,1.00
2014.11.24 19:00:06.321,1.5832,1.58346,1.00,1.00
2014.11.24 19:00:06.522,1.58318,1.58346,1.00,1.00
2014.11.24 19:00:07.324,1.58317,1.58347,1.00,1.00
2014.11.24 19:00:07.425,1.58308,1.58351,1.00,1.00
2014.11.24 19:00:07.526,1.58307,1.58336,1.00,1.00
2014.11.24 19:00:08.031,1.58306,1.58336,1.37,1.00
2014.11.24 19:00:08.233,1.58313,1.58347,1.00,1.00
2014.11.24 19:00:08.434,1.58312,1.58336,1.00,1.00
2014.11.24 19:00:08.871,1.5831,1.58346,1.00,1.00
2014.11.24 19:00:09.087,1.5831,1.58336,1.00,1.00
2014.11.24 19:00:09.188,1.5831,1.58347,1.00,1.00
2014.11.24 19:00:09.289,1.58314,1.58347,1.00,1.00
2014.11.24 19:00:09.441,1.58316,1.58357,1.00,1.50
2014.11.24 19:00:09.542,1.58317,1.58346,1.12,1.00
2014.11.24 19:00:09.952,1.58324,1.58346,1.00,1.00
2014.11.24 19:00:12.691,1.58324,1.58356,1.00,1.00
2014.11.24 19:00:13.351,1.58322,1.58356,1.00,1.00
2014.11.24 19:00:13.604,1.58321,1.58346,1.00,1.00
2014.11.24 19:00:13.705,1.58321,1.58356,1.00,1.00
2014.11.24 19:00:14.341,1.5832,1.58356,1.00,1.00
2014.11.24 19:00:17.122,1.58319,1.58356,1.50,1.00
2014.11.24 19:00:17.223,1.58322,1.58356,1.00,1.00
2014.11.24 19:00:18.810,1.58322,1.58356,1.75,1.00
2014.11.24 19:00:19.137,1.5833,1.58357,1.00,1.00
2014.11.24 19:00:19.187,1.58327,1.58356,1.00,1.00
2014.11.24 19:00:19.691,1.58326,1.58356,1.00,1.00
2014.11.24 19:00:21.952,1.58325,1.58357,1.50,1.00
2014.11.24 19:00:22.543,1.58325,1.58356,1.50,1.00
2014.11.24 19:00:26.220,1.58325,1.58357,1.50,1.00
2014.11.24 19:00:26.693,1.58326,1.58366,1.35,1.00
2014.11.24 19:00:26.894,1.58329,1.58367,1.00,1.00
2014.11.24 19:00:27.177,1.58332,1.58373,1.72,1.00
2014.11.24 19:00:27.278,1.58335,1.58377,1.00,1.00
2014.11.24 19:00:27.379,1.58333,1.58376,1.00,1.12
2014.11.24 19:00:27.429,1.58332,1.58374,1.00,1.00
2014.11.24 19:00:27.732,1.5833,1.58366,1.00,1.00
2014.11.24 19:00:29.740,1.5833,1.58367,1.00,1.00
2014.11.24 19:00:30.270,1.58335,1.58367,1.00,1.00
2014.11.24 19:00:30.423,1.58335,1.58376,1.60,1.00
2014.11.24 19:00:30.675,1.58343,1.58376,1.00,1.00
2014.11.24 19:00:30.977,1.58346,1.58386,1.00,1.00
2014.11.24 19:00:31.078,1.58349,1.58386,1.00,1.00
2014.11.24 19:00:31.420,1.58346,1.58386,1.00,1.00
2014.11.24 19:00:33.158,1.58345,1.5839,1.00,1.87
2014.11.24 19:00:33.209,1.58345,1.5839,1.00,1.87
2014.11.24 19:00:33.310,1.5834,1.58377,1.00,1.00
2014.11.24 19:00:33.411,1.58344,1.58386,1.00,1.00
2014.11.24 19:00:33.947,1.58347,1.58387,1.00,1.00
2014.11.24 19:00:34.911,1.58347,1.58386,1.00,1.00
2014.11.24 19:00:35.879,1.58348,1.58386,1.00,1.00
2014.11.24 19:00:42.611,1.58348,1.58394,1.00,1.50
2014.11.24 19:00:42.661,1.58348,1.58394,1.00,2.25
2014.11.24 19:00:42.712,1.58346,1.58392,1.00,1.37
2014.11.24 19:00:42.763,1.58346,1.58376,1.00,1.00
2014.11.24 19:00:42.814,1.58342,1.58376,1.00,1.00
2014.11.24 19:00:43.206,1.58339,1.58376,1.00,1.00
2014.11.24 19:00:43.257,1.58341,1.58376,1.00,1.00
2014.11.24 19:00:45.796,1.58342,1.58376,1.00,1.00
2014.11.24 19:00:46.107,1.58344,1.58376,1.00,1.00
2014.11.24 19:00:46.157,1.58341,1.58376,1.00,1.00
2014.11.24 19:00:49.205,1.58343,1.58376,1.00,1.00
2014.11.24 19:00:49.437,1.5834,1.58376,1.00,1.00
2014.11.24 19:00:49.566,1.58342,1.58376,1.00,1.00
2014.11.24 19:00:50.202,1.58342,1.58377,1.00,1.00
2014.11.24 19:00:50.742,1.58343,1.58377,1.00,1.00
2014.11.24 19:00:52.181,1.58343,1.58376,1.00,1.00
2014.11.24 19:00:52.729,1.58343,1.58367,1.00,1.00
2014.11.24 19:00:52.833,1.58341,1.58367,1.00,1.00
2014.11.24 19:00:52.934,1.58332,1.58367,1.60,1.00
2014.11.24 19:00:52.985,1.58331,1.58374,1.60,1.37
2014.11.24 19:00:53.137,1.58332,1.58376,1.00,2.62
2014.11.24 19:00:53.188,1.58322,1.58367,1.00,1.12
2014.11.24 19:00:53.310,1.58322,1.58356,1.00,1.00
2014.11.24 19:00:53.890,1.58321,1.58356,1.00,1.00
2014.11.24 19:00:55.371,1.58321,1.58357,1.00,1.00
2014.11.24 19:00:57.487,1.58327,1.58357,1.00,1.00
2014.11.24 19:00:57.689,1.58345,1.58377,1.00,1.00
2014.11.24 19:00:57.900,1.58341,1.58376,1.50,1.00
2014.11.24 19:00:58.001,1.58338,1.58385,1.12,1.00
2014.11.24 19:00:58.051,1.58338,1.58377,1.12,1.00
2014.11.24 19:00:58.585,1.58338,1.58376,1.12,1.00
2014.11.24 19:00:58.915,1.58338,1.58366,1.12,1.00
2014.11.24 19:01:08.638,1.58337,1.58366,1.00,1.00
2014.11.24 19:01:08.689,1.58337,1.58377,1.00,1.00
2014.11.24 19:01:08.791,1.58331,1.58366,1.00,1.00
2014.11.24 19:01:10.566,1.58326,1.58366,2.10,1.00
2014.11.24 19:01:10.768,1.58321,1.58366,1.00,1.50
2014.11.24 19:01:10.819,1.58321,1.58356,1.00,1.00
2014.11.24 19:01:10.920,1.58318,1.58356,1.12,1.00
2014.11.24 19:01:19.681,1.58318,1.58346,1.00,1.00
2014.11.24 19:01:20.108,1.58316,1.58346,1.35,1.00
2014.11.24 19:01:21.098,1.58312,1.58346,1.50,1.00
2014.11.24 19:01:26.369,1.58314,1.58346,1.00,1.00
2014.11.24 19:01:26.621,1.58314,1.58357,1.00,1.00
2014.11.24 19:01:27.392,1.58314,1.58356,1.00,1.00
2014.11.24 19:01:31.230,1.58314,1.58357,1.00,1.00
2014.11.24 19:01:34.142,1.58314,1.58356,1.00,1.00
2014.11.24 19:01:37.932,1.58316,1.58356,1.00,1.00
2014.11.24 19:01:38.832,1.58316,1.58357,1.00,1.00
2014.11.24 19:01:39.679,1.58319,1.58357,1.00,1.00
2014.11.24 19:01:42.901,1.58317,1.58357,1.00,1.00
2014.11.24 19:01:50.059,1.58315,1.58357,1.37,1.00
2014.11.24 19:01:51.811,1.58315,1.58357,1.00,1.00
2014.11.24 19:01:55.298,1.58317,1.58357,1.00,1.00
2014.11.24 19:01:59.263,1.58317,1.58357,1.72,1.00
2014.11.24 19:01:59.566,1.58329,1.58356,1.00,1.00
2014.11.24 19:02:00.067,1.58329,1.58357,1.00,1.00
2014.11.24 19:02:00.431,1.58329,1.58366,1.00,1.00
2014.11.24 19:02:03.625,1.58329,1.58357,1.00,1.00
2014.11.24 19:02:04.583,1.58329,1.58367,1.00,1.00
2014.11.24 19:02:04.681,1.58329,1.58356,1.00,1.00
2014.11.24 19:02:07.079,1.58324,1.58356,1.00,1.00
2014.11.24 19:02:07.180,1.58322,1.58356,1.50,1.00
2014.11.24 19:02:07.594,1.5832,1.58347,1.00,1.00
2014.11.24 19:02:15.370,1.58321,1.58356,1.00,1.00
2014.11.24 19:02:15.471,1.5832,1.58346,1.00,1.00
2014.11.24 19:02:15.724,1.5832,1.58356,1.00,1.00
2014.11.24 19:02:17.119,1.5832,1.58346,1.00,1.00
2014.11.24 19:02:17.908,1.5832,1.58356,1.00,1.00
2014.11.24 19:02:18.142,1.58319,1.58346,1.00,1.00
2014.11.24 19:02:18.643,1.5832,1.58346,1.00,1.00
2014.11.24 19:02:20.488,1.58317,1.58346,1.00,1.00
2014.11.24 19:02:29.400,1.58321,1.58346,1.00,1.00
2014.11.24 19:02:29.552,1.58321,1.58356,1.97,1.00
2014.11.24 19:02:29.656,1.58325,1.58356,1.00,1.00
2014.11.24 19:02:29.862,1.58323,1.58356,1.35,1.00
2014.11.24 19:02:30.372,1.5832,1.58357,2.10,1.00
2014.11.24 19:02:31.183,1.58319,1.58357,1.00,1.00
2014.11.24 19:02:31.435,1.58319,1.58346,1.00,1.00
2014.11.24 19:02:32.619,1.58319,1.58347,1.00,1.00
2014.11.24 19:02:33.582,1.58317,1.58347,1.00,1.00
2014.11.24 19:02:41.540,1.58316,1.58347,1.00,1.00
2014.11.24 19:02:46.348,1.58315,1.58347,1.00,1.00
2014.11.24 19:02:46.399,1.58315,1.58356,1.00,1.37
2014.11.24 19:02:46.500,1.5831,1.58353,1.00,1.00
2014.11.24 19:02:46.550,1.5831,1.58336,1.00,1.00
2014.11.24 19:02:46.702,1.58307,1.58337,1.00,1.00
2014.11.24 19:02:47.244,1.58307,1.58336,1.00,1.00
2014.11.24 19:02:51.316,1.58307,1.58336,1.87,1.00
2014.11.24 19:02:51.467,1.58309,1.58347,2.47,1.00
2014.11.24 19:02:51.998,1.58312,1.58347,1.00,1.00
2014.11.24 19:02:59.918,1.58311,1.58347,1.35,1.00
2014.11.24 19:03:00.606,1.58307,1.58346,2.10,1.00
2014.11.24 19:03:06.439,1.5831,1.58347,1.60,1.00
2014.11.24 19:03:07.348,1.58307,1.58346,2.10,1.00
2014.11.24 19:03:12.753,1.58312,1.58346,1.00,1.00
2014.11.24 19:03:12.853,1.58314,1.58346,1.00,1.00
2014.11.24 19:03:13.156,1.58317,1.58347,1.00,1.00
2014.11.24 19:03:17.372,1.5831,1.58347,1.50,1.00
2014.11.24 19:03:17.983,1.58309,1.58347,1.00,1.00
2014.11.24 19:03:18.848,1.58309,1.58346,1.00,1.00
2014.11.24 19:03:20.063,1.58309,1.58347,1.00,1.00
2014.11.24 19:03:20.937,1.58309,1.58346,1.00,1.00
2014.11.24 19:03:23.356,1.58309,1.58346,1.37,1.00
2014.11.24 19:03:23.659,1.58314,1.58346,1.00,1.00
2014.11.24 19:03:23.709,1.58314,1.58357,1.00,1.00
2014.11.24 19:03:23.760,1.58317,1.58357,1.00,1.00
2014.11.24 19:03:24.178,1.58314,1.58357,1.00,1.00
2014.11.24 19:03:24.740,1.58316,1.58357,1.00,1.00
2014.11.24 19:03:25.484,1.58316,1.58346,1.00,1.00
2014.11.24 19:03:26.141,1.58316,1.58347,1.00,1.00
2014.11.24 19:03:26.698,1.58316,1.58356,1.00,1.00
2014.11.24 19:03:27.214,1.58316,1.58357,1.00,1.00
2014.11.24 19:03:28.419,1.58316,1.58356,1.00,1.00
2014.11.24 19:03:37.046,1.58314,1.58356,1.12,1.00
2014.11.24 19:03:37.665,1.58314,1.58357,1.12,1.00
2014.11.24 19:03:39.638,1.58314,1.58356,1.12,1.00
2014.11.24 19:03:42.169,1.58314,1.58357,1.12,1.00
2014.11.24 19:03:42.848,1.58314,1.58356,1.12,1.00
2014.11.24 19:03:43.817,1.58314,1.58357,1.12,1.00
2014.11.24 19:03:44.699,1.58314,1.58356,1.12,1.00
2014.11.24 19:03:46.278,1.58314,1.58357,1.12,1.00
2014.11.24 19:03:50.246,1.58317,1.58357,1.00,1.00
2014.11.24 19:03:50.775,1.58317,1.58356,1.00,1.00
2014.11.24 19:03:52.117,1.58317,1.58357,1.00,1.00
2014.11.24 19:03:52.659,1.58318,1.58357,1.00,1.00
2014.11.24 19:03:52.810,1.58315,1.58356,1.00,1.00
2014.11.24 19:03:55.857,1.58314,1.58356,1.00,1.00
2014.11.24 19:03:58.677,1.58314,1.58346,1.00,1.00
2014.11.24 19:03:58.879,1.58307,1.58346,1.72,1.00
2014.11.24 19:03:59.466,1.58307,1.58347,1.60,1.00
2014.11.24 19:04:00.867,1.58307,1.58346,1.60,1.00
2014.11.24 19:04:09.718,1.58307,1.58347,1.60,1.00
2014.11.24 19:04:10.379,1.58307,1.58346,1.60,1.00
2014.11.24 19:04:10.618,1.58307,1.58346,1.00,1.00
2014.11.24 19:04:12.756,1.58307,1.58347,1.00,1.00
2014.11.24 19:04:13.637,1.58307,1.58346,1.00,1.00
2014.11.24 19:04:17.518,1.58307,1.58347,1.00,1.00
2014.11.24 19:04:17.569,1.5831,1.58347,1.00,1.00
2014.11.24 19:04:18.129,1.5831,1.58346,1.00,1.00
2014.11.24 19:04:18.838,1.5831,1.58347,1.00,1.00
2014.11.24 19:04:19.321,1.58308,1.58347,1.00,1.00
2014.11.24 19:04:20.108,1.58308,1.58346,1.00,1.00
2014.11.24 19:04:20.769,1.58308,1.58347,1.00,1.00
2014.11.24 19:04:21.859,1.5831,1.58347,1.00,1.00
2014.11.24 19:04:22.420,1.5831,1.58346,1.00,1.00
2014.11.24 19:04:23.977,1.5831,1.58347,1.00,1.00
2014.11.24 19:04:24.162,1.58308,1.58347,1.00,1.00
2014.11.24 19:04:28.353,1.58309,1.58347,1.00,1.00
2014.11.24 19:04:29.784,1.58308,1.58347,1.00,1.00
2014.11.24 19:04:39.435,1.58307,1.58347,1.00,1.00
2014.11.24 19:04:52.280,1.58307,1.58337,1.00,1.00
2014.11.24 19:04:56.244,1.58307,1.58336,1.00,1.00
2014.11.24 19:04:56.748,1.58306,1.58337,1.00,1.00
2014.11.24 19:04:56.849,1.58303,1.58337,1.00,1.00
2014.11.24 19:04:57.468,1.58303,1.58336,1.00,1.00
2014.11.24 19:04:59.877,1.58303,1.58337,1.00,1.00
2014.11.24 19:05:01.931,1.58303,1.58336,1.00,1.00
2014.11.24 19:05:04.818,1.58303,1.58337,1.00,1.00
2014.11.24 19:05:05.426,1.58305,1.58337,1.00,1.00
2014.11.24 19:05:05.986,1.58305,1.58336,1.00,1.00
2014.11.24 19:05:08.458,1.58305,1.58337,1.00,1.00
2014.11.24 19:05:09.137,1.58305,1.58336,1.00,1.00
2014.11.24 19:05:24.590,1.58305,1.58336,1.37,1.00
2014.11.24 19:05:24.993,1.58303,1.58336,1.00,1.00
2014.11.24 19:05:25.635,1.58303,1.58337,1.37,1.00
2014.11.24 19:05:26.676,1.58302,1.58337,1.00,1.00
2014.11.24 19:05:26.726,1.58302,1.58335,1.00,1.00
2014.11.24 19:05:27.029,1.58297,1.58329,1.00,1.00
2014.11.24 19:05:31.721,1.58297,1.58325,1.00,1.00
2014.11.24 19:05:37.593,1.58297,1.5833,1.00,1.50
2014.11.24 19:05:38.337,1.58297,1.58325,1.00,1.00
2014.11.24 19:05:40.387,1.58296,1.58325,1.00,1.00
2014.11.24 19:05:50.590,1.58296,1.5833,1.00,1.00
2014.11.24 19:05:50.870,1.58294,1.5833,1.35,1.00
2014.11.24 19:05:52.093,1.58294,1.58325,1.35,1.00
2014.11.24 19:05:52.296,1.58289,1.58325,1.00,1.00
2014.11.24 19:05:52.397,1.58287,1.58325,1.00,1.00
2014.11.24 19:05:52.498,1.58284,1.5832,1.00,1.00
2014.11.24 19:05:59.768,1.58284,1.58316,1.00,1.00
2014.11.24 19:05:59.869,1.58281,1.58316,1.00,1.00
2014.11.24 19:06:04.390,1.58282,1.58316,1.00,1.50
2014.11.24 19:06:20.175,1.58282,1.58317,1.00,1.00
2014.11.24 19:06:23.689,1.58282,1.58316,1.00,1.00
2014.11.24 19:06:24.900,1.58282,1.58318,1.00,1.00
2014.11.24 19:06:24.950,1.58286,1.58321,1.37,1.00
2014.11.24 19:06:25.051,1.5829,1.58326,1.30,1.00
2014.11.24 19:06:25.203,1.58292,1.58326,1.00,1.00
2014.11.24 19:06:25.254,1.58292,1.58333,1.00,1.00
2014.11.24 19:06:25.304,1.58298,1.58333,1.00,1.00
2014.11.24 19:06:25.405,1.58294,1.58333,1.00,1.00
2014.11.24 19:06:25.507,1.5829,1.58328,1.00,1.50
2014.11.24 19:06:25.708,1.58287,1.58328,1.00,1.50
2014.11.24 19:06:26.000,1.58287,1.58324,1.00,1.00
2014.11.24 19:06:26.321,1.58287,1.58322,1.00,1.00
2014.11.24 19:06:36.894,1.58287,1.58322,1.37,1.00
2014.11.24 19:06:36.945,1.58287,1.58324,1.37,1.00
2014.11.24 19:06:37.046,1.58291,1.58328,1.00,1.00
2014.11.24 19:06:37.147,1.58296,1.58332,1.00,1.00
2014.11.24 19:06:37.504,1.58291,1.58327,1.00,1.00
2014.11.24 19:06:38.925,1.58288,1.58327,1.00,1.00
2014.11.24 19:06:38.975,1.58288,1.58322,1.00,1.00
2014.11.24 19:06:41.204,1.58289,1.58322,1.00,1.00
2014.11.24 19:06:53.854,1.58293,1.58322,1.00,1.00
2014.11.24 19:06:55.228,1.58293,1.58322,1.37,1.00
2014.11.24 19:06:55.279,1.58293,1.58328,1.37,1.00
2014.11.24 19:06:55.430,1.58302,1.58328,1.00,1.00
2014.11.24 19:06:55.481,1.58302,1.58335,1.00,1.00
2014.11.24 19:06:55.582,1.583,1.58335,1.00,1.00
2014.11.24 19:06:55.733,1.58296,1.58335,1.00,1.00
2014.11.24 19:06:56.653,1.58299,1.58337,1.12,1.00
2014.11.24 19:06:56.812,1.58303,1.58346,1.00,1.50
2014.11.24 19:06:56.863,1.58306,1.58346,1.00,1.50
2014.11.24 19:06:57.716,1.58307,1.58346,1.00,1.00
2014.11.24 19:07:03.645,1.5831,1.58346,1.00,1.50
2014.11.24 19:07:05.024,1.5831,1.58336,1.00,1.00
2014.11.24 19:07:09.672,1.5831,1.58346,1.00,1.50
2014.11.24 19:07:14.094,1.58311,1.58346,1.00,1.50
2014.11.24 19:07:16.065,1.58311,1.58337,1.00,1.00
2014.11.24 19:07:16.575,1.5831,1.58346,1.00,1.00
2014.11.24 19:07:17.514,1.58307,1.58346,1.00,1.00
2014.11.24 19:07:17.615,1.58307,1.58337,1.00,1.00
2014.11.24 19:07:18.234,1.58307,1.58336,1.00,1.00
2014.11.24 19:07:23.294,1.58307,1.58337,1.00,1.00
2014.11.24 19:07:23.773,1.5831,1.58336,1.00,1.00
2014.11.24 19:07:27.335,1.58311,1.58336,1.00,1.00
2014.11.24 19:07:27.537,1.58308,1.58337,1.00,1.00
2014.11.24 19:07:28.104,1.58308,1.58336,1.00,1.00
2014.11.24 19:07:28.155,1.58308,1.58346,1.00,1.00
2014.11.24 19:07:37.054,1.58308,1.58347,1.00,1.50
2014.11.24 19:07:39.795,1.58308,1.58336,1.00,1.00
2014.11.24 19:07:40.345,1.58309,1.58336,1.00,1.00
2014.11.24 19:07:50.401,1.58311,1.58347,1.00,1.00
2014.11.24 19:07:59.822,1.58311,1.58336,1.00,1.00
2014.11.24 19:08:01.585,1.58311,1.58346,1.00,1.00
2014.11.24 19:08:03.893,1.58311,1.58336,1.00,1.00
2014.11.24 19:08:04.883,1.58311,1.58346,1.00,1.00
2014.11.24 19:08:06.342,1.58309,1.58346,1.00,1.00
2014.11.24 19:08:06.594,1.58304,1.58345,1.00,1.00
2014.11.24 19:08:06.695,1.583,1.58344,1.00,1.00
2014.11.24 19:08:06.746,1.583,1.58341,1.00,1.00
2014.11.24 19:08:07.067,1.58298,1.58336,1.00,1.00
2014.11.24 19:08:08.307,1.58298,1.58336,1.00,1.37
2014.11.24 19:08:08.458,1.5829,1.58331,1.00,1.00
2014.11.24 19:08:08.739,1.5829,1.58326,1.00,1.00
2014.11.24 19:08:09.503,1.5829,1.58327,1.00,1.00
2014.11.24 19:08:09.863,1.58292,1.58327,1.00,1.00
2014.11.24 19:08:13.824,1.58289,1.58327,1.00,1.00
2014.11.24 19:08:16.327,1.58289,1.58326,1.00,1.00
2014.11.24 19:08:16.611,1.58287,1.58326,1.00,2.25
2014.11.24 19:08:16.882,1.58287,1.58316,1.00,1.00
2014.11.24 19:08:18.413,1.58287,1.58317,1.00,1.00
2014.11.24 19:08:19.343,1.58282,1.58317,1.00,1.00
2014.11.24 19:08:19.646,1.58282,1.58319,1.00,1.00
2014.11.24 19:08:19.797,1.58282,1.58323,1.00,1.00
2014.11.24 19:08:19.847,1.58282,1.58316,1.00,1.00
2014.11.24 19:08:20.200,1.58281,1.58321,1.00,1.00
2014.11.24 19:08:20.323,1.58282,1.58326,1.00,1.00
2014.11.24 19:08:20.475,1.58282,1.58322,1.00,1.00
2014.11.24 19:08:20.727,1.58282,1.58326,1.00,1.50
2014.11.24 19:08:21.231,1.58284,1.58326,1.00,2.25
2014.11.24 19:08:23.974,1.58278,1.58323,1.37,1.00
2014.11.24 19:08:24.025,1.58278,1.58317,1.00,1.00
2014.11.24 19:08:24.226,1.58279,1.58321,1.00,1.00
2014.11.24 19:08:24.297,1.58279,1.58316,1.00,1.00
2014.11.24 19:08:24.398,1.5828,1.58321,1.12,1.00
2014.11.24 19:08:24.499,1.58283,1.58321,1.00,1.00
2014.11.24 19:08:24.650,1.58281,1.58321,1.00,1.00
2014.11.24 19:08:25.049,1.58284,1.58321,1.00,1.00
2014.11.24 19:08:25.200,1.58282,1.58321,1.00,1.00
2014.11.24 19:08:25.804,1.58283,1.58321,1.00,1.00
2014.11.24 19:08:26.582,1.5828,1.58321,1.12,1.00
2014.11.24 19:08:27.174,1.58284,1.58321,1.00,1.00
2014.11.24 19:08:27.243,1.58282,1.58321,1.00,1.00
2014.11.24 19:08:27.892,1.58282,1.58323,1.00,1.00
2014.11.24 19:08:27.993,1.58282,1.58326,1.00,1.50
2014.11.24 19:08:28.534,1.58283,1.58326,1.00,1.00
2014.11.24 19:08:29.673,1.58281,1.58327,1.00,2.62
2014.11.24 19:08:29.774,1.5828,1.58323,1.37,1.00
2014.11.24 19:08:30.277,1.5828,1.58322,1.00,1.00
2014.11.24 19:08:30.788,1.58282,1.58322,1.00,1.00
2014.11.24 19:08:31.141,1.5828,1.58322,1.00,1.00
2014.11.24 19:08:32.216,1.58282,1.58322,1.00,1.00
2014.11.24 19:08:32.334,1.58278,1.58322,1.00,1.50
2014.11.24 19:08:38.654,1.58278,1.58316,1.00,1.00
2014.11.24 19:08:40.371,1.5828,1.58316,1.00,1.00
2014.11.24 19:08:40.422,1.5828,1.58322,1.00,1.00
2014.11.24 19:08:40.674,1.58281,1.58327,1.37,1.50
2014.11.24 19:08:43.212,1.58281,1.58327,1.00,1.50
2014.11.24 19:08:43.313,1.58285,1.58326,1.00,1.00
2014.11.24 19:08:43.616,1.58283,1.58324,1.00,1.00
2014.11.24 19:08:45.873,1.5828,1.58324,1.00,1.00
2014.11.24 19:08:49.517,1.5828,1.58324,1.37,1.00
2014.11.24 19:08:49.820,1.58282,1.58326,1.00,1.50
2014.11.24 19:08:49.921,1.5828,1.58326,1.00,1.87
2014.11.24 19:08:49.972,1.5828,1.58323,1.00,1.00
2014.11.24 19:08:50.275,1.58282,1.58316,1.00,1.00
2014.11.24 19:08:50.376,1.5828,1.58316,1.12,1.00
2014.11.24 19:08:50.940,1.5828,1.58317,1.12,1.00
2014.11.24 19:08:51.898,1.58281,1.58316,1.00,1.00
2014.11.24 19:08:53.002,1.58281,1.58317,1.00,1.00
2014.11.24 19:08:59.331,1.58281,1.58316,1.00,1.00
2014.11.24 19:09:03.622,1.58281,1.58317,1.00,1.00
2014.11.24 19:09:05.402,1.58281,1.58316,1.00,1.00
2014.11.24 19:09:07.516,1.58281,1.58317,1.00,1.00
2014.11.24 19:09:09.233,1.58281,1.58316,1.00,1.00
2014.11.24 19:09:10.267,1.58281,1.58316,1.37,1.00
2014.11.24 19:09:10.783,1.58281,1.58316,1.00,1.00
2014.11.24 19:09:14.341,1.58282,1.58316,1.00,1.00
2014.11.24 19:09:15.267,1.58282,1.58317,1.00,1.00
2014.11.24 19:09:16.104,1.58282,1.58317,1.37,1.00
2014.11.24 19:09:16.852,1.58282,1.58316,1.37,1.00
2014.11.24 19:09:17.193,1.58282,1.58316,1.00,1.00
2014.11.24 19:09:17.394,1.58281,1.58306,1.00,1.00
2014.11.24 19:09:17.445,1.58274,1.58306,1.12,1.00
2014.11.24 19:09:17.647,1.58282,1.58306,1.00,1.00
2014.11.24 19:09:17.748,1.58282,1.58317,1.00,1.00
2014.11.24 19:09:17.849,1.58282,1.58324,1.00,1.00
2014.11.24 19:09:17.899,1.58285,1.58326,1.00,1.00
2014.11.24 19:09:19.007,1.58285,1.58326,1.37,1.00
2014.11.24 19:09:19.555,1.58286,1.58327,1.37,1.00
2014.11.24 19:09:19.822,1.58286,1.58326,1.00,1.00
2014.11.24 19:09:20.767,1.58286,1.58326,1.37,1.00
2014.11.24 19:09:20.918,1.5829,1.58334,1.12,1.00
2014.11.24 19:09:20.969,1.58292,1.58335,1.00,1.00
2014.11.24 19:09:21.069,1.5829,1.58334,1.12,1.00
2014.11.24 19:09:21.120,1.5829,1.58327,1.12,1.00
2014.11.24 19:09:21.464,1.5829,1.58334,1.12,1.00
2014.11.24 19:09:22.905,1.58288,1.58326,1.37,1.00
2014.11.24 19:09:23.394,1.58287,1.58326,1.00,1.00
2014.11.24 19:09:23.801,1.58285,1.58326,1.00,1.00
2014.11.24 19:09:24.262,1.5828,1.58324,1.00,1.12
2014.11.24 19:09:24.313,1.5828,1.58321,1.00,1.50
2014.11.24 19:09:24.414,1.5828,1.58325,1.00,1.50
2014.11.24 19:09:24.464,1.58283,1.58325,1.00,1.00
2014.11.24 19:09:24.799,1.58282,1.58316,1.12,1.00
2014.11.24 19:09:24.900,1.58282,1.58326,1.12,1.50
2014.11.24 19:09:24.951,1.58281,1.58324,1.37,1.00
2014.11.24 19:09:29.636,1.58281,1.58322,1.00,1.00
2014.11.24 19:09:29.788,1.58279,1.58322,1.00,1.00
2014.11.24 19:09:30.316,1.58278,1.58322,1.00,1.50
2014.11.24 19:09:30.866,1.58279,1.58322,1.00,1.00
2014.11.24 19:09:45.960,1.58278,1.58322,1.00,1.00
2014.11.24 19:09:46.201,1.58278,1.58316,1.00,1.00
2014.11.24 19:09:51.042,1.58278,1.58313,1.00,1.00
2014.11.24 19:09:51.093,1.58276,1.58313,1.00,1.00
2014.11.24 19:09:51.194,1.58272,1.58313,1.00,1.00
2014.11.24 19:09:51.245,1.58272,1.58316,1.00,1.00
2014.11.24 19:09:51.295,1.58272,1.58306,1.00,1.00
2014.11.24 19:09:51.447,1.58268,1.58306,1.00,1.00
2014.11.24 19:09:51.601,1.58268,1.58313,1.00,1.00
2014.11.24 19:09:52.315,1.58268,1.58313,1.37,1.00
2014.11.24 19:09:52.839,1.58268,1.58313,1.00,1.00
2014.11.24 19:09:52.941,1.58268,1.58313,1.37,1.00
2014.11.24 19:09:54.089,1.58266,1.58311,1.37,1.00
2014.11.24 19:09:54.711,1.58268,1.58313,1.37,1.50
2014.11.24 19:09:55.821,1.58268,1.58312,1.37,1.00
2014.11.24 19:09:58.495,1.58269,1.58313,1.37,1.50
2014.11.24 19:10:01.211,1.58269,1.58307,1.37,1.00
2014.11.24 19:10:03.644,1.58271,1.58307,1.00,1.00
2014.11.24 19:10:03.745,1.58271,1.58315,1.37,1.00
2014.11.24 19:10:04.118,1.58274,1.58316,1.00,1.00
2014.11.24 19:10:11.806,1.58273,1.58316,1.00,1.50
2014.11.24 19:10:12.417,1.58273,1.58306,1.00,1.00
2014.11.24 19:10:12.954,1.58273,1.58307,1.00,1.00
2014.11.24 19:10:17.553,1.58273,1.58306,1.00,1.00
2014.11.24 19:10:19.648,1.58273,1.58297,1.00,1.00
2014.11.24 19:10:22.412,1.58273,1.58306,1.00,1.00
2014.11.24 19:10:23.823,1.58273,1.58307,1.00,1.00
2014.11.24 19:10:24.393,1.58273,1.58306,1.00,1.00
2014.11.24 19:10:26.192,1.58274,1.58306,1.00,1.00
2014.11.24 19:10:28.541,1.58273,1.58306,1.00,1.00
2014.11.24 19:10:29.050,1.58274,1.58306,1.00,1.00
2014.11.24 19:10:29.662,1.58273,1.58306,1.00,1.00
2014.11.24 19:10:46.219,1.58269,1.58306,1.00,1.00
2014.11.24 19:10:46.270,1.58269,1.58297,1.00,1.00
2014.11.24 19:10:46.471,1.58264,1.58297,1.00,1.00
2014.11.24 19:10:47.270,1.58264,1.58296,1.00,1.00
2014.11.24 19:10:51.762,1.58264,1.58297,1.00,1.00
2014.11.24 19:10:58.470,1.58264,1.58296,1.00,1.00
2014.11.24 19:10:59.764,1.58266,1.58296,1.00,1.00
2014.11.24 19:11:01.320,1.58264,1.58296,1.00,1.00
2014.11.24 19:11:03.202,1.58264,1.58297,1.00,1.00
2014.11.24 19:11:08.267,1.58264,1.58296,1.00,1.00
2014.11.24 19:11:19.566,1.5826,1.58296,1.12,1.00
2014.11.24 19:11:21.227,1.58261,1.58296,1.00,1.00
2014.11.24 19:11:21.833,1.58259,1.58296,1.37,1.00
2014.11.24 19:11:22.111,1.58262,1.58296,1.00,1.00
2014.11.24 19:11:22.212,1.5826,1.58296,1.12,1.00
2014.11.24 19:11:25.040,1.58262,1.58296,1.00,1.00
2014.11.24 19:11:27.273,1.5826,1.58296,1.00,1.00
2014.11.24 19:11:27.776,1.5826,1.58297,1.00,1.00
2014.11.24 19:11:28.271,1.5826,1.58297,1.37,1.00
2014.11.24 19:11:28.573,1.58267,1.58297,1.00,1.00
2014.11.24 19:11:28.890,1.58269,1.58296,1.00,1.00
2014.11.24 19:11:28.942,1.58269,1.58306,1.00,1.00
2014.11.24 19:11:29.490,1.58269,1.58307,1.00,1.00
2014.11.24 19:11:30.041,1.58269,1.58306,1.00,1.00
2014.11.24 19:11:30.592,1.58269,1.58296,1.00,1.00
2014.11.24 19:11:30.810,1.58269,1.58306,1.00,1.00
2014.11.24 19:11:34.770,1.58269,1.58307,1.00,1.00
2014.11.24 19:11:35.322,1.58269,1.58296,1.00,1.00
2014.11.24 19:11:36.384,1.58271,1.58296,1.00,1.00
2014.11.24 19:11:36.742,1.58266,1.58296,1.00,1.00
2014.11.24 19:11:36.842,1.58264,1.58302,1.00,1.50
2014.11.24 19:11:36.944,1.58255,1.58299,1.00,1.00
2014.11.24 19:11:36.994,1.58255,1.58286,1.00,1.00
2014.11.24 19:11:37.045,1.58252,1.58286,1.37,1.00
2014.11.24 19:11:37.096,1.58252,1.58295,1.37,1.00
2014.11.24 19:11:37.411,1.58252,1.58287,1.37,1.00
2014.11.24 19:11:37.915,1.58252,1.58286,1.00,1.00
2014.11.24 19:11:38.067,1.5825,1.58286,1.00,1.00
2014.11.24 19:11:38.219,1.58249,1.58292,1.00,1.00
2014.11.24 19:11:38.320,1.58244,1.58288,1.00,1.00
2014.11.24 19:11:38.370,1.58243,1.58286,1.00,1.00
2014.11.24 19:11:38.732,1.58246,1.58276,1.00,1.00
2014.11.24 19:11:38.833,1.58244,1.58276,1.00,1.00
2014.11.24 19:11:38.934,1.58242,1.58276,1.00,1.00
2014.11.24 19:11:39.035,1.5824,1.58276,1.00,1.00
2014.11.24 19:11:39.563,1.5824,1.58277,1.00,1.00
2014.11.24 19:11:42.363,1.5824,1.58276,1.00,1.00
2014.11.24 19:11:43.242,1.5824,1.58277,1.00,1.00
2014.11.24 19:11:45.222,1.5824,1.58276,1.00,1.00
2014.11.24 19:11:45.731,1.5824,1.58277,1.00,1.00
2014.11.24 19:11:47.989,1.5824,1.58276,1.87,1.00
2014.11.24 19:11:48.090,1.58243,1.58286,1.50,1.50
2014.11.24 19:11:48.292,1.58251,1.58287,1.12,1.00
2014.11.24 19:11:48.795,1.58251,1.58286,1.12,1.00
2014.11.24 19:11:50.271,1.58253,1.58286,1.00,1.00
2014.11.24 19:11:50.321,1.58253,1.58296,1.00,1.00
2014.11.24 19:11:51.725,1.58253,1.58297,1.00,1.00
2014.11.24 19:11:53.470,1.58253,1.58296,1.00,1.00
2014.11.24 19:11:54.098,1.58252,1.58296,1.00,1.50
2014.11.24 19:11:57.750,1.58254,1.58296,1.00,1.00
2014.11.24 19:11:57.951,1.58251,1.58294,1.00,1.00
2014.11.24 19:11:58.628,1.58249,1.58293,1.00,1.00
2014.11.24 19:11:58.729,1.5825,1.58291,1.00,1.00
2014.11.24 19:11:58.931,1.58251,1.58294,1.00,1.00
2014.11.24 19:11:58.981,1.58251,1.58287,1.00,1.00
2014.11.24 19:11:59.165,1.58251,1.58294,1.00,1.00
2014.11.24 19:11:59.367,1.58254,1.58294,1.00,1.00
2014.11.24 19:11:59.579,1.58252,1.58294,1.00,1.00
2014.11.24 19:12:00.130,1.5825,1.58294,1.00,1.50
2014.11.24 19:12:00.269,1.58252,1.58294,1.00,1.00
2014.11.24 19:12:00.573,1.58249,1.58294,1.12,1.00
2014.11.24 19:12:00.725,1.58252,1.58294,1.00,1.00
2014.11.24 19:12:00.826,1.5825,1.58294,1.00,1.50
2014.11.24 19:12:01.329,1.58251,1.58294,1.00,1.00
2014.11.24 19:12:01.919,1.58252,1.58294,1.00,1.00
2014.11.24 19:12:02.151,1.5825,1.58294,1.00,1.50
2014.11.24 19:12:02.368,1.58248,1.58294,1.00,1.50
2014.11.24 19:12:03.436,1.58247,1.58292,1.12,1.00
2014.11.24 19:12:03.975,1.58247,1.58291,1.12,2.25
2014.11.24 19:12:04.549,1.58248,1.58291,1.00,1.00
2014.11.24 19:12:05.651,1.5825,1.58294,1.00,1.00
2014.11.24 19:12:05.777,1.58247,1.58292,1.12,1.00
2014.11.24 19:12:06.872,1.58251,1.58294,1.00,1.00
2014.11.24 19:12:07.183,1.58248,1.58291,1.00,1.00
2014.11.24 19:12:07.508,1.58254,1.58294,1.00,1.00
2014.11.24 19:12:07.559,1.58254,1.58296,1.00,1.00
2014.11.24 19:12:07.660,1.58256,1.58296,1.00,1.00
2014.11.24 19:12:08.169,1.58256,1.58297,1.00,1.00
2014.11.24 19:12:08.691,1.58257,1.58297,1.00,1.00
2014.11.24 19:12:09.490,1.58257,1.58296,1.00,1.00
2014.11.24 19:12:13.236,1.5826,1.58297,1.00,1.00
2014.11.24 19:12:13.337,1.58257,1.58297,1.00,1.00
2014.11.24 19:12:14.471,1.58258,1.58297,1.00,1.00
2014.11.24 19:12:14.672,1.58256,1.58297,1.00,1.00
2014.11.24 19:12:15.495,1.58259,1.58297,1.00,1.00
2014.11.24 19:12:15.650,1.58257,1.58297,1.00,1.00
2014.11.24 19:12:16.283,1.58256,1.58296,1.00,1.00
2014.11.24 19:12:25.919,1.5826,1.58296,1.00,1.00
2014.11.24 19:12:26.020,1.58258,1.58296,1.00,1.00
2014.11.24 19:12:31.847,1.58254,1.58286,1.00,1.00
2014.11.24 19:12:31.948,1.58252,1.58296,1.00,1.00
2014.11.24 19:12:32.799,1.58251,1.58296,1.00,1.50
2014.11.24 19:12:32.850,1.58251,1.58286,1.00,1.00
2014.11.24 19:12:33.253,1.58252,1.58296,1.00,1.00
2014.11.24 19:12:33.469,1.58251,1.58286,1.00,1.00
2014.11.24 19:12:33.930,1.58251,1.58296,1.12,1.00
2014.11.24 19:12:34.031,1.58253,1.58296,1.00,1.00
2014.11.24 19:12:34.474,1.58253,1.58286,1.00,1.00
2014.11.24 19:12:35.919,1.58255,1.58286,1.00,1.00
2014.11.24 19:12:36.121,1.58252,1.58286,1.00,1.00
2014.11.24 19:12:36.474,1.58256,1.58286,1.00,1.00
2014.11.24 19:12:36.575,1.58254,1.58296,1.00,1.00
2014.11.24 19:12:36.782,1.58252,1.58296,1.00,1.00
2014.11.24 19:12:36.882,1.58252,1.58286,1.00,1.00
2014.11.24 19:12:38.196,1.58254,1.58286,1.00,1.00
2014.11.24 19:12:38.707,1.58253,1.58286,1.00,1.00
2014.11.24 19:12:38.859,1.58253,1.58297,1.00,1.50
2014.11.24 19:12:40.169,1.58255,1.58297,1.00,1.00
2014.11.24 19:12:40.421,1.58252,1.58295,1.00,1.00
2014.11.24 19:12:40.933,1.58253,1.58296,1.00,1.50
2014.11.24 19:12:52.385,1.58254,1.58296,1.00,1.50
2014.11.24 19:12:52.680,1.58252,1.58295,1.00,1.00
2014.11.24 19:12:53.039,1.58254,1.58296,1.00,1.00
2014.11.24 19:12:54.952,1.58257,1.58296,1.00,1.00
2014.11.24 19:12:56.558,1.58255,1.58296,1.00,1.00
2014.11.24 19:13:05.163,1.58251,1.58296,1.00,1.50
2014.11.24 19:13:10.010,1.58255,1.58296,1.00,1.00
2014.11.24 19:13:10.229,1.58252,1.58296,1.00,1.00
2014.11.24 19:13:10.760,1.58252,1.58286,1.00,1.00
2014.11.24 19:13:11.114,1.5825,1.58287,1.00,1.00
2014.11.24 19:13:11.216,1.58247,1.58287,1.00,1.00
2014.11.24 19:13:12.117,1.58249,1.58287,1.00,1.00
2014.11.24 19:13:13.839,1.58249,1.58286,1.00,1.00
2014.11.24 19:13:14.268,1.58247,1.58287,1.00,1.00
2014.11.24 19:13:17.580,1.58247,1.58286,1.00,1.00
2014.11.24 19:13:17.811,1.58249,1.58287,1.00,1.00
2014.11.24 19:13:21.780,1.58249,1.58286,1.00,1.00
2014.11.24 19:13:24.429,1.58251,1.58286,1.00,1.00
2014.11.24 19:13:24.529,1.58249,1.58286,1.00,1.00
2014.11.24 19:13:25.080,1.58245,1.58288,1.00,1.00
2014.11.24 19:13:25.181,1.58245,1.58286,1.00,1.00
2014.11.24 19:13:25.390,1.58243,1.58287,1.00,1.50
2014.11.24 19:13:26.131,1.58244,1.58287,1.00,1.00
2014.11.24 19:13:26.651,1.58244,1.58286,1.00,1.00
2014.11.24 19:13:27.358,1.58242,1.58286,1.00,1.00
2014.11.24 19:13:30.813,1.58244,1.58286,1.00,1.00
2014.11.24 19:13:31.429,1.58243,1.58287,1.00,1.50
2014.11.24 19:13:34.538,1.58245,1.58287,1.00,1.00
2014.11.24 19:13:35.398,1.58245,1.58276,1.00,1.00
2014.11.24 19:13:37.876,1.58245,1.58286,1.00,1.00
2014.11.24 19:13:41.168,1.58245,1.58277,1.00,1.00
2014.11.24 19:13:53.427,1.58242,1.58277,1.00,1.00
2014.11.24 19:13:55.665,1.58244,1.58277,1.00,1.00
2014.11.24 19:13:56.326,1.58244,1.58286,1.00,1.00
2014.11.24 19:13:56.597,1.58244,1.58286,1.37,1.00
2014.11.24 19:13:57.213,1.58244,1.58287,1.37,1.00
2014.11.24 19:13:59.907,1.58244,1.58287,1.00,1.00
2014.11.24 19:14:00.164,1.58244,1.58277,1.00,1.00
2014.11.24 19:14:04.636,1.58245,1.58277,1.00,1.00
2014.11.24 19:14:08.959,1.58243,1.58277,1.00,1.00
2014.11.24 19:14:09.499,1.58243,1.58276,1.00,1.00
2014.11.24 19:14:15.128,1.58244,1.58276,1.00,1.00
2014.11.24 19:14:18.895,1.58247,1.58277,1.00,1.00
2014.11.24 19:14:18.996,1.58249,1.58286,1.00,1.00
2014.11.24 19:14:20.828,1.58249,1.58276,1.00,1.00
2014.11.24 19:14:23.579,1.58249,1.58286,1.00,1.00
2014.11.24 19:14:26.483,1.58249,1.58277,1.00,1.00
2014.11.24 19:14:30.321,1.58254,1.58277,1.00,1.00
2014.11.24 19:14:30.422,1.58254,1.58286,1.00,1.00
2014.11.24 19:14:30.523,1.58252,1.58286,1.00,1.00
2014.11.24 19:14:30.624,1.58249,1.58287,1.00,1.00
2014.11.24 19:14:31.057,1.58249,1.58277,1.00,1.00
2014.11.24 19:14:32.396,1.58248,1.58277,1.00,1.00
2014.11.24 19:14:32.912,1.58248,1.58276,1.00,1.00
2014.11.24 19:14:41.078,1.58248,1.58277,1.00,1.00
2014.11.24 19:14:45.578,1.58248,1.58287,1.00,1.00
2014.11.24 19:14:48.976,1.5825,1.58287,1.00,1.00
2014.11.24 19:14:49.380,1.5825,1.58287,1.37,1.00
2014.11.24 19:14:49.682,1.58254,1.58286,1.00,1.00
2014.11.24 19:14:57.117,1.58258,1.58286,1.00,1.00
2014.11.24 19:14:57.554,1.58256,1.58286,1.00,1.00
2014.11.24 19:14:57.605,1.58253,1.58276,1.00,1.00
2014.11.24 19:14:57.706,1.58245,1.58277,1.00,1.00
2014.11.24 19:14:57.807,1.58248,1.58277,1.00,1.00
2014.11.24 19:14:58.009,1.58244,1.58276,1.00,1.00
2014.11.24 19:14:58.126,1.58244,1.58286,1.00,1.00
2014.11.24 19:14:58.471,1.58247,1.58286,1.00,1.00
2014.11.24 19:14:59.377,1.58247,1.58287,1.00,1.00
2014.11.24 19:14:59.907,1.58248,1.58287,1.00,1.00
2014.11.24 19:15:00.768,1.58248,1.58286,1.00,1.00
2014.11.24 19:15:07.787,1.5825,1.58286,1.00,1.00
2014.11.24 19:15:08.089,1.58257,1.58286,1.00,1.00
2014.11.24 19:15:08.367,1.58257,1.58296,1.00,1.00
2014.11.24 19:15:08.468,1.58253,1.58286,1.00,1.00
2014.11.24 19:15:08.570,1.58249,1.58286,1.00,1.00
2014.11.24 19:15:08.721,1.58249,1.58276,1.00,1.00
2014.11.24 19:15:08.822,1.58247,1.58276,1.00,1.00
2014.11.24 19:15:09.054,1.58245,1.58287,1.37,1.00
2014.11.24 19:15:09.328,1.5825,1.58287,1.00,1.00
2014.11.24 19:15:14.959,1.5825,1.58276,1.00,1.00
2014.11.24 19:15:15.490,1.5825,1.58277,1.00,1.00
2014.11.24 19:15:21.111,1.58252,1.58277,1.00,1.00
2014.11.24 19:15:21.161,1.58252,1.58287,1.00,1.00
2014.11.24 19:15:21.212,1.58255,1.58287,1.00,1.00
2014.11.24 19:15:21.363,1.58259,1.58296,1.00,1.00
2014.11.24 19:15:21.565,1.58259,1.58287,1.00,1.00
2014.11.24 19:15:22.087,1.58256,1.58287,1.00,1.00
2014.11.24 19:15:22.339,1.58258,1.58287,1.00,1.00
2014.11.24 19:15:22.440,1.5826,1.58296,1.00,1.00
2014.11.24 19:15:24.946,1.58259,1.58296,1.00,1.00
2014.11.24 19:15:25.960,1.58261,1.58296,1.00,1.00
2014.11.24 19:15:27.187,1.58262,1.58296,1.00,1.00
2014.11.24 19:15:29.038,1.58261,1.58296,1.00,1.00
2014.11.24 19:15:29.139,1.58253,1.58296,1.00,1.00
2014.11.24 19:15:29.190,1.58253,1.58287,1.00,1.00
2014.11.24 19:15:29.240,1.58251,1.58287,1.00,1.00
2014.11.24 19:15:29.496,1.58248,1.58276,1.00,1.00
2014.11.24 19:15:29.800,1.5825,1.58276,1.00,1.00
2014.11.24 19:15:30.185,1.5825,1.58286,1.00,1.00
2014.11.24 19:15:33.153,1.5825,1.58287,1.00,1.00
2014.11.24 19:15:33.715,1.58251,1.58286,1.00,1.00
2014.11.24 19:15:34.978,1.58251,1.58277,1.00,1.00
2014.11.24 19:15:35.536,1.58251,1.58276,1.00,1.00
2014.11.24 19:15:35.788,1.58253,1.58287,1.00,1.00
2014.11.24 19:15:35.838,1.58254,1.58287,1.37,1.00
2014.11.24 19:15:36.188,1.58254,1.58286,1.00,1.00
2014.11.24 19:15:39.379,1.58254,1.58287,1.00,1.00
2014.11.24 19:15:40.608,1.58254,1.58286,1.00,1.00
2014.11.24 19:15:44.267,1.58254,1.58286,1.60,1.00
2014.11.24 19:15:44.447,1.58259,1.58296,1.30,1.00
2014.11.24 19:15:44.548,1.58262,1.58296,1.00,1.00
2014.11.24 19:15:45.080,1.58266,1.58296,1.00,1.00
2014.11.24 19:15:45.383,1.5827,1.58296,1.00,1.00
2014.11.24 19:15:46.148,1.5827,1.58297,1.00,1.00
2014.11.24 19:15:48.399,1.5827,1.58296,1.00,1.00
2014.11.24 19:15:48.951,1.58266,1.58296,1.00,1.00
2014.11.24 19:15:49.469,1.58265,1.58296,1.00,1.00
2014.11.24 19:15:50.578,1.58265,1.58296,1.87,1.00
2014.11.24 19:15:50.729,1.58268,1.58297,1.00,1.00
2014.11.24 19:15:53.829,1.58268,1.58306,1.00,1.00
2014.11.24 19:15:54.439,1.58269,1.58307,1.00,1.00
2014.11.24 19:15:55.098,1.58269,1.58306,1.00,1.00
2014.11.24 19:15:57.029,1.58269,1.58296,1.00,1.00
2014.11.24 19:15:57.130,1.58274,1.58306,1.00,1.00
2014.11.24 19:15:58.516,1.58275,1.58306,1.00,1.00
2014.11.24 19:16:00.725,1.58275,1.58307,1.00,1.00
2014.11.24 19:16:01.356,1.58275,1.58306,1.00,1.00
2014.11.24 19:16:02.907,1.58274,1.58306,1.00,1.00
2014.11.24 19:16:03.058,1.58274,1.58296,1.00,1.00
2014.11.24 19:16:03.159,1.5827,1.58296,1.00,1.00
2014.11.24 19:16:04.347,1.5827,1.58306,1.00,1.00
2014.11.24 19:16:06.228,1.58267,1.58296,1.60,1.00
2014.11.24 19:16:06.768,1.58267,1.58297,1.60,1.00
2014.11.24 19:16:10.887,1.58267,1.58297,1.00,1.00
2014.11.24 19:16:10.938,1.58264,1.58306,1.00,1.00
2014.11.24 19:16:10.989,1.58264,1.58297,1.00,1.00
2014.11.24 19:16:17.018,1.58264,1.58296,1.00,1.00
2014.11.24 19:16:17.119,1.58259,1.58297,1.50,1.00
2014.11.24 19:16:17.220,1.58256,1.58287,1.00,1.00
2014.11.24 19:16:17.471,1.58253,1.58286,1.00,1.00
2014.11.24 19:16:17.997,1.58248,1.58287,1.60,1.00
2014.11.24 19:16:18.048,1.58248,1.58287,1.00,1.00
2014.11.24 19:16:18.098,1.58248,1.58283,1.00,1.00
2014.11.24 19:16:18.149,1.58243,1.58283,1.00,1.12
2014.11.24 19:16:18.200,1.58238,1.58281,1.00,1.00
2014.11.24 19:16:18.250,1.58238,1.58276,1.00,1.00
2014.11.24 19:16:18.552,1.58235,1.58267,1.00,1.00
2014.11.24 19:16:19.417,1.58235,1.58266,1.00,1.00
2014.11.24 19:16:30.307,1.58235,1.58267,1.00,1.00
2014.11.24 19:16:33.496,1.58235,1.58266,1.00,1.00
2014.11.24 19:16:39.665,1.58237,1.58276,1.00,1.00
2014.11.24 19:16:40.354,1.58237,1.58277,1.00,1.00
2014.11.24 19:16:42.664,1.58235,1.58277,1.00,1.00
2014.11.24 19:16:42.847,1.58235,1.58266,1.00,1.00
2014.11.24 19:16:45.174,1.58233,1.58266,1.00,1.00
2014.11.24 19:16:45.275,1.58229,1.58266,1.00,1.00
2014.11.24 19:16:45.376,1.58224,1.58266,1.00,1.00
2014.11.24 19:16:45.427,1.58224,1.5827,1.00,1.00
2014.11.24 19:16:45.478,1.58224,1.58269,1.00,1.37
2014.11.24 19:16:45.816,1.58226,1.58256,1.00,1.00
2014.11.24 19:16:46.036,1.58226,1.58266,1.00,1.00
2014.11.24 19:16:47.895,1.58226,1.58266,1.00,1.37
2014.11.24 19:16:47.946,1.58222,1.58266,1.00,1.37
2014.11.24 19:16:48.047,1.58221,1.58257,1.00,1.00
2014.11.24 19:16:48.349,1.58225,1.58256,1.00,1.00
2014.11.24 19:16:48.896,1.58226,1.58256,1.00,1.00
2014.11.24 19:16:49.254,1.58226,1.58266,1.00,1.00
2014.11.24 19:16:49.782,1.58226,1.58256,1.00,1.00
2014.11.24 19:16:50.446,1.58223,1.58257,1.00,1.00
2014.11.24 19:16:50.648,1.5822,1.58257,1.00,1.00
2014.11.24 19:16:51.177,1.5822,1.58256,1.00,1.00
2014.11.24 19:16:51.325,1.58216,1.58256,1.50,1.00
2014.11.24 19:16:51.525,1.5822,1.58256,1.00,1.00
2014.11.24 19:16:51.676,1.5822,1.58263,1.00,1.00
2014.11.24 19:16:51.777,1.58222,1.58266,1.00,1.50
2014.11.24 19:16:53.314,1.58221,1.58266,1.00,1.00
2014.11.24 19:16:53.918,1.58221,1.58265,1.00,1.00
2014.11.24 19:16:58.895,1.58216,1.58258,1.50,1.00
2014.11.24 19:16:59.118,1.58216,1.58258,1.12,1.00
2014.11.24 19:16:59.270,1.58216,1.58258,1.37,1.00
2014.11.24 19:16:59.673,1.58216,1.58258,1.00,1.00
2014.11.24 19:17:00.226,1.58216,1.58258,1.37,1.00
2014.11.24 19:17:05.842,1.58216,1.58258,1.00,1.00
2014.11.24 19:17:07.475,1.58216,1.58255,1.00,1.00
2014.11.24 19:17:10.505,1.58215,1.58255,1.00,1.00
2014.11.24 19:17:11.016,1.58214,1.58255,1.12,1.00
2014.11.24 19:17:30.678,1.58213,1.58255,1.00,1.00
2014.11.24 19:17:37.738,1.58213,1.58255,1.87,1.00
2014.11.24 19:17:46.293,1.58216,1.58255,1.00,1.00
2014.11.24 19:17:46.344,1.58216,1.58257,1.50,1.00
2014.11.24 19:17:46.445,1.58216,1.58259,1.87,1.00
2014.11.24 19:17:46.597,1.58216,1.58259,2.62,1.00
2014.11.24 19:17:46.748,1.5822,1.58261,1.00,1.00
2014.11.24 19:17:46.899,1.58221,1.58262,1.37,1.00
2014.11.24 19:17:47.100,1.58221,1.58264,1.37,1.00
2014.11.24 19:17:47.201,1.58221,1.58264,1.37,1.00
2014.11.24 19:17:47.307,1.5822,1.58259,1.87,1.00
2014.11.24 19:17:47.610,1.5822,1.58257,1.00,1.00
2014.11.24 19:17:47.711,1.58215,1.58257,1.87,1.00
2014.11.24 19:17:47.862,1.58214,1.58253,2.62,1.00
2014.11.24 19:17:47.963,1.58214,1.58255,3.37,1.00
2014.11.24 19:17:53.436,1.58214,1.58255,3.00,1.00
2014.11.24 19:17:53.587,1.58214,1.58257,3.75,1.00
2014.11.24 19:17:54.114,1.58214,1.58255,3.00,1.00
2014.11.24 19:17:54.603,1.58214,1.58255,2.62,1.00
2014.11.24 19:18:00.054,1.58214,1.58254,1.87,1.00
2014.11.24 19:18:00.617,1.58214,1.58254,2.25,1.00
2014.11.24 19:18:00.718,1.58217,1.58258,1.37,1.00
2014.11.24 19:18:01.621,1.58217,1.58258,1.37,1.00
2014.11.24 19:18:02.066,1.58214,1.58257,2.62,1.00
2014.11.24 19:18:02.688,1.58214,1.58256,1.87,1.00
2014.11.24 19:18:08.839,1.58214,1.58256,1.00,1.00
2014.11.24 19:18:09.341,1.58214,1.58256,1.37,1.00
2014.11.24 19:18:09.414,1.58217,1.5826,1.50,1.00
2014.11.24 19:18:09.733,1.58217,1.58257,1.00,1.00
2014.11.24 19:18:14.292,1.58217,1.58258,1.00,1.00
2014.11.24 19:18:19.257,1.58217,1.58258,1.37,1.00
2014.11.24 19:18:20.233,1.58217,1.5826,1.87,1.00
2014.11.24 19:18:25.871,1.58217,1.5826,2.25,1.00
2014.11.24 19:18:26.030,1.58221,1.58264,1.37,1.00
2014.11.24 19:18:26.132,1.58224,1.58262,1.12,1.00
2014.11.24 19:18:26.676,1.58224,1.58262,1.37,1.00
2014.11.24 19:18:28.763,1.58224,1.58263,1.37,1.00
2014.11.24 19:18:28.914,1.58227,1.58267,1.87,1.00
2014.11.24 19:18:29.024,1.58227,1.58267,2.25,1.00
2014.11.24 19:18:29.125,1.58233,1.58269,1.00,1.00
2014.11.24 19:18:29.332,1.58233,1.58267,1.00,1.00
2014.11.24 19:18:29.856,1.58232,1.58267,1.12,1.00
2014.11.24 19:18:29.907,1.58232,1.58272,1.12,1.00
2014.11.24 19:18:30.592,1.58232,1.58272,1.37,1.00
2014.11.24 19:18:30.895,1.58229,1.58266,1.50,1.00
2014.11.24 19:18:34.224,1.5823,1.58266,1.75,1.00
2014.11.24 19:18:34.275,1.58231,1.58273,3.00,1.00
2014.11.24 19:18:34.427,1.58238,1.58273,1.67,1.00
2014.11.24 19:18:34.528,1.58238,1.58277,1.67,1.00
2014.11.24 19:18:35.036,1.58238,1.58276,1.67,1.00
2014.11.24 19:18:37.093,1.5826,1.58276,2.10,1.00
2014.11.24 19:18:37.144,1.58266,1.58282,1.60,1.00
2014.11.24 19:18:37.245,1.58267,1.58296,1.60,1.00
2014.11.24 19:18:37.347,1.58263,1.58296,1.50,1.00
2014.11.24 19:18:37.448,1.58267,1.58304,1.00,1.35
2014.11.24 19:18:37.498,1.58254,1.58287,1.00,1.00
2014.11.24 19:18:37.611,1.58251,1.58287,1.35,1.00
2014.11.24 19:18:37.783,1.58253,1.58286,1.00,1.00
2014.11.24 19:18:38.124,1.58253,1.58286,1.37,1.00
2014.11.24 19:18:38.343,1.58252,1.58286,1.00,1.00
2014.11.24 19:18:38.646,1.58248,1.58287,1.50,1.00
2014.11.24 19:18:38.747,1.58242,1.58284,1.00,1.00
2014.11.24 19:18:38.798,1.58242,1.58276,1.00,1.00
2014.11.24 19:18:41.910,1.58242,1.58277,1.00,1.00
2014.11.24 19:18:42.627,1.58241,1.58277,1.12,1.00
2014.11.24 19:18:43.283,1.58238,1.58276,1.37,1.00
2014.11.24 19:18:43.384,1.58237,1.58276,1.37,1.00
2014.11.24 19:18:43.535,1.58237,1.58267,1.37,1.00
2014.11.24 19:18:43.737,1.5822,1.58257,1.00,1.35
2014.11.24 19:18:43.838,1.58217,1.58256,1.00,1.00
2014.11.24 19:18:43.888,1.58217,1.58247,1.00,1.00
2014.11.24 19:18:46.895,1.58217,1.58247,1.87,1.00
2014.11.24 19:18:46.946,1.58221,1.58256,1.12,1.00
2014.11.24 19:18:46.996,1.58224,1.58256,1.00,1.00
2014.11.24 19:18:52.279,1.58224,1.58256,1.37,1.00
2014.11.24 19:18:52.330,1.58228,1.58266,1.00,1.00
2014.11.24 19:18:52.887,1.58228,1.58267,1.00,1.00
2014.11.24 19:18:56.164,1.58228,1.58266,1.00,1.00
2014.11.24 19:19:02.659,1.58229,1.58266,1.00,1.00
2014.11.24 19:19:08.623,1.58223,1.58266,1.87,1.00
2014.11.24 19:19:08.724,1.58223,1.58257,1.12,1.00
2014.11.24 19:19:12.249,1.58223,1.58256,1.12,1.00
2014.11.24 19:19:13.466,1.58225,1.58256,1.00,1.00
2014.11.24 19:19:23.809,1.58223,1.58257,1.37,1.00
2014.11.24 19:19:27.955,1.58223,1.58266,1.37,1.00
2014.11.24 19:19:29.592,1.58225,1.58267,1.12,1.50
2014.11.24 19:19:32.903,1.58225,1.58266,1.12,1.00
2014.11.24 19:19:38.624,1.58225,1.58267,1.12,1.50
2014.11.24 19:19:39.834,1.58225,1.58266,1.12,1.00
2014.11.24 19:19:45.914,1.58225,1.58266,1.37,1.00
2014.11.24 19:19:46.917,1.58225,1.58266,1.37,1.00
2014.11.24 19:19:47.018,1.58224,1.58264,1.37,1.00
2014.11.24 19:19:47.325,1.58224,1.58266,1.37,1.50
2014.11.24 19:19:53.536,1.58224,1.58266,1.37,1.50
2014.11.24 19:19:53.687,1.58223,1.5826,1.00,1.00
2014.11.24 19:19:53.738,1.58219,1.5826,1.37,1.00
2014.11.24 19:19:53.839,1.5822,1.58265,1.37,1.00
2014.11.24 19:19:53.940,1.58223,1.58267,1.87,1.50
2014.11.24 19:19:55.893,1.58225,1.58267,1.00,1.00
2014.11.24 19:19:56.520,1.58225,1.58266,1.00,1.00
2014.11.24 19:19:56.895,1.58228,1.58266,1.00,1.00
2014.11.24 19:19:57.413,1.58226,1.58267,1.00,1.00
2014.11.24 19:19:57.463,1.58223,1.58263,1.00,1.00
2014.11.24 19:19:57.641,1.58224,1.58266,1.12,1.00
2014.11.24 19:19:57.692,1.58224,1.58266,1.37,1.00
2014.11.24 19:19:58.119,1.58224,1.58268,1.87,1.00
2014.11.24 19:19:58.779,1.58224,1.58267,1.37,1.00
2014.11.24 19:20:00.338,1.58229,1.58267,1.00,1.00
2014.11.24 19:20:00.666,1.58229,1.58269,1.00,1.00
2014.11.24 19:20:01.878,1.58229,1.58266,1.00,1.00
2014.11.24 19:20:13.612,1.58229,1.58266,1.37,1.00
2014.11.24 19:20:13.972,1.58229,1.58271,2.62,1.00
2014.11.24 19:20:14.073,1.58233,1.58273,1.00,1.00
2014.11.24 19:20:14.485,1.58229,1.58271,1.12,1.00
2014.11.24 19:20:14.558,1.58229,1.58266,1.12,1.00
2014.11.24 19:20:15.217,1.58228,1.58266,1.00,1.00
2014.11.24 19:20:17.670,1.58226,1.58266,1.12,1.00
2014.11.24 19:20:18.993,1.58225,1.58267,1.37,1.00
2014.11.24 19:20:20.218,1.58225,1.58266,1.37,1.00
2014.11.24 19:20:20.319,1.58227,1.58267,1.37,1.00
2014.11.24 19:20:20.840,1.58226,1.58267,1.37,1.00
2014.11.24 19:20:21.142,1.58225,1.58266,1.50,1.00
2014.11.24 19:20:23.639,1.5823,1.58256,1.00,1.00
2014.11.24 19:20:23.862,1.58228,1.58256,1.00,1.00
2014.11.24 19:20:23.963,1.58226,1.58266,1.37,1.00
2014.11.24 19:20:24.215,1.58226,1.58257,1.00,1.00
2014.11.24 19:20:24.373,1.58223,1.58257,1.30,1.00
2014.11.24 19:20:24.424,1.58222,1.58267,2.47,1.50
2014.11.24 19:20:30.174,1.58224,1.58267,1.12,1.50
2014.11.24 19:20:30.337,1.58224,1.58267,1.37,1.50
2014.11.24 19:20:38.002,1.58225,1.58267,1.37,1.00
2014.11.24 19:20:39.574,1.58225,1.58266,1.37,1.00
2014.11.24 19:20:39.966,1.58225,1.58266,1.12,1.00
2014.11.24 19:20:41.874,1.58225,1.58267,1.12,1.00
2014.11.24 19:20:43.759,1.58223,1.58266,1.72,1.00
2014.11.24 19:20:49.793,1.58223,1.58266,1.12,1.00
2014.11.24 19:20:52.874,1.58224,1.58266,1.00,1.00
2014.11.24 19:20:53.676,1.58225,1.58266,1.00,1.00
2014.11.24 19:20:57.933,1.58225,1.58267,1.00,1.00
2014.11.24 19:21:01.639,1.58223,1.58267,1.87,1.00
2014.11.24 19:21:04.301,1.58224,1.58266,1.00,1.00
2014.11.24 19:21:12.693,1.58228,1.5827,1.00,1.00
2014.11.24 19:21:20.581,1.58227,1.58271,1.50,1.00
2014.11.24 19:21:24.904,1.58226,1.58268,1.00,1.00
2014.11.24 19:21:26.017,1.58223,1.58266,1.00,1.00
2014.11.24 19:21:26.118,1.58222,1.58264,1.00,1.00
2014.11.24 19:21:26.421,1.58224,1.58267,1.00,1.50
2014.11.24 19:21:26.712,1.58229,1.58266,1.00,1.00
2014.11.24 19:21:26.913,1.58229,1.58271,1.37,1.00
2014.11.24 19:21:27.014,1.58229,1.58267,1.37,1.00
2014.11.24 19:21:27.652,1.58229,1.58271,1.37,1.00
2014.11.24 19:21:31.513,1.58228,1.58267,1.37,1.00
2014.11.24 19:21:31.833,1.58228,1.58271,1.37,1.00
2014.11.24 19:21:32.492,1.58228,1.58266,1.37,1.00
2014.11.24 19:21:32.823,1.58228,1.58271,1.37,1.00
2014.11.24 19:21:33.049,1.58228,1.58271,1.75,1.00
2014.11.24 19:21:36.570,1.58228,1.58267,1.75,1.00
2014.11.24 19:21:45.843,1.58228,1.58267,1.37,1.00
2014.11.24 19:21:49.191,1.58228,1.58271,1.37,1.00
2014.11.24 19:21:49.242,1.58228,1.58271,1.37,1.00
2014.11.24 19:21:49.560,1.58228,1.58266,1.50,1.00
2014.11.24 19:21:51.412,1.58228,1.58267,1.50,1.00
2014.11.24 19:21:53.435,1.58229,1.58271,1.37,1.00
2014.11.24 19:21:54.181,1.5823,1.58272,1.37,1.00
2014.11.24 19:22:05.415,1.5823,1.58272,1.12,1.00
2014.11.24 19:22:05.711,1.5823,1.58266,1.12,1.00
2014.11.24 19:22:13.053,1.58226,1.58266,1.12,1.00
2014.11.24 19:22:15.830,1.58225,1.58266,1.00,1.00
2014.11.24 19:22:15.881,1.58224,1.58264,1.00,1.37
2014.11.24 19:22:15.932,1.58216,1.5826,1.00,1.00
2014.11.24 19:22:16.033,1.58215,1.58257,1.00,1.00
2014.11.24 19:22:16.343,1.58209,1.58251,1.50,1.00
2014.11.24 19:22:36.741,1.58209,1.58251,1.37,1.00
2014.11.24 19:22:40.659,1.58207,1.58249,1.37,1.00
2014.11.24 19:22:40.710,1.58207,1.58249,1.00,1.00
2014.11.24 19:22:41.116,1.58207,1.58251,1.37,1.00
2014.11.24 19:22:46.031,1.58207,1.58251,1.50,1.00
2014.11.24 19:22:46.920,1.58207,1.58251,1.87,1.00
2014.11.24 19:22:47.072,1.58207,1.58251,1.87,1.00
2014.11.24 19:22:48.620,1.58208,1.58251,1.00,1.00
2014.11.24 19:22:48.926,1.58207,1.58251,1.87,1.00
2014.11.24 19:22:58.088,1.58209,1.58253,1.37,1.00
2014.11.24 19:23:26.842,1.58209,1.58253,1.00,1.00
2014.11.24 19:23:48.891,1.58209,1.58247,1.00,1.00
2014.11.24 19:23:52.428,1.58209,1.58246,1.00,1.00
2014.11.24 19:23:58.070,1.58208,1.58246,1.12,1.00
2014.11.24 19:24:04.258,1.5821,1.58246,1.00,1.00
2014.11.24 19:24:22.116,1.58208,1.58246,1.00,1.00
2014.11.24 19:24:22.738,1.58209,1.58246,1.00,1.00
2014.11.24 19:24:25.629,1.58209,1.58251,1.00,1.00
2014.11.24 19:24:27.830,1.58209,1.58247,1.00,1.00
2014.11.24 19:24:27.939,1.58209,1.58251,1.00,1.00
2014.11.24 19:24:40.036,1.58206,1.58249,1.87,1.00
2014.11.24 19:24:40.278,1.58206,1.58246,1.87,1.00
2014.11.24 19:24:42.212,1.58208,1.58246,1.00,1.00
2014.11.24 19:24:44.330,1.58208,1.58251,1.00,1.00
2014.11.24 19:24:50.974,1.58208,1.58246,1.00,1.00
2014.11.24 19:24:51.075,1.5821,1.58252,1.00,1.00
2014.11.24 19:24:54.990,1.58208,1.58251,1.12,1.00
2014.11.24 19:24:55.759,1.58206,1.58249,1.00,1.00
2014.11.24 19:24:56.061,1.58201,1.58244,1.00,1.00
2014.11.24 19:24:56.364,1.58212,1.58246,1.37,1.00
2014.11.24 19:24:57.124,1.5821,1.58253,1.37,1.00
2014.11.24 19:25:01.699,1.58212,1.58253,1.37,1.00
2014.11.24 19:25:02.087,1.58212,1.58254,1.50,1.00
2014.11.24 19:25:02.188,1.58212,1.58253,1.37,1.00
2014.11.24 19:25:02.238,1.58215,1.58256,1.37,1.00
2014.11.24 19:25:02.340,1.58209,1.5825,1.37,1.00
2014.11.24 19:25:02.391,1.58209,1.5825,1.00,1.00
2014.11.24 19:25:02.508,1.58207,1.5825,1.00,1.00
2014.11.24 19:25:02.610,1.58204,1.58246,1.87,1.00
2014.11.24 19:25:03.014,1.58203,1.58246,1.37,1.50
2014.11.24 19:25:03.329,1.58201,1.58244,1.37,1.00
2014.11.24 19:25:04.886,1.58201,1.58244,1.12,1.00
2014.11.24 19:25:07.627,1.58202,1.5824,1.00,1.00
2014.11.24 19:25:07.728,1.58197,1.5824,1.00,1.00
2014.11.24 19:25:07.778,1.58191,1.58235,1.87,1.00
2014.11.24 19:25:14.366,1.58191,1.58234,1.37,1.00
2014.11.24 19:25:21.317,1.58191,1.58234,1.37,1.00
2014.11.24 19:25:25.366,1.58195,1.58238,1.12,1.00
2014.11.24 19:25:25.467,1.58195,1.58238,1.50,1.00
2014.11.24 19:25:25.568,1.58196,1.58241,1.37,1.00
2014.11.24 19:25:26.428,1.58199,1.58242,1.37,1.00
2014.11.24 19:25:34.478,1.58198,1.58241,1.87,1.00
2014.11.24 19:25:38.049,1.58198,1.58241,1.87,1.00
2014.11.24 19:25:38.390,1.58198,1.58241,1.37,1.00
2014.11.24 19:25:38.542,1.58196,1.58239,1.37,1.00
2014.11.24 19:25:39.410,1.58195,1.58238,1.37,1.00
2014.11.24 19:25:39.739,1.58194,1.58236,1.50,1.00
2014.11.24 19:25:40.571,1.58193,1.58236,1.00,1.00
2014.11.24 19:25:40.750,1.58188,1.58231,1.37,1.00
2014.11.24 19:25:41.070,1.58187,1.5823,2.25,1.00
2014.11.24 19:25:43.489,1.5819,1.58232,1.37,1.00
2014.11.24 19:25:43.590,1.58193,1.58234,1.00,1.00
2014.11.24 19:25:43.918,1.5819,1.58231,1.37,1.00
2014.11.24 19:25:44.319,1.5819,1.5823,1.37,1.00
2014.11.24 19:25:44.370,1.5819,1.58232,1.37,1.00
2014.11.24 19:25:44.621,1.58195,1.58236,1.00,1.00
2014.11.24 19:25:45.327,1.58194,1.58237,1.87,1.00
2014.11.24 19:25:45.934,1.58196,1.58238,1.37,1.00
2014.11.24 19:25:48.448,1.58194,1.58236,2.62,1.00
2014.11.24 19:26:04.123,1.58194,1.58236,1.75,1.00
2014.11.24 19:26:04.174,1.58196,1.58238,1.50,1.00
2014.11.24 19:26:04.275,1.58196,1.58239,1.37,1.00
2014.11.24 19:26:04.377,1.58194,1.58236,1.37,1.00
2014.11.24 19:26:04.629,1.58194,1.58236,1.37,1.00
2014.11.24 19:26:04.828,1.58194,1.58236,1.37,1.00
2014.11.24 19:26:29.307,1.58194,1.58236,1.00,1.37
2014.11.24 19:26:29.459,1.58193,1.58232,1.00,1.00
2014.11.24 19:26:29.610,1.58189,1.58232,1.00,1.00
2014.11.24 19:26:41.532,1.58189,1.58232,1.37,1.00
2014.11.24 19:26:41.683,1.58192,1.58236,1.00,1.00
2014.11.24 19:26:42.271,1.58192,1.58237,1.37,1.50
2014.11.24 19:26:42.961,1.58192,1.58236,1.37,1.00
2014.11.24 19:26:55.916,1.58192,1.58236,1.37,1.00
2014.11.24 19:26:58.679,1.58192,1.58237,1.37,1.50
2014.11.24 19:27:04.326,1.58193,1.58236,1.37,1.00
2014.11.24 19:27:07.789,1.58193,1.58236,1.37,1.50
2014.11.24 19:27:09.569,1.58193,1.58236,1.00,1.50
2014.11.24 19:27:09.876,1.58191,1.58235,1.00,1.00
2014.11.24 19:27:11.300,1.58189,1.58232,1.00,1.00
2014.11.24 19:27:11.864,1.58189,1.58232,1.37,1.00
2014.11.24 19:27:12.247,1.58185,1.58226,1.37,1.00
2014.11.24 19:27:13.616,1.58185,1.58226,1.00,1.00
2014.11.24 19:27:13.967,1.58185,1.5823,1.00,1.00
2014.11.24 19:27:16.107,1.58187,1.58232,1.37,1.00
2014.11.24 19:27:16.620,1.58188,1.58231,1.37,1.00
2014.11.24 19:27:17.758,1.5819,1.58233,1.12,1.35
2014.11.24 19:27:18.010,1.58187,1.5823,1.37,1.00
2014.11.24 19:27:30.066,1.58186,1.58229,1.37,1.00
2014.11.24 19:27:34.062,1.58186,1.58229,1.37,1.00
2014.11.24 19:27:36.961,1.58186,1.58229,1.00,1.00
2014.11.24 19:27:37.594,1.58186,1.58229,1.37,1.00
2014.11.24 19:27:40.634,1.58186,1.58229,1.37,1.00
2014.11.24 19:27:40.944,1.58186,1.58229,1.12,1.00
2014.11.24 19:27:41.535,1.58186,1.58229,1.37,1.00
2014.11.24 19:27:45.842,1.58186,1.58229,1.00,1.00
2014.11.24 19:27:53.188,1.58186,1.58229,1.37,1.00
2014.11.24 19:28:09.779,1.58186,1.58229,1.37,1.00
2014.11.24 19:28:10.518,1.58188,1.58229,2.25,1.00
2014.11.24 19:28:10.670,1.58194,1.58236,1.12,1.60
2014.11.24 19:28:17.636,1.58194,1.58236,1.12,1.50
2014.11.24 19:28:35.307,1.58194,1.58237,1.50,1.00
2014.11.24 19:28:42.303,1.58194,1.58237,1.37,1.00
2014.11.24 19:28:54.328,1.58194,1.58236,1.87,1.00
2014.11.24 19:28:55.204,1.58195,1.58239,1.12,1.00
2014.11.24 19:28:57.836,1.58195,1.58236,1.12,1.00
2014.11.24 19:29:06.511,1.58194,1.58236,1.00,1.00
2014.11.24 19:29:06.562,1.58191,1.58235,1.87,1.00
2014.11.24 19:29:06.877,1.58194,1.58236,1.00,1.00
2014.11.24 19:29:15.022,1.58194,1.58236,1.37,1.00
2014.11.24 19:29:15.435,1.58194,1.58237,1.37,1.00
2014.11.24 19:29:21.539,1.58194,1.58237,1.37,1.00
2014.11.24 19:29:21.640,1.58193,1.58236,1.75,1.00
2014.11.24 19:29:21.741,1.58197,1.58239,1.50,1.00
2014.11.24 19:29:21.866,1.58199,1.58241,1.37,1.00
2014.11.24 19:29:21.969,1.58197,1.58239,1.37,1.00
2014.11.24 19:29:24.481,1.58194,1.58239,2.25,1.00
2014.11.24 19:29:24.783,1.58197,1.5824,1.00,1.00
2014.11.24 19:29:28.092,1.58197,1.5824,1.37,1.00
2014.11.24 19:29:28.652,1.58197,1.5824,1.00,1.00
2014.11.24 19:29:38.000,1.58197,1.5824,1.37,1.00
2014.11.24 19:29:44.374,1.58196,1.58241,1.37,1.00
2014.11.24 19:29:48.804,1.58195,1.58238,1.37,1.00
2014.11.24 19:29:54.934,1.58195,1.58238,1.37,1.00
2014.11.24 19:30:00.437,1.58195,1.58236,1.37,1.00
2014.11.24 19:30:00.538,1.58195,1.58238,1.37,1.00
2014.11.24 19:30:00.796,1.58194,1.58236,1.87,1.00
2014.11.24 19:30:01.984,1.58194,1.58235,1.37,1.00
2014.11.24 19:30:02.315,1.58191,1.58232,2.25,1.00
2014.11.24 19:30:02.576,1.58191,1.58232,1.00,1.00
2014.11.24 19:30:03.184,1.5819,1.58232,1.00,1.00
2014.11.24 19:30:04.993,1.58192,1.58234,1.00,1.00
2014.11.24 19:30:05.465,1.58192,1.58234,1.37,1.00
2014.11.24 19:30:05.566,1.58192,1.58234,1.12,1.00
2014.11.24 19:30:05.874,1.58197,1.58234,1.00,1.00
2014.11.24 19:30:05.975,1.58197,1.58237,1.37,1.50
2014.11.24 19:30:06.337,1.58208,1.58237,1.00,1.00
2014.11.24 19:30:06.438,1.58195,1.58237,1.37,1.00
2014.11.24 19:30:06.589,1.58195,1.5824,1.12,1.00
2014.11.24 19:30:08.684,1.58198,1.5824,1.00,1.00
2014.11.24 19:30:10.227,1.58198,1.58242,1.00,1.00
2014.11.24 19:30:13.648,1.58195,1.58237,1.87,1.00
2014.11.24 19:30:13.699,1.58195,1.58237,1.50,1.00
2014.11.24 19:30:20.006,1.58195,1.58237,1.75,1.00
2014.11.24 19:30:20.107,1.58198,1.58237,1.37,1.00
2014.11.24 19:30:20.158,1.582,1.58242,1.37,1.00
2014.11.24 19:30:20.360,1.58202,1.58245,1.12,1.00
2014.11.24 19:30:20.461,1.58199,1.58243,1.37,1.00
2014.11.24 19:30:20.675,1.58202,1.58245,1.12,1.00
2014.11.24 19:30:20.934,1.58202,1.58245,1.37,1.00
2014.11.24 19:30:21.418,1.58202,1.58245,1.37,1.00
2014.11.24 19:30:22.027,1.58202,1.58245,1.37,1.00
2014.11.24 19:30:24.325,1.58202,1.58245,1.87,1.00
2014.11.24 19:30:24.998,1.58203,1.58246,1.37,1.00
2014.11.24 19:30:28.538,1.58203,1.58246,1.12,1.00
2014.11.24 19:30:29.700,1.58203,1.58247,1.87,1.00
2014.11.24 19:30:30.396,1.58204,1.58248,1.00,1.00
2014.11.24 19:30:30.548,1.58204,1.58248,2.25,1.00
2014.11.24 19:30:30.699,1.58208,1.58252,1.37,1.00
2014.11.24 19:30:30.750,1.58208,1.58252,1.00,1.00
2014.11.24 19:30:30.851,1.5821,1.58256,1.50,1.50
2014.11.24 19:30:30.901,1.5821,1.58246,1.87,1.00
2014.11.24 19:30:31.126,1.5821,1.58251,1.37,1.00
2014.11.24 19:30:38.824,1.5821,1.58254,1.37,1.00
2014.11.24 19:30:43.618,1.5821,1.58254,1.37,1.00
2014.11.24 19:30:44.506,1.5821,1.58254,1.37,1.00
2014.11.24 19:30:45.355,1.5821,1.58253,1.37,1.00
2014.11.24 19:30:45.513,1.5821,1.58253,1.37,1.00
2014.11.24 19:30:45.563,1.58211,1.58255,1.37,1.00
2014.11.24 19:30:45.729,1.58214,1.58255,1.37,1.00
2014.11.24 19:30:46.134,1.58217,1.58256,1.37,1.00
2014.11.24 19:30:48.714,1.58215,1.58257,1.37,1.00
2014.11.24 19:30:58.395,1.58215,1.58256,1.37,1.00
2014.11.24 19:31:00.651,1.58215,1.58256,1.75,1.00
2014.11.24 19:31:01.253,1.58215,1.58256,1.37,1.00
2014.11.24 19:31:05.879,1.58222,1.58256,1.00,1.00
2014.11.24 19:31:07.903,1.58221,1.58256,1.00,1.00
2014.11.24 19:31:07.953,1.58219,1.58256,1.12,1.00
2014.11.24 19:31:09.571,1.58219,1.58256,1.37,1.00
2014.11.24 19:31:15.395,1.58219,1.58256,1.37,1.00
2014.11.24 19:31:15.597,1.58219,1.58262,1.00,1.00
2014.11.24 19:31:15.698,1.58219,1.58265,1.87,1.00
2014.11.24 19:31:15.799,1.58219,1.58263,1.87,1.00
2014.11.24 19:31:15.913,1.5822,1.58265,1.37,1.00
2014.11.24 19:31:16.014,1.58219,1.58263,1.37,1.00
2014.11.24 19:31:16.903,1.58219,1.5826,1.37,1.00
2014.11.24 19:31:18.663,1.58219,1.58264,1.37,1.00
2014.11.24 19:31:18.714,1.58219,1.58264,1.50,1.00
2014.11.24 19:31:19.327,1.58219,1.58265,2.25,1.00
2014.11.24 19:31:20.460,1.58222,1.58266,1.37,1.00
2014.11.24 19:31:20.751,1.58219,1.58264,1.87,1.00
2014.11.24 19:31:21.613,1.58219,1.58263,1.37,1.00
2014.11.24 19:31:31.973,1.5822,1.58261,1.37,1.00
2014.11.24 19:31:32.363,1.5822,1.58261,1.37,1.00
2014.11.24 19:31:33.142,1.5822,1.58262,1.37,1.00
2014.11.24 19:31:34.183,1.5822,1.58264,1.87,1.00
2014.11.24 19:31:34.731,1.58224,1.58264,1.37,1.00
2014.11.24 19:31:36.693,1.58217,1.58261,1.00,1.00
2014.11.24 19:31:36.844,1.58212,1.58256,1.12,1.00
2014.11.24 19:31:37.147,1.58212,1.58254,1.37,1.00
2014.11.24 19:31:37.791,1.58215,1.58252,1.00,1.00
2014.11.24 19:31:37.841,1.58209,1.58252,1.87,1.00
2014.11.24 19:31:38.516,1.58209,1.58252,1.87,1.00
2014.11.24 19:31:38.617,1.58209,1.58252,2.25,1.00
2014.11.24 19:31:39.287,1.58215,1.58252,1.00,1.00
2014.11.24 19:31:40.582,1.58214,1.58252,1.12,1.00
2014.11.24 19:31:41.649,1.58211,1.58254,1.37,1.00
2014.11.24 19:31:43.509,1.58211,1.58253,1.37,1.00
2014.11.24 19:31:43.560,1.58211,1.58253,1.12,1.00
2014.11.24 19:31:59.472,1.58211,1.58253,1.37,1.00
2014.11.24 19:32:04.193,1.58207,1.58253,1.75,1.00
2014.11.24 19:32:04.396,1.58209,1.58252,1.37,1.00
2014.11.24 19:32:04.605,1.58209,1.58252,1.12,1.00
2014.11.24 19:32:05.278,1.58209,1.58252,1.37,1.00
2014.11.24 19:32:05.582,1.58209,1.58252,1.75,1.00
2014.11.24 19:32:05.632,1.58212,1.58256,1.12,1.00
2014.11.24 19:32:05.683,1.58212,1.58247,1.12,1.00
2014.11.24 19:32:05.784,1.58213,1.58256,1.37,1.00
2014.11.24 19:32:06.224,1.58206,1.58257,3.22,1.00
2014.11.24 19:32:06.274,1.58213,1.58257,1.00,1.50
2014.11.24 19:32:06.592,1.58206,1.58249,1.37,1.00
2014.11.24 19:32:06.643,1.58206,1.58249,1.00,1.00
2014.11.24 19:32:06.744,1.58205,1.58246,1.00,1.00
2014.11.24 19:32:06.845,1.582,1.58246,1.37,1.50
2014.11.24 19:32:07.349,1.582,1.58246,1.37,1.50
2014.11.24 19:32:12.422,1.58203,1.58246,1.00,1.00
2014.11.24 19:32:14.083,1.58201,1.58246,1.00,1.00
2014.11.24 19:32:14.133,1.58201,1.58236,1.00,1.00
2014.11.24 19:32:14.184,1.58194,1.58236,1.37,1.00
2014.11.24 19:32:14.286,1.58194,1.58236,1.37,1.00
2014.11.24 19:32:14.812,1.58194,1.58237,1.37,1.00
2014.11.24 19:32:15.322,1.58196,1.58236,1.00,1.00
2014.11.24 19:32:16.487,1.58196,1.58236,1.37,1.00
2014.11.24 19:32:16.896,1.58198,1.58237,1.37,1.00
2014.11.24 19:32:16.997,1.58204,1.58244,1.37,1.00
2014.11.24 19:32:17.048,1.58207,1.58246,1.37,1.00
2014.11.24 19:32:17.199,1.58203,1.58245,1.00,1.00
2014.11.24 19:32:17.250,1.58201,1.58245,1.00,1.00
2014.11.24 19:32:17.301,1.58199,1.58242,1.00,1.00
2014.11.24 19:32:17.603,1.58196,1.58241,1.50,1.00
2014.11.24 19:32:17.824,1.58198,1.58242,1.00,1.00
2014.11.24 19:32:18.126,1.58205,1.58244,1.00,1.00
2014.11.24 19:32:19.512,1.58205,1.58244,1.00,1.37
2014.11.24 19:32:19.613,1.58203,1.58243,1.00,1.00
2014.11.24 19:32:19.714,1.58196,1.58243,1.37,1.00
2014.11.24 19:32:19.815,1.58199,1.58244,1.87,1.00
2014.11.24 19:32:20.016,1.582,1.58243,1.00,1.00
2014.11.24 19:32:20.168,1.58199,1.5824,1.00,1.00
2014.11.24 19:32:20.584,1.58199,1.58238,1.00,1.00
2014.11.24 19:32:20.685,1.58199,1.58241,1.00,1.00
2014.11.24 19:32:20.934,1.58199,1.58239,1.00,1.00
2014.11.24 19:32:21.049,1.58199,1.58241,1.00,1.00
2014.11.24 19:32:21.112,1.58199,1.58243,1.50,1.00
2014.11.24 19:32:21.930,1.582,1.58244,1.00,1.00
2014.11.24 19:32:22.503,1.582,1.58244,1.37,1.00
2014.11.24 19:32:26.652,1.58195,1.58239,1.37,1.00
2014.11.24 19:32:26.753,1.58194,1.58237,1.37,1.00
2014.11.24 19:32:27.124,1.58194,1.58236,1.75,1.00
2014.11.24 19:32:27.376,1.58199,1.58239,1.37,1.00
2014.11.24 19:32:27.477,1.58201,1.58246,1.37,1.50
2014.11.24 19:32:27.527,1.58199,1.58243,1.87,1.00
2014.11.24 19:32:27.578,1.58199,1.58243,1.50,1.00
2014.11.24 19:32:27.890,1.58199,1.58236,1.37,1.00
2014.11.24 19:32:28.412,1.58199,1.58237,1.37,1.00
2014.11.24 19:32:29.966,1.58196,1.58237,1.37,1.00
2014.11.24 19:32:30.461,1.58196,1.58236,1.37,1.00
2014.11.24 19:32:32.181,1.58197,1.58236,1.37,1.00
2014.11.24 19:32:32.400,1.58197,1.58241,1.37,1.00
2014.11.24 19:32:32.551,1.58194,1.58237,1.50,1.00
2014.11.24 19:32:32.703,1.58197,1.58239,1.00,1.00
2014.11.24 19:32:33.325,1.58198,1.58239,1.00,1.00
2014.11.24 19:32:41.192,1.58198,1.58239,1.37,1.00
2014.11.24 19:32:41.293,1.58198,1.58239,1.37,1.00
2014.11.24 19:32:41.394,1.58198,1.58243,1.37,1.00
2014.11.24 19:32:41.595,1.58198,1.58243,1.75,1.00
2014.11.24 19:32:42.104,1.58201,1.58237,1.37,1.00
2014.11.24 19:32:42.870,1.58201,1.58236,1.37,1.00
2014.11.24 19:32:43.722,1.58201,1.58237,1.37,1.00
2014.11.24 19:32:44.305,1.58201,1.58237,1.00,1.00
2014.11.24 19:32:44.406,1.58201,1.58239,1.12,1.00
2014.11.24 19:32:44.608,1.58201,1.58236,1.00,1.00
2014.11.24 19:32:44.753,1.58195,1.58236,1.37,1.00
2014.11.24 19:32:50.481,1.58199,1.58236,1.00,1.00
2014.11.24 19:32:50.783,1.58201,1.58237,1.00,1.00
2014.11.24 19:32:51.288,1.58201,1.58237,1.37,1.00
2014.11.24 19:32:51.591,1.58201,1.58236,1.37,1.00
2014.11.24 19:32:57.003,1.58199,1.58236,1.12,1.00
2014.11.24 19:32:57.174,1.58199,1.58237,1.37,1.00
2014.11.24 19:33:00.461,1.58199,1.58237,1.00,1.00
2014.11.24 19:33:00.995,1.58199,1.58237,1.37,1.00
2014.11.24 19:33:08.869,1.58199,1.58237,1.50,1.00
2014.11.24 19:33:09.181,1.58201,1.58237,1.37,1.00
2014.11.24 19:33:09.415,1.58198,1.58237,1.37,1.00
2014.11.24 19:33:09.721,1.58198,1.58236,1.37,1.00
2014.11.24 19:33:10.024,1.58202,1.58237,1.37,1.00
2014.11.24 19:33:10.813,1.58205,1.58236,1.12,1.00
2014.11.24 19:33:11.993,1.58205,1.58237,1.12,1.00
2014.11.24 19:33:12.513,1.58201,1.58236,1.12,1.00
2014.11.24 19:33:12.872,1.58202,1.58246,1.50,1.50
2014.11.24 19:33:14.672,1.58202,1.58247,1.00,1.50
2014.11.24 19:33:14.722,1.58205,1.58247,1.00,1.00
2014.11.24 19:33:16.412,1.58205,1.58246,1.12,1.00
2014.11.24 19:33:17.039,1.58205,1.58236,1.12,1.00
2014.11.24 19:33:19.271,1.58205,1.58247,1.12,1.00
2014.11.24 19:33:22.390,1.58205,1.58237,1.12,1.00
2014.11.24 19:33:23.122,1.58205,1.58246,1.12,1.00
2014.11.24 19:33:23.671,1.58205,1.58236,1.12,1.00
2014.11.24 19:33:27.200,1.582,1.58237,1.50,1.00
2014.11.24 19:33:29.202,1.582,1.58236,1.50,1.00
2014.11.24 19:33:34.088,1.582,1.58236,1.37,1.00
2014.11.24 19:33:35.030,1.58204,1.58236,1.00,1.00
2014.11.24 19:33:35.581,1.58204,1.58236,1.37,1.00
2014.11.24 19:33:44.894,1.58204,1.58236,1.00,1.00
2014.11.24 19:33:44.945,1.582,1.58237,2.62,1.00
2014.11.24 19:33:45.509,1.582,1.58236,2.62,1.00
2014.11.24 19:33:54.120,1.582,1.58236,1.00,1.12
2014.11.24 19:33:54.171,1.5819,1.58233,1.50,1.00
2014.11.24 19:33:54.322,1.58184,1.5823,1.50,1.00
2014.11.24 19:33:54.423,1.58184,1.5823,1.37,1.00
2014.11.24 19:33:54.473,1.58184,1.58227,1.37,1.00
2014.11.24 19:33:55.170,1.58184,1.58226,1.37,1.00
2014.11.24 19:33:57.881,1.58184,1.58227,1.37,1.00
2014.11.24 19:34:03.611,1.58184,1.58216,1.37,1.00
2014.11.24 19:34:03.712,1.58186,1.58226,1.12,1.00
2014.11.24 19:34:04.591,1.58186,1.58217,1.12,1.00
2014.11.24 19:34:06.683,1.58186,1.58227,1.12,1.00
2014.11.24 19:34:10.767,1.58186,1.58226,1.12,1.00
2014.11.24 19:34:14.403,1.58186,1.58227,1.12,1.00
2014.11.24 19:34:14.959,1.58186,1.58226,1.00,1.00
2014.11.24 19:34:15.552,1.58186,1.58227,1.00,1.00
2014.11.24 19:34:23.649,1.58186,1.58226,1.00,1.00
2014.11.24 19:34:25.386,1.58186,1.58216,1.00,1.00
2014.11.24 19:34:28.150,1.58186,1.58227,1.00,1.00
2014.11.24 19:34:34.338,1.58186,1.58226,1.00,1.00
2014.11.24 19:34:36.231,1.58188,1.58226,1.00,1.00
2014.11.24 19:34:52.769,1.58188,1.58227,1.00,1.00
2014.11.24 19:34:53.329,1.58188,1.58226,1.00,1.00
2014.11.24 19:35:20.730,1.58188,1.58227,1.00,1.00
2014.11.24 19:35:20.951,1.58188,1.58231,1.00,1.00
2014.11.24 19:35:24.471,1.58188,1.58226,1.00,1.00
2014.11.24 19:35:31.619,1.58188,1.58231,1.00,1.00
2014.11.24 19:35:33.941,1.58188,1.58226,1.37,1.00
2014.11.24 19:35:34.451,1.58188,1.58227,1.00,1.00
2014.11.24 19:35:35.249,1.58188,1.58226,1.00,1.00
2014.11.24 19:35:35.801,1.58188,1.58227,1.00,1.00
2014.11.24 19:35:36.460,1.58186,1.58227,1.37,1.00
2014.11.24 19:35:37.911,1.58186,1.58227,1.37,1.00
2014.11.24 19:35:38.440,1.58183,1.58226,1.75,1.00
2014.11.24 19:35:50.539,1.58187,1.58227,1.37,1.00
2014.11.24 19:35:52.740,1.58187,1.58236,1.37,1.00
2014.11.24 19:35:53.303,1.58187,1.58237,1.37,1.12
2014.11.24 19:35:56.260,1.58187,1.58236,1.37,1.00
2014.11.24 19:35:57.139,1.58187,1.58227,1.37,1.00
2014.11.24 19:35:57.699,1.58184,1.58235,1.50,1.00
2014.11.24 19:35:58.962,1.58186,1.58236,1.37,1.50
2014.11.24 19:35:59.120,1.58186,1.58226,1.37,1.00
2014.11.24 19:36:00.109,1.58186,1.58227,1.37,1.00
2014.11.24 19:36:00.879,1.58186,1.58226,1.37,1.00
2014.11.24 19:36:03.530,1.58186,1.58227,1.37,1.00
2014.11.24 19:36:04.629,1.58186,1.58226,1.37,1.00
2014.11.24 19:36:04.730,1.58186,1.58237,1.37,1.00
2014.11.24 19:36:07.150,1.58186,1.58226,1.37,1.00
2014.11.24 19:36:11.617,1.58186,1.58226,1.12,1.00
2014.11.24 19:36:11.919,1.58186,1.58236,1.12,1.00
2014.11.24 19:36:12.119,1.58186,1.58237,1.37,1.12
2014.11.24 19:36:12.527,1.58186,1.58226,1.37,1.00
2014.11.24 19:36:34.694,1.58185,1.58227,2.25,1.00
2014.11.24 19:36:35.304,1.58185,1.58226,2.25,1.00
2014.11.24 19:36:36.067,1.58185,1.58226,1.87,1.00
2014.11.24 19:36:41.518,1.58185,1.58226,1.50,1.00
2014.11.24 19:36:51.961,1.58186,1.58226,1.00,1.00
2014.11.24 19:36:52.521,1.58183,1.58226,1.37,1.00
2014.11.24 19:36:53.598,1.58183,1.58227,1.37,1.00
2014.11.24 19:36:56.979,1.58185,1.58226,1.87,1.00
2014.11.24 19:36:57.801,1.58185,1.58226,1.87,1.00
2014.11.24 19:37:00.196,1.58187,1.58226,1.00,1.00
2014.11.24 19:37:01.392,1.58187,1.58232,1.00,1.00
2014.11.24 19:37:03.579,1.58187,1.58227,1.00,1.00
2014.11.24 19:37:04.401,1.58187,1.58226,1.00,1.00
2014.11.24 19:37:07.454,1.58185,1.58226,1.87,1.00
2014.11.24 19:37:24.177,1.58185,1.58226,1.00,1.35
2014.11.24 19:37:24.329,1.58176,1.5822,1.87,1.00
2014.11.24 19:37:24.380,1.58176,1.58218,1.12,1.00
2014.11.24 19:37:24.531,1.58173,1.58216,1.00,1.00
2014.11.24 19:37:24.732,1.58182,1.58216,1.00,1.00
2014.11.24 19:37:25.035,1.58194,1.58227,1.00,1.00
2014.11.24 19:37:25.537,1.58194,1.58226,1.00,1.00
2014.11.24 19:37:27.253,1.58194,1.58236,1.00,1.00
2014.11.24 19:37:28.394,1.58194,1.58236,1.37,1.00
2014.11.24 19:37:36.668,1.58196,1.58236,1.37,1.00
2014.11.24 19:37:41.667,1.582,1.58236,1.00,1.00
2014.11.24 19:37:42.003,1.58196,1.58236,1.12,1.00
2014.11.24 19:37:42.741,1.58196,1.58237,1.12,1.00
2014.11.24 19:37:48.458,1.58196,1.58236,1.12,1.00
2014.11.24 19:37:50.369,1.58196,1.58237,1.12,1.00
2014.11.24 19:37:57.699,1.58196,1.58236,1.00,1.00
2014.11.24 19:37:57.853,1.58196,1.58226,1.00,1.00
2014.11.24 19:38:01.720,1.58196,1.58226,1.37,1.00
2014.11.24 19:38:01.922,1.58197,1.58237,1.87,1.00
2014.11.24 19:38:03.256,1.58197,1.58236,1.87,1.00
2014.11.24 19:38:06.010,1.58197,1.58236,1.87,1.00
2014.11.24 19:38:13.239,1.58197,1.58237,1.87,1.00
2014.11.24 19:38:15.061,1.58197,1.58237,1.50,1.00
2014.11.24 19:38:15.111,1.58196,1.58227,1.00,1.00
2014.11.24 19:38:15.212,1.58194,1.58227,1.00,1.00
2014.11.24 19:38:17.552,1.58193,1.58227,1.50,1.00
2014.11.24 19:38:17.653,1.58191,1.58227,1.00,1.00
2014.11.24 19:38:23.106,1.58191,1.58226,1.00,1.00
2014.11.24 19:38:24.326,1.58192,1.58226,1.00,1.00
2014.11.24 19:38:24.839,1.58193,1.58226,1.00,1.00
2014.11.24 19:38:25.358,1.58193,1.58227,1.00,1.00
2014.11.24 19:38:25.670,1.58187,1.58226,2.25,1.00
2014.11.24 19:38:26.197,1.58186,1.58226,1.37,1.00
2014.11.24 19:38:26.767,1.58189,1.58226,1.00,1.00
2014.11.24 19:38:35.976,1.58189,1.58226,1.37,1.00
2014.11.24 19:38:37.128,1.5819,1.58227,1.37,1.00
2014.11.24 19:38:38.726,1.5819,1.58226,1.37,1.00
2014.11.24 19:38:40.267,1.5819,1.58227,1.37,1.00
2014.11.24 19:38:43.606,1.5819,1.58226,1.37,1.00
2014.11.24 19:38:47.274,1.58196,1.58226,1.00,1.00
2014.11.24 19:38:48.327,1.58196,1.58237,1.00,1.50
2014.11.24 19:38:48.377,1.582,1.58237,1.00,1.50
2014.11.24 19:38:48.685,1.58205,1.58236,1.00,1.00
2014.11.24 19:38:49.378,1.58204,1.58236,1.00,1.00
2014.11.24 19:38:49.429,1.58201,1.58236,1.00,1.00
2014.11.24 19:38:51.056,1.58203,1.58236,1.00,1.00
2014.11.24 19:38:55.716,1.58201,1.58236,1.00,1.00
2014.11.24 19:39:11.727,1.58201,1.58237,1.00,1.00
2014.11.24 19:39:29.564,1.58201,1.58236,1.00,1.00
2014.11.24 19:39:30.369,1.58199,1.58236,1.60,1.00
2014.11.24 19:39:31.085,1.58199,1.58237,1.60,1.00
2014.11.24 19:39:31.136,1.58202,1.58237,1.00,1.00
2014.11.24 19:39:34.055,1.58202,1.58236,1.00,1.00
2014.11.24 19:39:39.775,1.58202,1.58237,1.00,1.00
2014.11.24 19:39:40.599,1.58202,1.58236,1.00,1.00
2014.11.24 19:39:44.405,1.58203,1.58236,1.00,1.00
2014.11.24 19:39:45.508,1.58201,1.58236,1.00,1.00
2014.11.24 19:39:45.659,1.58203,1.58237,1.00,1.00
2014.11.24 19:39:46.733,1.58203,1.58236,1.00,1.00
2014.11.24 19:39:47.394,1.58203,1.58237,1.00,1.00
2014.11.24 19:39:47.965,1.58203,1.58236,1.00,1.00
2014.11.24 19:39:48.684,1.58203,1.58237,1.00,1.00
2014.11.24 19:39:59.492,1.58203,1.58236,1.00,1.00
2014.11.24 19:40:01.386,1.58204,1.58236,1.00,1.00
2014.11.24 19:40:03.869,1.58204,1.58237,1.00,1.00
2014.11.24 19:40:08.409,1.58204,1.58236,1.00,1.00
2014.11.24 19:40:11.908,1.58203,1.58236,1.00,1.00
2014.11.24 19:40:26.684,1.58199,1.58236,1.00,1.00
2014.11.24 19:40:45.821,1.58199,1.58237,1.00,1.00
2014.11.24 19:40:45.922,1.58199,1.58236,1.00,1.37
2014.11.24 19:40:46.024,1.58195,1.58233,1.00,1.00
2014.11.24 19:40:46.125,1.5819,1.58232,1.00,1.00
2014.11.24 19:40:46.867,1.5819,1.58235,1.00,1.12
2014.11.24 19:40:47.090,1.58192,1.58236,1.00,1.37
2014.11.24 19:40:47.327,1.58188,1.58234,1.00,1.00
2014.11.24 19:40:47.478,1.58188,1.58227,1.00,1.00
2014.11.24 19:40:47.690,1.58186,1.58227,1.00,1.00
2014.11.24 19:40:49.437,1.58186,1.58226,1.00,1.00
2014.11.24 19:40:55.598,1.58186,1.58227,1.00,1.00
2014.11.24 19:41:03.522,1.58186,1.58226,1.00,1.00
2014.11.24 19:41:06.622,1.58183,1.58216,1.00,1.00
2014.11.24 19:41:07.075,1.58183,1.58226,1.00,1.00
2014.11.24 19:41:09.347,1.58183,1.58217,1.00,1.00
2014.11.24 19:41:11.119,1.58185,1.58217,1.00,1.00
2014.11.24 19:41:11.677,1.58185,1.58216,1.00,1.00
2014.11.24 19:41:14.387,1.58187,1.58216,1.00,1.00
2014.11.24 19:41:22.703,1.58185,1.58217,1.00,1.00
2014.11.24 19:41:23.649,1.58185,1.58216,1.00,1.00
2014.11.24 19:41:25.392,1.58187,1.58216,1.00,1.00
2014.11.24 19:41:25.644,1.58187,1.58227,1.00,1.00
2014.11.24 19:41:25.957,1.58187,1.58233,1.00,2.62
2014.11.24 19:41:26.157,1.5819,1.58233,1.00,1.87
2014.11.24 19:41:26.410,1.5819,1.58233,1.00,1.50
2014.11.24 19:41:26.511,1.58195,1.58237,1.00,1.00
2014.11.24 19:41:31.918,1.58195,1.58236,1.00,1.00
2014.11.24 19:41:32.223,1.58197,1.58236,1.00,1.00
2014.11.24 19:41:38.607,1.58197,1.58237,1.00,1.00
2014.11.24 19:41:45.096,1.582,1.58237,1.00,1.00
2014.11.24 19:42:01.971,1.582,1.58241,1.00,1.00
2014.11.24 19:42:05.203,1.58201,1.58241,1.00,1.00
2014.11.24 19:42:15.343,1.58205,1.58245,1.00,1.00
2014.11.24 19:42:15.876,1.58205,1.58247,1.00,1.00
2014.11.24 19:42:17.124,1.58207,1.58246,1.00,1.00
2014.11.24 19:42:26.924,1.58207,1.58236,1.00,1.00
2014.11.24 19:42:34.697,1.58206,1.58236,1.00,1.00
2014.11.24 19:42:34.949,1.58204,1.58237,1.00,1.00
2014.11.24 19:42:35.126,1.58202,1.58237,1.00,1.00
2014.11.24 19:42:35.789,1.58202,1.58236,1.00,1.00
2014.11.24 19:42:38.776,1.58202,1.58237,1.00,1.00
2014.11.24 19:42:39.678,1.582,1.58236,1.00,1.00
2014.11.24 19:42:39.879,1.58203,1.58246,1.00,1.37
2014.11.24 19:42:40.417,1.58203,1.58246,1.00,1.00
2014.11.24 19:42:44.832,1.58204,1.58246,1.00,1.00
2014.11.24 19:42:44.883,1.5821,1.58246,1.37,1.00
2014.11.24 19:42:45.287,1.58215,1.58246,1.00,1.00
2014.11.24 19:42:45.388,1.58215,1.58256,1.00,1.00
2014.11.24 19:42:45.814,1.58217,1.58256,1.00,1.00
2014.11.24 19:42:46.125,1.58221,1.58257,1.00,1.00
2014.11.24 19:42:49.555,1.58221,1.58246,1.00,1.00
2014.11.24 19:42:50.445,1.58217,1.58246,1.00,1.00
2014.11.24 19:42:50.794,1.58219,1.58246,1.00,1.00
2014.11.24 19:42:52.646,1.58216,1.58246,1.00,1.00
2014.11.24 19:42:52.848,1.58211,1.58246,1.00,1.00
2014.11.24 19:42:53.202,1.58212,1.58255,1.00,1.50
2014.11.24 19:42:53.626,1.58212,1.58246,1.00,1.00
2014.11.24 19:43:08.586,1.58212,1.58255,1.00,1.00
2014.11.24 19:43:09.096,1.58211,1.58256,1.00,1.87
2014.11.24 19:43:09.348,1.58214,1.58256,1.00,1.00
2014.11.24 19:43:09.905,1.58215,1.58256,1.00,1.00
2014.11.24 19:43:10.684,1.58215,1.58257,1.00,1.00
2014.11.24 19:43:11.258,1.58215,1.58256,1.00,1.00
2014.11.24 19:43:12.870,1.58217,1.58256,1.00,1.00
2014.11.24 19:43:24.404,1.58216,1.58256,1.00,1.00
2014.11.24 19:43:26.447,1.58216,1.58257,1.00,1.00
2014.11.24 19:43:32.812,1.58217,1.58256,1.00,1.00
2014.11.24 19:43:34.304,1.58216,1.58256,1.00,1.00
2014.11.24 19:43:34.889,1.58217,1.58256,1.00,1.00
2014.11.24 19:43:35.191,1.58222,1.58256,1.00,1.00
2014.11.24 19:43:38.844,1.58221,1.58246,1.00,1.00
2014.11.24 19:43:43.235,1.58221,1.58247,1.00,1.00
2014.11.24 19:43:45.979,1.58218,1.58247,1.00,1.00
2014.11.24 19:43:46.311,1.58209,1.58246,1.00,1.00
2014.11.24 19:43:48.733,1.58209,1.58253,1.00,1.37
2014.11.24 19:43:57.795,1.58209,1.5825,1.00,1.00
2014.11.24 19:44:00.902,1.58209,1.58253,1.00,1.00
2014.11.24 19:44:00.953,1.5821,1.58256,1.00,2.25
2014.11.24 19:44:01.054,1.58215,1.58256,1.00,1.50
2014.11.24 19:44:01.363,1.58218,1.58256,1.00,1.00
2014.11.24 19:44:04.154,1.58216,1.58257,1.00,1.00
2014.11.24 19:44:04.379,1.58216,1.58246,1.00,1.00
2014.11.24 19:44:06.333,1.58216,1.58257,1.00,1.00
2014.11.24 19:44:24.944,1.58216,1.58256,1.00,1.00
2014.11.24 19:44:25.497,1.58218,1.58256,1.00,1.00
2014.11.24 19:44:26.018,1.58218,1.58257,1.00,1.00
2014.11.24 19:44:26.546,1.58218,1.58256,1.00,1.00
2014.11.24 19:44:27.008,1.58222,1.58256,1.00,1.00
2014.11.24 19:44:40.342,1.58218,1.58256,1.00,1.00
2014.11.24 19:44:48.474,1.58216,1.58256,1.00,1.00
2014.11.24 19:44:48.693,1.5821,1.58246,1.00,1.00
2014.11.24 19:44:49.011,1.58206,1.58247,1.00,1.00
2014.11.24 19:44:49.904,1.58204,1.58248,1.00,1.37
2014.11.24 19:44:50.005,1.58201,1.58237,1.00,1.00
2014.11.24 19:44:50.779,1.58202,1.58237,1.00,1.00
2014.11.24 19:44:51.315,1.58202,1.58236,1.00,1.00
2014.11.24 19:44:52.179,1.58202,1.58237,1.00,1.00
2014.11.24 19:44:52.559,1.58204,1.58237,1.00,1.00
2014.11.24 19:45:01.334,1.58204,1.58236,1.00,1.00
2014.11.24 19:45:01.687,1.58208,1.58236,1.00,1.00
2014.11.24 19:45:01.788,1.58204,1.58236,1.00,1.00
2014.11.24 19:45:01.888,1.5821,1.58246,1.00,1.00
2014.11.24 19:45:02.422,1.58209,1.58246,1.00,1.00
2014.11.24 19:45:03.010,1.58208,1.58246,1.00,1.00
2014.11.24 19:45:03.621,1.58206,1.58246,1.00,1.00
2014.11.24 19:45:03.672,1.58206,1.58249,1.00,1.37
2014.11.24 19:45:03.823,1.58206,1.58237,1.00,1.00
2014.11.24 19:45:04.370,1.58206,1.58236,1.00,1.00
2014.11.24 19:45:05.250,1.58206,1.58237,1.00,1.00
2014.11.24 19:45:05.633,1.58204,1.58237,1.00,1.00
2014.11.24 19:45:06.310,1.58204,1.58236,1.00,1.00
2014.11.24 19:45:07.840,1.58207,1.58236,1.00,1.00
2014.11.24 19:45:07.891,1.58207,1.58246,1.00,1.00
2014.11.24 19:45:08.817,1.58207,1.58247,1.00,1.00
2014.11.24 19:45:08.986,1.58208,1.58253,1.00,1.87
2014.11.24 19:45:09.087,1.58208,1.58246,1.00,1.00
2014.11.24 19:45:09.875,1.58207,1.58246,1.00,1.50
2014.11.24 19:45:10.110,1.58203,1.58246,1.00,1.50
2014.11.24 19:45:10.312,1.58203,1.58236,1.00,1.00
2014.11.24 19:45:12.470,1.582,1.58236,1.00,1.00
2014.11.24 19:45:13.050,1.58199,1.58236,1.00,1.00
2014.11.24 19:45:13.840,1.58199,1.58237,1.00,1.00
2014.11.24 19:45:16.946,1.58202,1.58246,1.00,1.87
2014.11.24 19:45:17.047,1.582,1.58246,1.00,2.62
2014.11.24 19:45:17.602,1.582,1.58239,1.00,1.00
2014.11.24 19:45:17.703,1.58195,1.58238,1.00,1.00
2014.11.24 19:45:17.804,1.58195,1.58236,1.00,1.00
2014.11.24 19:45:18.112,1.58196,1.5824,1.00,1.00
2014.11.24 19:45:18.595,1.58195,1.58237,1.00,1.00
2014.11.24 19:45:18.847,1.58198,1.58242,1.00,1.00
2014.11.24 19:45:18.948,1.58195,1.58237,1.12,1.00
2014.11.24 19:45:19.562,1.58194,1.58237,1.00,1.00
2014.11.24 19:45:21.674,1.58196,1.5824,1.12,1.00
2014.11.24 19:45:21.775,1.58198,1.58242,1.00,1.00
2014.11.24 19:45:28.614,1.582,1.58243,1.00,1.00
2014.11.24 19:45:28.981,1.582,1.58243,1.37,1.00
2014.11.24 19:45:29.330,1.58205,1.58246,1.00,1.00
2014.11.24 19:45:32.764,1.58205,1.58246,1.37,1.00
2014.11.24 19:45:34.373,1.58205,1.58246,1.00,1.00
2014.11.24 19:45:36.916,1.58205,1.58246,1.37,1.00
2014.11.24 19:45:39.887,1.58205,1.58246,1.00,1.00
2014.11.24 19:45:39.938,1.58202,1.58246,1.12,1.50
2014.11.24 19:45:40.038,1.58201,1.58244,1.37,1.00
2014.11.24 19:45:40.361,1.58193,1.58236,1.00,1.00
2014.11.24 19:45:45.390,1.58193,1.58237,1.00,1.00
2014.11.24 19:45:46.733,1.58193,1.58236,1.00,1.00
2014.11.24 19:45:47.446,1.58194,1.58236,1.00,1.00
2014.11.24 19:45:49.022,1.58194,1.58227,1.00,1.00
2014.11.24 19:45:50.341,1.58194,1.58236,1.00,1.00
2014.11.24 19:45:54.131,1.58191,1.58235,1.00,1.00
2014.11.24 19:45:54.233,1.5819,1.58227,1.12,1.00
2014.11.24 19:45:54.771,1.5819,1.58227,1.37,1.00
2014.11.24 19:45:55.650,1.58194,1.58227,1.00,1.00
2014.11.24 19:45:58.921,1.58194,1.58237,1.00,1.50
2014.11.24 19:46:04.541,1.58194,1.58236,1.00,1.00
2014.11.24 19:46:28.414,1.58194,1.58237,1.00,1.50
2014.11.24 19:46:28.619,1.58194,1.58227,1.00,1.00
2014.11.24 19:46:31.039,1.58194,1.58226,1.00,1.00
2014.11.24 19:46:43.689,1.58194,1.58236,1.00,1.00
2014.11.24 19:46:44.724,1.58194,1.58237,1.00,1.50
2014.11.24 19:46:47.359,1.58194,1.58236,1.00,1.00
2014.11.24 19:46:48.060,1.58194,1.58237,1.00,1.50
2014.11.24 19:46:55.655,1.58191,1.58237,1.87,1.00
2014.11.24 19:47:03.628,1.58191,1.58236,1.87,1.00
2014.11.24 19:47:04.102,1.58191,1.58236,1.87,1.00
2014.11.24 19:47:18.669,1.58191,1.58237,1.87,1.00
2014.11.24 19:47:37.729,1.58193,1.58236,1.12,1.00
2014.11.24 19:47:44.328,1.58194,1.58236,1.00,1.00
2014.11.24 19:47:45.979,1.58193,1.58236,1.50,1.50
2014.11.24 19:47:46.338,1.5819,1.58227,1.00,1.00
2014.11.24 19:47:46.640,1.58193,1.58226,1.00,1.00
2014.11.24 19:47:47.646,1.58193,1.58227,1.00,1.00
2014.11.24 19:47:47.848,1.58195,1.58236,1.00,1.00
2014.11.24 19:47:53.129,1.58195,1.58226,1.00,1.00
2014.11.24 19:47:54.672,1.58195,1.58237,1.00,1.00
2014.11.24 19:48:04.276,1.58198,1.58237,1.00,1.00
2014.11.24 19:48:04.579,1.58203,1.58237,1.00,1.00
2014.11.24 19:48:04.680,1.58199,1.58237,1.00,1.00
2014.11.24 19:48:05.159,1.58194,1.58236,1.37,1.00
2014.11.24 19:48:05.945,1.58194,1.58237,1.37,1.00
2014.11.24 19:48:06.548,1.58201,1.58237,1.00,1.00
2014.11.24 19:48:06.850,1.58205,1.58236,1.00,1.00
2014.11.24 19:48:06.901,1.58203,1.58246,1.00,1.00
2014.11.24 19:48:07.002,1.58199,1.58237,1.00,1.00
2014.11.24 19:48:07.517,1.58198,1.58237,1.00,1.00
2014.11.24 19:48:08.256,1.58198,1.58236,1.00,1.00
2014.11.24 19:48:08.578,1.58201,1.58236,1.00,1.00
2014.11.24 19:48:08.880,1.58205,1.58237,1.00,1.00
2014.11.24 19:48:09.407,1.58205,1.58236,1.00,1.00
2014.11.24 19:48:12.817,1.58202,1.58236,1.00,1.00
2014.11.24 19:48:12.868,1.58202,1.58246,1.00,1.37
2014.11.24 19:48:12.969,1.58199,1.58237,1.00,1.00
2014.11.24 19:48:13.087,1.58195,1.58237,1.37,1.00
2014.11.24 19:48:13.868,1.58195,1.58236,1.37,1.00
2014.11.24 19:48:18.274,1.58195,1.58236,1.00,1.00
2014.11.24 19:48:34.974,1.58195,1.58237,1.00,1.00
2014.11.24 19:48:42.220,1.58195,1.58236,1.12,1.00
2014.11.24 19:48:42.321,1.58195,1.58237,1.37,1.00
2014.11.24 19:48:42.919,1.58195,1.58236,1.37,1.00
2014.11.24 19:48:44.035,1.58196,1.58236,1.50,1.00
2014.11.24 19:49:01.436,1.58197,1.58236,1.00,1.00
2014.11.24 19:49:20.576,1.58197,1.58237,1.00,1.00
2014.11.24 19:49:34.566,1.58197,1.58236,1.00,1.00
2014.11.24 19:49:38.970,1.582,1.58236,1.00,1.00
2014.11.24 19:49:39.272,1.58205,1.58236,1.00,1.00
2014.11.24 19:49:39.424,1.58203,1.58237,1.00,1.00
2014.11.24 19:49:39.525,1.582,1.58236,1.00,1.00
2014.11.24 19:49:39.960,1.58198,1.58236,1.00,1.00
2014.11.24 19:49:47.416,1.58197,1.58236,1.00,1.00
2014.11.24 19:49:47.669,1.58195,1.58237,1.00,1.00
2014.11.24 19:49:48.235,1.58194,1.58237,1.00,1.50
2014.11.24 19:49:52.622,1.58194,1.58227,1.00,1.00
2014.11.24 19:49:56.377,1.58194,1.58236,1.00,1.00
2014.11.24 19:49:56.702,1.5819,1.58234,1.00,1.00
2014.11.24 19:49:56.803,1.58189,1.58232,1.00,1.00
2014.11.24 19:49:57.106,1.58189,1.58226,1.00,1.00
2014.11.24 19:49:57.157,1.58189,1.58232,1.37,1.00
2014.11.24 19:49:57.258,1.58195,1.58236,1.12,1.00
2014.11.24 19:49:57.359,1.58201,1.58244,1.00,1.00
2014.11.24 19:49:57.460,1.58206,1.58247,1.00,1.00
2014.11.24 19:49:57.796,1.58209,1.58246,1.00,1.00
2014.11.24 19:50:00.162,1.58209,1.58246,1.37,1.00
2014.11.24 19:50:00.874,1.58211,1.58247,1.00,1.00
2014.11.24 19:50:02.306,1.58211,1.58255,1.00,1.00
2014.11.24 19:50:03.026,1.58208,1.58254,1.87,1.00
2014.11.24 19:50:06.026,1.58212,1.58255,1.00,1.12
2014.11.24 19:50:09.903,1.58212,1.58246,1.00,1.00
2014.11.24 19:50:10.459,1.58213,1.58247,1.00,1.00
2014.11.24 19:50:14.343,1.58213,1.58246,1.00,1.00
2014.11.24 19:50:15.486,1.58211,1.58246,1.00,1.00
2014.11.24 19:50:19.577,1.58211,1.58247,1.00,1.00
2014.11.24 19:50:27.947,1.58212,1.58246,1.00,1.00
2014.11.24 19:50:28.048,1.58214,1.58246,1.00,1.00
2014.11.24 19:50:28.590,1.58213,1.58246,1.00,1.00
2014.11.24 19:50:33.366,1.58213,1.58247,1.00,1.00
2014.11.24 19:50:42.766,1.5821,1.58247,1.00,1.00
2014.11.24 19:50:45.647,1.5821,1.58246,1.00,1.00
2014.11.24 19:50:56.032,1.5821,1.58246,1.37,1.00
2014.11.24 19:50:56.133,1.58212,1.58256,1.37,1.50
2014.11.24 19:50:56.335,1.58216,1.58256,1.00,1.00
2014.11.24 19:51:02.037,1.58216,1.58257,1.00,1.00
2014.11.24 19:51:08.195,1.58215,1.58257,1.00,1.00
2014.11.24 19:51:08.297,1.58211,1.58256,1.35,1.00
2014.11.24 19:51:08.348,1.58211,1.58247,1.35,1.00
2014.11.24 19:51:23.638,1.58211,1.58246,1.35,1.00
2014.11.24 19:51:25.168,1.5821,1.58247,1.60,1.00
2014.11.24 19:51:26.335,1.5821,1.58247,1.00,1.00
2014.11.24 19:51:28.657,1.5821,1.58246,1.00,1.00
2014.11.24 19:51:31.717,1.58208,1.58246,1.35,1.00
2014.11.24 19:51:32.096,1.58208,1.58237,1.35,1.00
2014.11.24 19:51:32.743,1.58206,1.58236,1.60,1.00
2014.11.24 19:51:35.696,1.58206,1.58246,1.60,1.00
2014.11.24 19:51:38.852,1.58206,1.58242,1.60,1.00
2014.11.24 19:51:38.953,1.58206,1.58246,1.60,1.00
2014.11.24 19:51:48.328,1.58206,1.58236,1.60,1.00
2014.11.24 19:51:55.826,1.58206,1.58246,1.60,1.00
2014.11.24 19:51:57.794,1.58206,1.58246,1.00,1.00
2014.11.24 19:52:00.337,1.58204,1.58246,1.00,1.00
2014.11.24 19:52:00.488,1.58204,1.58236,1.00,1.00
2014.11.24 19:52:00.539,1.58199,1.58236,1.00,1.00
2014.11.24 19:52:01.088,1.582,1.58237,1.00,1.00
2014.11.24 19:52:01.877,1.582,1.58236,1.00,1.00
2014.11.24 19:52:02.687,1.582,1.58243,1.00,1.00
2014.11.24 19:52:03.285,1.58202,1.58245,1.00,1.00
2014.11.24 19:52:05.645,1.58202,1.58245,1.37,1.00
2014.11.24 19:52:05.947,1.58208,1.58246,1.00,1.00
2014.11.24 19:52:06.199,1.58208,1.58254,1.00,1.12
2014.11.24 19:52:06.401,1.58208,1.58247,1.00,1.00
2014.11.24 19:52:06.622,1.58209,1.58254,1.00,1.00
2014.11.24 19:52:06.925,1.58211,1.58255,1.00,1.00
2014.11.24 19:52:07.227,1.58215,1.58256,1.37,1.00
2014.11.24 19:52:07.585,1.58219,1.58256,1.00,1.00
2014.11.24 19:52:08.475,1.58219,1.58263,1.00,1.00
2014.11.24 19:52:09.497,1.58219,1.58256,1.00,1.00
2014.11.24 19:52:09.574,1.58219,1.58263,1.00,1.00
2014.11.24 19:52:10.244,1.58221,1.58264,1.00,1.00
2014.11.24 19:52:13.874,1.58221,1.58264,1.00,1.37
2014.11.24 19:52:13.975,1.58217,1.58263,1.00,1.87
2014.11.24 19:52:14.025,1.58217,1.58257,1.00,1.00
2014.11.24 19:52:14.185,1.58215,1.58257,1.00,1.00
2014.11.24 19:52:14.929,1.58215,1.58256,1.00,1.00
2014.11.24 19:52:16.309,1.58212,1.58255,1.00,1.00
2014.11.24 19:52:16.516,1.58209,1.58254,1.00,1.00
2014.11.24 19:52:16.718,1.58207,1.5825,1.00,1.00
2014.11.24 19:52:17.052,1.58208,1.58246,1.00,1.00
2014.11.24 19:52:19.596,1.58208,1.58247,1.00,1.00
2014.11.24 19:52:20.146,1.58208,1.58246,1.00,1.00
2014.11.24 19:52:21.354,1.58208,1.58246,1.37,1.00
2014.11.24 19:52:21.506,1.5821,1.58254,2.25,1.00
2014.11.24 19:52:21.606,1.58215,1.58256,1.12,1.00
2014.11.24 19:52:22.128,1.58216,1.58257,1.00,1.00
2014.11.24 19:52:22.204,1.58219,1.58257,1.00,1.00
2014.11.24 19:52:25.644,1.58219,1.58246,1.00,1.00
2014.11.24 19:52:25.760,1.58217,1.58246,1.00,1.00
2014.11.24 19:52:30.249,1.58215,1.58246,1.00,1.00
2014.11.24 19:52:30.300,1.58215,1.58255,1.00,1.50
2014.11.24 19:52:30.401,1.58215,1.58246,1.00,1.00
2014.11.24 19:52:31.149,1.58215,1.58256,1.00,1.00
2014.11.24 19:52:31.615,1.58215,1.58247,1.00,1.00
2014.11.24 19:52:31.665,1.58211,1.58247,1.00,1.00
2014.11.24 19:52:31.867,1.58209,1.58246,1.00,1.00
2014.11.24 19:52:32.018,1.58203,1.58246,1.00,1.00
2014.11.24 19:52:32.119,1.58197,1.58241,1.37,1.00
2014.11.24 19:52:32.475,1.58197,1.58237,1.00,1.00
2014.11.24 19:52:33.753,1.58194,1.58237,2.25,1.00
2014.11.24 19:52:40.935,1.58194,1.58236,2.25,1.00
2014.11.24 19:52:47.094,1.58194,1.58237,2.25,1.00
2014.11.24 19:52:48.414,1.58194,1.58236,2.25,1.00
2014.11.24 19:52:58.063,1.58192,1.58236,1.87,1.50
2014.11.24 19:53:06.003,1.58195,1.58236,1.00,1.00
2014.11.24 19:53:07.338,1.58195,1.58236,1.37,1.00
2014.11.24 19:53:08.765,1.58195,1.58237,1.37,1.00
2014.11.24 19:53:09.297,1.58195,1.58236,1.37,1.00
2014.11.24 19:53:11.663,1.58197,1.58236,1.00,1.00
2014.11.24 19:53:13.692,1.58197,1.58236,1.37,1.00
2014.11.24 19:53:14.301,1.58197,1.58236,1.00,1.00
2014.11.24 19:53:18.674,1.58197,1.58237,1.00,1.00
2014.11.24 19:53:23.542,1.58196,1.58237,1.12,1.00
2014.11.24 19:53:24.421,1.58195,1.58237,1.00,1.00
2014.11.24 19:53:24.471,1.58192,1.58236,1.87,1.00
2014.11.24 19:53:25.004,1.5819,1.58235,1.37,1.00
2014.11.24 19:53:44.014,1.58191,1.58236,1.12,1.00
2014.11.24 19:53:48.992,1.58191,1.58234,1.12,1.00
2014.11.24 19:53:51.522,1.58193,1.58236,1.00,1.00
2014.11.24 19:53:51.852,1.58197,1.58236,1.00,1.00
2014.11.24 19:53:52.154,1.58199,1.58237,1.37,1.00
2014.11.24 19:53:52.256,1.58206,1.58246,1.00,1.00
2014.11.24 19:53:54.794,1.58206,1.58247,1.00,1.00
2014.11.24 19:53:55.202,1.58208,1.58247,1.00,1.00
2014.11.24 19:53:55.734,1.58209,1.58247,1.00,1.00
2014.11.24 19:53:56.235,1.58209,1.58246,1.00,1.00
2014.11.24 19:54:01.774,1.58209,1.58246,1.37,1.00
2014.11.24 19:54:02.334,1.58209,1.58247,1.37,1.00
2014.11.24 19:54:02.894,1.58209,1.58246,1.37,1.00
2014.11.24 19:54:13.232,1.58209,1.58247,1.37,1.00
2014.11.24 19:54:14.813,1.58209,1.58247,1.00,1.00
2014.11.24 19:54:14.863,1.58206,1.58247,1.12,1.00
2014.11.24 19:54:14.914,1.58205,1.58245,1.00,1.37
2014.11.24 19:54:14.965,1.58199,1.5824,1.00,1.00
2014.11.24 19:54:15.016,1.58194,1.5824,1.00,1.00
2014.11.24 19:54:15.066,1.58194,1.58236,1.00,1.00
2014.11.24 19:54:15.380,1.58194,1.58227,1.00,1.00
2014.11.24 19:54:19.871,1.58194,1.58237,1.00,1.00
2014.11.24 19:54:20.862,1.58194,1.58226,1.00,1.00
2014.11.24 19:54:27.683,1.58194,1.58236,1.00,1.00
2014.11.24 19:54:44.183,1.58194,1.58227,1.00,1.00
2014.11.24 19:54:44.291,1.58194,1.58237,1.00,1.00
2014.11.24 19:54:45.216,1.58194,1.58237,1.60,1.00
2014.11.24 19:54:48.199,1.58197,1.58237,1.00,1.00
2014.11.24 19:54:48.558,1.582,1.58237,1.00,1.00
2014.11.24 19:54:48.860,1.58202,1.58236,1.00,1.00
2014.11.24 19:54:50.452,1.58202,1.58237,1.00,1.00
2014.11.24 19:54:51.596,1.58202,1.58236,1.00,1.00
2014.11.24 19:54:52.652,1.58202,1.58237,1.00,1.00
2014.11.24 19:54:59.912,1.58202,1.58236,1.00,1.00
2014.11.24 19:55:02.003,1.58202,1.58237,1.00,1.00
2014.11.24 19:55:02.948,1.58203,1.58237,1.00,1.00
2014.11.24 19:55:04.092,1.58203,1.58236,1.00,1.00
2014.11.24 19:55:10.818,1.58203,1.58237,1.00,1.00
2014.11.24 19:55:12.893,1.58203,1.58236,1.00,1.00
2014.11.24 19:55:14.133,1.58202,1.58236,1.00,1.00
2014.11.24 19:55:16.898,1.58202,1.58237,1.00,1.00
2014.11.24 19:55:16.999,1.58198,1.58237,1.72,1.00
2014.11.24 19:55:19.273,1.58198,1.58236,1.72,1.00
2014.11.24 19:55:20.003,1.58198,1.58237,1.72,1.00
2014.11.24 19:55:20.582,1.58198,1.58236,1.72,1.00
2014.11.24 19:55:27.853,1.58198,1.58237,1.35,1.00
2014.11.24 19:55:30.163,1.58198,1.58236,1.35,1.00
2014.11.24 19:55:35.932,1.58198,1.58237,1.35,1.00
2014.11.24 19:55:36.983,1.58198,1.58236,1.35,1.00
2014.11.24 19:55:41.636,1.58202,1.58236,1.00,1.00
2014.11.24 19:55:49.733,1.58202,1.58236,1.60,1.00
2014.11.24 19:55:49.884,1.58205,1.58246,1.00,1.00
2014.11.24 19:55:50.638,1.58203,1.58246,1.60,1.00
2014.11.24 19:55:52.538,1.58203,1.58236,1.60,1.00
2014.11.24 19:55:55.592,1.58202,1.58237,1.60,1.00
2014.11.24 19:55:56.118,1.58202,1.58236,1.60,1.00
2014.11.24 19:55:56.702,1.58205,1.58236,1.00,1.00
2014.11.24 19:55:57.264,1.58204,1.58236,1.35,1.00
2014.11.24 19:55:58.020,1.58204,1.58237,1.35,1.00
2014.11.24 19:56:05.761,1.58201,1.58236,1.60,1.00
2014.11.24 19:56:15.650,1.582,1.58237,1.60,1.00
2014.11.24 19:56:19.362,1.582,1.58236,1.60,1.00
2014.11.24 19:56:20.981,1.58202,1.58236,1.72,1.00
2014.11.24 19:56:21.031,1.58205,1.58247,1.60,1.00
2014.11.24 19:56:21.233,1.58205,1.58237,1.60,1.00
2014.11.24 19:56:32.267,1.58205,1.58246,1.60,1.00
2014.11.24 19:56:32.927,1.58205,1.58236,1.60,1.00
2014.11.24 19:56:35.772,1.58205,1.58246,1.60,1.00
2014.11.24 19:56:52.519,1.58204,1.58236,1.60,1.00
2014.11.24 19:56:53.147,1.58206,1.58237,1.60,1.00
2014.11.24 19:56:53.760,1.58206,1.58236,1.60,1.00
2014.11.24 19:56:54.421,1.58206,1.58237,1.60,1.00
2014.11.24 19:56:55.222,1.58206,1.58236,1.60,1.00
2014.11.24 19:57:00.745,1.58206,1.58237,1.60,1.00
2014.11.24 19:57:01.354,1.58206,1.58236,1.60,1.00
2014.11.24 19:57:09.337,1.58206,1.58237,1.60,1.00
2014.11.24 19:57:14.952,1.58206,1.58247,1.60,1.00
2014.11.24 19:57:23.899,1.58206,1.58247,1.00,1.00
2014.11.24 19:57:27.342,1.58206,1.58246,1.00,1.00
2014.11.24 19:57:27.909,1.58206,1.58247,1.00,1.00
2014.11.24 19:57:32.320,1.58206,1.58236,1.00,1.00
2014.11.24 19:57:44.844,1.58206,1.58246,1.00,1.00
2014.11.24 19:57:47.030,1.58206,1.58236,1.00,1.00
2014.11.24 19:57:52.755,1.58201,1.58236,1.97,1.00
2014.11.24 19:57:56.008,1.58201,1.58236,1.97,1.00
2014.11.24 19:58:01.119,1.582,1.58237,1.97,1.00
2014.11.24 19:58:01.169,1.58201,1.58237,1.35,1.00
2014.11.24 19:58:01.270,1.58209,1.58247,1.60,1.00
2014.11.24 19:58:01.814,1.5821,1.58246,1.35,1.00
2014.11.24 19:58:23.219,1.5821,1.58247,1.35,1.00
2014.11.24 19:58:27.728,1.5821,1.58246,1.35,1.00
2014.11.24 19:58:37.540,1.5821,1.58247,1.00,1.00
2014.11.24 19:58:38.926,1.58208,1.58247,1.00,1.00
2014.11.24 19:58:39.027,1.58208,1.58244,1.00,1.00
2014.11.24 19:58:39.447,1.58208,1.58236,1.00,1.00
2014.11.24 19:58:40.440,1.58203,1.58239,1.00,1.37
2014.11.24 19:58:40.541,1.5819,1.58227,1.00,1.00
2014.11.24 19:58:40.642,1.58188,1.58227,1.00,1.00
2014.11.24 19:58:41.292,1.58188,1.58226,1.00,1.00
2014.11.24 19:58:41.820,1.58188,1.58227,1.50,1.00
2014.11.24 19:58:44.619,1.58188,1.58226,1.50,1.00
2014.11.24 19:58:54.920,1.58188,1.58227,1.00,1.00
2014.11.24 19:59:00.158,1.58191,1.58227,1.37,1.00
2014.11.24 19:59:00.460,1.58204,1.58247,1.00,2.25
2014.11.24 19:59:00.967,1.58205,1.58246,1.00,1.00
2014.11.24 19:59:01.779,1.58205,1.58247,1.12,1.00
2014.11.24 19:59:02.446,1.58205,1.58246,1.12,1.00
2014.11.24 19:59:03.169,1.58205,1.5825,1.12,1.00
2014.11.24 19:59:03.516,1.58208,1.58254,1.00,1.12
2014.11.24 19:59:03.567,1.58208,1.58246,1.00,1.00
2014.11.24 19:59:04.557,1.58208,1.58246,1.37,1.00
2014.11.24 19:59:05.149,1.58208,1.58247,1.87,1.00
2014.11.24 19:59:05.477,1.58211,1.58246,1.00,1.00
2014.11.24 19:59:05.729,1.58218,1.58257,1.00,1.00
2014.11.24 19:59:05.780,1.58215,1.58257,1.00,1.00
2014.11.24 19:59:07.888,1.58218,1.58257,1.00,1.00
2014.11.24 19:59:08.196,1.58214,1.58257,1.00,1.00
2014.11.24 19:59:08.297,1.5821,1.58256,1.00,1.00
2014.11.24 19:59:08.499,1.5821,1.58256,1.50,1.00
2014.11.24 19:59:08.801,1.58214,1.58247,1.00,1.00
2014.11.24 19:59:09.329,1.58213,1.58247,1.00,1.00
2014.11.24 19:59:09.792,1.58213,1.58237,1.00,1.00
2014.11.24 19:59:10.090,1.5821,1.58237,1.00,1.00
2014.11.24 19:59:10.960,1.58209,1.58237,1.00,1.00
2014.11.24 19:59:11.111,1.5821,1.58247,1.00,1.00
2014.11.24 19:59:11.413,1.58214,1.58246,1.00,1.00
2014.11.24 19:59:11.464,1.58214,1.58256,1.00,1.00
2014.11.24 19:59:12.027,1.58219,1.58256,1.00,1.00
2014.11.24 19:59:12.248,1.58214,1.58256,1.00,1.00
2014.11.24 19:59:13.254,1.5821,1.58254,1.12,1.50
2014.11.24 19:59:13.305,1.5821,1.58246,1.00,1.00
2014.11.24 19:59:14.167,1.58214,1.58246,1.00,1.00
2014.11.24 19:59:14.217,1.58214,1.58256,1.00,1.00
2014.11.24 19:59:14.369,1.58216,1.58256,1.00,1.00
2014.11.24 19:59:15.376,1.58219,1.58256,1.00,1.00
2014.11.24 19:59:15.477,1.58217,1.58257,1.00,1.00
2014.11.24 19:59:16.334,1.58219,1.58257,1.00,1.00
2014.11.24 19:59:16.586,1.58213,1.58257,1.12,1.00
2014.11.24 19:59:17.140,1.58213,1.58256,1.12,1.00
2014.11.24 19:59:17.795,1.58218,1.58256,1.00,1.00
2014.11.24 19:59:17.857,1.58216,1.58256,1.00,1.00
2014.11.24 19:59:18.407,1.58219,1.58256,1.00,1.00
2014.11.24 19:59:18.659,1.58217,1.58256,1.00,1.00
2014.11.24 19:59:19.727,1.58218,1.58256,1.00,1.00
2014.11.24 19:59:20.354,1.58216,1.58257,1.37,1.00
2014.11.24 19:59:20.406,1.58222,1.58257,1.00,1.00
2014.11.24 19:59:20.728,1.5822,1.58256,1.00,1.00
2014.11.24 19:59:20.829,1.58216,1.58256,1.00,1.00
2014.11.24 19:59:20.980,1.5822,1.58257,1.00,1.00
2014.11.24 19:59:21.291,1.58211,1.58255,1.00,1.12
2014.11.24 19:59:21.341,1.58211,1.5825,1.00,1.00
2014.11.24 19:59:21.392,1.58209,1.5825,1.00,1.50
2014.11.24 19:59:21.493,1.58206,1.58252,1.12,1.00
2014.11.24 19:59:21.543,1.58206,1.58247,1.12,1.00
2014.11.24 19:59:21.648,1.58211,1.58254,1.00,1.00
2014.11.24 19:59:22.263,1.58212,1.58254,1.00,1.00
2014.11.24 19:59:22.365,1.58212,1.58256,1.00,1.00
2014.11.24 19:59:22.593,1.58217,1.58256,1.12,1.50
2014.11.24 19:59:22.945,1.58213,1.58256,1.00,1.00
2014.11.24 19:59:23.046,1.58217,1.58256,1.00,1.50
2014.11.24 19:59:23.359,1.58221,1.58256,1.00,1.00
2014.11.24 19:59:24.042,1.58223,1.58256,1.00,1.00
2014.11.24 19:59:24.221,1.58223,1.58266,1.00,1.00
2014.11.24 19:59:24.702,1.58219,1.58262,1.00,1.00
2014.11.24 19:59:25.004,1.58216,1.58257,1.00,1.00
2014.11.24 19:59:25.306,1.58218,1.58257,1.00,1.00
2014.11.24 19:59:25.357,1.58213,1.58255,1.00,1.00
2014.11.24 19:59:26.228,1.58213,1.58255,1.37,1.50
2014.11.24 19:59:26.278,1.58217,1.58255,1.00,1.50
2014.11.24 19:59:26.379,1.58217,1.58259,1.37,1.00
2014.11.24 19:59:26.480,1.58221,1.58265,1.00,1.00
2014.11.24 19:59:26.699,1.58219,1.58262,1.00,1.00
2014.11.24 19:59:27.002,1.58222,1.58265,1.00,1.00
2014.11.24 19:59:27.392,1.58223,1.58256,1.00,1.00
2014.11.24 19:59:27.493,1.58223,1.58266,1.00,1.00
2014.11.24 19:59:27.644,1.58222,1.58263,1.00,1.00
2014.11.24 19:59:27.959,1.58218,1.58257,1.37,1.00
2014.11.24 19:59:28.307,1.58221,1.58257,1.00,1.00
2014.11.24 19:59:28.842,1.58221,1.58256,1.00,1.00
2014.11.24 19:59:29.459,1.5822,1.58264,1.00,1.00
2014.11.24 19:59:29.616,1.5822,1.58264,1.37,1.00
2014.11.24 19:59:29.667,1.58221,1.58266,1.37,1.00
2014.11.24 19:59:29.768,1.58225,1.58267,1.00,1.00
2014.11.24 19:59:30.071,1.58229,1.58267,1.00,1.00
2014.11.24 19:59:30.579,1.58229,1.58266,1.00,1.00
2014.11.24 19:59:30.882,1.58225,1.58266,1.12,1.00
2014.11.24 19:59:30.933,1.58225,1.58257,1.00,1.00
2014.11.24 19:59:31.084,1.58222,1.58256,1.12,1.00
2014.11.24 19:59:31.517,1.58226,1.58256,1.00,1.00
2014.11.24 19:59:31.820,1.5823,1.58256,1.00,1.00
2014.11.24 19:59:31.921,1.5823,1.58267,1.00,1.00
2014.11.24 19:59:32.455,1.58229,1.58266,1.87,1.00
2014.11.24 19:59:32.657,1.58229,1.58266,1.00,1.00
2014.11.24 19:59:33.270,1.5823,1.58266,1.00,1.00
2014.11.24 19:59:33.371,1.58233,1.58266,1.00,1.00
2014.11.24 19:59:34.224,1.58233,1.58267,1.00,1.00
2014.11.24 19:59:35.315,1.58233,1.58266,1.00,1.00
2014.11.24 19:59:35.824,1.58233,1.58267,1.00,1.00
2014.11.24 19:59:36.275,1.58229,1.58266,1.12,1.00
2014.11.24 19:59:37.094,1.58228,1.58267,1.87,1.00
2014.11.24 19:59:37.664,1.58228,1.58266,2.62,1.00
2014.11.24 19:59:38.068,1.58232,1.58267,1.37,1.00
2014.11.24 19:59:38.169,1.58232,1.58273,1.37,1.00
2014.11.24 19:59:38.284,1.58233,1.58276,1.12,1.00
2014.11.24 19:59:38.335,1.58233,1.58267,1.12,1.00
2014.11.24 19:59:38.587,1.58233,1.58276,1.12,1.00
2014.11.24 19:59:38.977,1.58233,1.58276,1.87,1.00
2014.11.24 19:59:39.280,1.58236,1.58276,1.87,1.00
2014.11.24 19:59:39.381,1.58239,1.58285,1.75,1.50
2014.11.24 19:59:39.734,1.58245,1.58289,1.37,1.00
2014.11.24 19:59:39.784,1.58249,1.58292,1.00,1.00
2014.11.24 19:59:39.885,1.5825,1.58295,1.37,1.00
2014.11.24 19:59:40.087,1.58253,1.58296,1.00,1.50
2014.11.24 19:59:40.440,1.58256,1.58296,1.00,1.00
2014.11.24 19:59:40.746,1.58255,1.58287,1.00,1.00
2014.11.24 19:59:41.385,1.58255,1.58286,1.00,1.00
2014.11.24 19:59:43.381,1.58256,1.58286,1.00,1.00
2014.11.24 19:59:43.533,1.58247,1.58286,1.00,1.00
2014.11.24 19:59:44.048,1.58243,1.58286,1.00,1.00
2014.11.24 19:59:44.409,1.58246,1.58287,1.00,2.25
2014.11.24 19:59:44.611,1.58243,1.58286,1.00,1.00
2014.11.24 19:59:45.178,1.58244,1.58287,1.00,1.00
2014.11.24 19:59:45.510,1.58242,1.58282,1.00,1.00
2014.11.24 19:59:45.813,1.58236,1.58276,1.00,1.00
2014.11.24 19:59:46.321,1.58235,1.58276,1.00,1.00
2014.11.24 19:59:46.473,1.58232,1.58276,1.00,1.00
2014.11.24 19:59:46.700,1.58235,1.58276,1.00,1.00
2014.11.24 19:59:47.002,1.58233,1.58274,1.00,1.00
2014.11.24 19:59:47.557,1.58235,1.58274,1.00,1.00
2014.11.24 19:59:47.658,1.58235,1.58276,1.00,1.00
2014.11.24 19:59:47.709,1.58237,1.58277,1.00,1.00
2014.11.24 19:59:48.112,1.58242,1.58277,1.00,1.00
2014.11.24 19:59:48.398,1.58247,1.58286,1.00,1.00
2014.11.24 19:59:48.449,1.58243,1.58286,1.00,1.00
2014.11.24 19:59:48.751,1.58243,1.58277,1.12,1.00
2014.11.24 19:59:49.065,1.58246,1.58277,1.37,1.00
2014.11.24 19:59:49.166,1.58251,1.58286,1.00,1.00
2014.11.24 19:59:49.317,1.58254,1.58286,1.00,1.00
2014.11.24 19:59:49.924,1.58254,1.58296,1.00,1.00
2014.11.24 19:59:50.334,1.58257,1.58296,1.00,1.00
2014.11.24 19:59:51.194,1.58259,1.58296,1.00,1.00
2014.11.24 19:59:52.318,1.58257,1.58296,1.00,1.00
2014.11.24 19:59:52.482,1.58257,1.58286,1.00,1.00
2014.11.24 19:59:53.107,1.58257,1.58297,1.00,1.00
2014.11.24 19:59:53.945,1.58258,1.58297,1.00,1.00
2014.11.24 19:59:54.097,1.5826,1.58297,1.00,1.00
2014.11.24 19:59:54.613,1.58259,1.58297,1.00,1.00
2014.11.24 19:59:54.919,1.58256,1.58286,1.00,1.00
2014.11.24 19:59:54.970,1.58254,1.58286,1.00,1.00
2014.11.24 19:59:55.087,1.58254,1.58296,1.00,1.00
2014.11.24 19:59:55.339,1.58254,1.58286,1.00,1.00
2014.11.24 19:59:55.608,1.58252,1.58286,1.00,1.00
2014.11.24 19:59:55.810,1.58249,1.58286,1.00,1.00
2014.11.24 19:59:55.968,1.58252,1.58286,1.00,1.00
2014.11.24 19:59:56.271,1.58255,1.58287,1.00,1.00
2014.11.24 19:59:56.600,1.58252,1.58287,1.00,1.00
2014.11.24 19:59:56.701,1.58254,1.58287,1.00,1.00
2014.11.24 19:59:57.041,1.58256,1.58286,1.00,1.00
2014.11.24 19:59:57.490,1.58252,1.58286,1.00,1.00
2014.11.24 19:59:57.641,1.58247,1.58286,1.00,1.00
2014.11.24 19:59:57.692,1.58243,1.58282,1.00,1.00
2014.11.24 19:59:57.793,1.58233,1.58279,2.10,1.00
2014.11.24 19:59:57.944,1.58239,1.58285,1.00,1.37
2014.11.24 19:59:58.095,1.58239,1.58276,1.00,1.00
2014.11.24 19:59:58.146,1.58237,1.58276,1.00,1.00
2014.11.24 19:59:58.438,1.58237,1.58282,1.00,1.37
2014.11.24 19:59:58.997,1.58237,1.58278,1.00,1.00
2014.11.24 19:59:59.319,1.58236,1.58272,1.00,1.00
2014.11.24 19:59:59.420,1.58236,1.58277,1.00,1.12
2014.11.24 19:59:59.521,1.58235,1.58274,1.00,1.00
2014.11.24 19:59:59.572,1.58233,1.58274,1.00,1.00
