2010.02.18 18:00:01.996,1.9327,1.9334,1.00,1.00
2010.02.18 18:00:04.186,1.93265,1.93325,1.00,1.00
2010.02.18 18:00:06.181,1.9325,1.9331,1.00,1.00
2010.02.18 18:00:07.774,1.93225,1.93285,1.00,1.00
2010.02.18 18:00:09.385,1.9325,1.9331,1.00,1.00
2010.02.18 18:00:09.560,1.9329,1.9335,1.00,1.00
2010.02.18 18:00:10.494,1.93295,1.93365,1.00,1.00
2010.02.18 18:00:12.685,1.93285,1.93365,1.00,1.00
2010.02.18 18:00:12.974,1.93285,1.93355,1.00,1.00
2010.02.18 18:00:13.313,1.93285,1.93375,1.00,1.00
2010.02.18 18:00:14.183,1.9329,1.93385,1.00,1.00
2010.02.18 18:00:14.999,1.93285,1.93365,1.00,1.00
2010.02.18 18:00:15.329,1.93305,1.9338,1.00,1.00
2010.02.18 18:00:17.052,1.93285,1.93355,1.00,1.00
2010.02.18 18:00:19.792,1.93305,1.93365,1.00,1.00
2010.02.18 18:00:20.653,1.93285,1.93355,1.00,1.00
2010.02.18 18:00:20.935,1.93315,1.9338,1.00,1.00
2010.02.18 18:00:24.121,1.9333,1.9339,1.00,1.00
2010.02.18 18:00:27.090,1.9334,1.9341,1.00,1.00
2010.02.18 18:00:30.821,1.9336,1.9342,1.00,1.00
2010.02.18 18:00:31.739,1.9335,1.93415,1.00,1.00
2010.02.18 18:00:32.979,1.9336,1.9343,1.00,1.00
2010.02.18 18:00:36.158,1.9336,1.9342,1.00,1.00
2010.02.18 18:00:37.289,1.93335,1.934,1.00,1.00
2010.02.18 18:00:37.629,1.9333,1.9339,1.00,1.00
2010.02.18 18:00:38.747,1.93335,1.93405,1.00,1.00
2010.02.18 18:00:40.997,1.9333,1.9339,1.00,1.00
2010.02.18 18:00:49.231,1.93315,1.93375,1.00,1.00
2010.02.18 18:00:49.287,1.9332,1.93385,1.00,1.00
2010.02.18 18:00:53.783,1.9333,1.9339,1.00,1.00
2010.02.18 18:00:56.866,1.93315,1.93375,1.00,1.00
2010.02.18 18:01:00.330,1.9332,1.93385,1.00,1.00
2010.02.18 18:01:01.612,1.93315,1.93375,1.00,1.00
2010.02.18 18:01:01.951,1.9332,1.93385,1.00,1.00
2010.02.18 18:01:09.991,1.93315,1.93375,1.00,1.00
2010.02.18 18:01:12.619,1.93335,1.934,1.00,1.00
2010.02.18 18:01:17.628,1.9333,1.9339,1.00,1.00
2010.02.18 18:01:23.346,1.93315,1.93375,1.00,1.00
2010.02.18 18:01:24.104,1.9332,1.93385,1.00,1.00
2010.02.18 18:01:28.355,1.93315,1.93375,1.00,1.00
2010.02.18 18:01:29.598,1.9333,1.9339,1.00,1.00
2010.02.18 18:01:30.681,1.9332,1.93385,1.00,1.00
2010.02.18 18:01:31.015,1.93315,1.93375,1.00,1.00
2010.02.18 18:01:34.521,1.9333,1.9339,1.00,1.00
2010.02.18 18:01:34.685,1.9332,1.93385,1.00,1.00
2010.02.18 18:01:36.163,1.9333,1.9339,1.00,1.00
2010.02.18 18:01:39.063,1.933,1.93365,1.00,1.00
2010.02.18 18:01:40.102,1.93305,1.93375,1.00,1.00
2010.02.18 18:01:42.911,1.933,1.93365,1.00,1.00
2010.02.18 18:01:44.219,1.93315,1.93375,1.00,1.00
2010.02.18 18:01:45.202,1.93305,1.93375,1.00,1.00
2010.02.18 18:01:45.322,1.9332,1.9339,1.00,1.00
2010.02.18 18:01:46.211,1.93305,1.93375,1.00,1.00
2010.02.18 18:01:48.161,1.93295,1.9336,1.00,1.00
2010.02.18 18:01:48.840,1.93305,1.93375,1.00,1.00
2010.02.18 18:01:50.104,1.933,1.93365,1.00,1.00
2010.02.18 18:01:51.364,1.93315,1.93375,1.00,1.00
2010.02.18 18:01:52.042,1.933,1.93365,1.00,1.00
2010.02.18 18:01:52.570,1.93315,1.93375,1.00,1.00
2010.02.18 18:01:55.585,1.933,1.93365,1.00,1.00
2010.02.18 18:02:03.327,1.9329,1.9336,1.00,1.00
2010.02.18 18:02:03.964,1.9329,1.9335,1.00,1.00
2010.02.18 18:02:04.126,1.9329,1.9336,1.00,1.00
2010.02.18 18:02:06.186,1.9329,1.9335,1.00,1.00
2010.02.18 18:02:08.522,1.933,1.93365,1.00,1.00
2010.02.18 18:02:09.141,1.9329,1.9336,1.00,1.00
2010.02.18 18:02:09.300,1.933,1.9336,1.00,1.00
2010.02.18 18:02:11.425,1.93305,1.93375,1.00,1.00
2010.02.18 18:02:12.564,1.933,1.9336,1.00,1.00
2010.02.18 18:02:20.853,1.93305,1.93375,1.00,1.00
2010.02.18 18:02:22.832,1.93315,1.93375,1.00,1.00
2010.02.18 18:02:23.489,1.93305,1.93375,1.00,1.00
2010.02.18 18:02:23.672,1.933,1.9336,1.00,1.00
2010.02.18 18:02:36.219,1.93305,1.93375,1.00,1.00
2010.02.18 18:02:36.509,1.933,1.9336,1.00,1.00
2010.02.18 18:02:41.781,1.93315,1.93375,1.00,1.00
2010.02.18 18:02:43.688,1.93305,1.93375,1.00,1.00
2010.02.18 18:02:44.954,1.93315,1.9339,1.00,1.00
2010.02.18 18:02:52.139,1.9331,1.9338,1.00,1.00
2010.02.18 18:03:01.704,1.93295,1.93365,1.00,1.00
2010.02.18 18:03:04.927,1.933,1.93375,1.00,1.00
2010.02.18 18:03:05.068,1.9329,1.93365,1.00,1.00
2010.02.18 18:03:10.566,1.93285,1.93355,1.00,1.00
2010.02.18 18:03:11.753,1.9329,1.9338,1.00,1.00
2010.02.18 18:03:14.295,1.93285,1.93355,1.00,1.00
2010.02.18 18:03:20.803,1.93305,1.93365,1.00,1.00
2010.02.18 18:03:28.027,1.93305,1.93375,1.00,1.00
2010.02.18 18:03:29.642,1.93305,1.93365,1.00,1.00
2010.02.18 18:03:30.846,1.93295,1.9336,1.00,1.00
2010.02.18 18:03:32.127,1.933,1.93375,1.00,1.00
2010.02.18 18:03:34.987,1.93295,1.93365,1.00,1.00
2010.02.18 18:03:35.735,1.933,1.93375,1.00,1.00
2010.02.18 18:03:45.062,1.93295,1.93365,1.00,1.00
2010.02.18 18:03:46.374,1.93295,1.9336,1.00,1.00
2010.02.18 18:03:47.301,1.933,1.93375,1.00,1.00
2010.02.18 18:03:51.541,1.9331,1.9338,1.00,1.00
2010.02.18 18:03:52.521,1.93305,1.93365,1.00,1.00
2010.02.18 18:03:53.844,1.9332,1.9338,1.00,1.00
2010.02.18 18:03:56.899,1.93305,1.93375,1.00,1.00
2010.02.18 18:04:09.107,1.93305,1.93365,1.00,1.00
2010.02.18 18:04:09.316,1.9329,1.9335,1.00,1.00
2010.02.18 18:04:10.002,1.9328,1.93345,1.00,1.00
2010.02.18 18:04:11.286,1.93295,1.9336,1.00,1.00
2010.02.18 18:04:14.657,1.93305,1.93365,1.00,1.00
2010.02.18 18:04:15.596,1.93295,1.9336,1.00,1.00
2010.02.18 18:04:18.216,1.93305,1.93365,1.00,1.00
2010.02.18 18:04:22.183,1.9332,1.9338,1.00,1.00
2010.02.18 18:04:22.516,1.9328,1.9335,1.00,1.00
2010.02.18 18:04:23.394,1.93245,1.93325,1.00,1.00
2010.02.18 18:04:25.439,1.93245,1.93315,1.00,1.00
2010.02.18 18:04:26.879,1.93235,1.9331,1.00,1.00
2010.02.18 18:04:28.942,1.93245,1.93315,1.00,1.00
2010.02.18 18:04:32.024,1.93245,1.93325,1.00,1.00
2010.02.18 18:04:34.591,1.9326,1.9333,1.00,1.00
2010.02.18 18:04:34.721,1.93245,1.93325,1.00,1.00
2010.02.18 18:04:35.674,1.9326,1.9333,1.00,1.00
2010.02.18 18:04:35.933,1.9325,1.9331,1.00,1.00
2010.02.18 18:04:36.183,1.93255,1.9332,1.00,1.00
2010.02.18 18:04:36.761,1.93235,1.9331,1.00,1.00
2010.02.18 18:04:37.101,1.93235,1.9331,1.00,1.00
2010.02.18 18:04:43.089,1.9321,1.9328,1.00,1.00
2010.02.18 18:04:44.398,1.93225,1.93285,1.00,1.00
2010.02.18 18:04:45.033,1.93225,1.93295,1.00,1.00
2010.02.18 18:04:46.727,1.93225,1.93285,1.00,1.00
2010.02.18 18:04:49.439,1.9324,1.933,1.00,1.00
2010.02.18 18:04:54.196,1.93225,1.93285,1.00,1.00
2010.02.18 18:04:55.116,1.9324,1.933,1.00,1.00
2010.02.18 18:05:00.295,1.9324,1.9331,1.00,1.00
2010.02.18 18:05:01.204,1.9325,1.93315,1.00,1.00
2010.02.18 18:05:02.966,1.9326,1.9332,1.00,1.00
2010.02.18 18:05:03.746,1.9324,1.9331,1.00,1.00
2010.02.18 18:05:10.312,1.9324,1.933,1.00,1.00
2010.02.18 18:05:11.728,1.93225,1.93295,1.00,1.00
2010.02.18 18:05:12.451,1.9324,1.9331,1.00,1.00
2010.02.18 18:05:12.791,1.9324,1.933,1.00,1.00
2010.02.18 18:05:14.581,1.9324,1.9331,1.00,1.00
2010.02.18 18:05:23.709,1.9325,1.9331,1.00,1.00
2010.02.18 18:05:26.338,1.9324,1.9331,1.00,1.00
2010.02.18 18:05:26.575,1.93225,1.93295,1.00,1.00
2010.02.18 18:05:28.285,1.9324,1.9331,1.00,1.00
2010.02.18 18:05:31.236,1.9324,1.933,1.00,1.00
2010.02.18 18:05:39.720,1.93225,1.93295,1.00,1.00
2010.02.18 18:05:40.724,1.93225,1.93285,1.00,1.00
2010.02.18 18:05:43.054,1.93225,1.93295,1.00,1.00
2010.02.18 18:05:55.012,1.93225,1.93285,1.00,1.00
2010.02.18 18:05:56.562,1.93235,1.93325,1.00,1.00
2010.02.18 18:05:57.920,1.9322,1.9331,1.00,1.00
2010.02.18 18:06:01.003,1.9321,1.93305,1.00,1.00
2010.02.18 18:06:02.091,1.93205,1.9328,1.00,1.00
2010.02.18 18:06:02.409,1.93205,1.93275,1.00,1.00
2010.02.18 18:06:02.719,1.932,1.9327,1.00,1.00
2010.02.18 18:06:03.368,1.9319,1.93265,1.00,1.00
2010.02.18 18:06:03.891,1.93185,1.93255,1.00,1.00
2010.02.18 18:06:04.537,1.9319,1.9328,1.00,1.00
2010.02.18 18:06:04.712,1.93195,1.9329,1.00,1.00
2010.02.18 18:06:05.708,1.93205,1.93295,1.00,1.00
2010.02.18 18:06:07.107,1.93195,1.9329,1.00,1.00
2010.02.18 18:06:09.168,1.9318,1.93275,1.00,1.00
2010.02.18 18:06:09.978,1.93175,1.93265,1.00,1.00
2010.02.18 18:06:10.909,1.9319,1.9328,1.00,1.00
2010.02.18 18:06:11.584,1.93195,1.9329,1.00,1.00
2010.02.18 18:06:11.757,1.9319,1.93265,1.00,1.00
2010.02.18 18:06:12.642,1.93185,1.93255,1.00,1.00
2010.02.18 18:06:16.645,1.9319,1.93265,1.00,1.00
2010.02.18 18:06:17.605,1.932,1.9327,1.00,1.00
2010.02.18 18:06:20.166,1.93175,1.93255,1.00,1.00
2010.02.18 18:06:21.035,1.9318,1.93275,1.00,1.00
2010.02.18 18:06:24.004,1.9319,1.9328,1.00,1.00
2010.02.18 18:06:24.254,1.93195,1.9329,1.00,1.00
2010.02.18 18:06:26.914,1.9319,1.9328,1.00,1.00
2010.02.18 18:06:27.163,1.9318,1.93275,1.00,1.00
2010.02.18 18:06:29.729,1.9319,1.9328,1.00,1.00
2010.02.18 18:06:35.613,1.93175,1.93265,1.00,1.00
2010.02.18 18:06:36.921,1.9318,1.93275,1.00,1.00
2010.02.18 18:06:40.300,1.93175,1.93265,1.00,1.00
2010.02.18 18:06:40.634,1.9319,1.9328,1.00,1.00
2010.02.18 18:06:45.160,1.9318,1.93275,1.00,1.00
2010.02.18 18:07:11.512,1.9319,1.9328,1.00,1.00
2010.02.18 18:07:12.402,1.9318,1.93275,1.00,1.00
2010.02.18 18:07:31.957,1.93175,1.93265,1.00,1.00
2010.02.18 18:07:32.937,1.9318,1.93275,1.00,1.00
2010.02.18 18:07:39.605,1.93175,1.93265,1.00,1.00
2010.02.18 18:07:42.563,1.9318,1.93275,1.00,1.00
2010.02.18 18:07:45.534,1.93175,1.93265,1.00,1.00
2010.02.18 18:07:52.073,1.93165,1.9326,1.00,1.00
2010.02.18 18:07:56.054,1.9316,1.9325,1.00,1.00
2010.02.18 18:07:57.661,1.9315,1.93245,1.00,1.00
2010.02.18 18:07:58.711,1.93175,1.93265,1.00,1.00
2010.02.18 18:08:01.258,1.9319,1.93265,1.00,1.00
2010.02.18 18:08:03.653,1.93185,1.93255,1.00,1.00
2010.02.18 18:08:04.461,1.93175,1.9325,1.00,1.00
2010.02.18 18:08:05.859,1.9317,1.9324,1.00,1.00
2010.02.18 18:08:18.826,1.9316,1.93235,1.00,1.00
2010.02.18 18:08:23.816,1.9317,1.9324,1.00,1.00
2010.02.18 18:08:56.422,1.9316,1.93225,1.00,1.00
2010.02.18 18:09:02.896,1.93135,1.93195,1.00,1.00
2010.02.18 18:09:03.195,1.9316,1.93225,1.00,1.00
2010.02.18 18:09:08.255,1.9316,1.9325,1.00,1.00
2010.02.18 18:09:14.056,1.93145,1.93235,1.00,1.00
2010.02.18 18:09:16.752,1.9315,1.9324,1.00,1.00
2010.02.18 18:09:17.862,1.93205,1.93265,1.00,1.00
2010.02.18 18:09:19.234,1.9322,1.9328,1.00,1.00
2010.02.18 18:09:20.636,1.9321,1.93275,1.00,1.00
2010.02.18 18:09:22.181,1.9316,1.9325,1.00,1.00
2010.02.18 18:09:23.261,1.93165,1.9326,1.00,1.00
2010.02.18 18:09:24.530,1.93235,1.93305,1.00,1.00
2010.02.18 18:09:24.872,1.9318,1.9325,1.00,1.00
2010.02.18 18:09:25.550,1.9317,1.9324,1.00,1.00
2010.02.18 18:09:26.072,1.93175,1.9325,1.00,1.00
2010.02.18 18:09:26.231,1.9315,1.9325,1.00,1.00
2010.02.18 18:09:27.167,1.9321,1.93275,1.00,1.00
2010.02.18 18:09:30.299,1.93195,1.9326,1.00,1.00
2010.02.18 18:09:30.551,1.93175,1.9325,1.00,1.00
2010.02.18 18:09:32.529,1.9318,1.93275,1.00,1.00
2010.02.18 18:09:47.826,1.9319,1.9328,1.00,1.00
2010.02.18 18:09:49.242,1.9318,1.93275,1.00,1.00
2010.02.18 18:09:58.232,1.93175,1.93265,1.00,1.00
2010.02.18 18:10:00.411,1.932,1.9327,1.00,1.00
2010.02.18 18:10:04.781,1.9322,1.9328,1.00,1.00
2010.02.18 18:10:11.995,1.9321,1.93275,1.00,1.00
2010.02.18 18:10:18.267,1.93205,1.93265,1.00,1.00
2010.02.18 18:10:27.775,1.9321,1.93275,1.00,1.00
2010.02.18 18:10:28.595,1.93205,1.93265,1.00,1.00
2010.02.18 18:10:33.374,1.9321,1.93275,1.00,1.00
2010.02.18 18:10:34.743,1.93205,1.93265,1.00,1.00
2010.02.18 18:10:38.556,1.93195,1.9326,1.00,1.00
2010.02.18 18:10:40.231,1.93205,1.93265,1.00,1.00
2010.02.18 18:10:41.482,1.93195,1.9326,1.00,1.00
2010.02.18 18:10:42.082,1.9321,1.93275,1.00,1.00
2010.02.18 18:10:42.335,1.93225,1.9329,1.00,1.00
2010.02.18 18:10:45.662,1.9322,1.9328,1.00,1.00
2010.02.18 18:10:49.099,1.93225,1.9329,1.00,1.00
2010.02.18 18:10:49.440,1.9322,1.9328,1.00,1.00
2010.02.18 18:10:50.124,1.93225,1.9329,1.00,1.00
2010.02.18 18:10:50.309,1.93235,1.93295,1.00,1.00
2010.02.18 18:10:55.546,1.93235,1.93305,1.00,1.00
2010.02.18 18:10:57.148,1.9325,1.9331,1.00,1.00
2010.02.18 18:11:01.355,1.9326,1.93325,1.00,1.00
2010.02.18 18:11:04.046,1.9325,1.9332,1.00,1.00
2010.02.18 18:11:05.026,1.9325,1.9331,1.00,1.00
2010.02.18 18:11:15.370,1.9325,1.9332,1.00,1.00
2010.02.18 18:11:16.503,1.9326,1.93325,1.00,1.00
2010.02.18 18:11:21.424,1.9325,1.9331,1.00,1.00
2010.02.18 18:11:21.476,1.9325,1.9332,1.00,1.00
2010.02.18 18:11:22.794,1.9326,1.93325,1.00,1.00
2010.02.18 18:11:25.731,1.93275,1.93335,1.00,1.00
2010.02.18 18:11:31.995,1.93265,1.93335,1.00,1.00
2010.02.18 18:11:33.475,1.9326,1.93325,1.00,1.00
2010.02.18 18:11:35.881,1.93275,1.93335,1.00,1.00
2010.02.18 18:11:37.676,1.93265,1.93335,1.00,1.00
2010.02.18 18:11:38.360,1.93245,1.9332,1.00,1.00
2010.02.18 18:11:44.987,1.9324,1.9331,1.00,1.00
2010.02.18 18:12:01.574,1.93245,1.9332,1.00,1.00
2010.02.18 18:12:02.263,1.9324,1.9331,1.00,1.00
2010.02.18 18:12:10.170,1.93275,1.93335,1.00,1.00
2010.02.18 18:12:24.936,1.93265,1.9333,1.00,1.00
2010.02.18 18:12:25.227,1.9326,1.9332,1.00,1.00
2010.02.18 18:12:25.781,1.9325,1.9332,1.00,1.00
2010.02.18 18:12:26.896,1.9325,1.9331,1.00,1.00
2010.02.18 18:12:27.417,1.9325,1.9332,1.00,1.00
2010.02.18 18:12:29.297,1.93265,1.9333,1.00,1.00
2010.02.18 18:12:29.606,1.93275,1.93335,1.00,1.00
2010.02.18 18:12:31.621,1.93265,1.9333,1.00,1.00
2010.02.18 18:12:31.795,1.9326,1.9332,1.00,1.00
2010.02.18 18:12:35.228,1.93265,1.9333,1.00,1.00
2010.02.18 18:13:06.381,1.93275,1.93335,1.00,1.00
2010.02.18 18:13:24.093,1.9328,1.93345,1.00,1.00
2010.02.18 18:13:25.513,1.93275,1.93335,1.00,1.00
2010.02.18 18:13:26.702,1.9329,1.9335,1.00,1.00
2010.02.18 18:13:36.374,1.93275,1.93335,1.00,1.00
2010.02.18 18:13:37.164,1.9329,1.9335,1.00,1.00
2010.02.18 18:13:43.271,1.9329,1.9336,1.00,1.00
2010.02.18 18:13:47.022,1.93305,1.93365,1.00,1.00
2010.02.18 18:13:48.966,1.933,1.9336,1.00,1.00
2010.02.18 18:14:00.391,1.93305,1.9337,1.00,1.00
2010.02.18 18:14:00.586,1.933,1.93365,1.00,1.00
2010.02.18 18:14:01.273,1.9328,1.9335,1.00,1.00
2010.02.18 18:14:03.154,1.93275,1.93335,1.00,1.00
2010.02.18 18:14:10.392,1.9328,1.93345,1.00,1.00
2010.02.18 18:14:25.928,1.93285,1.93365,1.00,1.00
2010.02.18 18:14:58.226,1.93285,1.93355,1.00,1.00
2010.02.18 18:14:59.360,1.9327,1.9334,1.00,1.00
2010.02.18 18:15:02.815,1.9327,1.9335,1.00,1.00
2010.02.18 18:15:05.718,1.9327,1.9334,1.00,1.00
2010.02.18 18:15:06.450,1.93255,1.93325,1.00,1.00
2010.02.18 18:15:11.597,1.93245,1.9332,1.00,1.00
2010.02.18 18:15:36.271,1.93255,1.93325,1.00,1.00
2010.02.18 18:15:37.750,1.9326,1.93335,1.00,1.00
2010.02.18 18:15:43.860,1.93255,1.93325,1.00,1.00
2010.02.18 18:15:55.880,1.9326,1.93335,1.00,1.00
2010.02.18 18:15:56.497,1.93255,1.93325,1.00,1.00
2010.02.18 18:15:56.559,1.9326,1.93335,1.00,1.00
2010.02.18 18:15:57.896,1.9327,1.9334,1.00,1.00
2010.02.18 18:15:58.176,1.9326,1.9332,1.00,1.00
2010.02.18 18:16:01.906,1.93275,1.93335,1.00,1.00
2010.02.18 18:16:06.406,1.9328,1.93345,1.00,1.00
2010.02.18 18:16:06.773,1.93285,1.93365,1.00,1.00
2010.02.18 18:16:09.903,1.933,1.9337,1.00,1.00
2010.02.18 18:16:10.621,1.93285,1.93365,1.00,1.00
2010.02.18 18:16:10.747,1.9329,1.9335,1.00,1.00
2010.02.18 18:16:14.464,1.93295,1.9336,1.00,1.00
2010.02.18 18:16:21.091,1.933,1.9338,1.00,1.00
2010.02.18 18:16:34.477,1.9331,1.9338,1.00,1.00
2010.02.18 18:16:35.189,1.933,1.9338,1.00,1.00
2010.02.18 18:16:39.470,1.933,1.9337,1.00,1.00
2010.02.18 18:16:39.770,1.9327,1.9335,1.00,1.00
2010.02.18 18:16:40.359,1.9326,1.93335,1.00,1.00
2010.02.18 18:16:43.012,1.9327,1.9334,1.00,1.00
2010.02.18 18:16:44.844,1.9326,1.9333,1.00,1.00
2010.02.18 18:16:51.046,1.9327,1.9334,1.00,1.00
2010.02.18 18:16:55.561,1.9326,1.93335,1.00,1.00
2010.02.18 18:16:56.432,1.93255,1.93325,1.00,1.00
2010.02.18 18:16:56.601,1.93245,1.9332,1.00,1.00
2010.02.18 18:16:57.641,1.9324,1.9331,1.00,1.00
2010.02.18 18:17:04.979,1.9323,1.93305,1.00,1.00
2010.02.18 18:17:05.730,1.9324,1.9331,1.00,1.00
2010.02.18 18:17:10.409,1.93225,1.93295,1.00,1.00
2010.02.18 18:17:11.598,1.93215,1.9329,1.00,1.00
2010.02.18 18:17:17.460,1.93225,1.93295,1.00,1.00
2010.02.18 18:17:20.630,1.9324,1.9331,1.00,1.00
2010.02.18 18:17:20.906,1.9323,1.93305,1.00,1.00
2010.02.18 18:17:21.559,1.93225,1.93295,1.00,1.00
2010.02.18 18:17:23.896,1.9323,1.933,1.00,1.00
2010.02.18 18:18:13.726,1.9323,1.9331,1.00,1.00
2010.02.18 18:18:17.535,1.93245,1.9332,1.00,1.00
2010.02.18 18:18:18.442,1.93255,1.93325,1.00,1.00
2010.02.18 18:18:20.042,1.93245,1.9332,1.00,1.00
2010.02.18 18:18:20.617,1.93255,1.93325,1.00,1.00
2010.02.18 18:18:38.081,1.93245,1.9332,1.00,1.00
2010.02.18 18:18:44.525,1.93265,1.93335,1.00,1.00
2010.02.18 18:18:50.603,1.9326,1.93325,1.00,1.00
2010.02.18 18:18:54.314,1.9325,1.9331,1.00,1.00
2010.02.18 18:18:54.534,1.93235,1.93295,1.00,1.00
2010.02.18 18:19:00.981,1.93235,1.93305,1.00,1.00
2010.02.18 18:19:02.041,1.9325,1.9331,1.00,1.00
2010.02.18 18:19:07.959,1.9326,1.9332,1.00,1.00
2010.02.18 18:19:30.495,1.9325,1.9332,1.00,1.00
2010.02.18 18:19:31.985,1.93265,1.93335,1.00,1.00
2010.02.18 18:19:32.634,1.9325,1.9332,1.00,1.00
2010.02.18 18:19:34.583,1.9322,1.93295,1.00,1.00
2010.02.18 18:19:46.640,1.9324,1.93305,1.00,1.00
2010.02.18 18:19:47.830,1.9322,1.93295,1.00,1.00
2010.02.18 18:19:50.470,1.9323,1.933,1.00,1.00
2010.02.18 18:19:52.129,1.9325,1.9331,1.00,1.00
2010.02.18 18:19:54.168,1.93195,1.93255,1.00,1.00
2010.02.18 18:19:54.389,1.93235,1.93295,1.00,1.00
2010.02.18 18:19:54.989,1.9323,1.933,1.00,1.00
2010.02.18 18:20:06.915,1.9325,1.9331,1.00,1.00
2010.02.18 18:20:22.791,1.93195,1.93255,1.00,1.00
2010.02.18 18:20:23.081,1.93235,1.93295,1.00,1.00
2010.02.18 18:20:23.661,1.9323,1.933,1.00,1.00
2010.02.18 18:20:26.711,1.9323,1.9331,1.00,1.00
2010.02.18 18:20:30.099,1.9321,1.93305,1.00,1.00
2010.02.18 18:20:30.269,1.93185,1.933,1.00,1.00
2010.02.18 18:20:33.409,1.9321,1.93305,1.00,1.00
2010.02.18 18:20:33.669,1.93195,1.93265,1.00,1.00
2010.02.18 18:20:34.559,1.9318,1.93255,1.00,1.00
2010.02.18 18:20:35.238,1.93195,1.9326,1.00,1.00
2010.02.18 18:20:35.854,1.9319,1.9325,1.00,1.00
2010.02.18 18:20:38.521,1.93175,1.93235,1.00,1.00
2010.02.18 18:20:42.847,1.93195,1.93255,1.00,1.00
2010.02.18 18:20:44.287,1.93185,1.9325,1.00,1.00
2010.02.18 18:20:55.294,1.93195,1.93255,1.00,1.00
2010.02.18 18:20:57.003,1.93195,1.93265,1.00,1.00
2010.02.18 18:21:01.734,1.93195,1.93255,1.00,1.00
2010.02.18 18:21:01.872,1.93205,1.93265,1.00,1.00
2010.02.18 18:21:02.782,1.9321,1.9328,1.00,1.00
2010.02.18 18:21:04.092,1.9322,1.9328,1.00,1.00
2010.02.18 18:21:04.432,1.93225,1.93295,1.00,1.00
2010.02.18 18:21:05.097,1.9318,1.93255,1.00,1.00
2010.02.18 18:21:05.332,1.9316,1.93275,1.00,1.00
2010.02.18 18:21:05.597,1.93185,1.9328,1.00,1.00
2010.02.18 18:21:06.133,1.9316,1.93275,1.00,1.00
2010.02.18 18:21:19.368,1.9316,1.9328,1.00,1.00
2010.02.18 18:21:23.277,1.93185,1.9328,1.00,1.00
2010.02.18 18:21:23.617,1.9318,1.9326,1.00,1.00
2010.02.18 18:21:26.617,1.9319,1.9326,1.00,1.00
2010.02.18 18:21:47.883,1.9317,1.93265,1.00,1.00
2010.02.18 18:22:02.483,1.93165,1.93255,1.00,1.00
2010.02.18 18:22:02.564,1.9319,1.9326,1.00,1.00
2010.02.18 18:22:03.244,1.93195,1.93285,1.00,1.00
2010.02.18 18:22:08.716,1.93185,1.9328,1.00,1.00
2010.02.18 18:22:11.524,1.9318,1.9327,1.00,1.00
2010.02.18 18:22:27.002,1.93185,1.9328,1.00,1.00
2010.02.18 18:22:27.625,1.93195,1.93295,1.00,1.00
2010.02.18 18:22:28.524,1.93195,1.9327,1.00,1.00
2010.02.18 18:22:28.841,1.9319,1.9326,1.00,1.00
2010.02.18 18:22:29.181,1.93195,1.9327,1.00,1.00
2010.02.18 18:22:30.091,1.9324,1.933,1.00,1.00
2010.02.18 18:22:31.146,1.93195,1.93285,1.00,1.00
2010.02.18 18:22:31.733,1.9318,1.9327,1.00,1.00
2010.02.18 18:22:33.111,1.93185,1.93285,1.00,1.00
2010.02.18 18:22:33.410,1.93195,1.93285,1.00,1.00
2010.02.18 18:22:34.031,1.932,1.9329,1.00,1.00
2010.02.18 18:22:35.356,1.93205,1.933,1.00,1.00
2010.02.18 18:22:35.571,1.932,1.9329,1.00,1.00
2010.02.18 18:22:35.781,1.932,1.93275,1.00,1.00
2010.02.18 18:22:36.367,1.93195,1.93265,1.00,1.00
2010.02.18 18:22:37.398,1.932,1.93275,1.00,1.00
2010.02.18 18:22:38.907,1.9321,1.9328,1.00,1.00
2010.02.18 18:22:39.589,1.9321,1.933,1.00,1.00
2010.02.18 18:22:45.702,1.93225,1.93305,1.00,1.00
2010.02.18 18:22:46.363,1.93235,1.93305,1.00,1.00
2010.02.18 18:22:46.596,1.93225,1.93305,1.00,1.00
2010.02.18 18:22:47.322,1.9323,1.93325,1.00,1.00
2010.02.18 18:22:47.607,1.9321,1.933,1.00,1.00
2010.02.18 18:22:48.600,1.93215,1.93325,1.00,1.00
2010.02.18 18:22:51.362,1.93205,1.9332,1.00,1.00
2010.02.18 18:22:51.536,1.93225,1.93315,1.00,1.00
2010.02.18 18:22:53.823,1.9324,1.9333,1.00,1.00
2010.02.18 18:22:56.048,1.93235,1.93305,1.00,1.00
2010.02.18 18:22:57.364,1.9324,1.9333,1.00,1.00
2010.02.18 18:23:00.144,1.93255,1.93345,1.00,1.00
2010.02.18 18:23:02.967,1.93255,1.9333,1.00,1.00
2010.02.18 18:23:03.646,1.93265,1.93335,1.00,1.00
2010.02.18 18:23:03.965,1.93255,1.9333,1.00,1.00
2010.02.18 18:23:04.303,1.93265,1.93335,1.00,1.00
2010.02.18 18:23:05.173,1.9327,1.93345,1.00,1.00
2010.02.18 18:23:06.026,1.9328,1.9335,1.00,1.00
2010.02.18 18:23:06.502,1.9327,1.93345,1.00,1.00
2010.02.18 18:23:07.323,1.93265,1.93355,1.00,1.00
2010.02.18 18:23:08.070,1.9326,1.93355,1.00,1.00
2010.02.18 18:23:10.552,1.93255,1.9334,1.00,1.00
2010.02.18 18:23:12.487,1.93245,1.9334,1.00,1.00
2010.02.18 18:23:12.660,1.9324,1.9333,1.00,1.00
2010.02.18 18:23:13.523,1.93255,1.9334,1.00,1.00
2010.02.18 18:23:14.252,1.9325,1.9332,1.00,1.00
2010.02.18 18:23:16.062,1.93265,1.93335,1.00,1.00
2010.02.18 18:23:26.398,1.9325,1.9332,1.00,1.00
2010.02.18 18:23:26.610,1.9324,1.93315,1.00,1.00
2010.02.18 18:23:45.513,1.93235,1.93315,1.00,1.00
2010.02.18 18:23:58.410,1.93245,1.93315,1.00,1.00
2010.02.18 18:23:59.719,1.9325,1.9332,1.00,1.00
2010.02.18 18:24:01.431,1.9324,1.93315,1.00,1.00
2010.02.18 18:24:03.338,1.93255,1.93325,1.00,1.00
2010.02.18 18:24:04.719,1.9325,1.9331,1.00,1.00
2010.02.18 18:24:07.060,1.9326,1.9333,1.00,1.00
2010.02.18 18:24:09.888,1.93265,1.93335,1.00,1.00
2010.02.18 18:24:15.185,1.93255,1.93315,1.00,1.00
2010.02.18 18:24:19.314,1.9326,1.93325,1.00,1.00
2010.02.18 18:24:19.940,1.9327,1.93345,1.00,1.00
2010.02.18 18:24:20.894,1.93265,1.93335,1.00,1.00
2010.02.18 18:24:21.714,1.9326,1.93325,1.00,1.00
2010.02.18 18:24:23.204,1.93255,1.93315,1.00,1.00
2010.02.18 18:24:27.973,1.93245,1.9331,1.00,1.00
2010.02.18 18:24:28.753,1.93255,1.9333,1.00,1.00
2010.02.18 18:24:29.831,1.9324,1.93315,1.00,1.00
2010.02.18 18:24:32.783,1.9325,1.9332,1.00,1.00
2010.02.18 18:24:33.517,1.93255,1.9333,1.00,1.00
2010.02.18 18:24:33.769,1.9326,1.93325,1.00,1.00
2010.02.18 18:24:35.260,1.9327,1.9333,1.00,1.00
2010.02.18 18:24:36.281,1.9325,1.9332,1.00,1.00
2010.02.18 18:24:37.760,1.9324,1.9332,1.00,1.00
2010.02.18 18:24:38.060,1.93245,1.9334,1.00,1.00
2010.02.18 18:24:40.430,1.9327,1.93345,1.00,1.00
2010.02.18 18:24:47.656,1.93265,1.93335,1.00,1.00
2010.02.18 18:24:48.034,1.9327,1.93345,1.00,1.00
2010.02.18 18:24:54.298,1.93265,1.93335,1.00,1.00
2010.02.18 18:25:03.399,1.9325,1.9332,1.00,1.00
2010.02.18 18:25:06.924,1.93255,1.9333,1.00,1.00
2010.02.18 18:25:17.016,1.93265,1.93335,1.00,1.00
2010.02.18 18:25:20.120,1.9328,1.9335,1.00,1.00
2010.02.18 18:25:21.370,1.9327,1.93345,1.00,1.00
2010.02.18 18:25:50.387,1.9326,1.93325,1.00,1.00
2010.02.18 18:26:06.959,1.93255,1.93315,1.00,1.00
2010.02.18 18:26:24.608,1.9322,1.9329,1.00,1.00
2010.02.18 18:26:24.875,1.93225,1.93315,1.00,1.00
2010.02.18 18:26:27.152,1.93215,1.9331,1.00,1.00
2010.02.18 18:26:34.826,1.93225,1.93315,1.00,1.00
2010.02.18 18:26:38.371,1.9323,1.93325,1.00,1.00
2010.02.18 18:26:38.512,1.9321,1.933,1.00,1.00
2010.02.18 18:26:44.140,1.93235,1.93305,1.00,1.00
2010.02.18 18:26:46.895,1.9324,1.93315,1.00,1.00
2010.02.18 18:26:48.686,1.93265,1.93345,1.00,1.00
2010.02.18 18:26:51.458,1.93275,1.93345,1.00,1.00
2010.02.18 18:27:03.192,1.9327,1.9333,1.00,1.00
2010.02.18 18:27:07.917,1.9325,1.9332,1.00,1.00
2010.02.18 18:27:17.502,1.93235,1.93305,1.00,1.00
2010.02.18 18:27:26.167,1.9324,1.9331,1.00,1.00
2010.02.18 18:27:26.344,1.93225,1.933,1.00,1.00
2010.02.18 18:27:27.112,1.9323,1.93325,1.00,1.00
2010.02.18 18:27:34.473,1.93225,1.933,1.00,1.00
2010.02.18 18:27:35.547,1.9322,1.9329,1.00,1.00
2010.02.18 18:27:44.343,1.93225,1.933,1.00,1.00
2010.02.18 18:27:47.825,1.93235,1.93305,1.00,1.00
2010.02.18 18:27:50.123,1.9324,1.93315,1.00,1.00
2010.02.18 18:27:53.074,1.9325,1.9332,1.00,1.00
2010.02.18 18:28:04.550,1.9324,1.93315,1.00,1.00
2010.02.18 18:28:06.751,1.9325,1.9332,1.00,1.00
2010.02.18 18:28:19.077,1.9324,1.93315,1.00,1.00
2010.02.18 18:28:26.749,1.93245,1.9334,1.00,1.00
2010.02.18 18:28:33.034,1.93255,1.9334,1.00,1.00
2010.02.18 18:28:35.514,1.9325,1.9332,1.00,1.00
2010.02.18 18:28:35.794,1.9324,1.93315,1.00,1.00
2010.02.18 18:28:36.593,1.93245,1.9334,1.00,1.00
2010.02.18 18:28:38.752,1.93255,1.9334,1.00,1.00
2010.02.18 18:28:53.275,1.93245,1.9334,1.00,1.00
2010.02.18 18:29:04.448,1.9324,1.9333,1.00,1.00
2010.02.18 18:29:11.247,1.9325,1.9332,1.00,1.00
2010.02.18 18:29:16.043,1.93255,1.9333,1.00,1.00
2010.02.18 18:29:16.275,1.93265,1.93335,1.00,1.00
2010.02.18 18:29:19.364,1.9327,1.93345,1.00,1.00
2010.02.18 18:29:25.502,1.93265,1.93335,1.00,1.00
2010.02.18 18:29:33.060,1.9325,1.9332,1.00,1.00
2010.02.18 18:29:39.168,1.9324,1.9332,1.00,1.00
2010.02.18 18:29:45.828,1.93235,1.93305,1.00,1.00
2010.02.18 18:29:51.445,1.93225,1.93305,1.00,1.00
2010.02.18 18:29:51.566,1.9323,1.93325,1.00,1.00
2010.02.18 18:29:55.486,1.9324,1.9333,1.00,1.00
2010.02.18 18:29:58.766,1.9322,1.93335,1.00,1.00
2010.02.18 18:30:02.884,1.93215,1.9331,1.00,1.00
2010.02.18 18:30:12.631,1.93225,1.93315,1.00,1.00
2010.02.18 18:30:13.751,1.9323,1.93325,1.00,1.00
2010.02.18 18:30:14.064,1.93215,1.9331,1.00,1.00
2010.02.18 18:30:17.103,1.93225,1.93315,1.00,1.00
2010.02.18 18:30:19.569,1.9323,1.93325,1.00,1.00
2010.02.18 18:30:26.937,1.9324,1.9333,1.00,1.00
2010.02.18 18:30:33.026,1.93245,1.9334,1.00,1.00
2010.02.18 18:30:33.775,1.93255,1.9334,1.00,1.00
2010.02.18 18:30:34.244,1.93245,1.9334,1.00,1.00
2010.02.18 18:30:35.174,1.93255,1.9334,1.00,1.00
2010.02.18 18:30:35.514,1.93245,1.9334,1.00,1.00
2010.02.18 18:30:45.383,1.9323,1.93335,1.00,1.00
2010.02.18 18:30:46.292,1.9323,1.93325,1.00,1.00
2010.02.18 18:30:50.718,1.9324,1.9333,1.00,1.00
2010.02.18 18:30:51.021,1.9326,1.93355,1.00,1.00
2010.02.18 18:30:53.050,1.93255,1.9334,1.00,1.00
2010.02.18 18:30:58.551,1.93245,1.9334,1.00,1.00
2010.02.18 18:30:59.029,1.93255,1.9334,1.00,1.00
2010.02.18 18:30:59.655,1.9324,1.9333,1.00,1.00
2010.02.18 18:30:59.994,1.93255,1.9334,1.00,1.00
2010.02.18 18:31:01.159,1.9326,1.93355,1.00,1.00
2010.02.18 18:31:02.969,1.93265,1.93355,1.00,1.00
2010.02.18 18:31:03.698,1.9327,1.9337,1.00,1.00
2010.02.18 18:31:04.677,1.9327,1.93365,1.00,1.00
2010.02.18 18:31:10.437,1.9329,1.9336,1.00,1.00
2010.02.18 18:31:11.198,1.93295,1.93365,1.00,1.00
2010.02.18 18:31:11.531,1.93295,1.9336,1.00,1.00
2010.02.18 18:31:13.152,1.9331,1.9337,1.00,1.00
2010.02.18 18:31:14.053,1.93315,1.93385,1.00,1.00
2010.02.18 18:31:14.236,1.9332,1.93385,1.00,1.00
2010.02.18 18:31:15.435,1.93335,1.93395,1.00,1.00
2010.02.18 18:31:16.425,1.9335,1.9341,1.00,1.00
2010.02.18 18:31:17.233,1.93355,1.93425,1.00,1.00
2010.02.18 18:31:17.375,1.93355,1.9342,1.00,1.00
2010.02.18 18:31:17.526,1.9335,1.9342,1.00,1.00
2010.02.18 18:31:18.205,1.9335,1.9342,1.00,1.00
2010.02.18 18:31:18.355,1.93345,1.93415,1.00,1.00
2010.02.18 18:31:19.189,1.9335,1.9342,1.00,1.00
2010.02.18 18:31:19.514,1.9333,1.934,1.00,1.00
2010.02.18 18:31:20.700,1.93335,1.93405,1.00,1.00
2010.02.18 18:31:21.306,1.93345,1.93415,1.00,1.00
2010.02.18 18:31:21.933,1.93335,1.93405,1.00,1.00
2010.02.18 18:31:22.871,1.93345,1.93415,1.00,1.00
2010.02.18 18:31:23.601,1.9335,1.9342,1.00,1.00
2010.02.18 18:31:25.193,1.93355,1.9343,1.00,1.00
2010.02.18 18:31:25.532,1.9335,1.9342,1.00,1.00
2010.02.18 18:31:26.414,1.93345,1.93415,1.00,1.00
2010.02.18 18:31:26.723,1.93345,1.93415,1.00,1.00
2010.02.18 18:31:27.473,1.93345,1.93415,1.00,1.00
2010.02.18 18:31:28.972,1.9333,1.934,1.00,1.00
2010.02.18 18:31:29.997,1.93345,1.93415,1.00,1.00
2010.02.18 18:31:30.645,1.93315,1.93395,1.00,1.00
2010.02.18 18:31:30.981,1.93295,1.93395,1.00,1.00
2010.02.18 18:31:31.608,1.93305,1.93405,1.00,1.00
2010.02.18 18:31:33.522,1.9331,1.9341,1.00,1.00
2010.02.18 18:31:35.564,1.93285,1.93405,1.00,1.00
2010.02.18 18:31:35.811,1.9328,1.93395,1.00,1.00
2010.02.18 18:31:38.201,1.933,1.934,1.00,1.00
2010.02.18 18:31:38.380,1.9327,1.9339,1.00,1.00
2010.02.18 18:31:38.560,1.9328,1.93395,1.00,1.00
2010.02.18 18:31:39.419,1.9329,1.9339,1.00,1.00
2010.02.18 18:31:39.689,1.9328,1.9338,1.00,1.00
2010.02.18 18:31:40.868,1.9329,1.9339,1.00,1.00
2010.02.18 18:31:42.378,1.9328,1.9338,1.00,1.00
2010.02.18 18:31:42.997,1.9329,1.9339,1.00,1.00
2010.02.18 18:31:44.838,1.9328,1.9338,1.00,1.00
2010.02.18 18:31:45.617,1.9329,1.9339,1.00,1.00
2010.02.18 18:31:45.950,1.9331,1.9341,1.00,1.00
2010.02.18 18:31:47.177,1.9332,1.934,1.00,1.00
2010.02.18 18:31:47.832,1.93325,1.93405,1.00,1.00
2010.02.18 18:31:49.088,1.933,1.934,1.00,1.00
2010.02.18 18:31:49.947,1.9331,1.93405,1.00,1.00
2010.02.18 18:31:50.616,1.93315,1.93415,1.00,1.00
2010.02.18 18:31:50.946,1.9334,1.9344,1.00,1.00
2010.02.18 18:31:51.562,1.9332,1.93435,1.00,1.00
2010.02.18 18:31:51.887,1.9332,1.9342,1.00,1.00
2010.02.18 18:31:52.886,1.93335,1.93435,1.00,1.00
2010.02.18 18:31:54.905,1.9334,1.9344,1.00,1.00
2010.02.18 18:31:57.055,1.93355,1.93455,1.00,1.00
2010.02.18 18:31:57.305,1.9335,1.9345,1.00,1.00
2010.02.18 18:31:58.124,1.93355,1.93455,1.00,1.00
2010.02.18 18:31:59.005,1.93365,1.9346,1.00,1.00
2010.02.18 18:31:59.314,1.93355,1.93475,1.00,1.00
2010.02.18 18:31:59.989,1.9335,1.9347,1.00,1.00
2010.02.18 18:32:00.324,1.93335,1.93455,1.00,1.00
2010.02.18 18:32:00.664,1.93345,1.93445,1.00,1.00
2010.02.18 18:32:01.231,1.9335,1.9345,1.00,1.00
2010.02.18 18:32:01.565,1.93345,1.93445,1.00,1.00
2010.02.18 18:32:03.305,1.9332,1.9344,1.00,1.00
2010.02.18 18:32:03.688,1.93315,1.93435,1.00,1.00
2010.02.18 18:32:05.033,1.9331,1.9341,1.00,1.00
2010.02.18 18:32:09.752,1.93325,1.93405,1.00,1.00
2010.02.18 18:32:10.741,1.93315,1.93395,1.00,1.00
2010.02.18 18:32:11.082,1.93315,1.93415,1.00,1.00
2010.02.18 18:32:11.931,1.9331,1.9341,1.00,1.00
2010.02.18 18:32:12.872,1.93325,1.93405,1.00,1.00
2010.02.18 18:32:13.761,1.93295,1.93395,1.00,1.00
2010.02.18 18:32:14.100,1.93305,1.93405,1.00,1.00
2010.02.18 18:32:15.000,1.9331,1.9341,1.00,1.00
2010.02.18 18:32:19.602,1.9329,1.93405,1.00,1.00
2010.02.18 18:32:20.349,1.93285,1.93385,1.00,1.00
2010.02.18 18:32:20.509,1.93285,1.9338,1.00,1.00
2010.02.18 18:32:23.330,1.9327,1.93385,1.00,1.00
2010.02.18 18:32:24.043,1.93285,1.93365,1.00,1.00
2010.02.18 18:32:25.268,1.93265,1.9336,1.00,1.00
2010.02.18 18:32:26.467,1.9327,1.9337,1.00,1.00
2010.02.18 18:32:34.536,1.9326,1.93355,1.00,1.00
2010.02.18 18:32:40.140,1.9325,1.93345,1.00,1.00
2010.02.18 18:32:40.476,1.9326,1.93375,1.00,1.00
2010.02.18 18:32:43.234,1.9325,1.93365,1.00,1.00
2010.02.18 18:32:45.493,1.9326,1.93355,1.00,1.00
2010.02.18 18:32:47.033,1.9327,1.93365,1.00,1.00
2010.02.18 18:32:47.342,1.9326,1.93355,1.00,1.00
2010.02.18 18:32:48.151,1.9327,1.93365,1.00,1.00
2010.02.18 18:32:49.922,1.93285,1.9338,1.00,1.00
2010.02.18 18:32:50.212,1.93275,1.9337,1.00,1.00
2010.02.18 18:32:51.982,1.93285,1.9338,1.00,1.00
2010.02.18 18:32:52.272,1.9329,1.93385,1.00,1.00
2010.02.18 18:32:53.583,1.93305,1.934,1.00,1.00
2010.02.18 18:32:54.351,1.933,1.93375,1.00,1.00
2010.02.18 18:32:54.481,1.93275,1.9337,1.00,1.00
2010.02.18 18:32:57.240,1.9329,1.93385,1.00,1.00
2010.02.18 18:32:58.630,1.933,1.93395,1.00,1.00
2010.02.18 18:32:59.511,1.933,1.93375,1.00,1.00
2010.02.18 18:32:59.751,1.9327,1.93365,1.00,1.00
2010.02.18 18:33:00.769,1.93275,1.93375,1.00,1.00
2010.02.18 18:33:01.729,1.93275,1.9335,1.00,1.00
2010.02.18 18:33:05.205,1.9327,1.9334,1.00,1.00
2010.02.18 18:33:06.998,1.9326,1.93335,1.00,1.00
2010.02.18 18:33:07.738,1.93255,1.9333,1.00,1.00
2010.02.18 18:33:08.598,1.93245,1.9332,1.00,1.00
2010.02.18 18:33:11.357,1.93285,1.9335,1.00,1.00
2010.02.18 18:33:12.113,1.93285,1.9336,1.00,1.00
2010.02.18 18:33:12.388,1.93325,1.9342,1.00,1.00
2010.02.18 18:33:13.033,1.9333,1.93425,1.00,1.00
2010.02.18 18:33:13.217,1.93315,1.93385,1.00,1.00
2010.02.18 18:33:13.894,1.93325,1.93405,1.00,1.00
2010.02.18 18:33:15.404,1.93335,1.9341,1.00,1.00
2010.02.18 18:33:17.385,1.9334,1.9342,1.00,1.00
2010.02.18 18:33:20.815,1.93365,1.9344,1.00,1.00
2010.02.18 18:33:21.534,1.9337,1.93445,1.00,1.00
2010.02.18 18:33:22.644,1.9335,1.93425,1.00,1.00
2010.02.18 18:33:28.573,1.93365,1.9344,1.00,1.00
2010.02.18 18:33:29.251,1.9337,1.9346,1.00,1.00
2010.02.18 18:33:29.423,1.93365,1.9344,1.00,1.00
2010.02.18 18:33:31.022,1.9337,1.93445,1.00,1.00
2010.02.18 18:33:31.702,1.934,1.9347,1.00,1.00
2010.02.18 18:33:32.582,1.9341,1.93475,1.00,1.00
2010.02.18 18:33:33.781,1.93425,1.9349,1.00,1.00
2010.02.18 18:33:35.191,1.9341,1.93475,1.00,1.00
2010.02.18 18:33:36.277,1.93425,1.9349,1.00,1.00
2010.02.18 18:33:37.154,1.9344,1.93505,1.00,1.00
2010.02.18 18:33:37.331,1.9341,1.93475,1.00,1.00
2010.02.18 18:33:38.247,1.9337,1.93465,1.00,1.00
2010.02.18 18:33:39.770,1.93385,1.9348,1.00,1.00
2010.02.18 18:33:40.880,1.9338,1.93455,1.00,1.00
2010.02.18 18:33:42.043,1.93385,1.93465,1.00,1.00
2010.02.18 18:33:42.372,1.93365,1.9344,1.00,1.00
2010.02.18 18:33:42.943,1.93345,1.93435,1.00,1.00
2010.02.18 18:33:43.159,1.9341,1.93475,1.00,1.00
2010.02.18 18:33:43.439,1.93425,1.9349,1.00,1.00
2010.02.18 18:33:43.719,1.9343,1.93495,1.00,1.00
2010.02.18 18:33:45.818,1.9342,1.93485,1.00,1.00
2010.02.18 18:33:46.158,1.93415,1.9348,1.00,1.00
2010.02.18 18:33:47.408,1.934,1.93465,1.00,1.00
2010.02.18 18:33:48.249,1.93405,1.9347,1.00,1.00
2010.02.18 18:33:49.008,1.934,1.93465,1.00,1.00
2010.02.18 18:33:50.001,1.93415,1.9348,1.00,1.00
2010.02.18 18:33:50.339,1.93405,1.9347,1.00,1.00
2010.02.18 18:33:51.172,1.934,1.9347,1.00,1.00
2010.02.18 18:33:51.477,1.9341,1.93475,1.00,1.00
2010.02.18 18:33:52.746,1.93395,1.9346,1.00,1.00
2010.02.18 18:33:59.393,1.93415,1.93485,1.00,1.00
2010.02.18 18:34:04.344,1.9341,1.93475,1.00,1.00
2010.02.18 18:34:06.514,1.934,1.9347,1.00,1.00
2010.02.18 18:34:07.648,1.9341,1.93475,1.00,1.00
2010.02.18 18:34:07.907,1.934,1.9347,1.00,1.00
2010.02.18 18:34:08.653,1.9341,1.93475,1.00,1.00
2010.02.18 18:34:09.973,1.934,1.9347,1.00,1.00
2010.02.18 18:34:11.403,1.934,1.93465,1.00,1.00
2010.02.18 18:34:12.462,1.93405,1.9347,1.00,1.00
2010.02.18 18:34:14.852,1.9341,1.9348,1.00,1.00
2010.02.18 18:34:15.681,1.93405,1.9347,1.00,1.00
2010.02.18 18:34:18.246,1.93395,1.93465,1.00,1.00
2010.02.18 18:34:18.411,1.93395,1.93455,1.00,1.00
2010.02.18 18:34:28.938,1.9339,1.93455,1.00,1.00
2010.02.18 18:34:31.102,1.93395,1.93455,1.00,1.00
2010.02.18 18:34:43.725,1.93385,1.9345,1.00,1.00
2010.02.18 18:34:43.885,1.9334,1.93415,1.00,1.00
2010.02.18 18:34:44.594,1.9334,1.9343,1.00,1.00
2010.02.18 18:34:49.693,1.93335,1.9341,1.00,1.00
2010.02.18 18:34:52.923,1.9334,1.93415,1.00,1.00
2010.02.18 18:34:54.232,1.9337,1.93435,1.00,1.00
2010.02.18 18:34:55.851,1.9337,1.9344,1.00,1.00
2010.02.18 18:35:08.838,1.9334,1.9342,1.00,1.00
2010.02.18 18:35:09.280,1.93345,1.9344,1.00,1.00
2010.02.18 18:35:12.728,1.93415,1.9348,1.00,1.00
2010.02.18 18:35:12.928,1.93385,1.93455,1.00,1.00
2010.02.18 18:35:13.127,1.9337,1.93445,1.00,1.00
2010.02.18 18:35:13.327,1.9338,1.9345,1.00,1.00
2010.02.18 18:35:13.727,1.9337,1.93445,1.00,1.00
2010.02.18 18:35:14.567,1.9334,1.9342,1.00,1.00
2010.02.18 18:35:22.645,1.9335,1.93425,1.00,1.00
2010.02.18 18:35:27.054,1.93335,1.9341,1.00,1.00
2010.02.18 18:35:29.670,1.9334,1.9342,1.00,1.00
2010.02.18 18:35:30.453,1.93335,1.9341,1.00,1.00
2010.02.18 18:35:31.523,1.9333,1.934,1.00,1.00
2010.02.18 18:35:31.864,1.9334,1.93415,1.00,1.00
2010.02.18 18:35:32.583,1.9335,1.93425,1.00,1.00
2010.02.18 18:35:33.547,1.93335,1.9341,1.00,1.00
2010.02.18 18:35:34.433,1.9334,1.93415,1.00,1.00
2010.02.18 18:35:34.773,1.93335,1.9341,1.00,1.00
2010.02.18 18:35:37.662,1.9332,1.93395,1.00,1.00
2010.02.18 18:35:38.449,1.9331,1.9339,1.00,1.00
2010.02.18 18:35:38.511,1.9332,1.93395,1.00,1.00
2010.02.18 18:35:39.961,1.93335,1.9341,1.00,1.00
2010.02.18 18:35:41.245,1.93325,1.93405,1.00,1.00
2010.02.18 18:35:41.412,1.9332,1.93395,1.00,1.00
2010.02.18 18:35:42.751,1.93325,1.93405,1.00,1.00
2010.02.18 18:35:43.889,1.9334,1.93415,1.00,1.00
2010.02.18 18:35:43.972,1.93315,1.93415,1.00,1.00
2010.02.18 18:35:47.159,1.9331,1.93405,1.00,1.00
2010.02.18 18:35:48.080,1.93305,1.934,1.00,1.00
2010.02.18 18:35:49.409,1.9332,1.93395,1.00,1.00
2010.02.18 18:35:49.748,1.93325,1.93405,1.00,1.00
2010.02.18 18:35:51.208,1.9332,1.93395,1.00,1.00
2010.02.18 18:35:52.158,1.93335,1.9341,1.00,1.00
2010.02.18 18:35:55.344,1.93325,1.93405,1.00,1.00
2010.02.18 18:35:56.849,1.9332,1.93395,1.00,1.00
2010.02.18 18:36:03.325,1.93305,1.9338,1.00,1.00
2010.02.18 18:36:11.434,1.9331,1.9339,1.00,1.00
2010.02.18 18:36:14.352,1.9333,1.93395,1.00,1.00
2010.02.18 18:36:15.580,1.9334,1.93405,1.00,1.00
2010.02.18 18:36:17.229,1.93345,1.9341,1.00,1.00
2010.02.18 18:36:17.502,1.93355,1.93415,1.00,1.00
2010.02.18 18:36:20.751,1.9334,1.93405,1.00,1.00
2010.02.18 18:36:24.275,1.93325,1.9339,1.00,1.00
2010.02.18 18:36:24.960,1.9333,1.93395,1.00,1.00
2010.02.18 18:36:25.303,1.93325,1.9339,1.00,1.00
2010.02.18 18:36:32.408,1.93315,1.9338,1.00,1.00
2010.02.18 18:36:35.215,1.9331,1.93375,1.00,1.00
2010.02.18 18:36:36.686,1.93325,1.9339,1.00,1.00
2010.02.18 18:36:37.000,1.9333,1.93395,1.00,1.00
2010.02.18 18:36:37.669,1.9333,1.934,1.00,1.00
2010.02.18 18:36:37.867,1.9334,1.93405,1.00,1.00
2010.02.18 18:36:38.781,1.93345,1.9341,1.00,1.00
2010.02.18 18:36:39.847,1.93355,1.9343,1.00,1.00
2010.02.18 18:36:40.526,1.93365,1.9344,1.00,1.00
2010.02.18 18:36:41.094,1.93355,1.9343,1.00,1.00
2010.02.18 18:36:42.456,1.9334,1.9342,1.00,1.00
2010.02.18 18:36:46.295,1.9333,1.934,1.00,1.00
2010.02.18 18:36:47.444,1.9334,1.93405,1.00,1.00
2010.02.18 18:36:50.104,1.93345,1.9341,1.00,1.00
2010.02.18 18:36:52.368,1.93355,1.9342,1.00,1.00
2010.02.18 18:36:52.864,1.9337,1.93435,1.00,1.00
2010.02.18 18:36:53.646,1.9336,1.93425,1.00,1.00
2010.02.18 18:36:55.224,1.93355,1.9342,1.00,1.00
2010.02.18 18:37:03.981,1.93345,1.9341,1.00,1.00
2010.02.18 18:37:07.330,1.93355,1.9343,1.00,1.00
2010.02.18 18:37:17.245,1.9335,1.93425,1.00,1.00
2010.02.18 18:37:18.308,1.9334,1.9342,1.00,1.00
2010.02.18 18:37:19.158,1.9335,1.93425,1.00,1.00
2010.02.18 18:37:19.467,1.93335,1.9341,1.00,1.00
2010.02.18 18:37:32.146,1.93325,1.93405,1.00,1.00
2010.02.18 18:37:38.032,1.93335,1.9341,1.00,1.00
2010.02.18 18:37:46.200,1.93325,1.93405,1.00,1.00
2010.02.18 18:37:47.741,1.93335,1.9341,1.00,1.00
2010.02.18 18:37:47.940,1.93325,1.93405,1.00,1.00
2010.02.18 18:37:57.628,1.93335,1.9341,1.00,1.00
2010.02.18 18:38:13.274,1.93345,1.9341,1.00,1.00
2010.02.18 18:38:17.753,1.9334,1.93405,1.00,1.00
2010.02.18 18:38:21.335,1.93345,1.9341,1.00,1.00
2010.02.18 18:38:24.411,1.9334,1.93405,1.00,1.00
2010.02.18 18:38:26.844,1.93325,1.9339,1.00,1.00
2010.02.18 18:38:28.253,1.9334,1.93405,1.00,1.00
2010.02.18 18:38:28.592,1.9333,1.93395,1.00,1.00
2010.02.18 18:38:29.724,1.9334,1.93405,1.00,1.00
2010.02.18 18:38:32.642,1.9333,1.93395,1.00,1.00
2010.02.18 18:38:35.808,1.9334,1.93405,1.00,1.00
2010.02.18 18:38:42.217,1.9333,1.93395,1.00,1.00
2010.02.18 18:38:42.462,1.93325,1.9339,1.00,1.00
2010.02.18 18:38:46.216,1.9337,1.9344,1.00,1.00
2010.02.18 18:38:46.526,1.93345,1.9341,1.00,1.00
2010.02.18 18:38:47.288,1.93325,1.93405,1.00,1.00
2010.02.18 18:38:49.085,1.93335,1.9341,1.00,1.00
2010.02.18 18:38:52.854,1.9335,1.93415,1.00,1.00
2010.02.18 18:38:54.253,1.9334,1.934,1.00,1.00
2010.02.18 18:38:54.764,1.93345,1.9341,1.00,1.00
2010.02.18 18:38:55.344,1.9334,1.934,1.00,1.00
2010.02.18 18:38:58.594,1.93345,1.9341,1.00,1.00
2010.02.18 18:38:59.812,1.93315,1.93395,1.00,1.00
2010.02.18 18:39:00.697,1.9333,1.93395,1.00,1.00
2010.02.18 18:39:01.291,1.93335,1.934,1.00,1.00
2010.02.18 18:39:01.583,1.9334,1.9344,1.00,1.00
2010.02.18 18:39:02.812,1.9335,1.93445,1.00,1.00
2010.02.18 18:39:04.702,1.9334,1.9344,1.00,1.00
2010.02.18 18:39:06.211,1.9335,1.93445,1.00,1.00
2010.02.18 18:39:12.981,1.93335,1.9343,1.00,1.00
2010.02.18 18:39:13.896,1.9334,1.9344,1.00,1.00
2010.02.18 18:39:16.697,1.9335,1.93445,1.00,1.00
2010.02.18 18:39:33.156,1.93355,1.93455,1.00,1.00
2010.02.18 18:39:33.743,1.93365,1.9346,1.00,1.00
2010.02.18 18:39:33.887,1.9334,1.93455,1.00,1.00
2010.02.18 18:39:34.565,1.93345,1.93465,1.00,1.00
2010.02.18 18:39:36.024,1.9337,1.93465,1.00,1.00
2010.02.18 18:39:37.074,1.9338,1.93475,1.00,1.00
2010.02.18 18:39:41.643,1.9337,1.93465,1.00,1.00
2010.02.18 18:39:42.394,1.9335,1.93445,1.00,1.00
2010.02.18 18:39:43.402,1.93375,1.9345,1.00,1.00
2010.02.18 18:39:44.517,1.9338,1.93455,1.00,1.00
2010.02.18 18:39:44.832,1.9339,1.93465,1.00,1.00
2010.02.18 18:39:49.071,1.93395,1.9347,1.00,1.00
2010.02.18 18:39:49.811,1.93405,1.93475,1.00,1.00
2010.02.18 18:39:50.400,1.93395,1.9347,1.00,1.00
2010.02.18 18:39:50.673,1.9339,1.93465,1.00,1.00
2010.02.18 18:39:53.529,1.9338,1.93455,1.00,1.00
2010.02.18 18:39:56.372,1.93375,1.9345,1.00,1.00
2010.02.18 18:40:01.578,1.9339,1.93455,1.00,1.00
2010.02.18 18:40:02.345,1.934,1.93475,1.00,1.00
2010.02.18 18:40:03.550,1.93415,1.9349,1.00,1.00
2010.02.18 18:40:03.818,1.93405,1.93485,1.00,1.00
2010.02.18 18:40:04.468,1.93425,1.9349,1.00,1.00
2010.02.18 18:40:05.152,1.9341,1.9348,1.00,1.00
2010.02.18 18:40:05.759,1.93395,1.93465,1.00,1.00
2010.02.18 18:40:08.076,1.9337,1.9344,1.00,1.00
2010.02.18 18:40:08.378,1.9338,1.93445,1.00,1.00
2010.02.18 18:40:09.509,1.93365,1.9344,1.00,1.00
2010.02.18 18:40:10.108,1.93355,1.9342,1.00,1.00
2010.02.18 18:40:12.382,1.93355,1.93415,1.00,1.00
2010.02.18 18:40:13.507,1.93345,1.93415,1.00,1.00
2010.02.18 18:40:13.665,1.9333,1.934,1.00,1.00
2010.02.18 18:40:15.234,1.9333,1.9339,1.00,1.00
2010.02.18 18:40:15.575,1.9333,1.934,1.00,1.00
2010.02.18 18:40:18.134,1.93315,1.9339,1.00,1.00
2010.02.18 18:40:21.034,1.9331,1.9338,1.00,1.00
2010.02.18 18:40:23.083,1.93315,1.9339,1.00,1.00
2010.02.18 18:40:25.112,1.9331,1.9338,1.00,1.00
2010.02.18 18:40:32.752,1.933,1.93375,1.00,1.00
2010.02.18 18:40:33.810,1.93305,1.93375,1.00,1.00
2010.02.18 18:40:34.050,1.9331,1.9338,1.00,1.00
2010.02.18 18:40:38.527,1.933,1.93375,1.00,1.00
2010.02.18 18:40:38.713,1.93295,1.93365,1.00,1.00
2010.02.18 18:40:39.408,1.93315,1.93375,1.00,1.00
2010.02.18 18:40:39.484,1.93305,1.9337,1.00,1.00
2010.02.18 18:40:46.127,1.93285,1.93375,1.00,1.00
2010.02.18 18:40:48.436,1.93315,1.93405,1.00,1.00
2010.02.18 18:40:49.238,1.93325,1.93395,1.00,1.00
2010.02.18 18:40:49.716,1.93315,1.9339,1.00,1.00
2010.02.18 18:40:53.817,1.9333,1.93395,1.00,1.00
2010.02.18 18:40:53.915,1.9334,1.93415,1.00,1.00
2010.02.18 18:40:57.165,1.9333,1.93395,1.00,1.00
2010.02.18 18:40:57.355,1.9336,1.93425,1.00,1.00
2010.02.18 18:41:00.185,1.9334,1.93415,1.00,1.00
2010.02.18 18:41:04.904,1.9333,1.93395,1.00,1.00
2010.02.18 18:41:13.671,1.93345,1.9341,1.00,1.00
2010.02.18 18:41:14.790,1.93355,1.93415,1.00,1.00
2010.02.18 18:41:17.330,1.93345,1.9341,1.00,1.00
2010.02.18 18:41:18.973,1.9334,1.934,1.00,1.00
2010.02.18 18:41:24.049,1.9333,1.934,1.00,1.00
2010.02.18 18:41:34.556,1.93325,1.9339,1.00,1.00
2010.02.18 18:41:35.685,1.9334,1.934,1.00,1.00
2010.02.18 18:41:36.025,1.9333,1.93395,1.00,1.00
2010.02.18 18:41:38.764,1.93315,1.93385,1.00,1.00
2010.02.18 18:41:39.567,1.93325,1.9339,1.00,1.00
2010.02.18 18:41:39.904,1.93315,1.93385,1.00,1.00
2010.02.18 18:41:41.085,1.9334,1.934,1.00,1.00
2010.02.18 18:41:42.644,1.93345,1.9341,1.00,1.00
2010.02.18 18:41:44.273,1.9336,1.93425,1.00,1.00
2010.02.18 18:41:47.962,1.9337,1.9344,1.00,1.00
2010.02.18 18:42:14.297,1.9337,1.9343,1.00,1.00
2010.02.18 18:42:18.189,1.93355,1.93425,1.00,1.00
2010.02.18 18:42:18.475,1.93355,1.93415,1.00,1.00
2010.02.18 18:42:21.684,1.93395,1.93455,1.00,1.00
2010.02.18 18:42:22.584,1.93385,1.9345,1.00,1.00
2010.02.18 18:42:23.983,1.93395,1.93455,1.00,1.00
2010.02.18 18:42:24.885,1.9341,1.9347,1.00,1.00
2010.02.18 18:42:26.113,1.9337,1.93445,1.00,1.00
2010.02.18 18:42:28.019,1.93385,1.9345,1.00,1.00
2010.02.18 18:42:32.716,1.9338,1.93445,1.00,1.00
2010.02.18 18:42:35.101,1.9337,1.9344,1.00,1.00
2010.02.18 18:42:35.799,1.9338,1.93445,1.00,1.00
2010.02.18 18:42:36.073,1.9337,1.9344,1.00,1.00
2010.02.18 18:42:37.440,1.9338,1.93445,1.00,1.00
2010.02.18 18:42:53.827,1.9337,1.9344,1.00,1.00
2010.02.18 18:42:58.346,1.9337,1.9343,1.00,1.00
2010.02.18 18:43:10.105,1.9338,1.93445,1.00,1.00
2010.02.18 18:43:10.343,1.93365,1.93425,1.00,1.00
2010.02.18 18:43:18.991,1.9338,1.93445,1.00,1.00
2010.02.18 18:43:23.809,1.93385,1.9345,1.00,1.00
2010.02.18 18:43:26.830,1.93395,1.93455,1.00,1.00
2010.02.18 18:43:31.748,1.93385,1.93445,1.00,1.00
2010.02.18 18:43:33.777,1.93395,1.93455,1.00,1.00
2010.02.18 18:43:35.236,1.934,1.93465,1.00,1.00
2010.02.18 18:43:36.429,1.93395,1.93455,1.00,1.00
2010.02.18 18:43:40.538,1.93385,1.93445,1.00,1.00
2010.02.18 18:43:44.895,1.9337,1.9344,1.00,1.00
2010.02.18 18:43:45.234,1.9337,1.9343,1.00,1.00
2010.02.18 18:43:48.738,1.93355,1.93415,1.00,1.00
2010.02.18 18:43:49.025,1.93345,1.9341,1.00,1.00
2010.02.18 18:43:49.293,1.93355,1.93415,1.00,1.00
2010.02.18 18:43:52.455,1.93365,1.93435,1.00,1.00
2010.02.18 18:43:54.592,1.93355,1.9343,1.00,1.00
2010.02.18 18:43:55.364,1.9335,1.9342,1.00,1.00
2010.02.18 18:44:00.972,1.93355,1.9343,1.00,1.00
2010.02.18 18:44:01.291,1.9335,1.9342,1.00,1.00
2010.02.18 18:44:08.240,1.9334,1.93415,1.00,1.00
2010.02.18 18:44:09.022,1.93335,1.93405,1.00,1.00
2010.02.18 18:44:13.987,1.93325,1.934,1.00,1.00
2010.02.18 18:44:14.677,1.9332,1.9339,1.00,1.00
2010.02.18 18:44:18.071,1.93325,1.934,1.00,1.00
2010.02.18 18:44:21.145,1.93335,1.93405,1.00,1.00
2010.02.18 18:44:21.485,1.93325,1.934,1.00,1.00
2010.02.18 18:44:28.766,1.9331,1.9338,1.00,1.00
2010.02.18 18:44:34.022,1.9331,1.9339,1.00,1.00
2010.02.18 18:44:38.703,1.9334,1.93415,1.00,1.00
2010.02.18 18:44:40.457,1.9335,1.9342,1.00,1.00
2010.02.18 18:44:40.810,1.93355,1.93445,1.00,1.00
2010.02.18 18:44:42.310,1.93355,1.93455,1.00,1.00
2010.02.18 18:44:43.409,1.93355,1.9343,1.00,1.00
2010.02.18 18:44:46.358,1.93365,1.93435,1.00,1.00
2010.02.18 18:44:47.519,1.93365,1.93445,1.00,1.00
2010.02.18 18:44:48.379,1.93365,1.93435,1.00,1.00
2010.02.18 18:44:48.908,1.9338,1.9344,1.00,1.00
2010.02.18 18:44:50.007,1.93385,1.9345,1.00,1.00
2010.02.18 18:44:53.938,1.93395,1.93455,1.00,1.00
2010.02.18 18:44:54.590,1.934,1.93465,1.00,1.00
2010.02.18 18:44:54.897,1.93395,1.93455,1.00,1.00
2010.02.18 18:44:58.716,1.93375,1.93445,1.00,1.00
2010.02.18 18:44:59.372,1.9338,1.93455,1.00,1.00
2010.02.18 18:45:01.874,1.9339,1.9346,1.00,1.00
2010.02.18 18:45:02.006,1.93395,1.9347,1.00,1.00
2010.02.18 18:45:03.276,1.9338,1.93455,1.00,1.00
2010.02.18 18:45:04.535,1.9337,1.93435,1.00,1.00
2010.02.18 18:45:05.115,1.9338,1.9344,1.00,1.00
2010.02.18 18:45:06.314,1.9337,1.93435,1.00,1.00
2010.02.18 18:45:17.292,1.9338,1.9344,1.00,1.00
2010.02.18 18:45:32.008,1.93385,1.9345,1.00,1.00
2010.02.18 18:45:38.507,1.93395,1.93455,1.00,1.00
2010.02.18 18:45:43.765,1.934,1.93465,1.00,1.00
2010.02.18 18:45:44.675,1.9341,1.93485,1.00,1.00
2010.02.18 18:45:44.885,1.934,1.93465,1.00,1.00
2010.02.18 18:45:47.067,1.9341,1.9347,1.00,1.00
2010.02.18 18:45:47.195,1.93425,1.93485,1.00,1.00
2010.02.18 18:45:47.326,1.93415,1.9348,1.00,1.00
2010.02.18 18:45:50.414,1.93425,1.93485,1.00,1.00
2010.02.18 18:45:51.864,1.9341,1.9347,1.00,1.00
2010.02.18 18:45:52.103,1.93395,1.93455,1.00,1.00
2010.02.18 18:45:57.816,1.9341,1.9347,1.00,1.00
2010.02.18 18:45:58.484,1.93395,1.93455,1.00,1.00
2010.02.18 18:45:59.710,1.9338,1.9344,1.00,1.00
2010.02.18 18:45:59.942,1.93385,1.9345,1.00,1.00
2010.02.18 18:46:00.182,1.9338,1.9344,1.00,1.00
2010.02.18 18:46:00.768,1.93385,1.9345,1.00,1.00
2010.02.18 18:46:01.001,1.93395,1.93455,1.00,1.00
2010.02.18 18:46:01.341,1.9338,1.9344,1.00,1.00
2010.02.18 18:46:01.681,1.93385,1.9345,1.00,1.00
2010.02.18 18:46:02.652,1.93355,1.9343,1.00,1.00
2010.02.18 18:46:02.971,1.93365,1.93435,1.00,1.00
2010.02.18 18:46:04.011,1.93355,1.93415,1.00,1.00
2010.02.18 18:46:04.901,1.93365,1.93435,1.00,1.00
2010.02.18 18:46:05.252,1.93355,1.93415,1.00,1.00
2010.02.18 18:46:06.191,1.9336,1.93425,1.00,1.00
2010.02.18 18:46:07.492,1.9337,1.9343,1.00,1.00
2010.02.18 18:46:08.140,1.9336,1.93425,1.00,1.00
2010.02.18 18:46:10.325,1.9337,1.9343,1.00,1.00
2010.02.18 18:46:10.649,1.9337,1.93445,1.00,1.00
2010.02.18 18:46:11.989,1.9336,1.93425,1.00,1.00
2010.02.18 18:46:21.087,1.93355,1.93415,1.00,1.00
2010.02.18 18:46:22.446,1.9336,1.93425,1.00,1.00
2010.02.18 18:46:28.459,1.9337,1.93445,1.00,1.00
2010.02.18 18:46:45.921,1.9338,1.9345,1.00,1.00
2010.02.18 18:46:47.791,1.9337,1.93445,1.00,1.00
2010.02.18 18:46:50.298,1.9338,1.9345,1.00,1.00
2010.02.18 18:46:51.584,1.9338,1.9346,1.00,1.00
2010.02.18 18:46:52.606,1.93395,1.93465,1.00,1.00
2010.02.18 18:46:52.950,1.93385,1.93445,1.00,1.00
2010.02.18 18:46:55.259,1.93325,1.93395,1.00,1.00
2010.02.18 18:46:55.953,1.9329,1.93385,1.00,1.00
2010.02.18 18:46:56.598,1.933,1.9339,1.00,1.00
2010.02.18 18:46:57.718,1.93325,1.93395,1.00,1.00
2010.02.18 18:46:57.958,1.9334,1.9341,1.00,1.00
2010.02.18 18:46:59.088,1.9333,1.93405,1.00,1.00
2010.02.18 18:47:01.177,1.93325,1.93395,1.00,1.00
2010.02.18 18:47:02.209,1.9333,1.93405,1.00,1.00
2010.02.18 18:47:08.238,1.9334,1.9341,1.00,1.00
2010.02.18 18:47:08.397,1.93345,1.9342,1.00,1.00
2010.02.18 18:47:10.285,1.93355,1.93425,1.00,1.00
2010.02.18 18:47:20.013,1.9337,1.9344,1.00,1.00
2010.02.18 18:47:26.271,1.9336,1.93435,1.00,1.00
2010.02.18 18:47:27.417,1.9337,1.9344,1.00,1.00
2010.02.18 18:47:35.101,1.9336,1.9342,1.00,1.00
2010.02.18 18:47:35.851,1.9337,1.9344,1.00,1.00
2010.02.18 18:47:39.238,1.9336,1.9342,1.00,1.00
2010.02.18 18:47:44.247,1.93345,1.93405,1.00,1.00
2010.02.18 18:47:45.708,1.9329,1.9338,1.00,1.00
2010.02.18 18:47:45.766,1.93265,1.93375,1.00,1.00
2010.02.18 18:47:49.326,1.9326,1.9335,1.00,1.00
2010.02.18 18:47:53.464,1.9326,1.9333,1.00,1.00
2010.02.18 18:47:54.949,1.93235,1.9331,1.00,1.00
2010.02.18 18:47:58.324,1.93245,1.93305,1.00,1.00
2010.02.18 18:47:59.153,1.93235,1.93305,1.00,1.00
2010.02.18 18:48:03.932,1.9323,1.933,1.00,1.00
2010.02.18 18:48:11.721,1.93205,1.93295,1.00,1.00
2010.02.18 18:48:14.739,1.9322,1.9331,1.00,1.00
2010.02.18 18:48:16.409,1.93225,1.9332,1.00,1.00
2010.02.18 18:48:18.548,1.932,1.93315,1.00,1.00
2010.02.18 18:48:19.217,1.93225,1.9332,1.00,1.00
2010.02.18 18:48:22.725,1.932,1.93315,1.00,1.00
2010.02.18 18:48:23.887,1.9322,1.933,1.00,1.00
2010.02.18 18:48:24.208,1.93215,1.93285,1.00,1.00
2010.02.18 18:48:25.029,1.93205,1.93295,1.00,1.00
2010.02.18 18:48:26.906,1.93195,1.93295,1.00,1.00
2010.02.18 18:48:29.377,1.9322,1.933,1.00,1.00
2010.02.18 18:48:31.485,1.9322,1.9329,1.00,1.00
2010.02.18 18:48:35.003,1.93195,1.93285,1.00,1.00
2010.02.18 18:48:35.134,1.9322,1.9329,1.00,1.00
2010.02.18 18:48:37.933,1.93195,1.93285,1.00,1.00
2010.02.18 18:48:39.923,1.932,1.93295,1.00,1.00
2010.02.18 18:48:43.223,1.9321,1.933,1.00,1.00
2010.02.18 18:48:44.456,1.93215,1.9331,1.00,1.00
2010.02.18 18:48:44.632,1.93225,1.9331,1.00,1.00
2010.02.18 18:48:45.354,1.93185,1.9328,1.00,1.00
2010.02.18 18:48:46.592,1.9321,1.933,1.00,1.00
2010.02.18 18:48:49.217,1.93215,1.9331,1.00,1.00
2010.02.18 18:48:49.541,1.93225,1.93315,1.00,1.00
2010.02.18 18:48:51.001,1.932,1.9331,1.00,1.00
2010.02.18 18:48:53.981,1.93225,1.93315,1.00,1.00
2010.02.18 18:48:56.209,1.9321,1.933,1.00,1.00
2010.02.18 18:48:57.043,1.932,1.93295,1.00,1.00
2010.02.18 18:48:57.599,1.9321,1.933,1.00,1.00
2010.02.18 18:48:59.747,1.932,1.93295,1.00,1.00
2010.02.18 18:49:01.268,1.93195,1.93285,1.00,1.00
2010.02.18 18:49:10.101,1.93185,1.9328,1.00,1.00
2010.02.18 18:49:10.666,1.932,1.93295,1.00,1.00
2010.02.18 18:49:12.186,1.9321,1.933,1.00,1.00
2010.02.18 18:49:21.526,1.93215,1.9331,1.00,1.00
2010.02.18 18:49:24.813,1.9321,1.933,1.00,1.00
2010.02.18 18:49:25.562,1.9328,1.9334,1.00,1.00
2010.02.18 18:49:25.902,1.9329,1.9335,1.00,1.00
2010.02.18 18:49:26.242,1.9328,1.9334,1.00,1.00
2010.02.18 18:49:26.922,1.9328,1.9335,1.00,1.00
2010.02.18 18:49:29.561,1.9329,1.93355,1.00,1.00
2010.02.18 18:49:29.881,1.9328,1.9335,1.00,1.00
2010.02.18 18:49:30.511,1.9328,1.9334,1.00,1.00
2010.02.18 18:49:51.587,1.9328,1.9335,1.00,1.00
2010.02.18 18:49:52.238,1.9329,1.93355,1.00,1.00
2010.02.18 18:49:52.456,1.93265,1.93325,1.00,1.00
2010.02.18 18:49:52.695,1.93225,1.93315,1.00,1.00
2010.02.18 18:49:59.883,1.93225,1.9331,1.00,1.00
2010.02.18 18:50:01.065,1.9321,1.933,1.00,1.00
2010.02.18 18:50:01.224,1.93215,1.9331,1.00,1.00
2010.02.18 18:50:05.156,1.93225,1.9331,1.00,1.00
2010.02.18 18:50:06.013,1.932,1.93295,1.00,1.00
2010.02.18 18:50:07.032,1.93225,1.9331,1.00,1.00
2010.02.18 18:50:09.892,1.93225,1.93325,1.00,1.00
2010.02.18 18:50:12.202,1.93225,1.933,1.00,1.00
2010.02.18 18:50:14.840,1.93175,1.9329,1.00,1.00
2010.02.18 18:50:26.090,1.93185,1.93295,1.00,1.00
2010.02.18 18:50:26.428,1.9318,1.9327,1.00,1.00
2010.02.18 18:50:27.600,1.9317,1.9327,1.00,1.00
2010.02.18 18:50:29.537,1.9317,1.93255,1.00,1.00
2010.02.18 18:50:30.857,1.9318,1.9327,1.00,1.00
2010.02.18 18:50:32.466,1.9317,1.9327,1.00,1.00
2010.02.18 18:50:37.095,1.9317,1.93255,1.00,1.00
2010.02.18 18:50:38.112,1.9319,1.9326,1.00,1.00
2010.02.18 18:50:47.593,1.93205,1.93275,1.00,1.00
2010.02.18 18:50:47.932,1.93195,1.93275,1.00,1.00
2010.02.18 18:50:48.053,1.93205,1.93275,1.00,1.00
2010.02.18 18:50:48.782,1.93195,1.93275,1.00,1.00
2010.02.18 18:50:52.671,1.9319,1.9326,1.00,1.00
2010.02.18 18:50:54.341,1.93195,1.93275,1.00,1.00
2010.02.18 18:50:55.086,1.93205,1.93275,1.00,1.00
2010.02.18 18:50:55.393,1.93195,1.93275,1.00,1.00
2010.02.18 18:51:04.801,1.93205,1.93275,1.00,1.00
2010.02.18 18:51:04.983,1.93195,1.93275,1.00,1.00
2010.02.18 18:51:07.268,1.93205,1.93275,1.00,1.00
2010.02.18 18:51:08.647,1.9322,1.9329,1.00,1.00
2010.02.18 18:51:09.767,1.9321,1.93285,1.00,1.00
2010.02.18 18:51:10.097,1.93205,1.93275,1.00,1.00
2010.02.18 18:51:10.922,1.9321,1.93285,1.00,1.00
2010.02.18 18:51:14.536,1.9322,1.9329,1.00,1.00
2010.02.18 18:51:16.305,1.9321,1.93285,1.00,1.00
2010.02.18 18:51:18.196,1.93225,1.933,1.00,1.00
2010.02.18 18:51:18.956,1.93235,1.93305,1.00,1.00
2010.02.18 18:51:24.879,1.93225,1.933,1.00,1.00
2010.02.18 18:51:24.995,1.93225,1.93295,1.00,1.00
2010.02.18 18:51:25.905,1.93235,1.93315,1.00,1.00
2010.02.18 18:51:26.243,1.9324,1.93315,1.00,1.00
2010.02.18 18:51:27.851,1.9325,1.9332,1.00,1.00
2010.02.18 18:51:29.882,1.9324,1.93315,1.00,1.00
2010.02.18 18:51:31.077,1.93235,1.93305,1.00,1.00
2010.02.18 18:51:32.062,1.9325,1.9331,1.00,1.00
2010.02.18 18:51:32.982,1.93265,1.93345,1.00,1.00
2010.02.18 18:51:33.172,1.9325,1.9333,1.00,1.00
2010.02.18 18:51:34.011,1.9325,1.93325,1.00,1.00
2010.02.18 18:51:34.341,1.93245,1.93315,1.00,1.00
2010.02.18 18:51:35.511,1.93235,1.93315,1.00,1.00
2010.02.18 18:51:39.722,1.93265,1.9334,1.00,1.00
2010.02.18 18:51:41.399,1.93255,1.9332,1.00,1.00
2010.02.18 18:51:42.899,1.93265,1.93335,1.00,1.00
2010.02.18 18:51:44.448,1.9331,1.93375,1.00,1.00
2010.02.18 18:51:45.070,1.93305,1.93365,1.00,1.00
2010.02.18 18:51:45.194,1.93275,1.93335,1.00,1.00
2010.02.18 18:51:50.799,1.9328,1.9335,1.00,1.00
2010.02.18 18:51:51.558,1.9329,1.9335,1.00,1.00
2010.02.18 18:51:52.491,1.93295,1.9336,1.00,1.00
2010.02.18 18:51:53.856,1.93305,1.93365,1.00,1.00
2010.02.18 18:51:55.847,1.93295,1.9336,1.00,1.00
2010.02.18 18:51:58.121,1.9328,1.9335,1.00,1.00
2010.02.18 18:51:59.625,1.93275,1.93335,1.00,1.00
2010.02.18 18:52:19.754,1.9328,1.9335,1.00,1.00
2010.02.18 18:52:19.890,1.9329,1.9335,1.00,1.00
2010.02.18 18:52:22.848,1.93275,1.93335,1.00,1.00
2010.02.18 18:52:26.546,1.9329,1.9335,1.00,1.00
2010.02.18 18:52:29.602,1.9328,1.9335,1.00,1.00
2010.02.18 18:52:52.624,1.93275,1.93335,1.00,1.00
2010.02.18 18:52:54.353,1.9327,1.9333,1.00,1.00
2010.02.18 18:52:54.559,1.93265,1.93335,1.00,1.00
2010.02.18 18:53:10.979,1.93255,1.9332,1.00,1.00
2010.02.18 18:53:12.717,1.93275,1.93335,1.00,1.00
2010.02.18 18:53:13.807,1.93265,1.93335,1.00,1.00
2010.02.18 18:53:16.806,1.9326,1.93325,1.00,1.00
2010.02.18 18:53:16.998,1.93255,1.9332,1.00,1.00
2010.02.18 18:53:19.726,1.9326,1.93325,1.00,1.00
2010.02.18 18:53:27.504,1.93255,1.9332,1.00,1.00
2010.02.18 18:53:28.054,1.9325,1.9331,1.00,1.00
2010.02.18 18:53:36.752,1.9324,1.93305,1.00,1.00
2010.02.18 18:53:39.824,1.93225,1.93305,1.00,1.00
2010.02.18 18:53:40.083,1.93225,1.9329,1.00,1.00
2010.02.18 18:53:42.775,1.9325,1.9331,1.00,1.00
2010.02.18 18:53:47.209,1.93255,1.9332,1.00,1.00
2010.02.18 18:53:48.489,1.93265,1.93325,1.00,1.00
2010.02.18 18:54:10.659,1.9328,1.9334,1.00,1.00
2010.02.18 18:54:11.513,1.93295,1.93355,1.00,1.00
2010.02.18 18:54:14.463,1.933,1.93365,1.00,1.00
2010.02.18 18:54:17.488,1.93295,1.93355,1.00,1.00
2010.02.18 18:54:19.293,1.93285,1.9335,1.00,1.00
2010.02.18 18:54:23.487,1.9328,1.93345,1.00,1.00
2010.02.18 18:54:27.330,1.93295,1.93355,1.00,1.00
2010.02.18 18:54:28.490,1.93285,1.93345,1.00,1.00
2010.02.18 18:54:34.529,1.93295,1.93355,1.00,1.00
2010.02.18 18:54:34.669,1.933,1.9337,1.00,1.00
2010.02.18 18:54:37.987,1.93315,1.93385,1.00,1.00
2010.02.18 18:54:38.757,1.93275,1.9334,1.00,1.00
2010.02.18 18:54:41.292,1.933,1.9337,1.00,1.00
2010.02.18 18:54:42.730,1.9331,1.9337,1.00,1.00
2010.02.18 18:54:45.166,1.9328,1.9335,1.00,1.00
2010.02.18 18:54:45.355,1.93285,1.9336,1.00,1.00
2010.02.18 18:54:46.017,1.9326,1.93355,1.00,1.00
2010.02.18 18:54:46.845,1.93255,1.93345,1.00,1.00
2010.02.18 18:54:47.775,1.9324,1.9333,1.00,1.00
2010.02.18 18:54:49.662,1.93245,1.93345,1.00,1.00
2010.02.18 18:54:49.974,1.93245,1.9334,1.00,1.00
2010.02.18 18:54:51.386,1.9324,1.9333,1.00,1.00
2010.02.18 18:54:52.573,1.9323,1.93325,1.00,1.00
2010.02.18 18:54:55.573,1.93225,1.93315,1.00,1.00
2010.02.18 18:54:56.545,1.93225,1.9329,1.00,1.00
2010.02.18 18:54:57.177,1.93235,1.93305,1.00,1.00
2010.02.18 18:54:57.403,1.9324,1.9333,1.00,1.00
2010.02.18 18:55:00.652,1.9327,1.9336,1.00,1.00
2010.02.18 18:55:01.322,1.9324,1.9333,1.00,1.00
2010.02.18 18:55:02.533,1.93245,1.9334,1.00,1.00
2010.02.18 18:55:02.861,1.9324,1.9333,1.00,1.00
2010.02.18 18:55:03.982,1.9322,1.93315,1.00,1.00
2010.02.18 18:55:06.143,1.93215,1.93305,1.00,1.00
2010.02.18 18:55:07.172,1.9322,1.93315,1.00,1.00
2010.02.18 18:55:07.484,1.9323,1.9333,1.00,1.00
2010.02.18 18:55:10.450,1.9324,1.9333,1.00,1.00
2010.02.18 18:55:18.729,1.93245,1.9334,1.00,1.00
2010.02.18 18:55:19.386,1.9323,1.9333,1.00,1.00
2010.02.18 18:55:20.596,1.9323,1.93315,1.00,1.00
2010.02.18 18:55:20.776,1.9322,1.93315,1.00,1.00
2010.02.18 18:55:34.628,1.93215,1.9331,1.00,1.00
2010.02.18 18:55:35.903,1.9319,1.93285,1.00,1.00
2010.02.18 18:55:36.123,1.9321,1.9329,1.00,1.00
2010.02.18 18:55:39.137,1.9321,1.93285,1.00,1.00
2010.02.18 18:55:48.732,1.9322,1.9329,1.00,1.00
2010.02.18 18:55:50.654,1.93225,1.933,1.00,1.00
2010.02.18 18:55:50.889,1.93235,1.93305,1.00,1.00
2010.02.18 18:55:55.708,1.9322,1.9329,1.00,1.00
2010.02.18 18:55:58.503,1.93225,1.933,1.00,1.00
2010.02.18 18:56:00.507,1.9321,1.933,1.00,1.00
2010.02.18 18:56:01.487,1.93215,1.933,1.00,1.00
2010.02.18 18:56:02.678,1.93215,1.93315,1.00,1.00
2010.02.18 18:56:03.017,1.93215,1.9329,1.00,1.00
2010.02.18 18:56:04.046,1.9321,1.9328,1.00,1.00
2010.02.18 18:56:05.513,1.93215,1.9329,1.00,1.00
2010.02.18 18:56:13.326,1.93225,1.93295,1.00,1.00
2010.02.18 18:56:13.484,1.93225,1.93305,1.00,1.00
2010.02.18 18:56:15.125,1.93225,1.93295,1.00,1.00
2010.02.18 18:56:15.939,1.93225,1.93305,1.00,1.00
2010.02.18 18:56:16.856,1.93235,1.93305,1.00,1.00
2010.02.18 18:56:17.713,1.9322,1.9329,1.00,1.00
2010.02.18 18:56:19.164,1.93225,1.93305,1.00,1.00
2010.02.18 18:56:22.932,1.93235,1.93305,1.00,1.00
2010.02.18 18:56:25.002,1.93225,1.93305,1.00,1.00
2010.02.18 18:56:25.761,1.9322,1.9329,1.00,1.00
2010.02.18 18:56:27.690,1.93225,1.93305,1.00,1.00
2010.02.18 18:56:30.844,1.93235,1.93305,1.00,1.00
2010.02.18 18:56:31.151,1.93225,1.93305,1.00,1.00
2010.02.18 18:56:32.310,1.9322,1.9329,1.00,1.00
2010.02.18 18:56:32.579,1.93225,1.93305,1.00,1.00
2010.02.18 18:56:33.190,1.9322,1.9329,1.00,1.00
2010.02.18 18:56:35.117,1.93225,1.93295,1.00,1.00
2010.02.18 18:56:38.409,1.9325,1.9332,1.00,1.00
2010.02.18 18:56:41.025,1.93255,1.9333,1.00,1.00
2010.02.18 18:56:41.837,1.9325,1.9332,1.00,1.00
2010.02.18 18:56:42.177,1.93255,1.9333,1.00,1.00
2010.02.18 18:56:43.234,1.9323,1.9333,1.00,1.00
2010.02.18 18:56:43.568,1.9325,1.9332,1.00,1.00
2010.02.18 18:56:46.851,1.9324,1.93315,1.00,1.00
2010.02.18 18:56:47.026,1.9325,1.9332,1.00,1.00
2010.02.18 18:57:04.951,1.93225,1.93315,1.00,1.00
2010.02.18 18:57:08.406,1.9325,1.9332,1.00,1.00
2010.02.18 18:57:08.731,1.93225,1.93315,1.00,1.00
2010.02.18 18:57:08.910,1.9325,1.9332,1.00,1.00
2010.02.18 18:57:15.659,1.9324,1.93315,1.00,1.00
2010.02.18 18:57:15.809,1.93235,1.93305,1.00,1.00
2010.02.18 18:57:16.728,1.9322,1.933,1.00,1.00
2010.02.18 18:57:31.205,1.93235,1.93305,1.00,1.00
2010.02.18 18:57:32.956,1.9322,1.9329,1.00,1.00
2010.02.18 18:57:33.714,1.9322,1.933,1.00,1.00
2010.02.18 18:57:39.849,1.9322,1.9329,1.00,1.00
2010.02.18 18:57:45.937,1.9322,1.933,1.00,1.00
2010.02.18 18:57:50.410,1.9322,1.9329,1.00,1.00
2010.02.18 18:58:00.278,1.9321,1.93285,1.00,1.00
2010.02.18 18:58:04.029,1.9322,1.9329,1.00,1.00
2010.02.18 18:58:12.125,1.9321,1.93285,1.00,1.00
2010.02.18 18:58:15.914,1.9322,1.9329,1.00,1.00
2010.02.18 18:58:22.323,1.93265,1.93325,1.00,1.00
2010.02.18 18:58:22.623,1.9329,1.9335,1.00,1.00
2010.02.18 18:58:23.945,1.933,1.9337,1.00,1.00
2010.02.18 18:58:35.352,1.9329,1.9335,1.00,1.00
2010.02.18 18:58:44.701,1.9328,1.93345,1.00,1.00
2010.02.18 18:58:53.155,1.93275,1.93335,1.00,1.00
2010.02.18 18:58:55.836,1.9328,1.93345,1.00,1.00
2010.02.18 18:59:01.102,1.93275,1.93335,1.00,1.00
2010.02.18 18:59:01.293,1.9328,1.93345,1.00,1.00
2010.02.18 18:59:15.214,1.93275,1.93335,1.00,1.00
2010.02.18 18:59:27.017,1.9328,1.93345,1.00,1.00
2010.02.18 18:59:28.452,1.93275,1.93335,1.00,1.00
2010.02.18 18:59:48.022,1.9328,1.93345,1.00,1.00
2010.02.18 18:59:52.088,1.93275,1.93335,1.00,1.00
