2015.05.19 19:00:00.063,1.51754,1.51796,1.00,1.00
2015.05.19 19:00:00.377,1.51745,1.51796,1.00,1.00
2015.05.19 19:00:00.486,1.51753,1.51796,1.00,1.00
2015.05.19 19:00:01.016,1.51754,1.51796,1.00,1.00
2015.05.19 19:00:01.318,1.51764,1.51796,1.00,1.00
2015.05.19 19:00:01.589,1.51753,1.51796,1.00,1.00
2015.05.19 19:00:01.819,1.51743,1.51796,1.50,1.00
2015.05.19 19:00:04.849,1.51745,1.51796,1.00,1.00
2015.05.19 19:00:04.902,1.51743,1.51796,1.00,1.00
2015.05.19 19:00:05.456,1.51743,1.51796,1.37,1.00
2015.05.19 19:00:05.853,1.51743,1.51796,1.37,1.00
2015.05.19 19:00:06.563,1.51749,1.51804,1.50,1.00
2015.05.19 19:00:06.664,1.51754,1.51804,1.37,1.00
2015.05.19 19:00:07.357,1.51758,1.51811,1.00,1.37
2015.05.19 19:00:07.408,1.51758,1.51811,1.37,1.00
2015.05.19 19:00:08.615,1.51758,1.51811,1.00,1.37
2015.05.19 19:00:08.918,1.51758,1.51811,1.00,1.75
2015.05.19 19:00:09.081,1.51753,1.51803,1.00,1.00
2015.05.19 19:00:11.959,1.51748,1.51803,1.37,1.00
2015.05.19 19:00:12.658,1.51755,1.51806,1.00,1.37
2015.05.19 19:00:14.421,1.51749,1.51802,1.12,1.00
2015.05.19 19:00:14.472,1.51758,1.51811,1.00,1.75
2015.05.19 19:00:14.627,1.51758,1.51811,1.00,1.37
2015.05.19 19:00:15.072,1.51754,1.51803,1.00,1.00
2015.05.19 19:00:15.507,1.51759,1.51812,1.00,1.75
2015.05.19 19:00:16.347,1.51754,1.51803,1.00,1.00
2015.05.19 19:00:16.448,1.51758,1.51811,1.00,1.75
2015.05.19 19:00:16.499,1.51754,1.51802,1.00,1.00
2015.05.19 19:00:16.600,1.51756,1.5181,1.00,1.75
2015.05.19 19:00:17.179,1.51757,1.5181,1.00,1.75
2015.05.19 19:00:17.330,1.51758,1.51811,1.00,1.37
2015.05.19 19:00:17.439,1.51758,1.51811,1.00,1.00
2015.05.19 19:00:17.490,1.51755,1.51803,1.37,1.00
2015.05.19 19:00:17.591,1.5176,1.51813,1.00,1.00
2015.05.19 19:00:18.177,1.51759,1.51814,1.00,1.00
2015.05.19 19:00:18.330,1.51755,1.51808,1.50,1.00
2015.05.19 19:00:18.646,1.51749,1.51802,1.00,1.00
2015.05.19 19:00:19.810,1.51749,1.51802,1.00,1.75
2015.05.19 19:00:20.113,1.51749,1.51802,1.50,1.37
2015.05.19 19:00:20.441,1.51754,1.51803,1.37,1.37
2015.05.19 19:00:20.792,1.51754,1.51803,1.00,1.50
2015.05.19 19:00:29.296,1.51754,1.51803,1.00,1.37
2015.05.19 19:00:30.207,1.51754,1.51803,1.00,1.37
2015.05.19 19:00:31.005,1.51748,1.51803,1.00,1.75
2015.05.19 19:00:31.258,1.51744,1.51807,1.87,1.75
2015.05.19 19:00:31.308,1.51754,1.51807,1.00,1.75
2015.05.19 19:00:37.838,1.51744,1.51801,1.37,1.50
2015.05.19 19:00:38.151,1.51754,1.51801,1.00,1.37
2015.05.19 19:00:38.352,1.51744,1.51807,1.75,1.37
2015.05.19 19:00:38.568,1.51754,1.51808,1.00,1.37
2015.05.19 19:00:39.926,1.51753,1.51812,1.00,1.75
2015.05.19 19:00:40.267,1.51753,1.51812,1.00,1.75
2015.05.19 19:00:42.343,1.51749,1.51807,1.37,1.75
2015.05.19 19:00:42.393,1.51749,1.51807,1.00,1.75
2015.05.19 19:00:42.716,1.51754,1.51807,1.00,1.75
2015.05.19 19:00:44.288,1.51753,1.51805,1.00,1.75
2015.05.19 19:00:44.390,1.51753,1.51807,1.00,1.75
2015.05.19 19:00:45.040,1.51754,1.51807,1.00,1.75
2015.05.19 19:00:45.675,1.51754,1.51807,1.37,1.00
2015.05.19 19:00:45.776,1.51754,1.51807,1.00,1.37
2015.05.19 19:00:46.206,1.51749,1.51807,1.37,1.37
2015.05.19 19:00:46.507,1.51753,1.51807,1.00,1.50
2015.05.19 19:00:46.637,1.51749,1.51807,1.00,1.50
2015.05.19 19:00:46.688,1.51749,1.51807,1.00,1.75
2015.05.19 19:00:46.990,1.51749,1.51796,1.37,1.00
2015.05.19 19:00:47.588,1.51749,1.51797,1.37,1.00
2015.05.19 19:00:48.597,1.51749,1.51796,1.37,1.00
2015.05.19 19:00:54.758,1.51749,1.51797,1.50,1.00
2015.05.19 19:00:54.960,1.51749,1.51805,1.75,1.37
2015.05.19 19:01:02.538,1.51754,1.51801,1.50,1.00
2015.05.19 19:01:05.160,1.51753,1.51801,1.37,1.12
2015.05.19 19:01:08.471,1.51754,1.51801,1.37,1.12
2015.05.19 19:01:11.352,1.51754,1.51806,1.37,1.87
2015.05.19 19:01:15.057,1.51754,1.51806,1.75,1.87
2015.05.19 19:01:15.593,1.51753,1.51806,1.87,1.37
2015.05.19 19:01:15.643,1.51753,1.51797,1.37,1.00
2015.05.19 19:01:15.870,1.51753,1.51797,1.37,1.00
2015.05.19 19:01:15.970,1.51753,1.51806,1.00,2.25
2015.05.19 19:01:16.021,1.51746,1.51799,1.50,1.37
2015.05.19 19:01:16.072,1.51746,1.51799,1.37,1.75
2015.05.19 19:01:16.474,1.51746,1.51797,1.37,1.37
2015.05.19 19:01:16.679,1.51746,1.51797,1.37,1.75
2015.05.19 19:01:17.199,1.51746,1.51796,1.00,1.75
2015.05.19 19:01:17.809,1.51746,1.51796,1.00,1.50
2015.05.19 19:01:18.713,1.51746,1.51792,1.00,1.75
2015.05.19 19:01:18.814,1.51734,1.51786,1.37,1.12
2015.05.19 19:01:19.685,1.51734,1.51786,1.12,1.37
2015.05.19 19:01:20.385,1.51734,1.51787,1.37,1.00
2015.05.19 19:01:20.688,1.51743,1.51787,1.00,1.00
2015.05.19 19:01:20.840,1.51734,1.51787,1.87,1.00
2015.05.19 19:01:20.890,1.51734,1.51787,1.87,1.37
2015.05.19 19:01:21.293,1.51734,1.51787,1.00,3.00
2015.05.19 19:01:21.445,1.51725,1.51778,1.37,1.37
2015.05.19 19:01:21.628,1.51725,1.51778,1.37,1.37
2015.05.19 19:01:22.206,1.51725,1.51776,1.75,1.12
2015.05.19 19:01:22.875,1.51725,1.51776,1.37,1.00
2015.05.19 19:01:23.456,1.51725,1.51777,1.37,1.37
2015.05.19 19:01:25.703,1.51729,1.51777,1.37,1.00
2015.05.19 19:01:26.246,1.51727,1.51776,1.50,1.00
2015.05.19 19:01:26.546,1.5173,1.51778,1.37,1.12
2015.05.19 19:01:27.393,1.51732,1.51778,1.37,1.00
2015.05.19 19:01:27.952,1.51734,1.51778,2.25,1.00
2015.05.19 19:01:28.470,1.51725,1.51778,2.25,1.00
2015.05.19 19:01:31.127,1.51728,1.51778,1.37,1.00
2015.05.19 19:01:32.407,1.51735,1.51787,1.75,1.00
2015.05.19 19:01:32.508,1.51735,1.51787,1.37,1.37
2015.05.19 19:01:32.609,1.51742,1.51787,1.00,1.37
2015.05.19 19:01:32.912,1.51742,1.51787,1.37,1.00
2015.05.19 19:01:33.365,1.51742,1.51795,1.37,1.50
2015.05.19 19:01:34.268,1.51742,1.51787,1.37,1.00
2015.05.19 19:01:34.570,1.51742,1.51795,1.37,1.50
2015.05.19 19:01:35.259,1.51742,1.51786,1.37,1.00
2015.05.19 19:01:35.571,1.51742,1.51795,1.37,1.50
2015.05.19 19:01:36.220,1.51742,1.51786,1.37,1.00
2015.05.19 19:01:36.539,1.51742,1.51795,1.37,1.50
2015.05.19 19:01:37.324,1.51742,1.51795,1.00,1.75
2015.05.19 19:01:37.627,1.51742,1.51792,1.00,1.75
2015.05.19 19:01:38.031,1.51742,1.51786,1.00,1.50
2015.05.19 19:01:42.559,1.51742,1.51786,1.00,1.12
2015.05.19 19:01:42.710,1.51742,1.51795,1.00,3.00
2015.05.19 19:01:42.811,1.51742,1.51786,1.12,1.00
2015.05.19 19:01:43.122,1.51747,1.51786,1.00,1.00
2015.05.19 19:01:44.163,1.51747,1.51797,1.00,1.37
2015.05.19 19:01:44.264,1.51747,1.51787,1.00,1.00
2015.05.19 19:01:44.567,1.51747,1.51796,1.00,1.12
2015.05.19 19:01:44.792,1.51747,1.51787,1.00,1.00
2015.05.19 19:01:45.165,1.51747,1.51797,1.00,1.37
2015.05.19 19:01:45.266,1.51747,1.51786,1.00,1.00
2015.05.19 19:01:51.324,1.51747,1.51797,1.00,1.37
2015.05.19 19:01:51.526,1.51747,1.51786,1.00,1.00
2015.05.19 19:01:52.428,1.51747,1.51796,1.00,1.75
2015.05.19 19:01:52.616,1.51743,1.51796,1.00,1.75
2015.05.19 19:01:52.855,1.51743,1.51786,1.00,1.00
2015.05.19 19:01:52.906,1.51741,1.51786,1.00,1.00
2015.05.19 19:01:54.080,1.51742,1.51786,1.00,1.00
2015.05.19 19:01:54.839,1.51749,1.51787,1.00,1.00
2015.05.19 19:01:54.990,1.51742,1.51787,1.00,1.00
2015.05.19 19:01:55.040,1.5174,1.51787,1.00,1.37
2015.05.19 19:01:55.297,1.51735,1.51786,1.00,1.37
2015.05.19 19:01:56.658,1.51735,1.51786,1.00,1.37
2015.05.19 19:01:56.759,1.51735,1.51786,1.37,1.00
2015.05.19 19:01:57.076,1.51743,1.51786,1.00,1.00
2015.05.19 19:01:57.228,1.51743,1.51796,1.00,2.25
2015.05.19 19:01:57.435,1.51743,1.51786,1.00,1.00
2015.05.19 19:01:57.564,1.51743,1.51796,1.00,1.85
2015.05.19 19:01:57.615,1.51748,1.51797,1.00,1.75
2015.05.19 19:01:57.917,1.51744,1.51786,1.00,1.00
2015.05.19 19:02:05.805,1.51744,1.51796,1.00,1.75
2015.05.19 19:02:06.208,1.51744,1.51797,1.37,1.87
2015.05.19 19:02:06.309,1.51744,1.51797,1.00,2.25
2015.05.19 19:02:06.666,1.51748,1.51796,1.00,1.37
2015.05.19 19:02:06.717,1.51744,1.51797,1.00,1.87
2015.05.19 19:02:06.768,1.51744,1.51797,1.12,1.50
2015.05.19 19:02:07.091,1.51744,1.51797,1.37,1.00
2015.05.19 19:02:07.192,1.51744,1.51796,1.00,1.12
2015.05.19 19:02:07.393,1.51751,1.51796,1.00,1.37
2015.05.19 19:02:07.595,1.51751,1.51796,1.00,1.00
2015.05.19 19:02:09.058,1.51744,1.51796,1.12,1.00
2015.05.19 19:02:09.897,1.5175,1.51796,1.00,1.00
2015.05.19 19:02:10.802,1.51756,1.51796,1.00,1.00
2015.05.19 19:02:11.299,1.51753,1.51805,1.37,1.37
2015.05.19 19:02:11.400,1.51759,1.51807,1.00,1.00
2015.05.19 19:02:11.702,1.51759,1.51812,1.00,1.87
2015.05.19 19:02:11.752,1.51763,1.51812,1.00,1.87
2015.05.19 19:02:11.855,1.51759,1.51812,1.00,1.37
2015.05.19 19:02:12.427,1.51764,1.51817,1.00,2.25
2015.05.19 19:02:12.759,1.51764,1.51807,1.00,1.00
2015.05.19 19:02:13.861,1.51764,1.51797,1.00,1.00
2015.05.19 19:02:14.863,1.51764,1.51816,1.00,1.75
2015.05.19 19:02:15.519,1.51764,1.51796,1.00,1.00
2015.05.19 19:02:16.066,1.51764,1.51807,1.00,1.37
2015.05.19 19:02:16.246,1.51764,1.51796,1.00,1.00
2015.05.19 19:02:19.589,1.51764,1.51806,1.00,1.00
2015.05.19 19:02:21.356,1.51764,1.51817,1.00,3.00
2015.05.19 19:02:21.860,1.51764,1.51807,1.00,1.00
2015.05.19 19:02:22.079,1.51764,1.51816,1.00,1.75
2015.05.19 19:02:22.180,1.51764,1.51816,1.00,1.50
2015.05.19 19:02:22.230,1.51764,1.51796,1.00,1.00
2015.05.19 19:02:22.331,1.51768,1.51807,1.00,1.00
2015.05.19 19:02:22.533,1.51775,1.51806,1.00,1.00
2015.05.19 19:02:22.634,1.51775,1.51816,1.00,1.00
2015.05.19 19:02:22.845,1.51775,1.51807,1.00,1.00
2015.05.19 19:02:23.228,1.5178,1.51807,1.00,1.00
2015.05.19 19:02:23.433,1.5178,1.51816,1.00,1.00
2015.05.19 19:02:23.938,1.5178,1.51817,1.00,1.00
2015.05.19 19:02:24.089,1.51775,1.51817,1.00,1.00
2015.05.19 19:02:24.140,1.51781,1.51817,1.00,1.00
2015.05.19 19:02:24.190,1.51781,1.51826,1.00,1.12
2015.05.19 19:02:24.515,1.51781,1.51816,1.00,1.00
2015.05.19 19:02:24.664,1.51781,1.51826,1.00,1.00
2015.05.19 19:02:24.918,1.51776,1.51827,1.00,1.00
2015.05.19 19:02:25.020,1.51781,1.51826,1.00,1.37
2015.05.19 19:02:25.121,1.51775,1.51826,1.00,1.37
2015.05.19 19:02:25.223,1.51781,1.51826,1.00,1.37
2015.05.19 19:02:25.538,1.51773,1.51816,1.00,1.00
2015.05.19 19:02:25.891,1.51779,1.51817,1.00,1.00
2015.05.19 19:02:27.293,1.51773,1.51817,1.00,1.00
2015.05.19 19:02:27.798,1.51773,1.51816,1.00,1.00
2015.05.19 19:02:31.126,1.51773,1.51817,1.00,1.00
2015.05.19 19:02:31.635,1.51773,1.51816,1.00,1.00
2015.05.19 19:02:31.886,1.51769,1.51816,1.00,1.00
2015.05.19 19:02:31.936,1.51773,1.51816,1.00,1.00
2015.05.19 19:02:31.987,1.51773,1.51825,1.00,1.37
2015.05.19 19:02:32.038,1.51773,1.51826,1.12,1.12
2015.05.19 19:02:32.139,1.51773,1.51827,1.37,1.00
2015.05.19 19:02:32.454,1.51779,1.51827,1.00,1.37
2015.05.19 19:02:32.761,1.51779,1.51816,1.00,1.00
2015.05.19 19:02:33.700,1.51779,1.51826,1.00,1.12
2015.05.19 19:02:34.466,1.51779,1.51827,1.00,1.37
2015.05.19 19:02:34.667,1.51779,1.51826,1.00,1.00
2015.05.19 19:02:34.768,1.51779,1.51832,1.50,1.00
2015.05.19 19:02:34.978,1.51787,1.51837,1.00,1.37
2015.05.19 19:02:35.414,1.51787,1.51826,1.00,1.00
2015.05.19 19:02:36.432,1.51787,1.51827,1.00,1.00
2015.05.19 19:02:37.001,1.51787,1.51837,1.00,2.25
2015.05.19 19:02:37.052,1.51787,1.51837,1.00,2.25
2015.05.19 19:02:37.153,1.51781,1.51834,1.00,1.50
2015.05.19 19:02:37.411,1.51788,1.51826,1.00,1.00
2015.05.19 19:02:37.563,1.5178,1.51826,1.00,1.00
2015.05.19 19:02:37.714,1.51787,1.51826,1.00,1.00
2015.05.19 19:02:38.215,1.51787,1.51827,1.00,1.00
2015.05.19 19:02:38.316,1.51781,1.51827,1.00,1.00
2015.05.19 19:02:39.309,1.51786,1.51826,1.00,1.00
2015.05.19 19:02:39.410,1.5179,1.51836,1.00,1.37
2015.05.19 19:02:39.726,1.5179,1.51826,1.00,1.00
2015.05.19 19:02:40.634,1.51783,1.51826,1.37,1.00
2015.05.19 19:02:42.296,1.51789,1.51826,1.00,1.00
2015.05.19 19:02:42.600,1.51797,1.51837,1.00,1.00
2015.05.19 19:02:42.701,1.51797,1.51847,1.12,1.37
2015.05.19 19:02:42.751,1.518,1.51847,1.00,1.37
2015.05.19 19:02:43.010,1.51798,1.51847,1.37,1.37
2015.05.19 19:02:43.505,1.51798,1.51847,1.37,1.00
2015.05.19 19:02:44.359,1.51798,1.51837,1.37,1.00
2015.05.19 19:02:44.460,1.51798,1.51846,1.37,1.00
2015.05.19 19:02:46.132,1.51803,1.51846,1.00,1.00
2015.05.19 19:02:46.639,1.51796,1.51846,1.75,1.00
2015.05.19 19:02:49.315,1.51801,1.51836,1.00,1.00
2015.05.19 19:02:49.461,1.51794,1.51836,1.37,1.00
2015.05.19 19:02:50.083,1.51794,1.51836,1.12,1.00
2015.05.19 19:02:50.285,1.51794,1.51846,1.12,1.50
2015.05.19 19:02:50.496,1.51794,1.51836,1.12,1.00
2015.05.19 19:02:50.801,1.51787,1.51837,1.37,1.00
2015.05.19 19:02:50.902,1.51787,1.51837,1.50,1.12
2015.05.19 19:02:53.426,1.51785,1.51837,2.25,1.00
2015.05.19 19:02:54.008,1.51792,1.51837,1.00,1.00
2015.05.19 19:02:54.210,1.51784,1.51836,1.37,1.00
2015.05.19 19:02:54.311,1.51791,1.51837,1.00,1.37
2015.05.19 19:02:54.462,1.51783,1.51836,1.37,1.37
2015.05.19 19:02:54.998,1.51783,1.51836,1.37,1.37
2015.05.19 19:02:56.492,1.51777,1.51832,1.75,1.00
2015.05.19 19:02:56.835,1.51777,1.51832,1.50,1.00
2015.05.19 19:02:59.233,1.51782,1.51836,1.37,1.37
2015.05.19 19:03:00.306,1.51779,1.51831,2.25,1.00
2015.05.19 19:03:00.508,1.51789,1.51837,1.37,1.00
2015.05.19 19:03:05.706,1.51789,1.51842,1.37,1.37
2015.05.19 19:03:05.756,1.51789,1.51842,1.75,1.00
2015.05.19 19:03:06.154,1.51789,1.51842,1.75,1.00
2015.05.19 19:03:06.373,1.51789,1.51842,1.50,1.00
2015.05.19 19:03:06.474,1.51789,1.51836,1.50,1.00
2015.05.19 19:03:06.866,1.51789,1.51836,1.75,1.00
2015.05.19 19:03:06.917,1.51789,1.51842,1.75,1.00
2015.05.19 19:03:08.858,1.51796,1.51847,1.12,1.37
2015.05.19 19:03:08.959,1.51796,1.51847,1.37,1.37
2015.05.19 19:03:16.252,1.51796,1.51847,1.00,1.75
2015.05.19 19:03:16.303,1.51791,1.51844,1.37,1.50
2015.05.19 19:03:16.555,1.51791,1.51837,1.37,1.00
2015.05.19 19:03:16.885,1.51791,1.51844,1.37,1.50
2015.05.19 19:03:17.534,1.51797,1.51847,1.00,1.75
2015.05.19 19:03:17.585,1.51789,1.51842,1.50,1.37
2015.05.19 19:03:18.137,1.51796,1.51846,1.00,1.75
2015.05.19 19:03:18.188,1.5179,1.51843,1.75,1.00
2015.05.19 19:03:18.239,1.51799,1.51846,1.00,1.37
2015.05.19 19:03:18.289,1.51799,1.51846,1.12,1.12
2015.05.19 19:03:18.390,1.5179,1.51843,1.75,1.00
2015.05.19 19:03:18.572,1.51791,1.51845,1.50,1.12
2015.05.19 19:03:18.673,1.51791,1.51843,1.50,1.00
2015.05.19 19:03:19.100,1.51788,1.51841,3.00,1.00
2015.05.19 19:03:19.504,1.51789,1.51842,1.75,1.00
2015.05.19 19:03:19.655,1.51796,1.51846,1.37,1.37
2015.05.19 19:03:20.646,1.51798,1.51846,1.00,1.37
2015.05.19 19:03:20.697,1.51792,1.51843,1.37,1.37
2015.05.19 19:03:20.848,1.51796,1.51846,1.00,1.37
2015.05.19 19:03:20.899,1.5179,1.51841,1.37,1.00
2015.05.19 19:03:22.177,1.51788,1.51841,3.00,1.00
2015.05.19 19:03:22.227,1.51797,1.51846,1.37,1.37
2015.05.19 19:03:22.278,1.5179,1.51843,1.75,1.00
2015.05.19 19:03:23.386,1.51798,1.51846,1.00,1.50
2015.05.19 19:03:23.437,1.51792,1.51842,1.37,1.37
2015.05.19 19:03:23.488,1.51796,1.51846,1.00,1.50
2015.05.19 19:03:23.588,1.51788,1.5184,2.25,1.00
2015.05.19 19:03:23.689,1.51786,1.51841,3.00,1.37
2015.05.19 19:03:23.790,1.51787,1.51841,1.12,1.75
2015.05.19 19:03:24.925,1.51786,1.51837,1.37,1.37
2015.05.19 19:03:25.323,1.51786,1.51827,1.00,1.00
2015.05.19 19:03:25.865,1.51786,1.51826,1.00,1.00
2015.05.19 19:03:26.615,1.51779,1.51826,1.37,1.00
2015.05.19 19:03:26.765,1.51779,1.51826,1.50,1.00
2015.05.19 19:03:27.270,1.51779,1.51826,1.37,1.00
2015.05.19 19:03:27.371,1.51779,1.51834,1.37,1.50
2015.05.19 19:03:27.472,1.51779,1.51826,1.37,1.00
2015.05.19 19:03:27.928,1.51784,1.51834,1.00,1.50
2015.05.19 19:03:28.671,1.51779,1.51834,1.37,1.50
2015.05.19 19:03:28.721,1.51779,1.51834,1.37,1.75
2015.05.19 19:03:32.121,1.51773,1.51826,2.25,1.00
2015.05.19 19:03:32.640,1.51775,1.51828,1.75,1.37
2015.05.19 19:03:32.971,1.51783,1.51828,1.00,1.37
2015.05.19 19:03:35.382,1.51775,1.51827,1.75,1.12
2015.05.19 19:03:36.876,1.51781,1.51827,1.75,1.00
2015.05.19 19:03:36.927,1.51788,1.51837,1.37,1.00
2015.05.19 19:03:37.028,1.51795,1.51836,1.37,1.00
2015.05.19 19:03:37.079,1.51789,1.51842,1.75,1.12
2015.05.19 19:03:37.130,1.51789,1.51837,1.00,1.00
2015.05.19 19:03:37.281,1.51789,1.51842,1.00,1.00
2015.05.19 19:03:37.909,1.51789,1.51836,1.00,1.00
2015.05.19 19:03:38.010,1.51783,1.51836,1.37,1.00
2015.05.19 19:03:38.161,1.51783,1.51836,1.00,1.00
2015.05.19 19:03:38.927,1.51783,1.51836,1.37,1.50
2015.05.19 19:03:40.229,1.51783,1.51836,1.37,1.50
2015.05.19 19:03:40.864,1.51783,1.51836,1.37,1.50
2015.05.19 19:03:41.384,1.5179,1.51842,1.37,1.00
2015.05.19 19:03:41.914,1.5179,1.51842,1.37,1.00
2015.05.19 19:03:42.386,1.51791,1.51842,1.50,1.00
2015.05.19 19:03:42.437,1.51792,1.51846,1.37,1.00
2015.05.19 19:03:43.128,1.51793,1.51846,1.37,1.00
2015.05.19 19:03:43.382,1.51802,1.51846,1.00,1.00
2015.05.19 19:03:43.435,1.51802,1.51857,1.00,1.87
2015.05.19 19:03:43.586,1.51802,1.51857,1.37,1.50
2015.05.19 19:03:43.688,1.51802,1.51857,1.00,1.12
2015.05.19 19:03:43.789,1.51802,1.51856,1.37,1.00
2015.05.19 19:03:43.990,1.51802,1.51856,1.37,1.00
2015.05.19 19:03:44.205,1.51797,1.5185,1.75,1.00
2015.05.19 19:03:44.256,1.51797,1.5185,1.37,1.00
2015.05.19 19:03:44.518,1.51797,1.51846,1.37,1.00
2015.05.19 19:03:45.085,1.51798,1.51847,1.37,1.00
2015.05.19 19:03:45.463,1.51793,1.51844,1.75,1.00
2015.05.19 19:03:45.572,1.51793,1.51844,1.37,1.00
2015.05.19 19:03:45.673,1.51792,1.51844,1.75,1.00
2015.05.19 19:03:46.074,1.51797,1.51847,1.37,1.00
2015.05.19 19:03:46.175,1.51791,1.51844,1.75,1.00
2015.05.19 19:03:46.577,1.51796,1.51847,1.37,1.00
2015.05.19 19:03:46.879,1.51796,1.51847,1.37,1.00
2015.05.19 19:03:47.270,1.51802,1.51847,1.00,1.00
2015.05.19 19:03:47.371,1.51802,1.51854,1.00,1.00
2015.05.19 19:03:47.702,1.51802,1.51855,1.00,1.75
2015.05.19 19:03:49.192,1.51802,1.51854,1.00,1.75
2015.05.19 19:03:49.724,1.51802,1.51855,1.37,1.75
2015.05.19 19:03:49.905,1.51799,1.51853,1.75,1.00
2015.05.19 19:03:50.006,1.51799,1.51847,1.37,1.00
2015.05.19 19:03:50.433,1.51808,1.51846,1.00,1.00
2015.05.19 19:03:50.747,1.51813,1.51846,1.00,1.00
2015.05.19 19:03:50.798,1.51809,1.51856,1.00,1.00
2015.05.19 19:03:50.982,1.51815,1.51856,1.00,1.00
2015.05.19 19:03:51.297,1.51815,1.51856,1.37,1.00
2015.05.19 19:03:51.875,1.51815,1.51857,1.37,1.00
2015.05.19 19:03:53.001,1.51815,1.51856,1.37,1.00
2015.05.19 19:03:53.753,1.51815,1.51857,1.00,1.00
2015.05.19 19:03:53.804,1.5182,1.51857,1.00,1.00
2015.05.19 19:03:53.854,1.5181,1.51857,1.37,1.00
2015.05.19 19:03:54.006,1.51819,1.51857,1.00,1.00
2015.05.19 19:03:54.157,1.51812,1.51857,1.37,1.00
2015.05.19 19:03:54.475,1.51812,1.51856,1.75,1.00
2015.05.19 19:03:54.779,1.51817,1.51857,1.37,1.00
2015.05.19 19:03:57.094,1.51817,1.51856,1.37,1.00
2015.05.19 19:03:57.444,1.51815,1.51857,1.75,1.00
2015.05.19 19:03:58.273,1.51814,1.51857,1.37,1.00
2015.05.19 19:03:58.323,1.51821,1.51856,1.00,1.00
2015.05.19 19:03:58.475,1.51812,1.51856,1.37,1.00
2015.05.19 19:03:58.576,1.51812,1.51856,1.50,1.00
2015.05.19 19:03:59.163,1.51854,1.51881,1.00,1.00
2015.05.19 19:03:59.466,1.51882,1.51906,1.00,1.00
2015.05.19 19:03:59.768,1.51879,1.51897,1.00,1.00
2015.05.19 19:03:59.819,1.51879,1.51907,1.00,1.00
2015.05.19 19:04:00.033,1.51879,1.51898,1.00,1.00
2015.05.19 19:04:00.234,1.51876,1.51897,1.00,1.00
2015.05.19 19:04:00.285,1.51876,1.51907,1.00,1.00
2015.05.19 19:04:00.659,1.51879,1.51906,1.00,1.00
2015.05.19 19:04:01.084,1.51875,1.51906,1.00,1.00
2015.05.19 19:04:01.235,1.51873,1.51906,1.00,1.00
2015.05.19 19:04:01.812,1.51873,1.51907,1.00,1.00
2015.05.19 19:04:02.342,1.51873,1.51906,1.00,1.00
2015.05.19 19:04:04.901,1.51876,1.51917,1.37,1.00
2015.05.19 19:04:05.002,1.51876,1.51917,1.75,1.00
2015.05.19 19:04:09.052,1.51883,1.51916,1.87,1.00
2015.05.19 19:04:09.571,1.51883,1.51916,1.50,1.00
2015.05.19 19:04:09.723,1.51887,1.51927,1.37,1.00
2015.05.19 19:04:09.824,1.51887,1.51916,1.37,1.00
2015.05.19 19:04:10.357,1.51885,1.51917,1.50,1.00
2015.05.19 19:04:11.191,1.5189,1.51917,1.37,1.00
2015.05.19 19:04:12.353,1.5189,1.51916,1.00,1.00
2015.05.19 19:04:12.403,1.51886,1.51917,1.00,1.00
2015.05.19 19:04:12.757,1.51888,1.51917,1.00,1.00
2015.05.19 19:04:13.418,1.51892,1.51917,1.00,1.00
2015.05.19 19:04:13.469,1.51892,1.51926,1.00,1.00
2015.05.19 19:04:13.570,1.51894,1.51927,1.00,1.00
2015.05.19 19:04:13.876,1.51894,1.51916,1.00,1.00
2015.05.19 19:04:14.218,1.51892,1.51916,1.00,1.00
2015.05.19 19:04:14.829,1.51891,1.51916,1.00,1.00
2015.05.19 19:04:15.302,1.51889,1.51916,1.50,1.00
2015.05.19 19:04:15.638,1.51892,1.51916,1.00,1.00
2015.05.19 19:04:15.789,1.51892,1.51926,1.00,1.00
2015.05.19 19:04:17.131,1.51892,1.51917,1.00,1.00
2015.05.19 19:04:17.182,1.5189,1.51917,1.00,1.00
2015.05.19 19:04:17.282,1.51888,1.51917,1.00,1.00
2015.05.19 19:04:17.333,1.51888,1.51927,1.00,1.12
2015.05.19 19:04:17.384,1.51884,1.51927,1.00,1.12
2015.05.19 19:04:17.434,1.51884,1.51927,1.00,1.37
2015.05.19 19:04:17.618,1.51884,1.51927,1.00,1.37
2015.05.19 19:04:17.669,1.51884,1.51917,1.00,1.00
2015.05.19 19:04:18.011,1.51884,1.51907,1.00,1.00
2015.05.19 19:04:18.313,1.51884,1.51916,1.75,1.00
2015.05.19 19:04:18.414,1.51886,1.51927,1.37,1.00
2015.05.19 19:04:18.857,1.5189,1.51916,1.00,1.00
2015.05.19 19:04:21.856,1.51891,1.51916,1.00,1.00
2015.05.19 19:04:22.181,1.51893,1.51916,1.37,1.00
2015.05.19 19:04:22.550,1.51893,1.51916,1.00,1.00
2015.05.19 19:04:22.651,1.5189,1.51927,1.37,1.00
2015.05.19 19:04:22.822,1.51891,1.51917,1.00,1.00
2015.05.19 19:04:22.924,1.51891,1.51926,1.37,1.00
2015.05.19 19:04:23.162,1.51891,1.51916,1.37,1.00
2015.05.19 19:04:26.526,1.51891,1.51916,1.37,1.00
2015.05.19 19:04:28.449,1.51891,1.51926,1.37,1.00
2015.05.19 19:04:28.600,1.51895,1.51926,1.00,1.00
2015.05.19 19:04:29.105,1.51892,1.51926,1.37,1.00
2015.05.19 19:04:30.150,1.51892,1.51926,1.50,1.00
2015.05.19 19:04:30.553,1.51899,1.51926,1.00,1.00
2015.05.19 19:04:31.670,1.51897,1.51926,1.00,1.00
2015.05.19 19:04:31.974,1.519,1.51936,1.00,1.00
2015.05.19 19:04:32.558,1.519,1.51937,1.00,1.00
2015.05.19 19:04:32.609,1.519,1.51926,1.00,1.00
2015.05.19 19:04:34.706,1.519,1.51927,1.50,1.00
2015.05.19 19:04:35.332,1.519,1.51926,1.00,1.00
2015.05.19 19:04:35.971,1.519,1.51927,1.00,1.00
2015.05.19 19:04:38.053,1.51902,1.51927,1.00,1.00
2015.05.19 19:04:39.118,1.51901,1.51927,1.00,1.00
2015.05.19 19:04:42.212,1.51901,1.51926,1.00,1.00
2015.05.19 19:04:42.313,1.51899,1.51926,1.12,1.00
2015.05.19 19:04:43.056,1.51899,1.51927,1.12,1.00
2015.05.19 19:04:45.928,1.51899,1.51926,1.00,1.00
2015.05.19 19:04:46.819,1.51902,1.51937,1.00,1.00
2015.05.19 19:04:47.021,1.51902,1.51927,1.00,1.00
2015.05.19 19:04:47.122,1.51901,1.51936,1.12,1.00
2015.05.19 19:04:47.486,1.51902,1.51927,1.00,1.00
2015.05.19 19:04:52.746,1.51902,1.51926,1.00,1.00
2015.05.19 19:04:53.635,1.51902,1.51927,1.00,1.00
2015.05.19 19:04:54.071,1.51899,1.51927,1.00,1.00
2015.05.19 19:04:58.237,1.51899,1.51927,1.37,1.00
2015.05.19 19:04:58.564,1.51903,1.51926,1.87,1.00
2015.05.19 19:04:58.615,1.51903,1.51936,1.37,1.00
2015.05.19 19:04:58.716,1.51907,1.51936,1.37,1.00
2015.05.19 19:04:59.142,1.51911,1.51937,1.00,1.00
2015.05.19 19:04:59.444,1.51913,1.51937,1.37,1.00
2015.05.19 19:04:59.895,1.51913,1.51947,1.37,1.00
2015.05.19 19:05:00.107,1.51913,1.51936,1.00,1.00
2015.05.19 19:05:00.359,1.5191,1.51936,1.37,1.00
2015.05.19 19:05:00.710,1.51907,1.51936,1.00,1.00
2015.05.19 19:05:01.250,1.51906,1.51936,1.12,1.00
2015.05.19 19:05:01.811,1.51908,1.51936,1.00,1.00
2015.05.19 19:05:02.669,1.51906,1.51936,1.00,1.00
2015.05.19 19:05:03.058,1.51903,1.51936,1.00,1.00
2015.05.19 19:05:03.424,1.51903,1.51926,1.00,1.00
2015.05.19 19:05:03.774,1.51899,1.51926,1.37,1.00
2015.05.19 19:05:03.925,1.51899,1.51927,1.00,1.00
2015.05.19 19:05:04.426,1.51898,1.51926,1.00,1.00
2015.05.19 19:05:04.962,1.51898,1.51927,1.12,1.00
2015.05.19 19:05:08.455,1.51898,1.51926,1.12,1.00
2015.05.19 19:05:09.035,1.51898,1.51927,1.12,1.00
2015.05.19 19:05:09.622,1.51894,1.51927,1.37,1.00
2015.05.19 19:05:10.266,1.51895,1.51926,1.37,1.00
2015.05.19 19:05:10.924,1.51895,1.51926,1.37,1.00
2015.05.19 19:05:11.271,1.51899,1.51926,1.37,1.00
2015.05.19 19:05:12.024,1.51899,1.51927,1.37,1.00
2015.05.19 19:05:12.327,1.51901,1.51936,1.37,1.00
2015.05.19 19:05:13.034,1.51905,1.51937,1.37,1.00
2015.05.19 19:05:15.745,1.51905,1.51937,1.00,1.00
2015.05.19 19:05:15.897,1.51903,1.51936,1.00,1.00
2015.05.19 19:05:16.056,1.51903,1.51927,1.00,1.00
2015.05.19 19:05:16.284,1.51901,1.51927,1.00,1.00
2015.05.19 19:05:16.432,1.51899,1.51927,1.00,1.00
2015.05.19 19:05:16.637,1.51896,1.51926,1.87,1.00
2015.05.19 19:05:17.139,1.51896,1.51926,1.00,1.00
2015.05.19 19:05:17.290,1.51893,1.51927,1.00,1.00
2015.05.19 19:05:17.442,1.5189,1.51927,1.00,1.00
2015.05.19 19:05:17.628,1.5189,1.51916,1.00,1.00
2015.05.19 19:05:18.295,1.5189,1.51917,1.00,1.00
2015.05.19 19:05:19.556,1.51887,1.51917,1.50,1.00
2015.05.19 19:05:20.551,1.51889,1.51917,1.00,1.00
2015.05.19 19:05:20.636,1.51887,1.51917,1.00,1.00
2015.05.19 19:05:21.254,1.51889,1.51916,1.00,1.00
2015.05.19 19:05:21.405,1.51885,1.51916,1.50,1.00
2015.05.19 19:05:21.456,1.51885,1.51907,1.50,1.00
2015.05.19 19:05:21.655,1.51885,1.51916,1.50,1.00
2015.05.19 19:05:27.771,1.51885,1.51916,1.87,1.00
2015.05.19 19:05:28.317,1.51887,1.51916,1.00,1.00
2015.05.19 19:05:35.001,1.51884,1.51906,1.37,1.00
2015.05.19 19:05:35.102,1.51884,1.51906,1.00,1.00
2015.05.19 19:05:35.685,1.51882,1.51906,1.87,1.00
2015.05.19 19:05:36.495,1.51882,1.51906,1.87,1.00
2015.05.19 19:05:40.491,1.51884,1.51907,1.37,1.00
2015.05.19 19:05:41.293,1.51884,1.51907,1.75,1.00
2015.05.19 19:05:41.394,1.51888,1.51916,1.87,1.00
2015.05.19 19:05:41.697,1.51888,1.51907,1.12,1.00
2015.05.19 19:05:44.424,1.51884,1.51906,1.37,1.00
2015.05.19 19:05:50.140,1.51885,1.51906,1.37,1.00
2015.05.19 19:05:50.583,1.51885,1.51917,1.37,1.00
2015.05.19 19:05:51.844,1.51885,1.51916,1.12,1.00
2015.05.19 19:05:52.045,1.51885,1.51906,1.12,1.00
2015.05.19 19:05:53.223,1.51884,1.51906,1.00,1.00
2015.05.19 19:05:54.258,1.51884,1.51906,1.37,1.00
2015.05.19 19:06:03.680,1.51888,1.51906,1.00,1.00
2015.05.19 19:06:04.287,1.51885,1.51907,1.37,1.00
2015.05.19 19:06:06.868,1.51884,1.51907,1.37,1.00
2015.05.19 19:06:09.634,1.51882,1.51906,1.87,1.00
2015.05.19 19:06:10.136,1.51888,1.51906,1.00,1.00
2015.05.19 19:06:10.649,1.51885,1.51906,1.37,1.00
2015.05.19 19:06:11.863,1.51885,1.51917,1.37,1.00
2015.05.19 19:06:11.964,1.5189,1.51917,1.37,1.00
2015.05.19 19:06:12.297,1.5189,1.51906,1.37,1.00
2015.05.19 19:06:13.373,1.5189,1.51907,1.37,1.00
2015.05.19 19:06:16.480,1.51886,1.51907,2.25,1.00
2015.05.19 19:06:16.682,1.51888,1.51917,1.50,1.00
2015.05.19 19:06:16.884,1.5189,1.51916,1.00,1.00
2015.05.19 19:06:17.369,1.5189,1.51916,1.37,1.00
2015.05.19 19:06:17.474,1.51893,1.51927,1.37,1.00
2015.05.19 19:06:17.729,1.51893,1.51917,1.37,1.00
2015.05.19 19:06:17.931,1.51893,1.51926,1.37,1.00
2015.05.19 19:06:18.132,1.51894,1.51917,1.12,1.00
2015.05.19 19:06:19.652,1.51896,1.51917,1.00,1.00
2015.05.19 19:06:19.762,1.51894,1.51917,1.87,1.00
2015.05.19 19:06:21.740,1.51896,1.51917,1.00,1.00
2015.05.19 19:06:21.992,1.519,1.51927,1.37,1.00
2015.05.19 19:06:22.122,1.519,1.51927,1.87,1.00
2015.05.19 19:06:22.223,1.51902,1.51936,1.00,1.00
2015.05.19 19:06:22.372,1.51901,1.51926,1.50,1.00
2015.05.19 19:06:23.079,1.51901,1.51927,1.50,1.00
2015.05.19 19:06:23.785,1.51901,1.51927,1.37,1.00
2015.05.19 19:06:24.099,1.519,1.51927,1.00,1.00
2015.05.19 19:06:24.282,1.51899,1.51936,1.12,1.00
2015.05.19 19:06:24.532,1.51899,1.51926,1.12,1.00
2015.05.19 19:06:25.060,1.51899,1.51927,1.12,1.00
2015.05.19 19:06:25.969,1.51898,1.51927,2.25,1.00
2015.05.19 19:06:26.302,1.51905,1.51926,1.00,1.00
2015.05.19 19:06:27.036,1.51906,1.51927,1.00,1.00
2015.05.19 19:06:27.138,1.51903,1.51927,1.00,1.00
2015.05.19 19:06:27.372,1.51901,1.51927,1.00,1.00
2015.05.19 19:06:27.758,1.51904,1.51927,1.00,1.00
2015.05.19 19:06:27.809,1.519,1.51926,1.00,1.00
2015.05.19 19:06:28.313,1.51901,1.51927,1.00,1.00
2015.05.19 19:06:30.334,1.51903,1.51927,1.00,1.00
2015.05.19 19:06:30.435,1.519,1.51927,1.37,1.00
2015.05.19 19:06:30.649,1.519,1.51936,1.37,1.00
2015.05.19 19:06:30.862,1.519,1.51927,1.00,1.00
2015.05.19 19:06:31.405,1.51902,1.51926,1.00,1.00
2015.05.19 19:06:31.513,1.519,1.51926,1.00,1.00
2015.05.19 19:06:33.408,1.519,1.51926,1.87,1.00
2015.05.19 19:06:34.060,1.51904,1.51926,1.00,1.00
2015.05.19 19:06:34.282,1.51902,1.51926,1.00,1.00
2015.05.19 19:06:34.813,1.51903,1.51926,1.00,1.00
2015.05.19 19:06:36.795,1.51906,1.51926,1.00,1.00
2015.05.19 19:06:37.036,1.51908,1.51936,1.37,1.00
2015.05.19 19:06:37.495,1.51907,1.51936,1.00,1.00
2015.05.19 19:06:37.697,1.51905,1.51936,1.00,1.00
2015.05.19 19:06:37.798,1.51905,1.51927,1.00,1.00
2015.05.19 19:06:37.977,1.51903,1.51927,1.50,1.00
2015.05.19 19:06:40.182,1.51901,1.51927,1.00,1.00
2015.05.19 19:06:40.749,1.519,1.51927,1.00,1.00
2015.05.19 19:06:41.228,1.51901,1.51927,1.50,1.00
2015.05.19 19:06:41.429,1.51904,1.51937,1.37,1.00
2015.05.19 19:06:41.532,1.51905,1.51926,1.12,1.00
2015.05.19 19:06:41.684,1.51907,1.51936,1.87,1.00
2015.05.19 19:06:42.230,1.51907,1.51936,1.87,1.00
2015.05.19 19:06:42.418,1.51907,1.51936,1.00,1.00
2015.05.19 19:06:42.570,1.51905,1.51936,1.00,1.00
2015.05.19 19:06:42.771,1.51904,1.51926,1.00,1.00
2015.05.19 19:06:43.520,1.519,1.51926,1.87,1.00
2015.05.19 19:06:43.879,1.51897,1.51927,1.00,1.00
2015.05.19 19:06:43.980,1.51892,1.51917,1.00,1.00
2015.05.19 19:06:44.081,1.51892,1.51927,1.00,1.00
2015.05.19 19:06:44.283,1.51891,1.51916,1.00,1.00
2015.05.19 19:06:44.538,1.51887,1.51916,1.37,1.00
2015.05.19 19:06:45.171,1.51885,1.51916,1.50,1.00
2015.05.19 19:06:45.636,1.51892,1.51917,1.00,1.00
2015.05.19 19:06:45.737,1.51896,1.51926,1.37,1.00
2015.05.19 19:06:45.952,1.51896,1.51941,1.37,1.00
2015.05.19 19:06:46.007,1.51897,1.51942,1.37,1.00
2015.05.19 19:06:46.058,1.51897,1.51942,1.37,1.12
2015.05.19 19:06:46.159,1.51897,1.51936,1.37,1.00
2015.05.19 19:06:46.498,1.519,1.51936,1.00,1.00
2015.05.19 19:06:47.501,1.51899,1.51936,1.00,1.00
2015.05.19 19:06:49.264,1.51897,1.51936,1.12,1.00
2015.05.19 19:06:49.826,1.51898,1.51937,1.00,1.00
2015.05.19 19:06:50.129,1.519,1.51936,1.00,1.00
2015.05.19 19:06:50.701,1.51899,1.51936,1.00,1.00
2015.05.19 19:06:51.008,1.51898,1.51936,1.37,1.00
2015.05.19 19:06:51.907,1.51897,1.51936,1.37,1.00
2015.05.19 19:06:52.532,1.51893,1.51937,2.25,1.00
2015.05.19 19:06:53.013,1.51895,1.51937,2.25,1.00
2015.05.19 19:06:54.080,1.519,1.51936,1.50,1.00
2015.05.19 19:06:54.734,1.51901,1.51946,1.37,2.25
2015.05.19 19:06:55.121,1.51901,1.51946,1.75,1.50
2015.05.19 19:06:56.239,1.51901,1.51946,1.37,1.00
2015.05.19 19:06:56.341,1.51901,1.51945,1.75,1.00
2015.05.19 19:06:56.676,1.51902,1.51937,1.50,1.00
2015.05.19 19:06:56.918,1.51902,1.51937,1.37,1.00
2015.05.19 19:06:58.423,1.51901,1.51937,1.75,1.00
2015.05.19 19:06:58.524,1.51904,1.51937,1.37,1.00
2015.05.19 19:06:59.131,1.51901,1.51937,1.37,1.00
2015.05.19 19:06:59.301,1.51901,1.51946,1.50,1.00
2015.05.19 19:06:59.402,1.51901,1.51936,1.50,1.00
2015.05.19 19:06:59.596,1.51901,1.51947,2.25,1.00
2015.05.19 19:06:59.748,1.51903,1.51947,1.12,1.00
2015.05.19 19:06:59.799,1.51907,1.51947,1.00,1.00
2015.05.19 19:07:00.462,1.51903,1.51947,1.37,1.00
2015.05.19 19:07:00.613,1.51907,1.51947,1.00,1.00
2015.05.19 19:07:02.768,1.51904,1.51947,1.37,1.00
2015.05.19 19:07:03.200,1.51906,1.51937,1.00,1.00
2015.05.19 19:07:03.359,1.51906,1.51947,1.00,1.00
2015.05.19 19:07:03.765,1.51903,1.51951,1.37,1.50
2015.05.19 19:07:03.996,1.51903,1.51946,1.37,1.00
2015.05.19 19:07:04.847,1.51903,1.51946,1.50,1.00
2015.05.19 19:07:05.099,1.51905,1.51953,1.37,1.00
2015.05.19 19:07:05.150,1.51905,1.51953,1.75,1.00
2015.05.19 19:07:05.200,1.51913,1.51956,1.12,1.00
2015.05.19 19:07:05.371,1.51913,1.51956,1.00,1.37
2015.05.19 19:07:05.673,1.51909,1.51946,2.25,1.00
2015.05.19 19:07:06.248,1.51915,1.51947,1.12,1.00
2015.05.19 19:07:06.908,1.51915,1.51946,1.12,1.00
2015.05.19 19:07:07.210,1.51921,1.51956,1.37,1.00
2015.05.19 19:07:07.513,1.5192,1.51956,1.00,1.00
2015.05.19 19:07:07.563,1.51926,1.51956,1.00,1.00
2015.05.19 19:07:08.603,1.51921,1.51956,1.37,1.00
2015.05.19 19:07:08.654,1.51926,1.51956,1.00,1.00
2015.05.19 19:07:08.856,1.51922,1.51966,1.12,1.00
2015.05.19 19:07:08.957,1.51922,1.51956,1.12,1.00
2015.05.19 19:07:09.235,1.5192,1.51957,1.50,1.00
2015.05.19 19:07:09.745,1.5192,1.51956,1.50,1.00
2015.05.19 19:07:10.176,1.5192,1.51956,1.87,1.00
2015.05.19 19:07:10.540,1.51926,1.51956,1.00,1.00
2015.05.19 19:07:11.072,1.51926,1.51957,1.00,1.00
2015.05.19 19:07:11.250,1.5192,1.51956,1.37,1.00
2015.05.19 19:07:11.921,1.51925,1.51956,1.00,1.00
2015.05.19 19:07:12.022,1.5192,1.51956,1.87,1.00
2015.05.19 19:07:12.213,1.51927,1.51956,1.00,1.00
2015.05.19 19:07:14.864,1.51922,1.51956,1.12,1.00
2015.05.19 19:07:17.283,1.51922,1.51957,1.12,1.00
2015.05.19 19:07:18.824,1.51922,1.51967,1.12,1.00
2015.05.19 19:07:19.144,1.51922,1.51967,1.37,1.00
2015.05.19 19:07:19.446,1.5193,1.51967,1.12,1.00
2015.05.19 19:07:20.040,1.5193,1.51966,1.12,1.00
2015.05.19 19:07:22.542,1.51928,1.51964,1.00,1.75
2015.05.19 19:07:22.593,1.51923,1.51957,1.00,1.37
2015.05.19 19:07:22.643,1.51923,1.5195,1.00,1.00
2015.05.19 19:07:22.694,1.51913,1.51946,1.00,1.00
2015.05.19 19:07:22.795,1.51904,1.51946,1.37,1.00
2015.05.19 19:07:22.896,1.51904,1.51949,1.37,1.50
2015.05.19 19:07:23.061,1.51904,1.51946,1.87,1.00
2015.05.19 19:07:23.600,1.51904,1.51947,3.37,1.00
2015.05.19 19:07:24.457,1.51904,1.51946,1.87,1.00
2015.05.19 19:07:24.760,1.51905,1.51946,1.50,1.50
2015.05.19 19:07:25.062,1.51905,1.51947,1.75,1.50
2015.05.19 19:07:27.148,1.51912,1.51947,1.37,1.00
2015.05.19 19:07:28.560,1.51912,1.51947,1.12,1.00
2015.05.19 19:07:29.079,1.51912,1.51946,1.12,1.00
2015.05.19 19:07:30.063,1.51906,1.51946,1.12,1.00
2015.05.19 19:07:30.593,1.51906,1.51946,1.37,1.00
2015.05.19 19:07:31.771,1.51906,1.51946,1.37,1.00
2015.05.19 19:07:32.892,1.51907,1.51946,1.37,1.00
2015.05.19 19:07:35.076,1.51907,1.51946,1.12,1.00
2015.05.19 19:07:35.517,1.51905,1.51951,1.37,1.87
2015.05.19 19:07:44.019,1.51904,1.51951,2.62,1.50
2015.05.19 19:07:44.240,1.51904,1.51951,1.50,1.50
2015.05.19 19:07:44.290,1.51904,1.51948,1.00,1.00
2015.05.19 19:07:44.593,1.51899,1.51944,1.37,1.00
2015.05.19 19:07:44.953,1.51898,1.51944,1.87,1.50
2015.05.19 19:07:45.007,1.51898,1.51944,3.00,1.50
2015.05.19 19:07:45.349,1.51898,1.51941,1.37,1.00
2015.05.19 19:07:53.312,1.51897,1.51941,1.12,1.50
2015.05.19 19:07:54.634,1.51896,1.5194,1.75,1.00
2015.05.19 19:07:55.316,1.51895,1.51939,1.37,1.00
2015.05.19 19:07:55.856,1.51897,1.51939,1.75,1.00
2015.05.19 19:07:56.058,1.51906,1.51952,1.37,1.00
2015.05.19 19:07:56.592,1.5191,1.51953,1.37,1.50
2015.05.19 19:08:00.585,1.51912,1.51953,1.00,1.00
2015.05.19 19:08:01.091,1.51911,1.51953,1.12,1.00
2015.05.19 19:08:01.822,1.51912,1.51953,1.00,1.00
2015.05.19 19:08:02.682,1.5191,1.51953,1.37,1.00
2015.05.19 19:08:03.333,1.5191,1.51953,1.75,1.00
2015.05.19 19:08:12.951,1.51915,1.51953,1.00,1.00
2015.05.19 19:08:13.111,1.51912,1.51953,1.12,1.00
2015.05.19 19:08:19.061,1.51908,1.51953,1.37,1.00
2015.05.19 19:08:20.429,1.51907,1.51951,1.87,1.00
2015.05.19 19:08:25.812,1.51907,1.51951,1.12,1.00
2015.05.19 19:08:27.075,1.51907,1.51951,3.00,1.00
2015.05.19 19:08:27.278,1.51917,1.51962,1.37,1.00
2015.05.19 19:08:27.790,1.51916,1.51963,1.87,1.00
2015.05.19 19:08:30.481,1.51923,1.51963,1.12,1.00
2015.05.19 19:08:32.983,1.51919,1.51962,1.37,1.00
2015.05.19 19:08:33.624,1.51922,1.51963,1.37,1.00
2015.05.19 19:08:37.888,1.51922,1.51963,1.12,1.00
2015.05.19 19:08:38.039,1.51916,1.51958,1.00,1.00
2015.05.19 19:08:38.090,1.51914,1.51958,1.12,1.00
2015.05.19 19:08:38.191,1.5191,1.51956,1.87,1.00
2015.05.19 19:08:39.318,1.5191,1.51956,1.37,1.00
2015.05.19 19:08:39.894,1.51908,1.51955,1.50,1.00
2015.05.19 19:08:41.265,1.51907,1.51953,1.75,1.00
2015.05.19 19:08:42.313,1.51907,1.51953,1.37,1.00
2015.05.19 19:08:43.429,1.51907,1.51953,1.50,1.00
2015.05.19 19:08:43.480,1.51916,1.51953,1.00,1.00
2015.05.19 19:08:43.530,1.51916,1.51956,1.00,2.25
2015.05.19 19:08:43.631,1.51916,1.51956,1.37,1.00
2015.05.19 19:08:43.682,1.5192,1.51961,1.12,1.00
2015.05.19 19:08:43.732,1.51922,1.51961,1.12,1.00
2015.05.19 19:08:43.783,1.51922,1.51965,1.12,1.00
2015.05.19 19:08:51.789,1.51916,1.51961,1.87,1.12
2015.05.19 19:08:52.018,1.51908,1.51953,1.37,1.00
2015.05.19 19:08:52.122,1.51908,1.51951,1.37,1.00
2015.05.19 19:08:52.692,1.51908,1.51949,1.37,1.00
2015.05.19 19:08:52.949,1.51908,1.51951,1.37,1.00
2015.05.19 19:08:55.239,1.51908,1.51951,1.00,1.50
2015.05.19 19:08:55.381,1.51908,1.51946,1.00,1.00
2015.05.19 19:08:56.429,1.51908,1.51946,1.87,1.00
2015.05.19 19:08:56.631,1.51914,1.51956,1.37,1.00
2015.05.19 19:08:56.772,1.51915,1.51964,1.37,1.87
2015.05.19 19:08:56.825,1.51915,1.51956,1.37,1.00
2015.05.19 19:08:57.329,1.51917,1.51957,1.00,1.00
2015.05.19 19:08:57.846,1.51917,1.51956,1.00,1.00
2015.05.19 19:08:58.801,1.51917,1.51957,1.00,1.00
2015.05.19 19:08:59.815,1.51914,1.51956,1.00,1.00
2015.05.19 19:09:07.813,1.51914,1.51957,1.00,1.00
2015.05.19 19:09:07.929,1.51916,1.51957,1.00,1.00
2015.05.19 19:09:08.132,1.51917,1.51964,1.00,1.37
2015.05.19 19:09:08.351,1.51917,1.51947,1.00,1.00
2015.05.19 19:09:09.560,1.51917,1.51946,1.00,1.00
2015.05.19 19:09:09.711,1.51915,1.51946,1.00,1.00
2015.05.19 19:09:18.112,1.51909,1.51946,1.37,1.00
2015.05.19 19:09:20.304,1.51909,1.51946,1.00,1.00
2015.05.19 19:09:20.355,1.51908,1.51949,1.00,1.00
2015.05.19 19:09:20.405,1.51908,1.51949,1.00,1.75
2015.05.19 19:09:20.456,1.51903,1.51946,1.00,1.87
2015.05.19 19:09:20.507,1.51901,1.51942,1.00,1.75
2015.05.19 19:09:20.608,1.51898,1.51939,1.00,1.50
2015.05.19 19:09:20.709,1.51905,1.51942,1.37,1.50
2015.05.19 19:09:20.810,1.51905,1.51954,1.00,1.75
2015.05.19 19:09:20.911,1.51909,1.51954,1.00,1.00
2015.05.19 19:09:21.049,1.51905,1.51952,1.00,1.00
2015.05.19 19:09:21.154,1.51905,1.51947,1.00,1.00
2015.05.19 19:09:22.100,1.51905,1.51946,1.00,1.00
2015.05.19 19:09:22.438,1.51907,1.51947,1.00,1.00
2015.05.19 19:09:23.089,1.51907,1.51951,1.00,1.00
2015.05.19 19:09:23.579,1.51907,1.51947,1.00,1.00
2015.05.19 19:09:23.781,1.51886,1.51933,1.00,1.50
2015.05.19 19:09:23.832,1.51886,1.51933,1.00,1.75
2015.05.19 19:09:23.883,1.51884,1.5193,1.00,1.75
2015.05.19 19:09:25.199,1.5188,1.51926,1.12,1.37
2015.05.19 19:09:27.927,1.51884,1.51926,1.37,1.00
2015.05.19 19:09:28.078,1.51889,1.51934,1.37,1.37
2015.05.19 19:09:31.620,1.5189,1.51936,1.37,1.37
2015.05.19 19:09:33.882,1.51894,1.51937,1.00,1.37
2015.05.19 19:09:47.839,1.5189,1.51937,1.37,1.37
2015.05.19 19:09:47.889,1.5189,1.51937,1.75,1.00
2015.05.19 19:09:47.991,1.51904,1.51945,1.12,1.00
2015.05.19 19:09:48.042,1.51904,1.51953,1.12,1.75
2015.05.19 19:09:48.093,1.51904,1.51953,1.12,1.37
2015.05.19 19:09:48.194,1.51907,1.51958,1.00,1.00
2015.05.19 19:09:48.328,1.51917,1.51958,1.12,1.00
2015.05.19 19:09:48.379,1.51917,1.51964,1.12,1.00
2015.05.19 19:09:48.917,1.51916,1.51965,1.37,1.12
2015.05.19 19:09:50.887,1.51916,1.51965,1.37,1.00
2015.05.19 19:09:54.084,1.51917,1.51965,1.37,1.12
2015.05.19 19:09:54.185,1.51915,1.51965,1.00,1.87
2015.05.19 19:09:54.236,1.51914,1.51958,1.12,1.00
2015.05.19 19:09:54.286,1.51914,1.51965,1.12,1.87
2015.05.19 19:09:54.468,1.51914,1.5196,1.12,1.00
2015.05.19 19:09:55.879,1.51914,1.5196,1.37,1.00
2015.05.19 19:09:56.031,1.51912,1.51967,2.25,1.87
2015.05.19 19:09:56.308,1.51912,1.51956,2.25,1.00
2015.05.19 19:09:56.841,1.51916,1.51957,1.37,1.00
2015.05.19 19:09:57.382,1.51916,1.51956,1.37,1.00
2015.05.19 19:09:58.099,1.51916,1.51957,1.87,1.00
2015.05.19 19:09:59.198,1.51918,1.51966,2.62,1.00
2015.05.19 19:09:59.400,1.51924,1.51966,1.00,1.00
2015.05.19 19:09:59.880,1.51922,1.51969,1.37,1.00
2015.05.19 19:09:59.930,1.51922,1.51969,1.00,1.37
2015.05.19 19:10:00.410,1.51922,1.51956,1.00,1.00
2015.05.19 19:10:00.641,1.51922,1.51966,1.00,1.37
2015.05.19 19:10:00.774,1.51916,1.51966,1.37,1.37
2015.05.19 19:10:01.121,1.51914,1.51964,1.00,1.75
2015.05.19 19:10:01.468,1.51918,1.51946,1.00,1.00
2015.05.19 19:10:01.518,1.51909,1.51956,1.75,1.00
2015.05.19 19:10:01.619,1.51913,1.51959,1.50,1.00
2015.05.19 19:10:01.895,1.51914,1.51959,1.87,1.00
2015.05.19 19:10:01.946,1.51922,1.51959,1.00,1.00
2015.05.19 19:10:02.047,1.51922,1.51967,1.00,1.00
2015.05.19 19:10:02.098,1.51922,1.51967,1.00,1.37
2015.05.19 19:10:03.285,1.51922,1.51962,1.00,1.00
2015.05.19 19:10:03.404,1.51922,1.51967,1.00,1.87
2015.05.19 19:10:04.802,1.51922,1.51961,1.00,1.00
2015.05.19 19:10:04.965,1.51922,1.51966,1.00,1.37
2015.05.19 19:10:05.267,1.51918,1.51956,2.62,1.00
2015.05.19 19:10:05.368,1.51924,1.51966,1.00,1.00
2015.05.19 19:10:05.569,1.51919,1.51967,1.12,1.00
2015.05.19 19:10:05.696,1.51918,1.51956,1.37,1.00
2015.05.19 19:10:06.100,1.51915,1.51966,1.75,1.00
2015.05.19 19:10:06.151,1.51923,1.51966,1.00,1.00
2015.05.19 19:10:06.465,1.5192,1.51956,1.00,1.00
2015.05.19 19:10:06.870,1.51922,1.51967,1.00,1.00
2015.05.19 19:10:07.122,1.51918,1.51967,1.12,1.00
2015.05.19 19:10:07.223,1.51916,1.51957,1.37,1.00
2015.05.19 19:10:07.909,1.51916,1.51956,1.37,1.00
2015.05.19 19:10:15.435,1.51915,1.51956,2.25,1.00
2015.05.19 19:10:15.707,1.51916,1.51967,2.25,1.00
2015.05.19 19:10:15.757,1.51918,1.51967,2.25,1.00
2015.05.19 19:10:16.081,1.51927,1.51967,1.00,1.00
2015.05.19 19:10:16.232,1.51917,1.51966,1.37,1.00
2015.05.19 19:10:22.364,1.51922,1.51966,1.00,1.00
2015.05.19 19:10:22.969,1.5192,1.51966,1.37,1.00
2015.05.19 19:10:26.200,1.51924,1.51966,1.00,1.00
2015.05.19 19:10:26.418,1.51927,1.51975,2.62,1.00
2015.05.19 19:10:27.105,1.51928,1.51976,1.37,1.00
2015.05.19 19:10:29.382,1.51929,1.51976,2.25,1.00
2015.05.19 19:10:29.887,1.51928,1.51976,1.00,1.00
2015.05.19 19:10:29.988,1.5193,1.51976,1.12,1.12
2015.05.19 19:10:30.291,1.51927,1.51976,1.50,1.12
2015.05.19 19:10:30.392,1.51929,1.51976,1.00,1.00
2015.05.19 19:10:30.442,1.51929,1.51974,1.00,1.00
2015.05.19 19:10:30.543,1.51929,1.51976,1.37,1.00
2015.05.19 19:10:30.964,1.51925,1.51973,1.00,1.00
2015.05.19 19:10:31.165,1.51923,1.51973,1.75,1.12
2015.05.19 19:10:31.367,1.51925,1.51978,1.37,1.37
2015.05.19 19:10:31.624,1.51924,1.51972,1.37,1.00
2015.05.19 19:10:31.784,1.51925,1.51976,1.37,1.12
2015.05.19 19:10:31.986,1.51925,1.51976,1.00,1.50
2015.05.19 19:10:32.288,1.51934,1.51977,1.00,1.37
2015.05.19 19:10:32.641,1.51931,1.51976,1.50,1.12
2015.05.19 19:10:33.351,1.51926,1.51975,1.37,1.00
2015.05.19 19:10:33.401,1.51926,1.51966,1.37,1.00
2015.05.19 19:10:33.553,1.51926,1.51966,1.00,1.00
2015.05.19 19:10:33.654,1.51924,1.51975,1.87,1.37
2015.05.19 19:10:33.849,1.51924,1.51967,1.12,1.00
2015.05.19 19:10:34.353,1.51924,1.51967,1.37,1.00
2015.05.19 19:10:38.996,1.51921,1.51967,1.37,1.00
2015.05.19 19:10:39.581,1.51921,1.51967,1.37,1.00
2015.05.19 19:10:39.816,1.5192,1.51966,1.50,1.00
2015.05.19 19:10:39.867,1.5192,1.51966,1.37,1.00
2015.05.19 19:10:40.311,1.5192,1.5197,1.37,1.37
2015.05.19 19:10:40.683,1.5192,1.51967,1.37,1.00
2015.05.19 19:10:40.784,1.51921,1.5197,1.37,1.00
2015.05.19 19:10:40.885,1.51922,1.5197,1.12,1.12
2015.05.19 19:10:40.986,1.51925,1.51966,1.00,1.00
2015.05.19 19:10:42.416,1.51918,1.51968,1.37,1.12
2015.05.19 19:10:42.566,1.51918,1.51968,1.37,1.00
2015.05.19 19:10:43.108,1.5192,1.51967,1.37,1.00
2015.05.19 19:10:43.533,1.51917,1.51967,1.87,1.50
2015.05.19 19:10:43.685,1.51917,1.51966,1.87,1.00
2015.05.19 19:10:44.237,1.51921,1.51966,1.00,1.00
2015.05.19 19:10:44.714,1.51914,1.5196,1.37,1.00
2015.05.19 19:10:44.865,1.51906,1.51958,1.75,1.12
2015.05.19 19:10:45.080,1.51905,1.51958,1.37,1.37
2015.05.19 19:10:45.396,1.51905,1.51958,1.00,1.37
2015.05.19 19:10:46.017,1.51905,1.51958,1.00,1.00
2015.05.19 19:10:46.567,1.51906,1.51958,1.00,1.00
2015.05.19 19:10:50.325,1.51905,1.51958,1.50,1.00
2015.05.19 19:10:51.340,1.51905,1.51958,1.50,1.37
2015.05.19 19:10:51.658,1.51895,1.51939,1.37,1.00
2015.05.19 19:10:54.539,1.51894,1.51939,1.00,1.00
2015.05.19 19:10:54.841,1.51893,1.51937,1.00,1.00
2015.05.19 19:10:55.442,1.51893,1.51936,1.00,1.00
2015.05.19 19:10:55.971,1.51889,1.51936,1.87,1.50
2015.05.19 19:11:01.837,1.51889,1.51936,1.12,1.87
2015.05.19 19:11:01.988,1.51886,1.51932,1.87,1.37
2015.05.19 19:11:02.140,1.51878,1.51923,1.87,1.00
2015.05.19 19:11:02.342,1.51878,1.51923,1.37,1.00
2015.05.19 19:11:07.370,1.51878,1.51916,1.37,1.00
2015.05.19 19:11:07.471,1.51877,1.51916,1.00,1.00
2015.05.19 19:11:07.522,1.51872,1.51916,1.37,1.00
2015.05.19 19:11:08.043,1.51873,1.51917,1.37,1.00
2015.05.19 19:11:08.545,1.51873,1.51916,1.37,1.00
2015.05.19 19:11:08.801,1.51873,1.51918,1.87,1.00
2015.05.19 19:11:09.246,1.51873,1.51918,2.25,1.00
2015.05.19 19:11:11.330,1.51874,1.51917,2.25,1.00
2015.05.19 19:11:11.849,1.51874,1.51918,3.00,1.00
2015.05.19 19:11:13.099,1.51874,1.51915,1.50,1.00
2015.05.19 19:11:13.150,1.51874,1.51915,1.00,1.00
2015.05.19 19:11:13.251,1.51869,1.51915,1.37,1.00
2015.05.19 19:11:13.460,1.51868,1.51914,1.37,1.00
2015.05.19 19:11:13.561,1.51868,1.5191,1.37,1.00
2015.05.19 19:11:14.150,1.51868,1.5191,1.37,1.00
2015.05.19 19:11:16.778,1.51864,1.5191,1.37,1.00
2015.05.19 19:11:16.829,1.51864,1.51908,1.37,1.00
2015.05.19 19:11:17.180,1.51864,1.51906,1.37,1.00
2015.05.19 19:11:17.488,1.51864,1.51904,1.37,1.00
2015.05.19 19:11:21.470,1.51863,1.51904,1.37,1.00
2015.05.19 19:11:27.759,1.5186,1.51904,1.75,1.00
2015.05.19 19:11:30.803,1.51863,1.51904,1.12,1.00
2015.05.19 19:11:32.265,1.5186,1.51904,1.75,1.00
2015.05.19 19:11:35.403,1.51864,1.51904,1.37,1.00
2015.05.19 19:11:35.455,1.51864,1.51906,1.37,1.00
2015.05.19 19:11:35.998,1.51864,1.51907,1.37,1.00
2015.05.19 19:11:36.502,1.51866,1.51907,1.87,1.00
2015.05.19 19:11:36.554,1.51868,1.5191,1.37,1.00
2015.05.19 19:11:36.604,1.51868,1.5191,1.50,1.00
2015.05.19 19:11:36.749,1.51872,1.51915,1.50,1.00
2015.05.19 19:11:36.802,1.51872,1.51913,1.75,1.00
2015.05.19 19:11:36.852,1.51874,1.51915,1.37,1.00
2015.05.19 19:11:37.069,1.51875,1.51918,1.37,1.00
2015.05.19 19:11:37.579,1.51875,1.51919,1.37,1.00
2015.05.19 19:11:38.185,1.51877,1.51919,1.37,1.00
2015.05.19 19:11:38.687,1.51876,1.51919,1.37,1.00
2015.05.19 19:11:39.307,1.51876,1.51918,1.37,1.00
2015.05.19 19:11:39.930,1.51876,1.51916,1.37,1.00
2015.05.19 19:11:42.457,1.51876,1.51915,1.37,1.00
2015.05.19 19:11:43.027,1.51876,1.51915,1.00,1.00
2015.05.19 19:11:43.503,1.51873,1.51915,1.00,1.00
2015.05.19 19:11:45.838,1.51869,1.51915,1.12,1.00
2015.05.19 19:11:45.889,1.51867,1.51913,1.37,1.00
2015.05.19 19:11:45.940,1.51867,1.51913,1.12,1.12
2015.05.19 19:11:47.657,1.51868,1.51916,1.00,1.87
2015.05.19 19:11:47.796,1.51868,1.51916,1.37,1.87
2015.05.19 19:11:47.849,1.51874,1.51916,1.00,1.37
2015.05.19 19:11:48.068,1.51868,1.51916,1.37,1.87
2015.05.19 19:11:48.838,1.51874,1.51916,1.00,1.37
2015.05.19 19:11:49.091,1.51865,1.51917,1.37,1.87
2015.05.19 19:11:49.344,1.51865,1.51917,1.37,3.00
2015.05.19 19:11:50.905,1.51864,1.51914,1.37,1.00
2015.05.19 19:11:50.956,1.51864,1.51917,1.87,1.12
2015.05.19 19:11:51.007,1.51864,1.51917,1.87,1.00
2015.05.19 19:11:51.605,1.51869,1.51919,1.00,1.00
2015.05.19 19:11:52.149,1.51869,1.5192,1.00,1.12
2015.05.19 19:11:52.691,1.51869,1.51921,1.00,1.37
2015.05.19 19:11:52.851,1.51869,1.51921,1.00,1.12
2015.05.19 19:12:00.384,1.51869,1.51922,1.00,1.75
2015.05.19 19:12:00.435,1.51862,1.5191,1.50,1.37
2015.05.19 19:12:00.536,1.51859,1.51905,1.00,1.00
2015.05.19 19:12:01.065,1.51856,1.51905,1.37,1.00
2015.05.19 19:12:01.430,1.51856,1.51905,1.37,1.00
2015.05.19 19:12:03.672,1.51856,1.51903,1.37,1.00
2015.05.19 19:12:04.281,1.51855,1.51901,1.50,1.00
2015.05.19 19:12:17.883,1.51855,1.519,1.37,1.12
2015.05.19 19:12:31.561,1.51854,1.51899,1.37,1.00
2015.05.19 19:12:32.093,1.51854,1.51899,1.37,1.00
2015.05.19 19:12:38.863,1.51854,1.51899,1.37,1.00
2015.05.19 19:12:39.489,1.51854,1.519,1.87,1.12
2015.05.19 19:12:45.672,1.51855,1.519,1.75,1.00
2015.05.19 19:12:47.374,1.51856,1.519,1.75,1.00
2015.05.19 19:12:48.718,1.51856,1.51901,1.75,1.00
2015.05.19 19:12:58.993,1.51857,1.51901,1.37,1.00
2015.05.19 19:13:10.230,1.51855,1.51901,1.87,1.37
2015.05.19 19:13:12.211,1.51854,1.51901,2.25,1.50
2015.05.19 19:13:14.861,1.51855,1.51901,1.37,1.00
2015.05.19 19:13:18.377,1.51854,1.519,1.87,1.00
2015.05.19 19:13:18.827,1.51855,1.519,1.37,1.00
2015.05.19 19:13:22.535,1.51855,1.519,1.37,1.12
2015.05.19 19:13:39.666,1.51854,1.519,1.12,1.37
2015.05.19 19:13:40.174,1.51854,1.51898,1.12,1.00
2015.05.19 19:13:40.807,1.51854,1.51898,1.37,1.00
2015.05.19 19:13:42.177,1.51854,1.51898,1.37,1.00
2015.05.19 19:13:42.429,1.5186,1.51902,1.00,1.12
2015.05.19 19:13:42.480,1.51864,1.51908,1.00,2.25
2015.05.19 19:13:42.530,1.51864,1.51908,1.00,1.50
2015.05.19 19:13:42.682,1.51864,1.51913,1.00,1.37
2015.05.19 19:13:42.783,1.51863,1.51915,2.25,1.00
2015.05.19 19:13:42.884,1.51863,1.51917,1.50,1.00
2015.05.19 19:13:42.934,1.51873,1.51918,1.00,1.50
2015.05.19 19:13:44.152,1.51865,1.51918,1.37,1.00
2015.05.19 19:13:44.253,1.51874,1.51918,1.00,1.00
2015.05.19 19:13:44.642,1.51874,1.51922,1.12,1.00
2015.05.19 19:13:45.012,1.51883,1.51922,1.00,1.00
2015.05.19 19:13:45.375,1.51872,1.51922,1.75,1.00
2015.05.19 19:13:45.535,1.51871,1.51922,1.37,1.00
2015.05.19 19:13:46.856,1.5187,1.51922,1.12,1.00
2015.05.19 19:13:48.426,1.51884,1.51922,1.00,1.00
2015.05.19 19:13:48.628,1.51873,1.51922,1.37,1.00
2015.05.19 19:13:48.830,1.51874,1.51922,1.00,1.00
2015.05.19 19:13:49.162,1.5187,1.51922,1.37,1.00
2015.05.19 19:13:49.485,1.5187,1.51922,1.37,1.00
2015.05.19 19:13:49.849,1.51884,1.51922,1.00,1.00
2015.05.19 19:13:50.801,1.51884,1.51929,1.00,1.87
2015.05.19 19:13:50.985,1.51884,1.51924,1.00,1.00
2015.05.19 19:13:51.270,1.51884,1.51929,1.00,1.87
2015.05.19 19:13:51.321,1.51884,1.51924,1.00,1.00
2015.05.19 19:13:51.550,1.51884,1.51929,1.00,1.37
2015.05.19 19:13:52.351,1.51884,1.51926,1.00,1.75
2015.05.19 19:13:52.402,1.51875,1.51924,1.12,1.37
2015.05.19 19:13:54.377,1.51874,1.51926,1.37,1.50
2015.05.19 19:13:56.604,1.51878,1.51926,1.37,1.00
2015.05.19 19:13:56.705,1.51883,1.51931,1.00,1.37
2015.05.19 19:13:57.007,1.51883,1.51931,1.00,1.12
2015.05.19 19:13:57.908,1.51883,1.51931,1.00,1.87
2015.05.19 19:13:58.517,1.51883,1.51924,1.00,1.00
2015.05.19 19:13:58.568,1.51875,1.51924,1.37,1.00
2015.05.19 19:13:58.890,1.51878,1.51927,1.37,1.12
2015.05.19 19:14:01.789,1.51875,1.51925,1.37,1.00
2015.05.19 19:14:01.940,1.51878,1.51927,1.37,1.12
2015.05.19 19:14:02.518,1.51875,1.51925,1.37,1.00
2015.05.19 19:14:02.720,1.51877,1.5193,1.87,1.37
2015.05.19 19:14:02.814,1.51883,1.5193,1.00,1.37
2015.05.19 19:14:04.022,1.51883,1.5193,1.00,1.37
2015.05.19 19:14:04.174,1.51877,1.5193,1.37,1.37
2015.05.19 19:14:04.224,1.51873,1.51924,2.25,1.00
2015.05.19 19:14:04.300,1.51875,1.5193,1.50,1.87
2015.05.19 19:14:04.405,1.51875,1.51926,1.37,1.37
2015.05.19 19:14:05.157,1.51879,1.51926,1.00,1.37
2015.05.19 19:14:12.840,1.51875,1.51925,1.37,1.12
2015.05.19 19:14:12.952,1.51875,1.51925,1.75,1.12
2015.05.19 19:14:16.661,1.51879,1.51926,1.00,1.50
2015.05.19 19:14:16.762,1.51874,1.51925,1.37,1.37
2015.05.19 19:14:17.651,1.51877,1.51925,1.37,1.37
2015.05.19 19:14:17.751,1.51877,1.51925,1.00,1.12
2015.05.19 19:14:18.202,1.51874,1.5192,1.00,1.00
2015.05.19 19:14:18.729,1.51874,1.51921,1.37,1.37
2015.05.19 19:14:19.068,1.51874,1.51921,1.00,1.00
2015.05.19 19:14:19.707,1.51874,1.51921,1.37,1.37
2015.05.19 19:14:19.758,1.51874,1.51924,1.87,1.37
2015.05.19 19:14:20.078,1.51884,1.51925,1.00,1.00
2015.05.19 19:14:21.952,1.51884,1.51928,1.00,1.37
2015.05.19 19:14:25.096,1.51884,1.51931,1.12,1.37
2015.05.19 19:14:27.875,1.51884,1.51932,1.00,1.75
2015.05.19 19:14:27.926,1.51879,1.51927,1.37,1.37
2015.05.19 19:14:28.390,1.5188,1.51931,1.00,1.75
2015.05.19 19:14:28.545,1.51873,1.51924,1.12,1.75
2015.05.19 19:14:28.596,1.51874,1.51924,1.00,1.00
2015.05.19 19:14:28.647,1.51874,1.51927,1.00,1.87
2015.05.19 19:14:28.748,1.51879,1.51926,1.00,1.00
2015.05.19 19:14:28.899,1.51876,1.51927,1.00,1.50
2015.05.19 19:14:28.950,1.51881,1.51927,1.00,1.00
2015.05.19 19:14:29.525,1.5188,1.51926,1.00,1.00
2015.05.19 19:14:29.829,1.5188,1.51927,1.75,1.00
2015.05.19 19:14:29.879,1.51881,1.51934,1.50,1.37
2015.05.19 19:14:29.930,1.51881,1.51934,1.12,1.75
2015.05.19 19:14:30.031,1.51877,1.51926,1.00,1.12
2015.05.19 19:14:30.081,1.5188,1.51926,1.00,1.12
2015.05.19 19:14:30.233,1.51875,1.51926,1.00,1.00
2015.05.19 19:14:30.757,1.5188,1.51927,1.00,1.00
2015.05.19 19:14:30.908,1.51881,1.51933,1.00,1.00
2015.05.19 19:14:30.959,1.51881,1.51931,1.00,1.00
2015.05.19 19:14:31.121,1.51875,1.51927,1.00,1.50
2015.05.19 19:14:31.323,1.51875,1.5192,1.00,1.00
2015.05.19 19:14:31.525,1.51879,1.51926,1.00,1.37
2015.05.19 19:14:31.677,1.51875,1.51927,1.00,1.50
2015.05.19 19:14:31.778,1.51874,1.51916,1.00,1.00
2015.05.19 19:14:32.367,1.51875,1.51916,1.00,1.00
2015.05.19 19:14:32.702,1.51879,1.5192,1.12,1.00
2015.05.19 19:14:33.242,1.51874,1.5192,1.12,1.50
2015.05.19 19:14:33.292,1.51873,1.51918,1.87,1.00
2015.05.19 19:14:33.595,1.51873,1.51918,1.75,1.00
2015.05.19 19:14:37.756,1.51875,1.51918,1.37,1.00
2015.05.19 19:14:38.696,1.51874,1.51918,1.37,1.00
2015.05.19 19:14:41.865,1.51874,1.51918,1.37,1.00
2015.05.19 19:14:42.675,1.51875,1.51918,1.37,1.00
2015.05.19 19:14:43.027,1.51884,1.51918,1.00,1.00
2015.05.19 19:14:54.865,1.51873,1.51918,1.87,1.00
2015.05.19 19:14:55.685,1.51873,1.51921,1.87,1.87
2015.05.19 19:14:56.977,1.51873,1.51921,1.50,1.87
2015.05.19 19:15:00.735,1.51875,1.51917,1.00,1.12
2015.05.19 19:15:01.038,1.51873,1.51917,1.00,1.37
2015.05.19 19:15:01.543,1.51873,1.5192,1.00,1.50
2015.05.19 19:15:02.293,1.51873,1.5192,1.00,1.87
2015.05.19 19:15:03.195,1.51873,1.51922,1.00,1.75
2015.05.19 19:15:03.552,1.51856,1.51906,1.87,1.37
2015.05.19 19:15:03.704,1.51864,1.51906,1.00,1.37
2015.05.19 19:15:06.700,1.51864,1.51911,1.75,1.50
2015.05.19 19:15:06.751,1.51865,1.51916,1.75,1.12
2015.05.19 19:15:06.802,1.51869,1.51916,1.75,1.00
2015.05.19 19:15:07.104,1.51874,1.51918,1.37,1.00
2015.05.19 19:15:07.205,1.51874,1.5192,1.37,1.12
2015.05.19 19:15:08.441,1.51874,1.51918,1.37,1.00
2015.05.19 19:15:09.441,1.51873,1.51916,1.37,1.00
2015.05.19 19:15:12.521,1.51875,1.51916,1.37,1.00
2015.05.19 19:15:12.623,1.51875,1.5192,1.37,1.00
2015.05.19 19:15:12.925,1.51874,1.5192,1.75,1.00
2015.05.19 19:15:13.265,1.51874,1.5192,1.50,1.00
2015.05.19 19:15:18.038,1.51874,1.5192,1.37,1.00
2015.05.19 19:15:18.636,1.51874,1.51919,1.37,1.00
2015.05.19 19:15:21.228,1.51874,1.51919,1.37,1.00
2015.05.19 19:15:24.361,1.51874,1.51919,1.12,1.37
2015.05.19 19:15:24.690,1.51874,1.51914,1.37,1.00
2015.05.19 19:15:25.201,1.51874,1.51914,1.00,1.00
2015.05.19 19:15:26.346,1.51873,1.51914,1.12,1.00
2015.05.19 19:15:26.880,1.51873,1.51914,1.37,1.00
2015.05.19 19:15:27.405,1.51873,1.51913,1.37,1.00
2015.05.19 19:15:28.046,1.51873,1.51913,1.00,1.00
2015.05.19 19:15:28.758,1.51873,1.51913,1.37,1.00
2015.05.19 19:15:28.859,1.51873,1.51916,1.37,1.00
2015.05.19 19:15:29.681,1.51873,1.51917,1.87,1.00
2015.05.19 19:15:31.167,1.51873,1.51917,1.50,1.00
2015.05.19 19:15:31.368,1.51873,1.51917,1.00,1.37
2015.05.19 19:15:31.520,1.51868,1.51915,1.37,1.12
2015.05.19 19:15:31.682,1.51868,1.51915,1.37,1.37
2015.05.19 19:15:32.175,1.51864,1.51913,1.37,1.37
2015.05.19 19:15:32.477,1.51863,1.51908,1.87,1.00
2015.05.19 19:15:34.018,1.51863,1.51906,1.37,1.00
2015.05.19 19:15:40.531,1.51863,1.51906,1.50,1.00
2015.05.19 19:15:40.632,1.51863,1.51909,1.50,1.00
2015.05.19 19:15:45.509,1.51863,1.51909,2.25,1.00
2015.05.19 19:15:47.634,1.51867,1.51909,1.75,1.00
2015.05.19 19:15:47.785,1.51873,1.51916,1.50,1.00
2015.05.19 19:15:48.048,1.51871,1.51917,1.37,1.12
2015.05.19 19:15:48.149,1.5187,1.51916,1.37,1.00
2015.05.19 19:15:48.207,1.5187,1.51916,1.37,1.00
2015.05.19 19:15:48.308,1.51871,1.51916,1.37,1.00
2015.05.19 19:15:48.435,1.51871,1.51916,1.37,1.00
2015.05.19 19:15:48.718,1.51871,1.51916,1.37,1.00
2015.05.19 19:15:50.624,1.5187,1.51916,2.25,1.00
2015.05.19 19:15:50.876,1.51874,1.51919,1.37,1.00
2015.05.19 19:15:51.404,1.51874,1.51919,1.37,1.00
2015.05.19 19:15:54.737,1.51872,1.51916,1.75,1.00
2015.05.19 19:15:55.621,1.51872,1.51916,1.37,1.00
2015.05.19 19:15:55.773,1.51872,1.51916,1.75,1.00
2015.05.19 19:15:57.271,1.51872,1.51916,1.37,1.00
2015.05.19 19:15:57.372,1.51871,1.51917,1.75,1.00
2015.05.19 19:15:57.903,1.51871,1.51916,1.75,1.00
2015.05.19 19:16:00.266,1.51873,1.51917,1.37,1.00
2015.05.19 19:16:02.679,1.51874,1.51917,1.37,1.00
2015.05.19 19:16:03.183,1.51874,1.51916,1.00,1.37
2015.05.19 19:16:03.234,1.51869,1.51916,1.37,1.37
2015.05.19 19:16:03.284,1.51867,1.5191,1.37,1.00
2015.05.19 19:16:03.787,1.51864,1.51909,1.37,1.00
2015.05.19 19:16:04.328,1.51864,1.51908,1.37,1.00
2015.05.19 19:16:04.379,1.51864,1.51908,1.37,1.00
2015.05.19 19:16:08.544,1.51864,1.51909,1.37,1.00
2015.05.19 19:16:08.695,1.51864,1.51905,1.12,1.00
2015.05.19 19:16:09.149,1.51858,1.51905,1.87,1.37
2015.05.19 19:16:09.250,1.51858,1.51902,1.37,1.00
2015.05.19 19:16:09.792,1.51854,1.51901,1.50,1.00
2015.05.19 19:16:15.889,1.51857,1.51901,1.50,1.00
2015.05.19 19:16:16.222,1.5186,1.51905,1.75,1.00
2015.05.19 19:16:16.474,1.51862,1.51907,1.50,1.00
2015.05.19 19:16:19.908,1.51864,1.51907,1.37,1.00
2015.05.19 19:16:20.128,1.51864,1.51905,1.37,1.00
2015.05.19 19:16:23.333,1.51864,1.51906,1.37,1.00
2015.05.19 19:16:26.319,1.51864,1.51906,1.00,1.00
2015.05.19 19:16:26.638,1.5186,1.51905,1.75,1.00
2015.05.19 19:16:27.142,1.51866,1.51906,1.12,1.00
2015.05.19 19:16:28.436,1.51864,1.51906,1.12,1.00
2015.05.19 19:16:28.940,1.51864,1.51905,1.12,1.00
2015.05.19 19:16:30.394,1.5186,1.51905,1.75,1.00
2015.05.19 19:16:33.436,1.5186,1.51905,2.25,1.00
2015.05.19 19:16:33.537,1.5186,1.51905,2.25,1.00
2015.05.19 19:16:33.638,1.5186,1.51905,2.25,1.00
2015.05.19 19:16:35.941,1.51863,1.51905,1.37,1.00
2015.05.19 19:16:36.142,1.51863,1.51905,1.75,1.00
2015.05.19 19:16:36.192,1.51863,1.51907,1.75,1.00
2015.05.19 19:16:36.703,1.51863,1.51907,1.75,1.00
2015.05.19 19:16:37.146,1.51863,1.51907,1.00,1.00
2015.05.19 19:16:38.707,1.51863,1.51907,1.37,1.00
2015.05.19 19:16:43.762,1.51863,1.51906,1.12,1.00
2015.05.19 19:16:46.567,1.51857,1.51906,2.25,1.87
2015.05.19 19:16:46.618,1.51857,1.51902,1.50,1.00
2015.05.19 19:16:46.669,1.51857,1.51902,1.37,1.00
2015.05.19 19:16:46.833,1.51854,1.519,1.50,1.00
2015.05.19 19:16:47.035,1.51853,1.519,1.87,1.00
2015.05.19 19:16:47.085,1.51853,1.51898,1.37,1.00
2015.05.19 19:16:47.645,1.51853,1.51897,1.37,1.00
2015.05.19 19:16:50.141,1.51854,1.51898,1.37,1.00
2015.05.19 19:16:50.444,1.51859,1.519,1.37,1.00
2015.05.19 19:16:50.494,1.51862,1.51905,1.37,1.00
2015.05.19 19:16:50.696,1.51862,1.51903,1.00,1.00
2015.05.19 19:16:51.049,1.51863,1.51905,1.00,1.12
2015.05.19 19:16:51.251,1.51863,1.51903,1.00,1.00
2015.05.19 19:16:51.597,1.51863,1.51906,1.00,1.87
2015.05.19 19:16:54.408,1.51862,1.51906,1.12,1.37
2015.05.19 19:16:58.250,1.51862,1.51906,1.37,1.00
2015.05.19 19:17:09.304,1.51862,1.51907,1.37,1.50
2015.05.19 19:17:09.506,1.51859,1.51907,1.37,1.87
2015.05.19 19:17:13.584,1.51859,1.51907,1.37,1.87
2015.05.19 19:17:14.289,1.51859,1.51906,1.37,1.00
2015.05.19 19:17:17.579,1.51863,1.51906,1.00,1.00
2015.05.19 19:17:19.442,1.51859,1.51906,1.87,1.00
2015.05.19 19:17:19.845,1.51857,1.51904,1.50,1.37
2015.05.19 19:17:20.047,1.51857,1.51905,1.00,1.87
2015.05.19 19:17:20.097,1.51857,1.51904,1.00,1.50
2015.05.19 19:17:20.148,1.51853,1.51901,1.12,1.37
2015.05.19 19:17:20.400,1.5185,1.51903,1.37,1.75
2015.05.19 19:17:20.918,1.5185,1.51896,1.37,1.00
2015.05.19 19:17:24.294,1.5185,1.51899,1.37,1.37
2015.05.19 19:17:24.656,1.5185,1.51896,1.12,1.37
2015.05.19 19:17:30.036,1.51845,1.51896,2.25,1.00
2015.05.19 19:17:30.137,1.51845,1.51896,1.87,1.00
2015.05.19 19:17:30.239,1.51845,1.51896,2.25,1.12
2015.05.19 19:17:30.731,1.51845,1.51896,1.87,1.00
2015.05.19 19:17:31.137,1.51846,1.51898,1.12,1.00
2015.05.19 19:17:31.188,1.51853,1.519,1.00,1.50
2015.05.19 19:17:31.390,1.51856,1.51902,1.00,1.37
2015.05.19 19:17:31.693,1.51865,1.51906,1.12,1.00
2015.05.19 19:17:35.703,1.51863,1.5191,1.37,1.00
2015.05.19 19:17:45.713,1.51861,1.51906,1.37,1.00
2015.05.19 19:17:49.590,1.51861,1.5191,1.75,1.00
2015.05.19 19:17:49.691,1.51862,1.5191,1.37,1.37
2015.05.19 19:17:49.864,1.51862,1.51907,1.37,1.00
2015.05.19 19:17:50.556,1.51862,1.51906,1.37,1.50
2015.05.19 19:18:00.890,1.51862,1.51906,1.00,2.62
2015.05.19 19:18:00.942,1.51857,1.51906,1.37,3.37
2015.05.19 19:18:00.993,1.51854,1.519,2.25,1.00
2015.05.19 19:18:05.028,1.51857,1.519,1.75,1.00
2015.05.19 19:18:05.078,1.51862,1.51902,1.37,1.00
2015.05.19 19:18:05.179,1.51862,1.51905,1.37,1.00
2015.05.19 19:18:05.230,1.51862,1.51905,1.37,1.00
2015.05.19 19:18:10.624,1.51863,1.51905,1.87,1.00
2015.05.19 19:18:10.872,1.51873,1.51916,1.37,1.50
2015.05.19 19:18:10.922,1.51873,1.51916,1.75,1.50
2015.05.19 19:18:13.037,1.51873,1.51916,1.37,1.00
2015.05.19 19:18:13.238,1.51873,1.51916,1.75,1.50
2015.05.19 19:18:19.133,1.5187,1.51915,1.75,1.00
2015.05.19 19:18:20.059,1.5187,1.51915,1.12,1.00
2015.05.19 19:18:20.109,1.5187,1.51913,1.12,1.00
2015.05.19 19:18:20.261,1.51866,1.51912,1.12,1.00
2015.05.19 19:18:20.371,1.51866,1.51906,1.37,1.00
2015.05.19 19:18:21.372,1.51866,1.51907,1.37,1.00
2015.05.19 19:18:23.942,1.5186,1.51907,1.75,1.50
2015.05.19 19:18:25.785,1.5186,1.51907,1.75,1.50
2015.05.19 19:18:27.363,1.5186,1.51906,1.00,1.37
2015.05.19 19:18:27.514,1.51853,1.519,1.50,1.00
2015.05.19 19:18:28.087,1.51853,1.51896,1.50,1.00
2015.05.19 19:18:33.802,1.51853,1.519,1.37,1.00
2015.05.19 19:18:33.852,1.51853,1.51898,1.37,1.00
2015.05.19 19:18:34.158,1.51851,1.51897,1.75,1.50
2015.05.19 19:18:35.092,1.51851,1.51897,1.37,1.50
2015.05.19 19:18:38.395,1.51859,1.51897,1.00,1.00
2015.05.19 19:18:38.698,1.51864,1.51916,1.75,1.00
2015.05.19 19:18:38.799,1.5187,1.51916,1.50,1.00
2015.05.19 19:18:38.849,1.51874,1.51922,1.37,1.37
2015.05.19 19:18:39.675,1.51874,1.51923,1.37,1.12
2015.05.19 19:18:40.050,1.5187,1.51916,1.75,1.00
2015.05.19 19:18:40.730,1.51873,1.51923,1.37,1.12
2015.05.19 19:18:41.604,1.51873,1.51923,1.12,1.37
2015.05.19 19:18:41.679,1.51873,1.51923,1.37,1.37
2015.05.19 19:18:41.780,1.51873,1.51923,1.12,1.37
2015.05.19 19:18:42.181,1.51873,1.51923,1.37,1.12
2015.05.19 19:18:44.019,1.51873,1.51923,1.37,1.37
2015.05.19 19:18:44.569,1.51874,1.51927,1.37,1.87
2015.05.19 19:18:44.806,1.5188,1.51927,1.37,1.12
2015.05.19 19:18:44.907,1.5188,1.51932,1.37,1.12
2015.05.19 19:18:45.011,1.5188,1.51935,1.37,1.37
2015.05.19 19:18:45.594,1.51881,1.51935,1.87,1.00
2015.05.19 19:18:45.922,1.51881,1.51935,1.50,1.00
2015.05.19 19:18:46.433,1.51884,1.51935,1.37,1.00
2015.05.19 19:18:46.837,1.5188,1.51935,1.87,1.37
2015.05.19 19:18:46.992,1.5188,1.51935,1.37,1.87
2015.05.19 19:18:48.201,1.51881,1.51935,1.37,1.00
2015.05.19 19:18:49.512,1.51884,1.51935,1.37,1.87
2015.05.19 19:18:53.592,1.51883,1.51934,1.37,1.00
2015.05.19 19:18:54.896,1.51883,1.51935,1.37,1.12
2015.05.19 19:18:55.471,1.51884,1.51935,1.75,1.00
2015.05.19 19:18:56.025,1.51886,1.51936,1.50,1.12
2015.05.19 19:18:56.477,1.51891,1.51936,1.37,1.00
2015.05.19 19:18:59.358,1.51893,1.51944,1.12,1.75
2015.05.19 19:18:59.681,1.51893,1.51944,1.37,1.37
2015.05.19 19:19:10.873,1.51893,1.51943,1.12,1.50
2015.05.19 19:19:11.244,1.51891,1.51936,1.37,1.00
2015.05.19 19:19:11.397,1.51883,1.51938,1.12,2.25
2015.05.19 19:19:11.599,1.51878,1.51927,1.37,1.37
2015.05.19 19:19:13.017,1.51878,1.51926,1.37,1.37
2015.05.19 19:19:14.831,1.51884,1.51933,1.00,2.25
2015.05.19 19:19:17.141,1.51884,1.51933,1.00,2.25
2015.05.19 19:19:18.206,1.51884,1.51933,1.12,1.87
2015.05.19 19:19:19.371,1.51878,1.51926,1.75,1.00
2015.05.19 19:19:19.879,1.51878,1.51926,1.50,1.12
2015.05.19 19:19:29.064,1.51878,1.51926,1.37,1.37
2015.05.19 19:19:33.241,1.51883,1.51932,1.12,1.75
2015.05.19 19:19:33.393,1.51884,1.51936,2.25,1.37
2015.05.19 19:19:33.645,1.51894,1.51937,1.00,1.37
2015.05.19 19:19:34.983,1.51884,1.51937,1.87,1.50
2015.05.19 19:19:35.272,1.51884,1.51937,2.25,1.37
2015.05.19 19:19:37.929,1.51894,1.51937,1.00,1.37
2015.05.19 19:19:41.089,1.51894,1.51941,1.12,1.37
2015.05.19 19:19:43.702,1.51894,1.51942,1.12,2.25
2015.05.19 19:19:45.739,1.51894,1.51942,1.37,1.37
2015.05.19 19:19:53.367,1.51889,1.51937,1.75,1.00
2015.05.19 19:19:54.569,1.51894,1.51942,1.37,1.37
2015.05.19 19:19:58.645,1.51894,1.51942,1.37,1.00
2015.05.19 19:20:00.759,1.51894,1.51942,1.37,1.00
2015.05.19 19:20:00.961,1.51894,1.51946,1.87,1.87
2015.05.19 19:20:02.571,1.51894,1.51937,1.37,1.00
2015.05.19 19:20:03.221,1.51894,1.51937,1.37,1.00
2015.05.19 19:20:05.292,1.5189,1.51936,1.75,1.00
2015.05.19 19:20:06.275,1.5189,1.51936,1.75,1.00
2015.05.19 19:20:07.636,1.51894,1.51946,1.37,1.50
2015.05.19 19:20:11.895,1.51894,1.51946,1.37,1.75
2015.05.19 19:20:13.654,1.51894,1.51943,1.75,1.00
2015.05.19 19:20:13.755,1.51894,1.51943,1.37,1.12
2015.05.19 19:20:14.127,1.51894,1.51945,2.25,1.00
2015.05.19 19:20:14.628,1.51898,1.51947,1.37,1.37
2015.05.19 19:20:15.639,1.51898,1.51947,1.75,1.00
2015.05.19 19:20:15.690,1.51898,1.51951,1.75,1.37
2015.05.19 19:20:16.100,1.51899,1.51946,1.50,1.00
2015.05.19 19:20:17.360,1.51896,1.51946,1.37,1.50
2015.05.19 19:20:17.887,1.51895,1.51946,1.37,1.37
2015.05.19 19:20:17.937,1.51895,1.51946,2.25,1.37
2015.05.19 19:20:18.139,1.51895,1.51947,2.25,1.37
2015.05.19 19:20:18.240,1.51895,1.51947,2.25,1.37
2015.05.19 19:20:18.632,1.51895,1.51947,1.87,1.37
2015.05.19 19:20:19.151,1.51901,1.51947,1.00,1.37
2015.05.19 19:20:19.201,1.51893,1.51947,1.75,2.62
2015.05.19 19:20:19.252,1.51893,1.51947,1.50,3.00
2015.05.19 19:20:22.647,1.519,1.51946,1.00,1.50
2015.05.19 19:20:22.748,1.51895,1.51946,1.37,1.50
2015.05.19 19:20:23.465,1.51895,1.51946,1.37,1.37
2015.05.19 19:20:29.134,1.51895,1.51947,1.37,1.75
2015.05.19 19:20:34.451,1.51899,1.51947,1.00,1.75
2015.05.19 19:20:35.014,1.51893,1.51946,1.50,1.50
2015.05.19 19:20:36.143,1.51893,1.51946,1.37,1.75
2015.05.19 19:20:36.345,1.51889,1.51942,2.25,1.37
2015.05.19 19:20:36.604,1.51889,1.51936,1.75,1.00
2015.05.19 19:20:39.130,1.51894,1.51941,1.37,1.37
2015.05.19 19:20:54.171,1.51894,1.51943,1.37,1.37
2015.05.19 19:20:57.486,1.51894,1.51944,1.00,1.75
2015.05.19 19:20:57.939,1.5189,1.51937,1.37,1.12
2015.05.19 19:20:58.678,1.5189,1.51937,1.12,1.37
2015.05.19 19:20:58.780,1.51893,1.51942,1.00,1.75
2015.05.19 19:21:00.782,1.51893,1.51942,1.00,1.37
2015.05.19 19:21:01.329,1.5189,1.51937,1.12,1.00
2015.05.19 19:21:01.901,1.5189,1.51937,1.00,1.37
2015.05.19 19:21:02.520,1.51884,1.51936,3.00,1.12
2015.05.19 19:21:03.386,1.51884,1.51936,3.00,1.12
2015.05.19 19:21:07.291,1.51884,1.51936,3.00,1.00
2015.05.19 19:21:12.498,1.51886,1.51936,1.37,1.37
2015.05.19 19:21:12.599,1.51884,1.51936,2.62,1.75
2015.05.19 19:21:12.909,1.51879,1.51926,1.50,1.00
2015.05.19 19:21:13.419,1.51879,1.51927,1.50,1.00
2015.05.19 19:21:13.802,1.51879,1.51927,1.37,1.37
2015.05.19 19:21:17.520,1.51874,1.51927,2.25,1.37
2015.05.19 19:21:18.410,1.51874,1.51927,2.25,1.37
2015.05.19 19:21:23.237,1.51874,1.51927,2.25,1.37
2015.05.19 19:21:26.938,1.51874,1.51926,2.25,1.12
2015.05.19 19:21:33.051,1.51874,1.51926,1.50,1.37
2015.05.19 19:21:45.902,1.51874,1.51917,1.12,1.00
2015.05.19 19:21:46.054,1.51869,1.51916,1.37,1.12
2015.05.19 19:21:46.156,1.51869,1.51916,1.37,1.37
2015.05.19 19:21:46.896,1.51865,1.51917,1.37,1.50
2015.05.19 19:21:52.586,1.51865,1.51917,1.37,1.87
2015.05.19 19:22:03.422,1.51865,1.51916,1.37,2.25
2015.05.19 19:22:03.574,1.51859,1.51907,1.37,1.00
2015.05.19 19:22:03.938,1.51859,1.51907,1.00,1.00
2015.05.19 19:22:04.038,1.51854,1.51907,1.12,1.50
2015.05.19 19:22:04.139,1.51854,1.51907,1.37,1.87
2015.05.19 19:22:04.707,1.51854,1.51906,1.00,1.37
2015.05.19 19:22:05.021,1.51854,1.51904,1.00,1.37
2015.05.19 19:22:11.626,1.51854,1.51906,1.00,1.00
2015.05.19 19:22:13.856,1.51854,1.51906,1.00,1.37
2015.05.19 19:22:20.787,1.51854,1.51906,1.12,1.00
2015.05.19 19:22:23.260,1.51854,1.51907,1.12,1.87
2015.05.19 19:22:23.564,1.51854,1.51907,1.00,1.87
2015.05.19 19:22:25.359,1.51854,1.51906,1.87,1.37
2015.05.19 19:22:25.757,1.51854,1.51906,2.25,1.12
2015.05.19 19:22:26.090,1.51862,1.51906,1.50,1.00
2015.05.19 19:22:29.769,1.51867,1.51916,1.12,1.37
2015.05.19 19:22:29.819,1.51867,1.51916,1.00,1.37
2015.05.19 19:22:30.158,1.51865,1.51916,1.37,1.37
2015.05.19 19:22:30.410,1.51865,1.51914,1.37,1.00
2015.05.19 19:22:30.511,1.51865,1.51914,1.37,1.00
2015.05.19 19:22:30.713,1.51864,1.51914,1.12,1.00
2015.05.19 19:22:30.915,1.5186,1.51914,1.75,1.37
2015.05.19 19:22:33.598,1.5186,1.51913,1.37,1.00
2015.05.19 19:22:33.799,1.5186,1.51913,1.37,1.00
2015.05.19 19:22:41.331,1.51861,1.51913,1.75,1.12
2015.05.19 19:22:41.641,1.51869,1.5192,2.25,1.12
2015.05.19 19:22:43.951,1.51875,1.51926,1.37,1.87
2015.05.19 19:22:45.448,1.51874,1.51921,1.37,1.37
2015.05.19 19:22:46.648,1.51874,1.51923,1.00,1.37
2015.05.19 19:22:46.749,1.51877,1.51924,1.12,1.00
2015.05.19 19:22:46.951,1.51874,1.51926,1.37,1.00
2015.05.19 19:22:47.051,1.51884,1.51926,1.00,1.00
2015.05.19 19:22:47.153,1.51874,1.51926,1.12,1.75
2015.05.19 19:22:47.576,1.51874,1.51916,1.12,1.00
2015.05.19 19:22:51.612,1.51875,1.51916,1.00,1.00
2015.05.19 19:22:51.864,1.51869,1.51916,1.87,1.00
2015.05.19 19:22:55.661,1.51874,1.51916,1.00,1.00
2015.05.19 19:22:56.175,1.51869,1.51916,1.87,1.00
2015.05.19 19:23:00.327,1.51874,1.51922,1.00,1.37
2015.05.19 19:23:02.816,1.51876,1.51924,1.00,1.37
2015.05.19 19:23:02.967,1.51874,1.51921,1.00,1.12
2015.05.19 19:23:03.018,1.51868,1.51917,2.25,1.00
2015.05.19 19:23:06.928,1.51873,1.51921,1.12,1.12
2015.05.19 19:23:07.165,1.51873,1.51921,1.37,1.37
2015.05.19 19:23:16.693,1.51866,1.51919,2.25,1.37
2015.05.19 19:23:16.796,1.51869,1.51919,1.00,1.75
2015.05.19 19:23:16.847,1.51863,1.51917,1.37,1.50
2015.05.19 19:23:16.898,1.51868,1.51917,1.00,1.75
2015.05.19 19:23:16.948,1.51861,1.51913,1.50,1.37
2015.05.19 19:23:17.100,1.51862,1.51915,1.37,1.37
2015.05.19 19:23:17.207,1.51863,1.51915,1.50,1.00
2015.05.19 19:23:17.257,1.51865,1.51917,1.37,1.00
2015.05.19 19:23:17.308,1.51865,1.51917,1.50,1.00
2015.05.19 19:23:17.569,1.51872,1.51925,1.00,1.87
2015.05.19 19:23:17.720,1.51874,1.51925,1.12,1.00
2015.05.19 19:23:18.030,1.51874,1.51925,1.50,1.12
2015.05.19 19:23:18.628,1.51874,1.51925,1.75,1.00
2015.05.19 19:23:18.729,1.51878,1.51931,2.25,1.00
2015.05.19 19:23:19.250,1.51884,1.51933,1.37,1.37
2015.05.19 19:23:20.096,1.51885,1.51936,1.00,1.75
2015.05.19 19:23:20.500,1.51877,1.51926,2.25,1.00
2015.05.19 19:23:21.287,1.51877,1.51926,1.37,1.37
2015.05.19 19:23:26.248,1.51882,1.51927,1.00,1.37
2015.05.19 19:23:29.224,1.51882,1.51927,1.00,1.12
2015.05.19 19:23:33.532,1.51882,1.51927,1.37,1.00
2015.05.19 19:23:33.582,1.51882,1.51935,1.37,3.75
2015.05.19 19:23:33.633,1.51882,1.51935,1.37,1.87
2015.05.19 19:23:33.734,1.51882,1.51933,1.00,1.12
2015.05.19 19:23:33.835,1.51882,1.51931,1.00,1.00
2015.05.19 19:23:33.886,1.51877,1.51929,1.12,1.00
2015.05.19 19:23:33.936,1.51884,1.51929,1.00,1.00
2015.05.19 19:23:34.135,1.51877,1.51926,1.00,1.00
2015.05.19 19:23:34.791,1.51877,1.51925,1.00,1.00
2015.05.19 19:23:35.220,1.51877,1.51925,1.00,1.75
2015.05.19 19:23:35.573,1.51877,1.51916,1.00,1.00
2015.05.19 19:23:36.576,1.51872,1.51916,1.00,1.12
2015.05.19 19:23:36.627,1.51866,1.51916,1.00,1.37
2015.05.19 19:23:36.980,1.51864,1.51913,1.00,1.12
2015.05.19 19:23:37.031,1.51864,1.51909,1.00,1.75
2015.05.19 19:23:37.132,1.51854,1.519,1.37,1.00
2015.05.19 19:23:37.233,1.51864,1.519,1.00,1.00
2015.05.19 19:23:37.334,1.51854,1.519,1.87,1.00
2015.05.19 19:23:37.498,1.51854,1.51898,1.37,1.00
2015.05.19 19:23:37.599,1.51854,1.51904,1.37,1.37
2015.05.19 19:23:37.751,1.51854,1.51903,1.00,1.37
2015.05.19 19:23:38.154,1.51853,1.51896,1.87,1.00
2015.05.19 19:23:38.968,1.51853,1.51897,1.87,1.00
2015.05.19 19:24:19.305,1.51853,1.51897,1.50,1.00
2015.05.19 19:24:19.356,1.51853,1.51905,1.50,1.37
2015.05.19 19:24:19.407,1.51855,1.51907,1.75,1.00
2015.05.19 19:24:19.812,1.51861,1.51907,1.00,1.37
2015.05.19 19:24:19.913,1.51861,1.51907,1.00,2.25
2015.05.19 19:24:20.124,1.51844,1.51897,1.37,2.62
2015.05.19 19:24:20.655,1.51842,1.51886,1.37,1.00
2015.05.19 19:24:21.396,1.51842,1.51886,1.75,1.00
2015.05.19 19:24:21.900,1.51842,1.51887,1.75,1.00
2015.05.19 19:24:22.565,1.51842,1.51886,1.75,1.00
2015.05.19 19:24:23.717,1.51842,1.51887,1.75,1.00
2015.05.19 19:24:24.023,1.51842,1.51887,1.75,1.00
2015.05.19 19:24:29.181,1.51842,1.51887,1.37,1.00
2015.05.19 19:24:30.583,1.51842,1.51887,1.37,1.00
2015.05.19 19:24:33.526,1.51842,1.51886,1.37,1.00
2015.05.19 19:24:33.781,1.51842,1.51895,1.37,1.50
2015.05.19 19:24:33.832,1.51842,1.51893,1.75,1.00
2015.05.19 19:24:34.048,1.51842,1.51893,1.37,1.00
2015.05.19 19:24:34.099,1.51842,1.51895,1.37,1.00
2015.05.19 19:24:34.301,1.51842,1.51895,1.00,1.00
2015.05.19 19:24:34.603,1.51844,1.51897,1.00,1.50
2015.05.19 19:24:35.127,1.51845,1.51897,1.00,1.87
2015.05.19 19:24:35.434,1.51847,1.51897,1.00,3.00
2015.05.19 19:24:35.535,1.51845,1.51895,1.00,1.87
2015.05.19 19:24:35.728,1.51842,1.51896,1.12,2.62
2015.05.19 19:24:36.886,1.51842,1.5189,1.00,1.37
2015.05.19 19:24:37.043,1.51836,1.5189,1.50,1.75
2015.05.19 19:24:38.442,1.51836,1.51891,1.50,1.50
2015.05.19 19:24:38.543,1.51836,1.51891,1.87,1.37
2015.05.19 19:24:38.852,1.51842,1.5189,1.00,1.37
2015.05.19 19:24:39.561,1.51842,1.5189,1.00,1.00
2015.05.19 19:24:39.892,1.51842,1.51885,1.00,1.00
2015.05.19 19:24:40.306,1.51842,1.51885,1.37,1.00
2015.05.19 19:24:40.969,1.51842,1.51886,1.37,1.00
2015.05.19 19:24:41.019,1.51842,1.51889,1.00,1.37
2015.05.19 19:24:41.070,1.51837,1.51889,1.37,1.37
2015.05.19 19:24:41.221,1.51837,1.5189,1.37,1.00
2015.05.19 19:24:41.423,1.51841,1.51893,1.37,1.00
2015.05.19 19:24:41.926,1.51841,1.51893,1.75,1.00
2015.05.19 19:24:42.232,1.51854,1.51893,1.00,1.00
2015.05.19 19:24:43.270,1.51854,1.51892,1.00,1.00
2015.05.19 19:24:43.321,1.51844,1.51892,1.00,1.00
2015.05.19 19:24:43.372,1.51846,1.51893,1.00,1.12
2015.05.19 19:24:43.565,1.51844,1.51892,1.00,1.00
2015.05.19 19:24:43.616,1.51844,1.51892,1.37,1.12
2015.05.19 19:24:43.936,1.51846,1.51894,1.37,1.12
2015.05.19 19:24:44.339,1.51854,1.51897,1.00,1.37
2015.05.19 19:24:44.845,1.51854,1.5189,1.00,1.00
2015.05.19 19:24:44.917,1.51854,1.51893,1.00,1.50
2015.05.19 19:24:45.142,1.51854,1.51889,1.00,1.00
2015.05.19 19:24:45.318,1.51854,1.51892,1.00,1.00
2015.05.19 19:24:45.845,1.51854,1.51898,1.00,1.37
2015.05.19 19:24:45.996,1.51854,1.51892,1.00,1.00
2015.05.19 19:24:46.908,1.51854,1.51897,1.00,1.87
2015.05.19 19:24:47.835,1.51854,1.51894,1.00,1.00
2015.05.19 19:24:48.241,1.51854,1.51896,1.00,1.00
2015.05.19 19:24:48.292,1.51854,1.51893,1.00,1.00
2015.05.19 19:24:48.342,1.51854,1.51895,1.37,1.00
2015.05.19 19:24:48.443,1.51854,1.51897,1.87,1.00
2015.05.19 19:24:48.545,1.51854,1.51897,1.87,1.00
2015.05.19 19:24:49.049,1.51854,1.51896,1.87,1.00
2015.05.19 19:24:49.609,1.51854,1.51897,1.87,1.00
2015.05.19 19:24:50.419,1.51858,1.51897,1.00,1.00
2015.05.19 19:24:50.721,1.51858,1.51897,1.37,1.00
2015.05.19 19:24:51.236,1.51854,1.51898,2.25,1.00
2015.05.19 19:24:51.591,1.51854,1.51895,2.25,1.00
2015.05.19 19:24:51.642,1.51854,1.51899,2.25,1.00
2015.05.19 19:24:52.336,1.51854,1.519,2.25,1.00
2015.05.19 19:24:52.932,1.51854,1.51903,2.25,1.12
2015.05.19 19:24:53.337,1.51851,1.51897,1.75,1.00
2015.05.19 19:24:56.335,1.51858,1.51896,1.37,1.00
2015.05.19 19:24:56.386,1.5185,1.51896,1.37,1.00
2015.05.19 19:24:56.587,1.51849,1.51896,1.12,1.37
2015.05.19 19:24:56.638,1.51849,1.51887,1.12,1.00
2015.05.19 19:24:56.940,1.51854,1.51897,1.00,1.50
2015.05.19 19:24:57.243,1.51854,1.51886,1.00,1.00
2015.05.19 19:24:58.381,1.51851,1.51886,1.00,1.00
2015.05.19 19:24:58.826,1.51851,1.51893,1.00,1.37
2015.05.19 19:24:59.154,1.51852,1.51886,1.00,1.00
2015.05.19 19:25:00.147,1.5185,1.51886,1.00,1.00
2015.05.19 19:25:00.366,1.51846,1.51886,1.12,1.00
2015.05.19 19:25:00.671,1.51848,1.51886,1.00,1.00
2015.05.19 19:25:00.772,1.51846,1.51886,1.12,1.00
2015.05.19 19:25:01.300,1.51844,1.51886,1.37,1.00
2015.05.19 19:25:01.503,1.51843,1.51886,1.00,1.00
2015.05.19 19:25:01.553,1.51848,1.51886,1.37,1.00
2015.05.19 19:25:01.705,1.51844,1.51896,2.25,1.12
2015.05.19 19:25:01.806,1.51853,1.51897,1.00,1.00
2015.05.19 19:25:02.127,1.5185,1.51897,1.50,1.50
2015.05.19 19:25:02.457,1.51858,1.51895,1.00,1.00
2015.05.19 19:25:03.759,1.51858,1.51896,1.00,1.50
2015.05.19 19:25:04.460,1.51858,1.51895,1.12,1.00
2015.05.19 19:25:05.262,1.51858,1.51896,1.12,1.00
2015.05.19 19:25:07.283,1.5185,1.51896,1.75,1.00
2015.05.19 19:25:07.334,1.51858,1.51896,1.00,1.00
2015.05.19 19:25:07.436,1.5185,1.51896,1.75,1.00
2015.05.19 19:25:07.980,1.5185,1.51896,1.37,1.00
2015.05.19 19:25:08.082,1.51851,1.51896,1.50,1.37
2015.05.19 19:25:08.384,1.51849,1.51893,1.00,1.75
2015.05.19 19:25:08.781,1.51846,1.51877,1.00,1.00
2015.05.19 19:25:08.839,1.51846,1.51886,1.00,1.87
2015.05.19 19:25:09.192,1.51847,1.51877,1.00,1.00
2015.05.19 19:25:09.293,1.51845,1.51886,1.00,1.00
2015.05.19 19:25:09.595,1.51842,1.51887,1.00,1.00
2015.05.19 19:25:10.125,1.51838,1.51887,1.37,1.00
2015.05.19 19:25:14.446,1.51845,1.51887,1.00,1.00
2015.05.19 19:25:16.914,1.51845,1.51896,1.00,2.62
2015.05.19 19:25:20.819,1.51845,1.51893,1.00,1.00
2015.05.19 19:25:20.920,1.51845,1.51895,1.00,1.12
2015.05.19 19:25:24.691,1.51839,1.51892,1.50,1.00
2015.05.19 19:25:24.994,1.51839,1.51876,1.00,1.00
2015.05.19 19:25:25.728,1.51839,1.51876,1.37,1.00
2015.05.19 19:25:26.900,1.51839,1.51876,1.00,1.00
2015.05.19 19:25:27.979,1.51839,1.51877,1.00,1.00
2015.05.19 19:25:31.945,1.51834,1.51877,1.37,1.00
2015.05.19 19:25:32.747,1.51839,1.51877,1.00,1.00
2015.05.19 19:25:32.848,1.51832,1.51877,1.87,1.00
2015.05.19 19:25:33.145,1.51832,1.51877,1.87,1.00
2015.05.19 19:25:34.213,1.51832,1.51877,1.87,1.00
2015.05.19 19:25:34.419,1.51832,1.51877,2.25,1.00
2015.05.19 19:25:35.129,1.51832,1.51876,2.25,1.00
2015.05.19 19:25:37.061,1.51834,1.51876,1.75,1.00
2015.05.19 19:25:37.368,1.51839,1.51886,1.75,1.00
2015.05.19 19:25:37.520,1.51846,1.51887,1.37,1.00
2015.05.19 19:25:37.570,1.51846,1.51892,1.37,1.00
2015.05.19 19:25:37.671,1.51852,1.51894,1.00,1.00
2015.05.19 19:25:38.024,1.51851,1.51886,1.00,1.00
2015.05.19 19:25:39.325,1.51851,1.51897,1.00,1.00
2015.05.19 19:25:39.642,1.51851,1.51886,1.00,1.00
2015.05.19 19:25:39.858,1.51851,1.51896,1.00,1.00
2015.05.19 19:25:40.313,1.51851,1.51886,1.00,1.00
2015.05.19 19:25:40.628,1.51851,1.51896,1.00,1.00
2015.05.19 19:25:41.312,1.51851,1.51897,1.00,1.00
2015.05.19 19:25:41.851,1.51851,1.51896,1.00,1.00
2015.05.19 19:25:42.608,1.51851,1.51897,1.00,1.00
2015.05.19 19:25:43.380,1.51851,1.51896,1.00,1.00
2015.05.19 19:25:44.376,1.51851,1.51897,1.00,1.00
2015.05.19 19:25:44.530,1.51847,1.51897,1.37,1.00
2015.05.19 19:25:44.948,1.51852,1.51896,1.00,1.00
2015.05.19 19:25:45.490,1.51852,1.51897,1.00,1.12
2015.05.19 19:25:45.994,1.51852,1.51896,1.00,1.00
2015.05.19 19:25:46.198,1.51846,1.51897,1.12,1.00
2015.05.19 19:25:47.043,1.51846,1.51897,1.00,1.37
2015.05.19 19:25:47.446,1.51846,1.51896,1.37,1.00
2015.05.19 19:25:47.547,1.51846,1.51896,1.00,1.37
2015.05.19 19:25:47.648,1.51851,1.51897,1.00,1.00
2015.05.19 19:25:48.166,1.51851,1.51896,1.00,1.00
2015.05.19 19:25:48.698,1.51851,1.51897,1.00,1.00
2015.05.19 19:25:49.376,1.51851,1.51896,1.12,1.00
2015.05.19 19:25:50.028,1.51845,1.51897,3.00,1.00
2015.05.19 19:25:50.331,1.5185,1.51896,1.12,1.37
2015.05.19 19:25:50.381,1.5185,1.51896,1.00,1.00
2015.05.19 19:25:50.433,1.51852,1.51886,1.00,1.00
2015.05.19 19:25:50.785,1.5185,1.51887,1.00,1.00
2015.05.19 19:25:51.299,1.5185,1.51897,1.00,1.12
2015.05.19 19:25:52.122,1.51846,1.51897,1.37,1.12
2015.05.19 19:25:52.791,1.51851,1.51897,1.00,1.12
2015.05.19 19:25:52.892,1.51846,1.51897,1.37,1.12
2015.05.19 19:25:57.993,1.51846,1.51897,1.00,1.00
2015.05.19 19:25:59.026,1.51846,1.51887,1.00,1.00
2015.05.19 19:25:59.645,1.51846,1.51887,1.37,1.00
2015.05.19 19:26:07.378,1.51844,1.51886,1.37,1.00
2015.05.19 19:26:07.981,1.51843,1.51886,1.37,1.00
2015.05.19 19:26:12.862,1.51844,1.51887,1.37,1.00
2015.05.19 19:26:13.189,1.51844,1.51887,1.37,1.00
2015.05.19 19:26:13.890,1.51844,1.51887,1.37,1.00
2015.05.19 19:26:18.097,1.51844,1.51887,1.37,1.00
2015.05.19 19:26:18.262,1.51844,1.51896,1.12,1.87
2015.05.19 19:26:18.364,1.51844,1.51886,1.12,1.00
2015.05.19 19:26:18.699,1.51849,1.51886,1.00,1.00
2015.05.19 19:26:18.750,1.51838,1.51886,2.25,1.00
2015.05.19 19:26:18.946,1.51838,1.51886,1.87,1.00
2015.05.19 19:26:19.468,1.51838,1.51886,1.50,1.00
2015.05.19 19:26:20.561,1.51838,1.51887,1.00,1.00
2015.05.19 19:26:21.905,1.51838,1.51887,1.87,1.00
2015.05.19 19:26:24.518,1.51838,1.51886,1.37,1.00
2015.05.19 19:26:30.626,1.51838,1.51886,1.75,1.00
2015.05.19 19:26:32.482,1.5184,1.51887,1.50,1.00
2015.05.19 19:26:32.533,1.5184,1.51887,1.00,1.37
2015.05.19 19:26:32.634,1.51844,1.51887,1.00,1.37
2015.05.19 19:26:32.685,1.51833,1.51886,1.75,1.37
2015.05.19 19:26:32.736,1.51833,1.51886,1.75,1.37
2015.05.19 19:26:33.067,1.51841,1.51886,1.00,1.37
2015.05.19 19:26:33.386,1.51841,1.51877,1.00,1.00
2015.05.19 19:26:34.020,1.51841,1.51876,1.00,1.00
2015.05.19 19:26:34.556,1.51836,1.51876,1.75,1.00
2015.05.19 19:26:34.657,1.51842,1.51887,1.50,1.00
2015.05.19 19:26:35.174,1.51842,1.51886,1.50,1.00
2015.05.19 19:26:50.984,1.5185,1.51886,1.37,1.00
2015.05.19 19:26:55.873,1.51849,1.51886,1.00,1.00
2015.05.19 19:26:55.974,1.51849,1.51886,1.75,1.00
2015.05.19 19:26:56.177,1.51848,1.51886,1.50,1.00
2015.05.19 19:26:56.343,1.51851,1.51896,1.37,1.12
2015.05.19 19:26:56.394,1.51849,1.51896,1.75,1.00
2015.05.19 19:26:56.696,1.51857,1.51896,1.37,1.00
2015.05.19 19:26:58.330,1.51862,1.51907,1.00,1.00
2015.05.19 19:26:58.535,1.51862,1.51897,1.00,1.00
2015.05.19 19:26:59.672,1.51859,1.51897,1.37,1.00
2015.05.19 19:27:00.084,1.51857,1.51906,1.37,1.12
2015.05.19 19:27:00.185,1.51856,1.51906,1.00,1.37
2015.05.19 19:27:00.235,1.51852,1.51896,1.37,1.00
2015.05.19 19:27:00.703,1.5185,1.51896,2.25,1.00
2015.05.19 19:27:00.804,1.5185,1.51896,1.87,1.00
2015.05.19 19:27:06.822,1.5185,1.51903,1.37,1.37
2015.05.19 19:27:07.036,1.51851,1.51896,1.37,1.00
2015.05.19 19:27:13.895,1.51852,1.51896,1.00,1.00
2015.05.19 19:27:13.945,1.5185,1.51896,1.12,1.00
2015.05.19 19:27:14.416,1.51845,1.51896,1.37,1.00
2015.05.19 19:27:15.036,1.51845,1.51898,1.37,1.00
2015.05.19 19:27:15.137,1.51849,1.51899,1.00,1.00
2015.05.19 19:27:15.547,1.51843,1.51896,3.00,1.12
2015.05.19 19:27:23.721,1.51843,1.51896,1.87,1.37
2015.05.19 19:27:25.016,1.51843,1.51895,1.12,1.37
2015.05.19 19:27:33.132,1.51843,1.51896,1.37,2.62
2015.05.19 19:27:33.648,1.51842,1.51895,1.75,1.37
2015.05.19 19:27:34.134,1.51843,1.51892,1.50,1.00
2015.05.19 19:27:34.185,1.51844,1.51895,1.37,1.37
2015.05.19 19:27:34.235,1.51844,1.51895,1.75,1.00
2015.05.19 19:27:34.286,1.51843,1.51897,2.25,1.12
2015.05.19 19:27:34.337,1.51843,1.51897,2.25,1.37
2015.05.19 19:27:34.467,1.51843,1.51897,2.25,1.00
2015.05.19 19:27:35.126,1.51845,1.51896,1.75,1.00
2015.05.19 19:27:36.267,1.51844,1.51896,1.50,1.37
2015.05.19 19:27:36.318,1.51844,1.5189,1.50,1.00
2015.05.19 19:27:36.419,1.51844,1.51896,1.50,1.37
2015.05.19 19:27:36.621,1.51844,1.51887,1.50,1.00
2015.05.19 19:27:36.928,1.51844,1.51886,1.75,1.00
2015.05.19 19:27:37.079,1.51844,1.51896,2.25,1.00
2015.05.19 19:27:37.290,1.51846,1.51896,1.75,1.00
2015.05.19 19:27:41.212,1.51849,1.51896,1.12,1.37
2015.05.19 19:27:41.313,1.51852,1.51896,1.37,1.00
2015.05.19 19:27:41.608,1.51852,1.51901,1.37,1.00
2015.05.19 19:27:41.760,1.51853,1.51906,1.87,1.37
2015.05.19 19:27:41.911,1.51853,1.51896,1.00,1.00
2015.05.19 19:27:46.424,1.51853,1.51902,1.00,1.00
2015.05.19 19:27:46.525,1.51853,1.51887,1.00,1.00
2015.05.19 19:27:46.626,1.51853,1.51897,1.00,1.00
2015.05.19 19:27:46.828,1.51853,1.51902,1.00,1.37
2015.05.19 19:27:46.979,1.51846,1.51886,1.37,1.00
2015.05.19 19:27:47.393,1.51852,1.51886,1.00,1.00
2015.05.19 19:27:47.931,1.51844,1.51886,1.75,1.00
2015.05.19 19:27:49.213,1.51844,1.51886,1.75,1.00
2015.05.19 19:27:52.947,1.51844,1.51886,1.75,1.00
2015.05.19 19:27:53.148,1.51843,1.51887,2.25,1.00
2015.05.19 19:27:53.929,1.51843,1.51886,2.25,1.00
2015.05.19 19:27:54.476,1.51846,1.51886,1.50,1.00
2015.05.19 19:27:55.353,1.51846,1.51886,1.37,1.00
2015.05.19 19:27:57.255,1.51846,1.51886,1.50,1.00
2015.05.19 19:28:00.582,1.51846,1.51887,1.50,1.00
2015.05.19 19:28:01.191,1.51846,1.51886,1.50,1.00
2015.05.19 19:28:03.353,1.51846,1.51887,1.50,1.00
2015.05.19 19:28:06.575,1.51852,1.51887,1.00,1.00
2015.05.19 19:28:06.627,1.51852,1.51897,1.00,1.37
2015.05.19 19:28:06.844,1.51847,1.51886,1.37,1.00
2015.05.19 19:28:11.864,1.51853,1.51886,1.00,1.00
2015.05.19 19:28:11.965,1.51847,1.51886,1.37,1.00
2015.05.19 19:28:19.055,1.51842,1.51887,1.75,1.00
2015.05.19 19:28:19.608,1.51846,1.51887,1.75,1.00
2015.05.19 19:28:20.160,1.51853,1.51886,1.37,1.00
2015.05.19 19:28:21.253,1.51851,1.51887,1.37,1.00
2015.05.19 19:28:37.769,1.51847,1.51886,1.75,1.00
2015.05.19 19:28:38.006,1.51854,1.51896,2.25,1.00
2015.05.19 19:28:38.158,1.51856,1.51896,1.75,1.00
2015.05.19 19:28:38.359,1.51854,1.51897,1.37,1.00
2015.05.19 19:28:38.934,1.51854,1.51897,1.00,1.00
2015.05.19 19:28:39.136,1.51848,1.51897,1.37,1.12
2015.05.19 19:28:40.289,1.51854,1.51897,1.00,1.12
2015.05.19 19:28:40.340,1.51844,1.51897,1.37,1.87
2015.05.19 19:28:40.691,1.51844,1.51896,1.12,1.12
2015.05.19 19:28:40.742,1.51848,1.51896,1.00,1.12
2015.05.19 19:28:40.944,1.51844,1.51896,1.12,1.12
2015.05.19 19:28:41.253,1.51849,1.51897,1.00,1.37
2015.05.19 19:28:41.804,1.51849,1.51897,1.00,1.12
2015.05.19 19:28:45.352,1.51849,1.51896,1.12,1.00
2015.05.19 19:28:45.655,1.51848,1.519,1.75,1.00
2015.05.19 19:28:45.957,1.51853,1.51896,3.00,1.00
2015.05.19 19:28:46.468,1.51852,1.51897,2.25,1.00
2015.05.19 19:28:47.913,1.51852,1.51896,2.25,1.00
2015.05.19 19:28:55.202,1.51852,1.51896,2.25,1.00
2015.05.19 19:28:58.536,1.5185,1.51896,1.50,1.00
2015.05.19 19:28:59.138,1.5185,1.51897,1.50,1.00
2015.05.19 19:29:00.118,1.5185,1.51897,1.75,1.00
2015.05.19 19:29:00.571,1.51852,1.51896,1.75,1.00
2015.05.19 19:29:04.555,1.51853,1.51896,1.75,1.00
2015.05.19 19:29:08.948,1.51854,1.51896,1.87,1.00
2015.05.19 19:29:10.255,1.51851,1.51896,1.87,1.00
2015.05.19 19:29:10.356,1.51851,1.51904,1.87,1.75
2015.05.19 19:29:10.457,1.51851,1.51901,1.87,1.75
2015.05.19 19:29:10.760,1.51848,1.51886,1.12,1.00
2015.05.19 19:29:11.625,1.51845,1.51886,1.37,1.00
2015.05.19 19:29:11.978,1.51851,1.51886,1.00,1.00
2015.05.19 19:29:12.079,1.51845,1.51887,1.37,1.00
2015.05.19 19:29:12.180,1.51845,1.51887,1.12,1.00
2015.05.19 19:29:12.231,1.5185,1.51887,1.00,1.00
2015.05.19 19:29:12.282,1.51845,1.51887,1.12,1.00
2015.05.19 19:29:12.831,1.51844,1.51886,1.37,1.00
2015.05.19 19:29:14.943,1.51844,1.51886,1.37,1.00
2015.05.19 19:29:15.276,1.51846,1.51886,1.50,1.00
2015.05.19 19:29:15.388,1.51846,1.51897,2.25,1.00
2015.05.19 19:29:15.723,1.51849,1.51896,1.37,1.00
2015.05.19 19:29:16.039,1.51849,1.51902,1.37,1.12
2015.05.19 19:29:16.191,1.5185,1.51902,1.50,1.00
2015.05.19 19:29:16.493,1.51854,1.51896,1.37,1.00
2015.05.19 19:29:16.806,1.51854,1.51906,1.37,1.87
2015.05.19 19:29:16.988,1.51854,1.51896,1.00,1.00
2015.05.19 19:29:17.139,1.51854,1.51906,1.00,1.37
2015.05.19 19:29:17.190,1.51854,1.51903,1.00,1.75
2015.05.19 19:29:17.341,1.51847,1.51896,1.37,1.37
2015.05.19 19:29:18.224,1.51847,1.51895,1.00,1.50
2015.05.19 19:29:18.653,1.51847,1.51887,1.00,1.00
2015.05.19 19:29:18.885,1.51841,1.51887,1.37,1.00
2015.05.19 19:29:19.438,1.51846,1.51887,1.00,1.00
2015.05.19 19:29:19.539,1.51841,1.51887,1.37,1.00
2015.05.19 19:29:19.703,1.51846,1.51887,1.37,1.00
2015.05.19 19:29:19.805,1.51842,1.51895,2.25,1.37
2015.05.19 19:29:20.012,1.51849,1.51896,1.37,1.00
2015.05.19 19:29:20.333,1.51849,1.51886,1.87,1.00
2015.05.19 19:29:20.434,1.51849,1.51896,1.37,1.00
2015.05.19 19:29:20.639,1.51849,1.51896,1.00,1.00
2015.05.19 19:29:21.484,1.51849,1.51896,1.37,1.00
2015.05.19 19:29:22.023,1.51849,1.51897,1.00,1.00
2015.05.19 19:29:22.074,1.51845,1.51896,1.87,1.00
2015.05.19 19:29:22.600,1.51848,1.51897,1.00,1.00
2015.05.19 19:29:23.030,1.51845,1.51896,1.87,1.00
2015.05.19 19:29:23.182,1.51848,1.51897,1.00,1.12
2015.05.19 19:29:23.484,1.51842,1.51895,1.37,1.37
2015.05.19 19:29:23.947,1.51842,1.51895,1.12,1.37
2015.05.19 19:29:28.375,1.51842,1.51895,1.12,1.00
2015.05.19 19:29:28.476,1.51842,1.51895,1.37,1.37
2015.05.19 19:29:34.265,1.51842,1.51895,1.00,1.37
2015.05.19 19:29:34.812,1.51842,1.51895,1.12,1.37
2015.05.19 19:29:37.672,1.51839,1.51892,1.37,1.00
2015.05.19 19:29:37.728,1.51839,1.51889,1.37,1.00
2015.05.19 19:29:37.880,1.51836,1.51886,1.00,1.37
2015.05.19 19:29:38.031,1.51833,1.51883,1.37,1.00
2015.05.19 19:29:38.082,1.51833,1.51883,1.50,1.00
2015.05.19 19:29:38.183,1.51836,1.5189,1.50,1.37
2015.05.19 19:29:38.893,1.51838,1.51891,2.25,1.00
2015.05.19 19:29:38.944,1.51844,1.51894,1.00,1.37
2015.05.19 19:29:38.995,1.51844,1.51894,1.37,1.37
2015.05.19 19:29:39.123,1.51844,1.51894,1.37,1.12
2015.05.19 19:29:39.555,1.51844,1.51892,1.37,1.00
2015.05.19 19:29:39.859,1.51847,1.51896,1.75,1.00
2015.05.19 19:29:40.210,1.51853,1.51896,1.37,1.00
2015.05.19 19:29:41.911,1.5185,1.51896,1.50,1.00
2015.05.19 19:29:43.787,1.51854,1.51906,1.37,1.75
2015.05.19 19:29:43.938,1.5185,1.51901,1.75,1.00
2015.05.19 19:29:44.433,1.51854,1.51901,1.37,1.37
2015.05.19 19:29:44.792,1.51848,1.51897,1.75,1.00
2015.05.19 19:29:44.843,1.51847,1.51897,3.00,1.00
2015.05.19 19:29:45.127,1.51847,1.51897,3.00,1.00
2015.05.19 19:29:45.706,1.51847,1.51897,3.00,1.00
2015.05.19 19:29:46.632,1.51852,1.51905,1.12,2.25
2015.05.19 19:29:46.733,1.51849,1.51899,1.75,1.37
2015.05.19 19:29:47.035,1.51847,1.51896,2.25,1.00
2015.05.19 19:29:49.832,1.51854,1.51899,1.37,1.37
2015.05.19 19:29:50.063,1.51854,1.51901,1.37,1.37
2015.05.19 19:29:50.930,1.51855,1.51906,1.37,1.37
2015.05.19 19:29:54.263,1.51854,1.51906,1.75,1.87
2015.05.19 19:29:54.364,1.51853,1.51906,1.50,1.87
2015.05.19 19:29:56.046,1.51854,1.51906,1.87,1.37
2015.05.19 19:29:56.478,1.51854,1.51906,2.25,1.37
2015.05.19 19:29:57.188,1.51854,1.51906,1.37,1.37
2015.05.19 19:29:58.254,1.51854,1.51907,1.37,2.25
2015.05.19 19:30:00.302,1.51853,1.51903,1.37,1.37
2015.05.19 19:30:01.683,1.51853,1.51905,1.37,1.87
2015.05.19 19:30:02.224,1.51855,1.51907,1.50,1.37
2015.05.19 19:30:05.991,1.51855,1.51907,1.37,1.37
2015.05.19 19:30:09.373,1.51859,1.51906,1.00,1.37
2015.05.19 19:30:09.752,1.51853,1.51903,1.37,1.37
2015.05.19 19:30:11.011,1.51853,1.51906,1.75,1.87
2015.05.19 19:30:14.144,1.51853,1.51905,1.87,1.50
2015.05.19 19:30:16.662,1.51856,1.51903,1.00,1.37
2015.05.19 19:30:16.712,1.51849,1.51903,1.37,1.37
2015.05.19 19:30:16.763,1.51855,1.51903,1.00,1.37
2015.05.19 19:30:16.814,1.51847,1.519,1.50,1.37
2015.05.19 19:30:16.864,1.51847,1.519,1.37,1.37
2015.05.19 19:30:17.169,1.51854,1.519,1.00,1.37
2015.05.19 19:30:19.547,1.51854,1.51901,1.00,1.37
2015.05.19 19:30:21.148,1.51854,1.519,1.37,1.37
2015.05.19 19:30:21.593,1.51854,1.51904,1.37,1.37
2015.05.19 19:30:21.896,1.51856,1.51896,1.37,1.00
2015.05.19 19:30:21.947,1.51856,1.51906,1.37,1.37
2015.05.19 19:30:22.762,1.51856,1.51907,1.37,1.37
2015.05.19 19:30:23.141,1.51856,1.51897,1.37,1.00
2015.05.19 19:30:23.888,1.51856,1.51907,1.37,1.37
2015.05.19 19:30:24.322,1.51856,1.51896,1.37,1.00
2015.05.19 19:30:24.542,1.51854,1.51902,1.37,1.00
2015.05.19 19:30:24.643,1.51854,1.51906,1.87,1.37
2015.05.19 19:30:24.772,1.51854,1.51902,1.37,1.00
2015.05.19 19:30:24.995,1.51854,1.51906,1.12,1.37
2015.05.19 19:30:25.045,1.51854,1.51902,1.12,1.00
2015.05.19 19:30:25.353,1.51855,1.51903,1.00,1.37
2015.05.19 19:30:25.694,1.51855,1.51897,1.00,1.00
2015.05.19 19:30:25.813,1.51846,1.51897,1.75,1.00
2015.05.19 19:30:25.864,1.51854,1.51901,1.00,1.37
2015.05.19 19:30:26.386,1.51854,1.51901,1.37,1.00
2015.05.19 19:30:31.290,1.51854,1.51902,1.37,1.12
2015.05.19 19:30:33.118,1.51854,1.51902,1.00,1.75
2015.05.19 19:30:33.258,1.51851,1.51895,1.12,1.37
2015.05.19 19:30:34.524,1.51844,1.51896,1.37,1.87
2015.05.19 19:30:35.842,1.51843,1.51894,1.87,1.50
2015.05.19 19:30:40.921,1.51843,1.51895,2.25,1.37
2015.05.19 19:30:41.557,1.51844,1.51896,1.50,1.37
2015.05.19 19:30:43.531,1.51843,1.51896,1.75,1.12
2015.05.19 19:30:47.365,1.51844,1.51897,1.75,1.37
2015.05.19 19:30:47.567,1.51844,1.51897,1.37,1.37
2015.05.19 19:30:47.769,1.51844,1.51886,1.37,1.00
2015.05.19 19:30:49.072,1.51843,1.51892,1.50,1.00
2015.05.19 19:30:55.408,1.51848,1.51897,1.00,1.75
2015.05.19 19:30:55.459,1.51843,1.51896,1.87,1.50
2015.05.19 19:31:00.132,1.51847,1.51897,1.00,1.75
2015.05.19 19:31:02.471,1.51847,1.51897,1.37,1.37
2015.05.19 19:31:05.177,1.51847,1.51897,1.50,1.50
2015.05.19 19:31:05.680,1.51847,1.51896,1.37,1.37
2015.05.19 19:31:05.832,1.51847,1.51896,2.25,1.00
2015.05.19 19:31:07.484,1.51849,1.51897,1.37,1.12
2015.05.19 19:31:11.311,1.51848,1.51897,1.75,1.00
2015.05.19 19:31:11.412,1.51846,1.51896,1.75,1.37
2015.05.19 19:31:12.212,1.51851,1.51896,1.00,1.37
2015.05.19 19:31:12.314,1.51846,1.51895,1.87,1.12
2015.05.19 19:31:13.600,1.5185,1.51896,1.00,1.37
2015.05.19 19:31:15.019,1.51849,1.51896,1.12,1.37
2015.05.19 19:31:18.396,1.5185,1.51896,1.00,1.37
2015.05.19 19:31:19.298,1.51844,1.51896,3.00,1.87
2015.05.19 19:31:26.926,1.51844,1.51894,1.50,1.00
2015.05.19 19:31:31.874,1.51846,1.51896,1.37,1.50
2015.05.19 19:31:32.025,1.5184,1.51893,1.50,1.37
2015.05.19 19:31:32.127,1.51842,1.51896,1.50,1.37
2015.05.19 19:31:36.619,1.5185,1.51897,1.00,1.37
2015.05.19 19:31:36.771,1.51844,1.51897,1.37,1.37
2015.05.19 19:31:37.715,1.51844,1.51897,2.25,1.37
2015.05.19 19:31:38.932,1.51844,1.51897,1.75,1.00
2015.05.19 19:31:39.033,1.51847,1.51897,1.37,1.00
2015.05.19 19:31:39.134,1.51847,1.519,1.12,1.75
2015.05.19 19:31:39.496,1.51844,1.51895,1.75,1.37
2015.05.19 19:31:46.341,1.51846,1.51896,1.37,1.50
2015.05.19 19:31:53.541,1.51848,1.51897,1.00,1.75
2015.05.19 19:31:54.944,1.51843,1.51895,1.37,1.37
2015.05.19 19:31:55.153,1.51843,1.51895,1.37,1.75
2015.05.19 19:31:58.391,1.51848,1.51896,1.00,1.75
2015.05.19 19:31:58.571,1.51844,1.51893,1.12,1.50
2015.05.19 19:32:01.876,1.51844,1.51896,1.87,1.75
2015.05.19 19:32:03.109,1.51844,1.51896,1.37,1.87
2015.05.19 19:32:05.301,1.51844,1.5189,1.00,1.37
2015.05.19 19:32:05.643,1.51841,1.51896,1.37,1.75
2015.05.19 19:32:05.795,1.51843,1.51896,1.37,1.37
2015.05.19 19:32:06.928,1.51844,1.5189,1.37,1.37
2015.05.19 19:32:07.142,1.51842,1.51887,1.12,1.12
2015.05.19 19:32:08.588,1.5184,1.51887,1.87,1.37
2015.05.19 19:32:08.920,1.51838,1.51887,1.75,1.00
2015.05.19 19:32:08.971,1.51843,1.51896,1.37,1.75
2015.05.19 19:32:09.180,1.51841,1.51886,1.37,1.00
2015.05.19 19:32:09.432,1.51845,1.51896,1.00,1.75
2015.05.19 19:32:09.835,1.51841,1.51886,1.37,1.00
2015.05.19 19:32:13.142,1.51842,1.51896,1.87,2.25
2015.05.19 19:32:13.416,1.51844,1.51892,1.00,1.75
2015.05.19 19:32:13.568,1.5184,1.51892,1.12,1.75
2015.05.19 19:32:15.099,1.51839,1.51887,1.37,1.37
2015.05.19 19:32:16.860,1.51842,1.51886,1.00,1.12
2015.05.19 19:32:19.464,1.5184,1.51886,1.37,1.12
2015.05.19 19:32:23.211,1.5184,1.51886,1.37,1.00
2015.05.19 19:32:23.525,1.51844,1.51886,1.37,1.00
2015.05.19 19:32:24.361,1.51843,1.51896,1.37,1.75
2015.05.19 19:32:30.934,1.51843,1.51886,1.37,1.00
2015.05.19 19:32:34.865,1.51843,1.51886,1.00,1.12
2015.05.19 19:32:35.339,1.51843,1.51887,1.00,1.37
2015.05.19 19:32:35.389,1.51839,1.51887,1.50,1.37
2015.05.19 19:32:35.440,1.51839,1.51892,1.50,1.75
2015.05.19 19:32:35.592,1.51831,1.51886,1.87,1.75
2015.05.19 19:32:39.672,1.51832,1.51884,1.37,1.50
2015.05.19 19:32:40.642,1.51833,1.51884,1.37,1.50
2015.05.19 19:32:44.482,1.51833,1.51879,1.00,1.75
2015.05.19 19:32:44.583,1.51832,1.51879,1.00,1.37
2015.05.19 19:32:44.634,1.51828,1.51879,1.00,1.37
2015.05.19 19:32:44.734,1.51826,1.51879,1.37,1.37
2015.05.19 19:32:44.961,1.51824,1.51876,2.25,1.00
2015.05.19 19:32:45.264,1.51834,1.51886,1.37,1.37
2015.05.19 19:32:45.783,1.51834,1.51886,1.37,1.37
2015.05.19 19:32:45.884,1.51836,1.51886,1.12,1.37
2015.05.19 19:32:46.667,1.51834,1.51877,1.87,1.00
2015.05.19 19:32:47.348,1.51833,1.51887,1.37,2.25
2015.05.19 19:32:49.849,1.51832,1.51876,1.87,1.00
2015.05.19 19:32:49.900,1.51832,1.51876,1.87,1.00
2015.05.19 19:32:50.079,1.51833,1.51887,1.00,1.00
2015.05.19 19:32:50.231,1.51835,1.51886,1.00,1.00
2015.05.19 19:32:50.543,1.51839,1.51887,1.00,1.50
2015.05.19 19:32:50.855,1.51839,1.51887,1.50,1.50
2015.05.19 19:33:00.672,1.51839,1.51887,1.75,1.00
2015.05.19 19:33:04.480,1.51843,1.51896,1.87,1.50
2015.05.19 19:33:11.295,1.51843,1.51889,1.37,1.00
2015.05.19 19:33:11.410,1.51843,1.51895,1.37,1.37
2015.05.19 19:33:12.931,1.51843,1.51889,1.37,1.00
2015.05.19 19:33:13.032,1.51843,1.51895,1.37,1.37
2015.05.19 19:33:17.033,1.51844,1.5189,1.37,1.00
2015.05.19 19:33:17.536,1.51844,1.51896,1.37,1.50
2015.05.19 19:33:18.817,1.51846,1.51896,1.37,1.37
2015.05.19 19:33:18.918,1.51849,1.51896,1.12,1.37
2015.05.19 19:33:20.239,1.51845,1.51897,1.37,1.50
2015.05.19 19:33:20.541,1.51844,1.5189,1.37,1.00
2015.05.19 19:33:20.592,1.51844,1.51895,1.37,1.37
2015.05.19 19:33:22.306,1.51846,1.51895,1.87,1.37
2015.05.19 19:33:25.435,1.51844,1.51896,1.12,2.25
2015.05.19 19:33:25.536,1.51843,1.51893,1.37,1.00
2015.05.19 19:33:25.586,1.51849,1.51897,1.00,1.37
2015.05.19 19:33:25.889,1.51851,1.51902,2.25,1.12
2015.05.19 19:33:25.939,1.51855,1.51906,1.75,1.12
2015.05.19 19:33:26.146,1.51859,1.51906,1.75,1.00
2015.05.19 19:33:26.550,1.51857,1.51907,2.25,1.00
2015.05.19 19:33:27.061,1.51861,1.51906,1.50,1.37
2015.05.19 19:33:27.381,1.51849,1.51902,1.37,1.75
2015.05.19 19:33:27.482,1.51849,1.51902,1.12,1.75
2015.05.19 19:33:29.782,1.5185,1.51887,1.00,1.00
2015.05.19 19:33:29.933,1.51852,1.51905,1.75,1.00
2015.05.19 19:33:30.247,1.51858,1.51906,1.37,1.37
2015.05.19 19:33:30.449,1.51857,1.51912,1.00,1.00
2015.05.19 19:33:30.550,1.51857,1.51906,1.00,1.00
2015.05.19 19:33:30.852,1.51859,1.51906,1.00,1.00
2015.05.19 19:33:30.903,1.51864,1.51912,1.00,1.00
2015.05.19 19:33:32.842,1.51864,1.51912,1.00,1.37
2015.05.19 19:33:33.397,1.51854,1.51903,1.50,1.75
2015.05.19 19:33:33.873,1.51854,1.51896,1.00,1.37
2015.05.19 19:33:34.670,1.51853,1.51896,1.00,1.37
2015.05.19 19:33:34.729,1.51843,1.51896,2.25,1.37
2015.05.19 19:33:34.981,1.51854,1.51896,1.00,1.37
2015.05.19 19:33:35.507,1.51853,1.51896,1.00,1.37
2015.05.19 19:33:42.992,1.51843,1.51895,1.87,1.75
2015.05.19 19:33:43.361,1.51844,1.51889,1.00,1.37
2015.05.19 19:33:43.893,1.51843,1.51889,1.00,1.37
2015.05.19 19:33:44.444,1.51844,1.51893,1.00,1.75
2015.05.19 19:33:45.876,1.51844,1.51886,1.00,1.37
2015.05.19 19:33:51.812,1.51844,1.51893,1.00,2.25
2015.05.19 19:33:54.272,1.51844,1.51893,1.00,1.75
2015.05.19 19:33:54.820,1.51843,1.51893,1.00,1.75
2015.05.19 19:33:54.923,1.51843,1.51893,1.50,2.25
2015.05.19 19:33:55.024,1.51854,1.51893,1.00,2.25
2015.05.19 19:33:59.532,1.51854,1.51895,1.00,1.37
2015.05.19 19:33:59.985,1.51864,1.51901,1.00,1.75
2015.05.19 19:34:00.643,1.51854,1.51901,1.00,1.75
2015.05.19 19:34:01.193,1.51853,1.51899,1.00,1.87
2015.05.19 19:34:05.007,1.51863,1.51899,1.00,1.87
2015.05.19 19:34:15.325,1.51863,1.51902,1.00,1.50
2015.05.19 19:34:22.828,1.51864,1.51901,1.00,1.37
2015.05.19 19:34:26.786,1.51863,1.51903,1.00,1.75
2015.05.19 19:34:29.874,1.51864,1.51903,1.00,1.75
2015.05.19 19:34:33.552,1.51864,1.51895,1.00,1.00
2015.05.19 19:34:33.711,1.51854,1.5189,1.00,1.12
2015.05.19 19:34:33.812,1.51845,1.51893,1.12,2.25
2015.05.19 19:34:33.963,1.51853,1.51893,1.00,1.50
2015.05.19 19:34:34.757,1.51854,1.51891,1.00,1.37
2015.05.19 19:34:34.971,1.51844,1.51891,1.00,1.37
2015.05.19 19:34:35.192,1.51854,1.51891,1.00,1.37
2015.05.19 19:34:36.598,1.51844,1.51891,1.00,1.37
2015.05.19 19:34:36.742,1.51846,1.51895,1.00,1.75
2015.05.19 19:34:37.058,1.51853,1.51895,1.00,1.75
2015.05.19 19:34:38.172,1.51853,1.5189,1.00,1.00
2015.05.19 19:34:38.324,1.51853,1.51897,1.00,1.37
2015.05.19 19:34:38.438,1.51855,1.51899,1.00,1.87
2015.05.19 19:34:38.589,1.51856,1.51903,1.00,1.50
2015.05.19 19:34:38.690,1.51863,1.519,1.00,1.37
2015.05.19 19:34:39.349,1.51864,1.51902,1.00,1.37
2015.05.19 19:34:40.092,1.51863,1.51902,1.00,1.37
2015.05.19 19:34:40.651,1.51864,1.51902,1.00,1.37
2015.05.19 19:34:48.311,1.51864,1.51901,1.00,1.50
2015.05.19 19:34:50.621,1.51864,1.519,1.00,1.12
2015.05.19 19:35:01.229,1.51864,1.519,1.00,1.75
2015.05.19 19:35:01.330,1.51864,1.51903,1.00,1.50
2015.05.19 19:35:01.482,1.51864,1.51903,1.00,1.37
2015.05.19 19:35:02.326,1.51873,1.51907,1.00,2.25
2015.05.19 19:35:02.377,1.51873,1.51907,1.00,1.12
2015.05.19 19:35:02.479,1.51868,1.51913,1.00,1.37
2015.05.19 19:35:02.530,1.5187,1.51916,1.00,1.75
2015.05.19 19:35:02.580,1.5187,1.51917,1.00,1.37
2015.05.19 19:35:02.681,1.51873,1.51918,1.00,1.50
2015.05.19 19:35:03.200,1.51873,1.51918,1.00,1.37
2015.05.19 19:35:03.532,1.51884,1.51918,1.00,1.37
2015.05.19 19:35:03.750,1.51874,1.51917,1.00,1.37
2015.05.19 19:35:04.300,1.51873,1.51917,1.00,1.37
2015.05.19 19:35:04.811,1.51874,1.51918,1.00,1.37
2015.05.19 19:35:08.525,1.51873,1.51918,1.00,1.37
2015.05.19 19:35:09.715,1.51884,1.51918,1.00,1.75
2015.05.19 19:35:10.229,1.51884,1.51917,1.00,1.37
2015.05.19 19:35:10.410,1.51874,1.51917,1.00,1.37
2015.05.19 19:35:10.511,1.51884,1.51918,1.00,1.12
2015.05.19 19:35:10.612,1.51874,1.51923,3.37,1.37
2015.05.19 19:35:10.713,1.51884,1.51923,1.00,1.37
2015.05.19 19:35:10.814,1.51874,1.51923,3.37,1.37
2015.05.19 19:35:10.915,1.51884,1.51923,1.00,1.37
2015.05.19 19:35:17.308,1.51883,1.51923,1.00,1.37
2015.05.19 19:35:20.177,1.51883,1.51918,1.00,1.00
2015.05.19 19:35:20.480,1.51874,1.51913,1.00,1.50
2015.05.19 19:35:21.084,1.51873,1.51916,1.00,1.75
2015.05.19 19:35:21.703,1.51883,1.51916,1.00,2.25
2015.05.19 19:35:23.197,1.51883,1.51916,1.00,1.87
2015.05.19 19:35:31.703,1.51884,1.51915,1.00,1.37
2015.05.19 19:35:35.018,1.51884,1.51917,1.00,1.37
2015.05.19 19:35:43.349,1.51883,1.51917,1.00,1.37
2015.05.19 19:35:43.854,1.51883,1.51917,1.00,1.00
2015.05.19 19:35:43.904,1.51883,1.51915,1.00,1.00
2015.05.19 19:35:43.955,1.51883,1.51917,1.00,1.00
2015.05.19 19:35:44.056,1.51883,1.51925,1.00,1.50
2015.05.19 19:35:44.749,1.51884,1.51925,1.00,1.50
2015.05.19 19:35:45.658,1.51883,1.51925,1.00,1.50
2015.05.19 19:35:50.430,1.51884,1.51925,1.00,1.50
2015.05.19 19:36:00.620,1.51883,1.51925,1.00,1.50
2015.05.19 19:36:00.947,1.51894,1.51925,1.00,1.50
2015.05.19 19:36:02.598,1.51884,1.51925,1.00,1.50
2015.05.19 19:36:02.868,1.51894,1.51925,1.00,1.50
2015.05.19 19:36:03.038,1.51884,1.51925,1.00,1.50
2015.05.19 19:36:03.368,1.51894,1.51925,1.00,1.50
2015.05.19 19:36:07.548,1.51884,1.51929,1.00,1.75
2015.05.19 19:36:07.878,1.51893,1.51929,1.00,1.75
2015.05.19 19:36:12.828,1.51883,1.5193,1.00,2.25
2015.05.19 19:36:14.172,1.51893,1.5193,1.00,1.75
2015.05.19 19:36:15.399,1.51893,1.51925,1.00,1.75
2015.05.19 19:36:15.500,1.51884,1.51927,1.00,1.75
2015.05.19 19:36:16.019,1.51883,1.51921,1.00,1.12
2015.05.19 19:36:16.692,1.51883,1.51921,1.00,1.50
2015.05.19 19:36:16.994,1.51884,1.51919,1.00,1.50
2015.05.19 19:36:17.532,1.51883,1.51917,1.00,1.37
2015.05.19 19:36:17.900,1.51883,1.51916,1.00,1.50
2015.05.19 19:36:20.943,1.51883,1.51913,1.00,1.37
2015.05.19 19:36:22.305,1.51874,1.51914,1.00,1.37
2015.05.19 19:36:22.356,1.51874,1.51914,1.00,1.37
2015.05.19 19:36:22.544,1.51883,1.51914,1.00,1.37
2015.05.19 19:36:23.718,1.51884,1.51914,1.00,1.37
2015.05.19 19:36:35.713,1.51874,1.51921,1.00,1.75
2015.05.19 19:36:35.764,1.51874,1.51918,1.12,1.37
2015.05.19 19:36:35.814,1.51876,1.51918,1.00,1.37
2015.05.19 19:36:36.117,1.51884,1.51919,1.00,1.12
2015.05.19 19:36:36.168,1.51873,1.51919,1.87,1.37
2015.05.19 19:36:36.219,1.51876,1.51919,1.00,1.37
2015.05.19 19:36:36.521,1.51883,1.51925,1.00,1.37
2015.05.19 19:36:37.177,1.51883,1.51928,1.00,1.75
2015.05.19 19:36:44.449,1.51883,1.51928,1.00,1.75
2015.05.19 19:36:49.142,1.51883,1.51927,1.00,1.75
2015.05.19 19:36:51.489,1.51883,1.51927,1.00,1.75
2015.05.19 19:36:52.783,1.51883,1.51928,1.00,1.75
2015.05.19 19:36:53.303,1.51883,1.51925,1.00,1.75
2015.05.19 19:36:53.849,1.51884,1.51925,1.00,1.75
2015.05.19 19:36:56.570,1.51884,1.51925,1.00,2.25
2015.05.19 19:37:11.998,1.51884,1.51925,1.00,1.50
2015.05.19 19:37:16.181,1.51884,1.51925,1.00,1.75
2015.05.19 19:37:19.409,1.51884,1.51925,1.00,1.50
2015.05.19 19:37:19.910,1.51884,1.51925,1.00,1.37
2015.05.19 19:37:21.197,1.51884,1.51929,1.00,1.75
2015.05.19 19:37:21.298,1.51884,1.51929,1.00,2.25
2015.05.19 19:37:21.399,1.51883,1.51929,1.00,1.75
2015.05.19 19:37:21.602,1.51884,1.51923,1.00,1.87
2015.05.19 19:37:21.792,1.51884,1.51923,1.00,2.25
2015.05.19 19:37:21.949,1.51874,1.51923,1.00,2.25
2015.05.19 19:37:22.923,1.51874,1.51923,1.00,1.75
2015.05.19 19:37:23.330,1.51874,1.51923,1.00,1.75
2015.05.19 19:37:23.445,1.51884,1.51923,1.00,1.75
2015.05.19 19:37:23.898,1.51884,1.51923,1.00,1.75
2015.05.19 19:37:24.267,1.51874,1.51923,1.50,1.75
2015.05.19 19:37:26.903,1.51873,1.51923,1.50,1.75
2015.05.19 19:37:28.604,1.51873,1.51923,1.87,1.75
2015.05.19 19:37:30.744,1.51873,1.51923,1.37,1.37
2015.05.19 19:37:38.370,1.51875,1.51927,1.37,1.75
2015.05.19 19:37:38.786,1.51883,1.51927,1.00,1.75
2015.05.19 19:37:38.937,1.51883,1.51927,1.00,1.37
2015.05.19 19:38:01.198,1.51883,1.51928,1.50,1.37
2015.05.19 19:38:04.109,1.51883,1.51931,1.00,1.75
2015.05.19 19:38:05.092,1.51884,1.5193,1.00,1.75
2015.05.19 19:38:05.193,1.51878,1.51925,1.00,1.75
2015.05.19 19:38:05.522,1.51884,1.51925,1.00,1.75
2015.05.19 19:38:06.657,1.51876,1.51921,1.00,1.37
2015.05.19 19:38:06.772,1.51874,1.51921,1.12,1.37
2015.05.19 19:38:06.978,1.51883,1.51917,1.00,1.12
2015.05.19 19:38:08.194,1.51874,1.51922,1.00,1.50
2015.05.19 19:38:08.590,1.51884,1.51922,1.00,1.50
2015.05.19 19:38:08.704,1.51884,1.51922,1.00,1.37
2015.05.19 19:38:09.108,1.51884,1.51924,1.00,1.75
2015.05.19 19:38:12.212,1.51884,1.51924,1.00,1.37
2015.05.19 19:38:12.599,1.51894,1.51924,1.00,1.37
2015.05.19 19:38:13.326,1.51884,1.51924,1.00,1.37
2015.05.19 19:38:14.431,1.51884,1.51924,1.00,1.37
2015.05.19 19:38:15.623,1.51884,1.51924,1.00,1.37
2015.05.19 19:38:21.866,1.51884,1.51924,1.00,1.75
2015.05.19 19:38:22.270,1.51873,1.51918,1.87,1.12
2015.05.19 19:38:22.518,1.51884,1.51918,1.00,1.12
2015.05.19 19:38:30.486,1.51884,1.51924,1.00,1.50
2015.05.19 19:38:51.169,1.51884,1.51923,1.00,1.75
2015.05.19 19:39:00.882,1.51873,1.51919,1.00,1.50
2015.05.19 19:39:01.084,1.51883,1.51919,1.00,1.50
2015.05.19 19:39:03.622,1.51874,1.51919,1.00,1.50
2015.05.19 19:39:04.138,1.51874,1.51919,1.00,1.75
2015.05.19 19:39:06.360,1.51874,1.51919,1.00,1.75
2015.05.19 19:39:08.364,1.51873,1.51919,1.00,1.75
2015.05.19 19:39:13.508,1.51864,1.51913,1.00,2.25
2015.05.19 19:39:13.811,1.51864,1.51906,1.00,1.37
2015.05.19 19:39:13.862,1.51854,1.51906,1.37,1.37
2015.05.19 19:39:13.913,1.51854,1.51906,1.37,2.25
2015.05.19 19:39:14.218,1.51854,1.51903,1.12,1.50
2015.05.19 19:39:14.539,1.51863,1.51899,1.00,1.37
2015.05.19 19:39:15.015,1.51864,1.51901,1.00,1.37
2015.05.19 19:39:21.634,1.51863,1.51906,1.00,1.75
2015.05.19 19:39:25.718,1.51863,1.51905,1.00,1.37
2015.05.19 19:39:27.105,1.51863,1.51907,1.00,1.37
2015.05.19 19:39:27.711,1.51864,1.51908,1.00,1.50
2015.05.19 19:39:27.798,1.51864,1.51908,1.00,1.37
2015.05.19 19:39:28.000,1.51864,1.51908,1.00,1.37
2015.05.19 19:39:28.701,1.51863,1.51908,1.00,1.37
2015.05.19 19:39:31.851,1.51863,1.51908,1.00,1.50
2015.05.19 19:39:32.360,1.51864,1.51908,1.00,1.50
2015.05.19 19:39:33.151,1.51864,1.51908,1.00,1.75
2015.05.19 19:39:33.566,1.51864,1.51904,1.00,1.50
2015.05.19 19:39:33.977,1.51854,1.51904,1.37,1.50
2015.05.19 19:39:34.333,1.51863,1.51904,1.00,1.50
2015.05.19 19:39:37.163,1.51854,1.51906,1.37,2.25
2015.05.19 19:39:37.472,1.51863,1.51905,1.00,1.75
2015.05.19 19:39:40.565,1.51854,1.51906,1.37,2.25
2015.05.19 19:39:40.772,1.51863,1.51906,1.00,2.25
2015.05.19 19:39:45.488,1.51863,1.51906,1.00,1.37
2015.05.19 19:39:45.601,1.51861,1.51908,1.00,1.50
2015.05.19 19:39:45.652,1.51853,1.51905,1.50,1.37
2015.05.19 19:39:45.753,1.51864,1.51905,1.00,1.37
2015.05.19 19:39:46.494,1.51863,1.51905,1.00,1.37
2015.05.19 19:39:46.797,1.51864,1.51905,1.00,1.50
2015.05.19 19:39:46.967,1.51864,1.51905,1.00,1.00
2015.05.19 19:39:47.068,1.51856,1.51905,1.37,1.37
2015.05.19 19:39:47.393,1.51864,1.51905,1.00,1.37
2015.05.19 19:39:49.011,1.51864,1.51905,1.00,1.37
2015.05.19 19:39:50.599,1.51864,1.51905,1.37,1.00
2015.05.19 19:39:50.650,1.51864,1.51913,1.37,1.37
2015.05.19 19:39:50.701,1.51863,1.51911,1.50,1.00
2015.05.19 19:39:50.803,1.51864,1.51917,1.50,1.00
2015.05.19 19:39:50.954,1.51864,1.51911,1.00,1.00
2015.05.19 19:39:51.303,1.51858,1.51913,1.00,1.00
2015.05.19 19:39:51.354,1.51864,1.51909,1.00,1.00
2015.05.19 19:39:51.570,1.51854,1.51904,1.00,1.50
2015.05.19 19:39:51.671,1.51851,1.51896,1.00,1.00
2015.05.19 19:39:51.773,1.51852,1.51906,1.00,1.00
2015.05.19 19:39:52.125,1.51864,1.51906,1.00,1.00
2015.05.19 19:39:52.354,1.51854,1.51901,1.00,1.00
2015.05.19 19:39:52.455,1.51863,1.51901,1.00,1.00
2015.05.19 19:39:52.556,1.51854,1.51901,1.50,1.00
2015.05.19 19:39:52.657,1.51854,1.51895,1.00,1.00
2015.05.19 19:39:52.758,1.51853,1.51903,1.00,1.37
2015.05.19 19:39:52.909,1.51855,1.51908,1.00,1.75
2015.05.19 19:39:53.211,1.51853,1.51894,1.00,1.00
2015.05.19 19:39:53.662,1.51863,1.51894,1.00,1.00
2015.05.19 19:39:55.587,1.51863,1.51901,1.00,1.75
2015.05.19 19:39:59.363,1.51864,1.51901,1.00,1.75
2015.05.19 19:39:59.944,1.51863,1.519,1.00,1.50
2015.05.19 19:40:00.129,1.51863,1.519,1.00,1.00
2015.05.19 19:40:00.180,1.51854,1.519,1.00,1.00
2015.05.19 19:40:00.281,1.51864,1.519,1.00,1.00
2015.05.19 19:40:00.382,1.51856,1.519,1.37,1.00
2015.05.19 19:40:00.483,1.51856,1.51908,1.37,1.37
2015.05.19 19:40:00.584,1.51864,1.51908,1.00,1.37
2015.05.19 19:40:00.954,1.51855,1.51901,1.37,1.00
2015.05.19 19:40:01.055,1.51863,1.5191,1.00,1.75
2015.05.19 19:40:07.371,1.51863,1.51908,1.00,2.25
2015.05.19 19:40:08.069,1.51864,1.519,1.00,1.37
2015.05.19 19:40:08.624,1.51863,1.519,1.00,1.37
2015.05.19 19:40:13.074,1.51863,1.519,1.00,1.87
2015.05.19 19:40:33.393,1.51864,1.51904,1.00,1.75
2015.05.19 19:40:35.474,1.51864,1.51904,1.00,1.37
2015.05.19 19:40:35.707,1.51864,1.51907,1.00,1.50
2015.05.19 19:40:37.900,1.51864,1.51909,1.00,1.75
2015.05.19 19:40:38.905,1.51863,1.51908,1.00,1.50
2015.05.19 19:40:39.056,1.51863,1.51901,1.00,1.00
2015.05.19 19:40:39.375,1.51864,1.51908,1.00,1.50
2015.05.19 19:40:40.025,1.51864,1.51902,1.00,1.00
2015.05.19 19:40:40.177,1.51864,1.51909,1.00,2.25
2015.05.19 19:40:41.584,1.51864,1.51908,1.00,1.50
2015.05.19 19:40:41.814,1.51864,1.51908,1.00,2.25
2015.05.19 19:40:42.327,1.51863,1.51907,1.00,1.75
2015.05.19 19:40:43.799,1.51863,1.51906,1.00,1.75
2015.05.19 19:40:44.389,1.51863,1.519,1.00,1.37
2015.05.19 19:40:45.013,1.51863,1.51907,1.00,1.75
2015.05.19 19:40:45.517,1.51864,1.51906,1.00,1.50
2015.05.19 19:40:52.748,1.51864,1.51906,1.00,1.37
2015.05.19 19:41:03.321,1.51864,1.51906,1.00,1.37
2015.05.19 19:41:06.921,1.51863,1.51909,1.00,1.75
2015.05.19 19:41:07.457,1.51863,1.51909,1.00,1.75
2015.05.19 19:41:08.253,1.51863,1.51907,1.00,1.75
2015.05.19 19:41:15.858,1.51864,1.51904,1.00,1.37
2015.05.19 19:41:19.478,1.51864,1.51908,1.00,1.75
2015.05.19 19:41:31.711,1.51863,1.51908,1.00,1.75
2015.05.19 19:41:32.862,1.51864,1.51908,1.00,1.75
2015.05.19 19:41:32.963,1.51864,1.5191,1.00,1.50
2015.05.19 19:41:33.064,1.51864,1.51912,1.37,1.37
2015.05.19 19:41:33.115,1.51863,1.51914,1.75,1.00
2015.05.19 19:41:33.328,1.51874,1.51923,1.00,1.87
2015.05.19 19:41:35.869,1.51874,1.51923,1.00,2.25
2015.05.19 19:41:43.354,1.51883,1.51921,1.00,1.50
2015.05.19 19:41:45.439,1.51874,1.51921,1.00,1.50
2015.05.19 19:41:45.641,1.51883,1.51921,1.00,1.50
2015.05.19 19:41:46.920,1.51883,1.51921,1.00,1.37
2015.05.19 19:41:52.597,1.51874,1.51919,1.12,1.37
2015.05.19 19:41:55.860,1.51874,1.51918,1.00,1.37
2015.05.19 19:41:56.513,1.51873,1.51918,1.00,1.37
2015.05.19 19:41:59.310,1.51873,1.51918,1.00,1.37
2015.05.19 19:41:59.858,1.51874,1.51917,1.00,1.37
2015.05.19 19:42:01.158,1.51874,1.5192,1.00,1.37
2015.05.19 19:42:05.723,1.51874,1.5192,1.00,1.50
2015.05.19 19:42:06.567,1.51874,1.51921,1.00,1.37
2015.05.19 19:42:14.981,1.51873,1.51919,1.00,1.37
2015.05.19 19:42:15.494,1.51874,1.51917,1.00,1.00
2015.05.19 19:42:16.330,1.51873,1.51917,1.00,1.00
2015.05.19 19:42:16.381,1.51873,1.51918,1.00,1.37
2015.05.19 19:42:20.991,1.51873,1.5192,1.12,1.37
2015.05.19 19:42:21.202,1.51874,1.51921,1.37,1.37
2015.05.19 19:42:21.313,1.51874,1.51923,1.37,1.37
2015.05.19 19:42:21.364,1.51876,1.51925,1.75,1.00
2015.05.19 19:42:21.415,1.51876,1.51929,1.75,2.62
2015.05.19 19:42:21.769,1.51881,1.51929,1.00,1.75
2015.05.19 19:42:21.972,1.51874,1.5192,1.37,1.37
2015.05.19 19:42:22.073,1.51884,1.5192,1.00,1.37
2015.05.19 19:42:26.011,1.51884,1.51921,1.00,1.37
2015.05.19 19:42:26.062,1.51874,1.51921,1.00,1.37
2015.05.19 19:42:26.738,1.51873,1.51921,1.00,1.37
2015.05.19 19:42:31.291,1.51873,1.51921,1.12,1.37
2015.05.19 19:42:36.432,1.51873,1.51921,1.00,1.75
2015.05.19 19:42:46.863,1.51873,1.51922,1.37,1.37
2015.05.19 19:42:46.964,1.51873,1.51922,1.00,1.75
2015.05.19 19:42:47.065,1.51873,1.51918,1.12,1.37
2015.05.19 19:42:47.166,1.51873,1.51921,1.00,1.75
2015.05.19 19:42:47.799,1.51874,1.51921,1.00,1.75
2015.05.19 19:42:48.395,1.51874,1.51921,1.00,1.75
2015.05.19 19:42:48.496,1.51874,1.51921,1.00,1.75
2015.05.19 19:42:48.570,1.51867,1.51921,1.37,1.75
2015.05.19 19:42:48.692,1.51873,1.51921,1.00,1.75
2015.05.19 19:42:48.990,1.51873,1.51921,1.00,1.50
2015.05.19 19:42:49.191,1.51867,1.51922,1.75,1.37
2015.05.19 19:42:49.719,1.51874,1.51922,1.00,1.37
2015.05.19 19:42:53.518,1.51874,1.51922,1.12,1.00
2015.05.19 19:42:54.125,1.51873,1.51922,1.87,1.00
2015.05.19 19:42:54.628,1.51873,1.51922,1.50,1.37
2015.05.19 19:42:55.162,1.51873,1.51922,1.87,1.12
2015.05.19 19:42:55.801,1.51873,1.51921,1.87,1.00
2015.05.19 19:42:56.532,1.51873,1.51925,1.87,1.37
2015.05.19 19:42:57.784,1.51873,1.51923,1.50,1.37
2015.05.19 19:42:58.893,1.51874,1.51921,1.00,1.37
2015.05.19 19:42:59.590,1.51873,1.51921,1.00,1.37
2015.05.19 19:43:03.733,1.51873,1.51921,1.50,1.37
2015.05.19 19:43:09.914,1.51874,1.51922,1.00,1.37
2015.05.19 19:43:11.340,1.51873,1.51922,1.50,1.37
2015.05.19 19:43:15.145,1.51873,1.51923,1.50,1.75
2015.05.19 19:43:15.665,1.51873,1.51917,1.00,1.87
2015.05.19 19:43:15.917,1.51868,1.51915,1.00,1.37
2015.05.19 19:43:21.927,1.51873,1.51914,1.00,1.37
2015.05.19 19:43:22.668,1.51873,1.51912,1.00,1.37
2015.05.19 19:43:22.718,1.51864,1.51912,1.37,1.87
2015.05.19 19:43:23.230,1.51865,1.51911,1.00,1.37
2015.05.19 19:43:23.482,1.51865,1.51906,1.00,1.00
2015.05.19 19:43:23.583,1.51858,1.5191,1.00,1.75
2015.05.19 19:43:23.734,1.51858,1.51903,1.00,1.37
2015.05.19 19:43:23.835,1.51854,1.51905,1.00,1.50
2015.05.19 19:43:23.937,1.51854,1.51903,1.00,1.75
2015.05.19 19:43:24.464,1.51854,1.51905,1.00,1.75
2015.05.19 19:43:24.565,1.51854,1.51905,1.00,1.37
2015.05.19 19:43:24.979,1.51853,1.51905,1.37,1.00
2015.05.19 19:43:25.231,1.51863,1.51905,1.00,1.00
2015.05.19 19:43:26.320,1.51863,1.5191,1.00,1.37
2015.05.19 19:43:26.689,1.51864,1.5191,1.37,1.37
2015.05.19 19:43:27.231,1.51864,1.51916,1.37,1.87
2015.05.19 19:43:29.964,1.51864,1.51915,1.37,1.75
2015.05.19 19:43:30.296,1.51856,1.51909,1.37,1.75
2015.05.19 19:43:31.386,1.51864,1.51909,1.00,1.75
2015.05.19 19:43:32.271,1.51864,1.51909,1.00,1.75
2015.05.19 19:43:32.473,1.51856,1.51909,1.00,1.75
2015.05.19 19:43:32.707,1.51864,1.51906,1.00,1.50
2015.05.19 19:43:32.873,1.51864,1.51906,1.00,1.00
2015.05.19 19:43:33.112,1.51856,1.51911,1.37,1.37
2015.05.19 19:43:33.213,1.5186,1.51911,1.37,1.00
2015.05.19 19:43:33.364,1.51864,1.51915,1.00,1.12
2015.05.19 19:43:33.717,1.51864,1.51916,1.00,1.50
2015.05.19 19:43:34.110,1.51863,1.51916,1.37,1.50
2015.05.19 19:43:34.261,1.51874,1.51916,1.00,1.50
2015.05.19 19:43:36.124,1.51866,1.51916,1.37,1.00
2015.05.19 19:43:36.343,1.51874,1.51916,1.00,1.00
2015.05.19 19:43:45.814,1.51864,1.51916,1.75,1.00
2015.05.19 19:43:45.915,1.51864,1.51916,1.12,2.25
2015.05.19 19:43:46.016,1.51863,1.51916,2.25,1.37
2015.05.19 19:43:46.118,1.51864,1.51916,1.00,1.37
2015.05.19 19:43:46.219,1.51864,1.51916,1.12,1.75
2015.05.19 19:43:46.522,1.51864,1.51916,1.12,3.00
2015.05.19 19:43:47.349,1.51864,1.51916,1.37,2.25
2015.05.19 19:43:47.450,1.51864,1.51916,1.37,1.87
2015.05.19 19:43:47.753,1.51874,1.51916,1.00,1.37
2015.05.19 19:43:48.105,1.51864,1.51916,1.87,1.87
2015.05.19 19:43:48.156,1.51864,1.51916,1.00,1.87
2015.05.19 19:43:48.265,1.51864,1.51911,1.00,1.00
2015.05.19 19:43:48.316,1.51861,1.51911,1.37,1.00
2015.05.19 19:43:48.478,1.51862,1.51911,1.00,1.37
2015.05.19 19:43:48.834,1.51861,1.51911,1.37,1.37
2015.05.19 19:43:49.288,1.51864,1.51917,1.87,1.87
2015.05.19 19:43:50.265,1.51864,1.51917,1.12,1.75
2015.05.19 19:43:50.567,1.51864,1.51913,1.50,1.50
2015.05.19 19:43:51.488,1.51873,1.51916,1.00,1.75
2015.05.19 19:43:52.035,1.51873,1.51917,1.00,2.25
2015.05.19 19:43:52.086,1.51874,1.51917,1.00,1.75
2015.05.19 19:43:52.137,1.51874,1.51917,1.00,1.12
2015.05.19 19:43:52.540,1.51874,1.51917,1.00,1.37
2015.05.19 19:43:52.842,1.51874,1.51917,1.00,1.50
2015.05.19 19:43:52.970,1.51874,1.51917,1.00,1.50
2015.05.19 19:43:53.071,1.51864,1.51913,1.50,1.00
2015.05.19 19:43:53.172,1.51864,1.51907,1.00,1.00
2015.05.19 19:43:53.273,1.51863,1.51912,1.00,1.50
2015.05.19 19:43:54.267,1.51874,1.51912,1.00,1.87
2015.05.19 19:43:56.929,1.51873,1.51912,1.00,1.37
2015.05.19 19:43:57.131,1.51863,1.51912,1.00,1.37
2015.05.19 19:43:57.333,1.51873,1.51912,1.00,1.87
2015.05.19 19:44:00.512,1.51863,1.51912,1.00,1.37
2015.05.19 19:44:00.713,1.51865,1.51918,1.50,1.37
2015.05.19 19:44:00.814,1.51867,1.51918,1.75,1.37
2015.05.19 19:44:01.145,1.51883,1.51924,1.00,1.37
2015.05.19 19:44:01.683,1.51883,1.51924,1.00,1.87
2015.05.19 19:44:01.987,1.51883,1.51924,1.00,1.75
2015.05.19 19:44:03.416,1.51883,1.51924,1.00,1.50
2015.05.19 19:44:03.618,1.51883,1.51924,1.00,1.87
2015.05.19 19:44:04.168,1.51884,1.51924,1.00,1.37
2015.05.19 19:44:04.677,1.51883,1.51924,1.00,1.37
2015.05.19 19:44:05.129,1.51883,1.51924,1.00,1.50
2015.05.19 19:44:05.694,1.51883,1.51924,1.00,1.37
2015.05.19 19:44:07.141,1.51883,1.51924,1.00,1.37
2015.05.19 19:44:09.503,1.51883,1.51924,1.00,1.37
2015.05.19 19:44:15.055,1.51883,1.51924,1.00,1.37
2015.05.19 19:44:19.041,1.51883,1.51924,1.00,1.37
2015.05.19 19:44:27.456,1.51883,1.51924,1.00,1.37
2015.05.19 19:44:30.647,1.51874,1.51924,1.37,1.37
2015.05.19 19:44:30.864,1.51874,1.51924,1.12,1.75
2015.05.19 19:44:34.688,1.51874,1.51924,1.12,1.37
2015.05.19 19:44:35.197,1.51874,1.51924,1.37,1.37
2015.05.19 19:44:42.052,1.51874,1.51924,1.12,2.25
2015.05.19 19:44:47.591,1.51884,1.51924,1.00,2.25
2015.05.19 19:44:52.796,1.51873,1.51924,1.50,1.37
2015.05.19 19:44:53.137,1.51883,1.51924,1.00,1.37
2015.05.19 19:44:53.787,1.51883,1.5193,1.37,1.37
2015.05.19 19:44:53.888,1.51884,1.5193,1.00,1.37
2015.05.19 19:44:54.226,1.51884,1.5193,1.00,1.75
2015.05.19 19:44:57.816,1.51884,1.51928,1.00,1.75
2015.05.19 19:44:57.866,1.51875,1.51928,1.37,1.75
2015.05.19 19:45:03.527,1.51878,1.51926,1.50,1.00
2015.05.19 19:45:03.628,1.51877,1.5193,1.75,1.37
2015.05.19 19:45:04.436,1.51884,1.5193,1.00,1.37
2015.05.19 19:45:05.501,1.51884,1.5193,1.37,1.37
2015.05.19 19:45:05.703,1.51884,1.5193,1.37,1.00
2015.05.19 19:45:05.804,1.51885,1.5193,1.37,1.00
2015.05.19 19:45:06.126,1.51893,1.5193,1.00,1.00
2015.05.19 19:45:15.253,1.51893,1.51935,1.00,1.37
2015.05.19 19:45:16.616,1.51893,1.51939,1.00,2.25
2015.05.19 19:45:16.667,1.51886,1.51937,1.37,1.75
2015.05.19 19:45:22.536,1.51886,1.51934,1.00,1.75
2015.05.19 19:45:22.780,1.51886,1.51937,1.12,1.75
2015.05.19 19:45:47.099,1.51893,1.51939,1.00,2.25
2015.05.19 19:45:47.467,1.51893,1.51939,1.00,2.25
2015.05.19 19:45:47.902,1.51886,1.51936,1.37,1.37
2015.05.19 19:45:51.373,1.51886,1.51936,1.37,1.37
2015.05.19 19:45:53.810,1.51886,1.51934,1.00,1.37
2015.05.19 19:45:54.314,1.51884,1.51934,1.37,1.87
2015.05.19 19:46:03.201,1.51883,1.51934,1.50,1.37
2015.05.19 19:46:05.358,1.51894,1.51934,1.00,1.37
2015.05.19 19:46:16.027,1.51884,1.51934,1.37,1.37
2015.05.19 19:46:20.341,1.51886,1.51939,1.37,1.50
2015.05.19 19:46:23.231,1.51886,1.51939,1.75,1.37
2015.05.19 19:46:23.533,1.51887,1.51939,1.37,1.37
2015.05.19 19:46:23.635,1.51894,1.51939,1.00,2.25
2015.05.19 19:46:23.887,1.51884,1.51927,1.00,1.37
2015.05.19 19:46:24.165,1.51883,1.51927,1.00,1.75
2015.05.19 19:46:24.267,1.51883,1.51927,1.00,1.00
2015.05.19 19:46:24.419,1.51874,1.51927,1.00,1.00
2015.05.19 19:46:24.570,1.51883,1.51927,1.00,1.00
2015.05.19 19:46:25.678,1.51883,1.51927,1.00,2.25
2015.05.19 19:46:26.287,1.51874,1.51926,1.50,1.75
2015.05.19 19:46:26.957,1.51874,1.51925,1.50,1.75
2015.05.19 19:46:27.474,1.51873,1.51923,1.00,2.25
2015.05.19 19:46:28.649,1.51873,1.51923,1.00,2.25
2015.05.19 19:46:29.579,1.51873,1.51923,1.00,2.25
2015.05.19 19:46:41.390,1.51873,1.51922,1.00,1.75
2015.05.19 19:46:45.894,1.51873,1.51921,1.00,1.75
2015.05.19 19:46:47.077,1.51874,1.5192,1.00,1.75
2015.05.19 19:46:49.117,1.51871,1.51922,1.00,1.75
2015.05.19 19:46:49.276,1.51874,1.51922,1.00,1.75
2015.05.19 19:46:51.396,1.51874,1.51923,1.00,1.75
2015.05.19 19:46:51.721,1.51874,1.51923,1.00,1.75
2015.05.19 19:46:52.074,1.51884,1.51923,1.00,1.75
2015.05.19 19:46:52.583,1.51873,1.51923,1.00,1.75
2015.05.19 19:46:53.201,1.51875,1.51923,1.00,1.50
2015.05.19 19:46:53.604,1.51884,1.51923,1.00,1.50
2015.05.19 19:46:53.723,1.51884,1.51923,1.00,1.37
2015.05.19 19:46:54.227,1.51884,1.51923,1.00,1.37
2015.05.19 19:46:56.139,1.51874,1.51923,1.37,1.37
2015.05.19 19:46:56.898,1.51884,1.51923,1.00,1.37
2015.05.19 19:46:58.004,1.51874,1.51923,1.87,1.37
2015.05.19 19:46:58.156,1.51874,1.51923,1.12,1.50
2015.05.19 19:47:01.092,1.51883,1.51923,1.00,1.50
2015.05.19 19:47:01.377,1.51874,1.51923,1.12,1.50
2015.05.19 19:47:04.247,1.51873,1.51927,1.50,1.75
2015.05.19 19:47:04.448,1.51874,1.51925,1.00,1.37
2015.05.19 19:47:04.650,1.51873,1.51926,1.00,1.12
2015.05.19 19:47:05.238,1.51873,1.51927,1.50,1.00
2015.05.19 19:47:14.356,1.51883,1.51928,1.00,1.00
2015.05.19 19:47:16.663,1.51883,1.51928,1.00,1.37
2015.05.19 19:47:16.714,1.51874,1.51928,1.37,1.37
2015.05.19 19:47:16.764,1.51874,1.51928,1.50,1.75
2015.05.19 19:47:17.107,1.51884,1.51928,1.00,1.75
2015.05.19 19:47:17.360,1.51884,1.51928,1.00,1.75
2015.05.19 19:47:19.892,1.51874,1.51928,1.37,1.75
2015.05.19 19:47:25.296,1.51874,1.51928,1.75,1.37
2015.05.19 19:47:25.397,1.51874,1.51928,1.50,1.37
2015.05.19 19:47:25.831,1.51884,1.51928,1.00,1.37
2015.05.19 19:47:27.521,1.51884,1.51928,1.00,1.37
2015.05.19 19:47:27.571,1.51874,1.51928,1.75,1.37
2015.05.19 19:47:27.832,1.51878,1.51933,1.75,1.37
2015.05.19 19:47:28.324,1.51884,1.51933,1.00,1.50
2015.05.19 19:47:31.428,1.51884,1.51933,1.12,1.37
2015.05.19 19:47:33.434,1.51884,1.51933,1.37,1.37
2015.05.19 19:47:35.587,1.51893,1.51933,1.00,1.37
2015.05.19 19:47:37.123,1.51893,1.51933,1.00,1.37
2015.05.19 19:47:37.432,1.51883,1.51921,1.00,1.75
2015.05.19 19:47:37.583,1.51873,1.51921,1.00,1.75
2015.05.19 19:47:37.860,1.51873,1.51921,1.00,1.75
2015.05.19 19:47:42.067,1.51873,1.51921,1.00,1.75
2015.05.19 19:47:43.463,1.51873,1.51921,1.00,1.37
2015.05.19 19:47:43.615,1.51875,1.51921,1.00,1.37
2015.05.19 19:47:43.665,1.51875,1.51921,1.00,1.00
2015.05.19 19:47:43.716,1.51873,1.51921,1.00,1.00
2015.05.19 19:47:43.766,1.51883,1.51926,1.00,1.00
2015.05.19 19:47:43.867,1.51883,1.51929,1.00,1.12
2015.05.19 19:47:44.890,1.51883,1.51929,1.00,1.37
2015.05.19 19:47:45.431,1.51884,1.51929,1.00,1.37
2015.05.19 19:47:46.012,1.51884,1.51929,1.00,1.00
2015.05.19 19:47:49.352,1.51894,1.51929,1.00,1.00
2015.05.19 19:47:56.638,1.51884,1.51934,1.12,1.50
2015.05.19 19:47:57.317,1.51883,1.51934,1.37,1.37
2015.05.19 19:48:00.536,1.51885,1.51937,1.37,1.75
2015.05.19 19:48:00.637,1.51885,1.51938,1.37,1.37
2015.05.19 19:48:00.927,1.51894,1.51938,1.00,1.37
2015.05.19 19:48:02.002,1.51894,1.51938,1.00,1.75
2015.05.19 19:48:11.558,1.51885,1.51938,1.37,1.75
2015.05.19 19:48:11.841,1.51885,1.51937,1.00,1.75
2015.05.19 19:48:13.515,1.5189,1.51937,1.00,1.75
2015.05.19 19:48:13.566,1.5189,1.51937,1.75,1.00
2015.05.19 19:48:13.667,1.51901,1.51946,1.00,2.25
2015.05.19 19:48:13.768,1.51896,1.51944,1.00,1.75
2015.05.19 19:48:13.819,1.51901,1.51946,1.00,1.75
2015.05.19 19:48:13.869,1.51901,1.51944,1.00,1.50
2015.05.19 19:48:13.920,1.51894,1.51944,1.00,1.50
2015.05.19 19:48:13.971,1.51894,1.51947,1.00,1.75
2015.05.19 19:48:14.223,1.51894,1.51941,1.00,1.37
2015.05.19 19:48:14.325,1.51894,1.51941,1.00,1.75
2015.05.19 19:48:14.674,1.51893,1.51941,1.00,1.75
2015.05.19 19:48:15.087,1.51888,1.51936,1.00,1.75
2015.05.19 19:48:15.726,1.51884,1.51936,1.12,2.25
2015.05.19 19:48:15.928,1.5188,1.5193,1.87,1.75
2015.05.19 19:48:16.523,1.51884,1.5193,1.00,1.75
2015.05.19 19:48:16.624,1.51877,1.5193,1.37,1.75
2015.05.19 19:48:16.876,1.51877,1.5193,1.50,1.37
2015.05.19 19:48:17.077,1.51877,1.5193,1.37,1.50
2015.05.19 19:48:17.989,1.51877,1.51927,1.37,1.50
2015.05.19 19:48:20.968,1.51877,1.51927,1.12,1.75
2015.05.19 19:48:24.053,1.51873,1.51926,1.37,1.75
2015.05.19 19:48:26.044,1.51874,1.51926,1.12,2.25
2015.05.19 19:48:26.145,1.51875,1.51926,1.12,2.25
2015.05.19 19:48:26.590,1.51874,1.51926,1.37,1.87
2015.05.19 19:48:26.640,1.51878,1.51926,1.00,1.37
2015.05.19 19:48:26.999,1.51884,1.51926,1.00,1.37
2015.05.19 19:48:27.960,1.51884,1.51926,1.00,2.25
2015.05.19 19:48:28.313,1.51874,1.51926,1.00,2.25
2015.05.19 19:48:32.256,1.51874,1.51926,1.00,2.25
2015.05.19 19:48:32.357,1.51874,1.51926,1.37,2.25
2015.05.19 19:48:33.765,1.51874,1.51926,1.37,1.87
2015.05.19 19:48:33.867,1.51874,1.51926,1.37,2.25
2015.05.19 19:48:34.169,1.51872,1.51926,1.75,1.37
2015.05.19 19:48:34.350,1.51872,1.51925,1.00,1.75
2015.05.19 19:48:34.405,1.51871,1.51926,1.00,1.75
2015.05.19 19:48:35.465,1.51871,1.51922,1.00,1.75
2015.05.19 19:48:35.961,1.51871,1.51922,1.37,1.37
2015.05.19 19:48:36.065,1.51871,1.51926,1.37,1.75
2015.05.19 19:48:36.368,1.51871,1.51926,1.00,2.25
2015.05.19 19:48:36.671,1.51873,1.51926,1.00,1.37
2015.05.19 19:48:36.722,1.51876,1.51927,1.00,1.37
2015.05.19 19:48:36.773,1.51876,1.51931,1.00,1.00
2015.05.19 19:48:37.085,1.51876,1.51926,1.00,1.00
2015.05.19 19:48:37.287,1.51874,1.51926,1.00,1.50
2015.05.19 19:48:37.597,1.51874,1.51926,1.37,1.87
2015.05.19 19:48:39.022,1.51879,1.51926,1.00,1.37
2015.05.19 19:48:39.832,1.51874,1.51926,1.87,1.87
2015.05.19 19:48:39.883,1.51874,1.51926,1.87,1.87
2015.05.19 19:48:44.083,1.51875,1.51926,1.37,2.25
2015.05.19 19:48:50.393,1.51878,1.51926,1.00,1.75
2015.05.19 19:48:50.903,1.51874,1.51926,1.37,1.75
2015.05.19 19:49:00.512,1.51883,1.51927,1.00,1.75
2015.05.19 19:49:02.081,1.51876,1.51927,1.37,1.75
2015.05.19 19:49:02.132,1.51874,1.51927,1.37,1.75
2015.05.19 19:49:06.510,1.51874,1.51926,1.37,1.50
2015.05.19 19:49:16.122,1.51874,1.51926,1.37,1.75
2015.05.19 19:49:19.458,1.51874,1.51926,1.37,1.50
2015.05.19 19:49:19.924,1.51874,1.51926,1.50,1.37
2015.05.19 19:49:21.870,1.51877,1.51927,1.00,2.25
2015.05.19 19:49:22.399,1.51873,1.51927,1.37,2.25
2015.05.19 19:49:22.551,1.51877,1.51927,1.37,2.25
2015.05.19 19:49:22.951,1.51884,1.51927,1.00,1.50
2015.05.19 19:49:23.468,1.51884,1.51927,1.00,1.37
2015.05.19 19:49:23.570,1.51884,1.51927,1.00,1.75
2015.05.19 19:49:24.544,1.51884,1.51927,1.00,1.37
2015.05.19 19:49:24.645,1.51884,1.51927,1.00,1.75
2015.05.19 19:49:24.746,1.51884,1.51927,1.00,1.37
2015.05.19 19:49:24.847,1.51884,1.51927,1.00,1.75
2015.05.19 19:49:24.948,1.51884,1.51927,1.00,1.37
2015.05.19 19:49:25.048,1.51884,1.51927,1.00,1.75
2015.05.19 19:49:25.451,1.51884,1.51931,1.00,1.75
2015.05.19 19:49:25.552,1.51884,1.51931,1.00,1.75
2015.05.19 19:49:31.988,1.51884,1.5193,1.00,1.37
2015.05.19 19:49:32.492,1.51884,1.51931,1.00,3.00
2015.05.19 19:49:34.645,1.51894,1.51931,1.00,1.75
2015.05.19 19:49:34.823,1.51884,1.51931,1.00,2.25
2015.05.19 19:49:35.043,1.51894,1.51931,1.00,2.25
2015.05.19 19:49:35.607,1.51884,1.51931,1.00,1.75
2015.05.19 19:49:38.151,1.51894,1.5193,1.00,1.75
2015.05.19 19:49:38.351,1.51884,1.51931,1.00,1.75
2015.05.19 19:49:38.566,1.51883,1.51929,1.00,1.75
2015.05.19 19:49:39.113,1.51884,1.51927,1.00,1.75
2015.05.19 19:49:39.564,1.51884,1.51927,1.00,1.50
2015.05.19 19:49:40.103,1.51883,1.51927,1.00,1.50
2015.05.19 19:49:40.674,1.51883,1.51927,1.00,2.25
2015.05.19 19:49:41.184,1.51883,1.51927,1.00,2.25
2015.05.19 19:49:41.789,1.51884,1.51927,1.00,1.50
2015.05.19 19:49:45.884,1.51884,1.5193,1.00,1.75
2015.05.19 19:49:47.212,1.51884,1.51929,1.00,1.75
2015.05.19 19:49:48.593,1.51883,1.5193,1.00,1.75
2015.05.19 19:49:50.333,1.51884,1.5193,1.00,1.75
2015.05.19 19:49:50.625,1.51884,1.5193,1.00,1.75
2015.05.19 19:49:50.928,1.51884,1.51928,1.00,1.50
2015.05.19 19:49:51.932,1.51884,1.5193,1.00,1.75
2015.05.19 19:49:54.646,1.51883,1.51928,1.00,1.75
2015.05.19 19:49:55.151,1.51884,1.51931,1.00,1.75
2015.05.19 19:49:59.152,1.51884,1.51928,1.00,1.75
2015.05.19 19:50:02.031,1.51884,1.51929,1.00,2.25
2015.05.19 19:50:02.542,1.51883,1.51932,1.00,3.00
2015.05.19 19:50:03.085,1.51884,1.51932,1.00,3.75
2015.05.19 19:50:04.426,1.51884,1.51932,1.00,3.75
2015.05.19 19:50:05.004,1.51883,1.51932,1.00,3.00
2015.05.19 19:50:06.305,1.51877,1.51932,1.37,3.00
2015.05.19 19:50:06.456,1.51877,1.51926,1.00,1.37
2015.05.19 19:50:07.296,1.51884,1.51932,1.00,2.25
2015.05.19 19:50:10.514,1.51884,1.51931,1.00,1.75
2015.05.19 19:50:10.828,1.51873,1.51927,1.37,2.25
2015.05.19 19:50:14.269,1.51873,1.51927,1.37,2.25
2015.05.19 19:50:17.451,1.51873,1.51927,1.37,2.25
2015.05.19 19:50:17.754,1.51883,1.51927,1.00,1.75
2015.05.19 19:50:18.257,1.51883,1.51927,1.00,1.75
2015.05.19 19:50:21.582,1.51883,1.51927,1.00,1.75
2015.05.19 19:50:24.095,1.51883,1.51927,1.00,1.75
2015.05.19 19:50:24.268,1.51883,1.51927,1.00,1.75
2015.05.19 19:50:26.434,1.51874,1.51926,1.12,1.75
2015.05.19 19:50:40.752,1.51874,1.51926,1.37,1.75
2015.05.19 19:50:42.384,1.51884,1.51927,1.00,1.75
2015.05.19 19:50:44.837,1.51874,1.51926,1.37,1.75
2015.05.19 19:50:47.120,1.51873,1.51927,1.00,2.25
2015.05.19 19:50:47.221,1.51873,1.51927,1.37,2.25
2015.05.19 19:50:54.546,1.51874,1.51926,1.12,1.75
2015.05.19 19:51:00.128,1.51884,1.51927,1.00,1.75
2015.05.19 19:51:01.174,1.51884,1.51927,1.00,1.50
2015.05.19 19:51:01.275,1.51884,1.51927,1.00,1.75
2015.05.19 19:51:02.294,1.51874,1.51926,1.37,1.75
2015.05.19 19:51:02.956,1.51874,1.51926,1.12,1.75
2015.05.19 19:51:08.209,1.51874,1.51926,1.37,1.37
2015.05.19 19:51:15.222,1.51873,1.51926,1.37,1.75
2015.05.19 19:51:15.424,1.51865,1.51926,1.75,1.75
2015.05.19 19:51:15.632,1.51873,1.51927,1.37,1.75
2015.05.19 19:51:23.979,1.51873,1.51927,1.37,1.37
2015.05.19 19:51:24.512,1.51884,1.51931,1.00,1.75
2015.05.19 19:51:24.865,1.51874,1.51929,1.37,1.75
2015.05.19 19:51:24.966,1.51874,1.51926,1.37,1.75
2015.05.19 19:51:28.061,1.51874,1.51926,1.37,1.37
2015.05.19 19:51:28.162,1.51874,1.51931,2.25,1.75
2015.05.19 19:51:29.464,1.51883,1.51932,1.00,1.75
2015.05.19 19:51:29.616,1.5188,1.51932,2.25,1.37
2015.05.19 19:51:29.717,1.51882,1.51936,1.12,1.75
2015.05.19 19:51:29.819,1.51882,1.51936,1.37,1.75
2015.05.19 19:51:30.124,1.51884,1.51936,1.87,1.50
2015.05.19 19:51:30.502,1.51884,1.51937,1.37,2.25
2015.05.19 19:51:32.883,1.51884,1.51937,1.12,2.25
2015.05.19 19:51:33.189,1.51883,1.51935,1.00,1.75
2015.05.19 19:51:33.691,1.51884,1.51934,1.00,1.75
2015.05.19 19:51:34.213,1.51883,1.51934,1.00,1.75
2015.05.19 19:51:35.624,1.51884,1.51934,1.00,1.75
2015.05.19 19:51:36.147,1.51884,1.51934,1.00,1.75
2015.05.19 19:51:36.725,1.51883,1.51934,1.00,1.75
2015.05.19 19:51:39.736,1.51882,1.51933,1.00,1.75
2015.05.19 19:51:40.109,1.51877,1.51926,1.37,1.37
2015.05.19 19:51:40.323,1.51877,1.5193,1.75,1.37
2015.05.19 19:51:40.424,1.51883,1.51936,1.37,1.50
2015.05.19 19:51:41.122,1.51884,1.51936,1.00,2.25
2015.05.19 19:51:41.631,1.51883,1.51934,1.50,1.75
2015.05.19 19:51:42.568,1.51883,1.51934,1.50,1.75
2015.05.19 19:51:43.972,1.51883,1.51934,1.87,1.37
2015.05.19 19:51:44.073,1.51883,1.51936,1.87,1.75
2015.05.19 19:51:44.753,1.51883,1.51936,1.37,1.75
2015.05.19 19:51:45.071,1.51883,1.51935,1.00,1.75
2015.05.19 19:51:48.496,1.51883,1.51935,1.50,2.25
2015.05.19 19:51:48.598,1.51883,1.51935,1.50,2.25
2015.05.19 19:51:48.938,1.51883,1.51934,1.50,1.75
2015.05.19 19:51:49.464,1.51884,1.51933,1.00,1.75
2015.05.19 19:51:49.666,1.51884,1.51933,1.00,1.75
2015.05.19 19:51:49.767,1.51884,1.51933,1.00,1.75
2015.05.19 19:51:52.350,1.51883,1.51935,1.50,1.75
2015.05.19 19:51:54.373,1.51883,1.51935,1.87,1.75
2015.05.19 19:51:54.923,1.51883,1.51936,1.00,3.00
2015.05.19 19:51:55.024,1.51884,1.51936,1.12,3.00
2015.05.19 19:51:55.410,1.51884,1.51933,1.00,2.25
2015.05.19 19:51:55.717,1.51883,1.51933,1.50,1.75
2015.05.19 19:51:56.120,1.51884,1.51935,1.00,1.75
2015.05.19 19:52:00.329,1.51884,1.51936,1.00,2.25
2015.05.19 19:52:00.863,1.51883,1.51936,1.50,2.25
2015.05.19 19:52:02.620,1.51884,1.51936,1.00,1.75
2015.05.19 19:52:02.671,1.51884,1.51936,1.00,1.75
2015.05.19 19:52:05.501,1.51884,1.51933,1.00,1.75
2015.05.19 19:52:05.552,1.51884,1.51932,1.00,1.75
2015.05.19 19:52:05.955,1.51883,1.5193,1.00,1.75
2015.05.19 19:52:07.777,1.51883,1.5193,1.00,1.75
2015.05.19 19:52:07.878,1.51883,1.5193,1.00,1.75
2015.05.19 19:52:07.979,1.51878,1.5193,1.87,1.75
2015.05.19 19:52:08.183,1.51883,1.5193,1.00,1.75
2015.05.19 19:52:09.965,1.51883,1.5193,1.00,1.50
2015.05.19 19:52:10.484,1.51884,1.5193,1.00,1.50
2015.05.19 19:52:13.156,1.51877,1.5193,1.37,1.50
2015.05.19 19:52:13.358,1.51884,1.5193,1.00,1.50
2015.05.19 19:52:17.652,1.51877,1.5193,1.37,1.50
2015.05.19 19:52:17.703,1.51877,1.5193,1.37,1.75
2015.05.19 19:52:18.035,1.51884,1.5193,1.00,1.75
2015.05.19 19:52:18.856,1.51877,1.5193,1.37,1.75
2015.05.19 19:52:18.906,1.51877,1.5193,1.75,1.37
2015.05.19 19:52:19.452,1.51884,1.5193,1.00,1.37
2015.05.19 19:52:19.984,1.51884,1.5193,1.00,1.50
2015.05.19 19:52:20.713,1.51883,1.5193,1.00,1.50
2015.05.19 19:52:22.426,1.51883,1.5193,1.00,1.75
2015.05.19 19:52:23.174,1.51884,1.5193,1.00,1.75
2015.05.19 19:52:23.725,1.51883,1.5193,1.00,1.75
2015.05.19 19:52:23.928,1.51883,1.5193,1.00,1.37
2015.05.19 19:52:24.782,1.51883,1.5193,1.00,1.75
2015.05.19 19:52:25.001,1.51883,1.5193,1.00,1.50
2015.05.19 19:52:25.102,1.51883,1.5193,1.00,1.75
2015.05.19 19:52:26.008,1.51883,1.5193,1.00,1.75
2015.05.19 19:52:26.664,1.51884,1.5193,1.00,1.75
2015.05.19 19:52:28.515,1.51884,1.51926,1.00,1.75
2015.05.19 19:52:28.616,1.51884,1.51926,1.00,1.37
2015.05.19 19:52:32.206,1.51884,1.51931,1.00,1.37
2015.05.19 19:52:32.509,1.51885,1.51936,1.00,1.75
2015.05.19 19:52:32.610,1.51885,1.51936,1.12,1.75
2015.05.19 19:52:32.711,1.51885,1.51936,1.00,1.37
2015.05.19 19:52:32.812,1.51885,1.51936,1.00,1.50
2015.05.19 19:52:32.913,1.51886,1.5194,1.00,1.75
2015.05.19 19:52:33.216,1.51885,1.5194,1.12,1.37
2015.05.19 19:52:33.417,1.51885,1.5194,1.37,1.37
2015.05.19 19:52:36.604,1.51885,1.5194,1.00,1.75
2015.05.19 19:52:36.917,1.51885,1.51936,1.00,1.37
2015.05.19 19:52:37.294,1.51885,1.5194,1.12,1.87
2015.05.19 19:52:40.143,1.51885,1.51936,1.00,1.75
2015.05.19 19:52:40.294,1.51876,1.51929,1.37,1.50
2015.05.19 19:52:40.445,1.51876,1.51926,1.37,1.00
2015.05.19 19:52:40.749,1.51883,1.51926,1.00,1.00
2015.05.19 19:52:40.901,1.51883,1.51936,1.00,1.75
2015.05.19 19:52:40.951,1.51883,1.51936,1.37,1.50
2015.05.19 19:52:43.040,1.51883,1.51936,1.37,2.25
2015.05.19 19:52:44.642,1.51884,1.51936,1.50,1.37
2015.05.19 19:52:44.806,1.51894,1.51936,1.00,1.37
2015.05.19 19:52:45.129,1.51894,1.51944,1.00,1.75
2015.05.19 19:52:46.035,1.51895,1.51946,1.00,1.75
2015.05.19 19:52:51.316,1.51895,1.51936,1.00,1.00
2015.05.19 19:52:58.550,1.51895,1.51937,1.00,1.37
2015.05.19 19:52:58.651,1.51886,1.51937,1.00,1.75
2015.05.19 19:52:59.479,1.51886,1.51939,1.37,1.75
2015.05.19 19:52:59.981,1.51886,1.51937,1.75,1.37
2015.05.19 19:53:00.582,1.51893,1.51939,1.00,1.37
2015.05.19 19:53:01.862,1.51886,1.51936,1.75,1.37
2015.05.19 19:53:02.347,1.51894,1.51939,1.00,1.37
2015.05.19 19:53:02.753,1.51891,1.51943,1.00,1.75
2015.05.19 19:53:02.804,1.51891,1.51943,1.00,1.75
2015.05.19 19:53:02.856,1.51884,1.51939,1.87,1.75
2015.05.19 19:53:02.907,1.51884,1.51939,1.50,1.75
2015.05.19 19:53:08.103,1.51884,1.51937,1.00,1.75
2015.05.19 19:53:08.204,1.51884,1.51937,1.37,1.75
2015.05.19 19:53:08.724,1.51884,1.51937,1.37,1.50
2015.05.19 19:53:09.169,1.51884,1.51937,1.75,1.37
2015.05.19 19:53:09.270,1.51884,1.51937,1.37,1.37
2015.05.19 19:53:09.572,1.51885,1.51936,1.75,1.00
2015.05.19 19:53:10.873,1.51889,1.51936,1.37,1.37
2015.05.19 19:53:12.592,1.51889,1.51937,1.00,1.75
2015.05.19 19:53:12.743,1.51883,1.51928,1.00,1.75
2015.05.19 19:53:12.895,1.51884,1.51927,1.00,1.75
2015.05.19 19:53:13.101,1.51875,1.51926,1.00,1.75
2015.05.19 19:53:14.624,1.51875,1.51927,1.00,1.75
2015.05.19 19:53:16.095,1.51875,1.51927,1.00,1.75
2015.05.19 19:53:16.205,1.51875,1.51927,1.00,1.75
2015.05.19 19:53:16.484,1.51875,1.51927,1.00,1.75
2015.05.19 19:53:18.230,1.51875,1.51927,1.00,1.75
2015.05.19 19:53:19.279,1.51875,1.51917,1.00,1.00
2015.05.19 19:53:20.372,1.51875,1.51916,1.00,1.00
2015.05.19 19:53:20.532,1.51875,1.51921,1.00,1.37
2015.05.19 19:53:20.633,1.51875,1.51922,1.00,3.00
2015.05.19 19:53:20.684,1.51866,1.51919,1.12,1.75
2015.05.19 19:53:20.936,1.51868,1.51919,1.87,1.37
2015.05.19 19:53:21.037,1.51868,1.51919,1.87,1.50
2015.05.19 19:53:21.358,1.51866,1.51919,1.37,1.75
2015.05.19 19:53:21.621,1.51866,1.51916,1.37,1.37
2015.05.19 19:53:23.898,1.51866,1.51916,2.25,1.37
2015.05.19 19:53:24.200,1.51867,1.51916,1.75,1.00
2015.05.19 19:53:24.352,1.51868,1.51919,2.25,1.00
2015.05.19 19:53:24.893,1.51873,1.51927,1.50,1.75
2015.05.19 19:53:25.747,1.51873,1.51927,1.50,1.75
2015.05.19 19:53:26.317,1.51873,1.51924,1.00,1.75
2015.05.19 19:53:26.368,1.51869,1.51922,1.00,1.75
2015.05.19 19:53:26.538,1.51869,1.51922,1.12,1.75
2015.05.19 19:53:26.689,1.51874,1.51922,1.00,1.75
2015.05.19 19:53:27.207,1.51874,1.51922,1.00,1.75
2015.05.19 19:53:35.937,1.51874,1.51922,1.00,1.50
2015.05.19 19:53:36.445,1.51873,1.51922,1.00,1.50
2015.05.19 19:53:36.971,1.51873,1.51922,1.00,1.37
2015.05.19 19:53:37.552,1.51874,1.51922,1.00,1.37
2015.05.19 19:53:38.051,1.51873,1.51922,1.00,1.75
2015.05.19 19:53:38.590,1.51873,1.51922,1.12,1.50
2015.05.19 19:53:41.077,1.51874,1.51922,1.00,1.50
2015.05.19 19:53:41.582,1.51873,1.51922,1.12,1.50
2015.05.19 19:53:42.045,1.51873,1.51922,1.00,1.75
2015.05.19 19:53:42.603,1.51874,1.51922,1.00,1.75
2015.05.19 19:53:49.154,1.51874,1.51922,1.00,1.75
2015.05.19 19:53:49.204,1.51869,1.51922,1.12,1.75
2015.05.19 19:53:49.305,1.51874,1.51922,1.00,1.75
2015.05.19 19:53:51.109,1.51873,1.51922,1.00,1.75
2015.05.19 19:53:51.626,1.51869,1.51916,1.12,1.37
2015.05.19 19:53:51.727,1.51869,1.51916,1.37,1.12
2015.05.19 19:53:52.050,1.51873,1.51922,1.00,1.75
2015.05.19 19:53:52.344,1.51873,1.51922,1.00,1.37
2015.05.19 19:53:53.568,1.51873,1.51922,1.00,1.75
2015.05.19 19:53:53.669,1.51873,1.51922,1.12,1.50
2015.05.19 19:53:54.772,1.51873,1.51922,1.37,1.37
2015.05.19 19:53:54.979,1.51873,1.51922,1.37,1.37
2015.05.19 19:53:55.291,1.51876,1.51927,1.12,1.75
2015.05.19 19:53:57.981,1.51879,1.51927,1.75,1.00
2015.05.19 19:53:58.133,1.51886,1.51936,1.37,1.37
2015.05.19 19:53:58.183,1.51886,1.51936,1.37,1.37
2015.05.19 19:53:58.486,1.51893,1.51941,1.00,1.75
2015.05.19 19:53:59.579,1.51893,1.51941,1.00,1.75
2015.05.19 19:54:00.249,1.51886,1.51941,1.75,1.75
2015.05.19 19:54:01.029,1.51886,1.51941,1.00,1.75
2015.05.19 19:54:01.331,1.5188,1.51927,1.00,1.50
2015.05.19 19:54:02.700,1.5188,1.51927,1.00,1.37
2015.05.19 19:54:03.533,1.51883,1.51935,1.00,1.75
2015.05.19 19:54:05.408,1.5188,1.51926,1.00,1.37
2015.05.19 19:54:06.462,1.5188,1.51926,1.00,1.37
2015.05.19 19:54:06.563,1.5188,1.51926,1.12,1.37
2015.05.19 19:54:09.430,1.5188,1.51926,1.37,1.12
2015.05.19 19:54:11.744,1.51884,1.51935,1.37,1.87
2015.05.19 19:54:11.964,1.51888,1.51943,1.00,1.75
2015.05.19 19:54:12.166,1.51884,1.51934,1.37,1.37
2015.05.19 19:54:12.318,1.51881,1.51933,1.50,1.37
2015.05.19 19:54:12.548,1.51881,1.51933,1.00,1.50
2015.05.19 19:54:12.851,1.51884,1.51932,1.12,1.37
2015.05.19 19:54:13.469,1.51884,1.51934,1.12,1.37
2015.05.19 19:54:13.772,1.51884,1.51934,1.37,1.37
2015.05.19 19:54:14.103,1.51881,1.51934,1.37,1.50
2015.05.19 19:54:14.154,1.51881,1.51934,1.12,1.75
2015.05.19 19:54:14.507,1.51883,1.51934,1.00,1.75
2015.05.19 19:54:17.379,1.51883,1.51929,1.00,1.50
2015.05.19 19:54:17.480,1.51883,1.51935,1.50,1.75
2015.05.19 19:54:19.160,1.51876,1.51927,1.37,1.12
2015.05.19 19:54:22.162,1.51876,1.51927,1.75,1.12
2015.05.19 19:54:22.707,1.5188,1.51927,1.50,1.00
2015.05.19 19:54:22.758,1.5188,1.51935,1.50,1.75
2015.05.19 19:54:22.867,1.5188,1.51935,1.75,1.37
2015.05.19 19:54:24.888,1.51883,1.51936,1.37,1.75
2015.05.19 19:54:25.691,1.51883,1.51936,1.12,1.75
2015.05.19 19:54:26.451,1.51878,1.51926,1.50,1.00
2015.05.19 19:54:29.244,1.51877,1.51927,1.75,1.12
2015.05.19 19:54:29.779,1.51884,1.51928,1.00,1.37
2015.05.19 19:54:30.901,1.51875,1.51926,2.25,1.00
2015.05.19 19:54:31.400,1.51876,1.51927,1.75,1.00
2015.05.19 19:54:31.450,1.51884,1.51937,1.37,1.87
2015.05.19 19:54:31.602,1.5189,1.51937,1.00,1.50
2015.05.19 19:54:31.986,1.51884,1.51935,1.37,1.37
2015.05.19 19:54:32.037,1.51889,1.51936,1.12,1.37
2015.05.19 19:54:32.710,1.51889,1.51936,1.00,1.37
2015.05.19 19:54:37.866,1.51884,1.51936,1.37,1.87
2015.05.19 19:54:38.513,1.51884,1.51936,1.87,1.50
2015.05.19 19:54:38.816,1.51883,1.51934,1.12,1.37
2015.05.19 19:54:39.232,1.51885,1.51937,1.37,1.75
2015.05.19 19:54:39.536,1.51885,1.51936,1.37,1.37
2015.05.19 19:54:43.849,1.51885,1.51936,1.75,1.37
2015.05.19 19:54:46.457,1.51892,1.51936,1.00,1.37
2015.05.19 19:54:46.507,1.51885,1.51936,1.37,1.37
2015.05.19 19:54:47.748,1.51884,1.51936,2.25,1.37
2015.05.19 19:54:48.042,1.51884,1.51936,1.50,1.87
2015.05.19 19:54:48.394,1.51883,1.51936,1.37,2.25
2015.05.19 19:54:48.877,1.51883,1.51927,1.37,1.00
2015.05.19 19:54:52.661,1.51883,1.51936,1.87,1.50
2015.05.19 19:54:53.470,1.51881,1.51936,1.87,2.25
2015.05.19 19:54:53.803,1.51881,1.51927,1.37,1.37
2015.05.19 19:54:57.367,1.51879,1.51927,1.37,1.37
2015.05.19 19:54:59.786,1.51879,1.51927,1.00,1.50
2015.05.19 19:54:59.909,1.51873,1.51927,1.87,1.50
2015.05.19 19:55:00.111,1.51879,1.51927,1.00,1.50
2015.05.19 19:55:00.414,1.51879,1.51927,1.37,1.37
2015.05.19 19:55:00.615,1.51879,1.51932,1.37,1.37
2015.05.19 19:55:00.716,1.51879,1.51932,1.37,1.75
2015.05.19 19:55:01.610,1.51879,1.51926,1.37,1.12
2015.05.19 19:55:01.712,1.51879,1.51932,1.75,1.12
2015.05.19 19:55:01.814,1.51881,1.51932,1.50,1.37
2015.05.19 19:55:01.917,1.51884,1.51937,1.37,1.37
2015.05.19 19:55:02.248,1.51884,1.51939,2.25,1.50
2015.05.19 19:55:04.998,1.51884,1.51934,1.37,1.75
2015.05.19 19:55:05.213,1.5188,1.51926,1.37,1.37
2015.05.19 19:55:05.415,1.51882,1.51926,1.37,1.00
2015.05.19 19:55:05.466,1.51882,1.51935,1.37,1.75
2015.05.19 19:55:05.617,1.51882,1.51935,1.00,1.00
2015.05.19 19:55:05.668,1.51882,1.51927,1.00,1.00
2015.05.19 19:55:06.643,1.51882,1.51927,1.37,1.00
2015.05.19 19:55:07.203,1.51882,1.51926,1.37,1.00
2015.05.19 19:55:12.350,1.51882,1.51927,1.37,1.00
2015.05.19 19:55:18.771,1.51882,1.51926,1.37,1.00
2015.05.19 19:55:19.311,1.51882,1.51927,1.37,1.00
2015.05.19 19:55:29.229,1.51882,1.51927,1.50,1.00
2015.05.19 19:55:30.831,1.51883,1.51927,1.37,1.00
2015.05.19 19:55:30.932,1.51878,1.51926,1.37,1.00
2015.05.19 19:55:31.033,1.51878,1.51926,1.87,1.37
2015.05.19 19:55:31.336,1.51874,1.51927,1.87,1.37
2015.05.19 19:55:31.387,1.51882,1.51927,1.00,1.37
2015.05.19 19:55:31.750,1.51882,1.51916,1.00,1.00
2015.05.19 19:55:33.105,1.51874,1.51916,1.87,1.00
2015.05.19 19:55:33.648,1.51874,1.51917,1.50,1.00
2015.05.19 19:55:36.184,1.51874,1.51917,1.37,1.00
2015.05.19 19:55:36.285,1.51871,1.51917,1.37,1.00
2015.05.19 19:55:36.386,1.51871,1.51917,2.25,1.00
2015.05.19 19:55:36.588,1.51885,1.51926,1.37,1.00
2015.05.19 19:55:36.914,1.51885,1.51936,1.37,1.37
2015.05.19 19:55:37.546,1.51885,1.51936,1.37,1.37
2015.05.19 19:55:37.780,1.5189,1.51936,1.00,1.37
2015.05.19 19:55:44.285,1.51884,1.51936,1.37,1.87
2015.05.19 19:55:46.196,1.51881,1.51936,1.75,1.87
2015.05.19 19:55:56.194,1.51884,1.51936,1.37,1.87
2015.05.19 19:55:56.576,1.51883,1.51927,1.50,1.00
2015.05.19 19:55:57.369,1.51883,1.51936,1.50,1.87
2015.05.19 19:55:57.420,1.51881,1.51932,1.00,1.75
2015.05.19 19:55:57.684,1.51877,1.51926,1.37,1.37
2015.05.19 19:55:58.187,1.51877,1.51926,1.12,1.37
2015.05.19 19:55:59.112,1.51877,1.51916,1.00,1.00
2015.05.19 19:55:59.163,1.51872,1.51916,1.37,1.00
2015.05.19 19:55:59.793,1.51866,1.51916,2.25,1.00
2015.05.19 19:56:01.120,1.51866,1.51921,1.87,1.75
2015.05.19 19:56:01.170,1.51873,1.51923,1.00,1.75
2015.05.19 19:56:01.221,1.51869,1.51922,1.00,1.75
2015.05.19 19:56:01.322,1.51864,1.51915,1.00,1.50
2015.05.19 19:56:01.426,1.51869,1.51916,1.00,1.37
2015.05.19 19:56:02.894,1.51869,1.51917,1.37,1.37
2015.05.19 19:56:03.905,1.51869,1.51917,1.50,1.00
2015.05.19 19:56:04.056,1.51874,1.51926,1.37,1.37
2015.05.19 19:56:04.207,1.51876,1.51926,1.37,1.37
2015.05.19 19:56:05.417,1.51876,1.51926,1.37,1.37
2015.05.19 19:56:05.763,1.51868,1.51923,1.50,1.37
2015.05.19 19:56:06.168,1.51868,1.51917,1.37,1.37
2015.05.19 19:56:06.820,1.51868,1.51917,1.50,1.00
2015.05.19 19:56:07.022,1.51868,1.51916,1.37,1.00
2015.05.19 19:56:07.329,1.51866,1.51916,1.75,1.00
2015.05.19 19:56:07.380,1.51866,1.51918,1.75,1.00
2015.05.19 19:56:07.482,1.51873,1.51926,1.12,1.37
2015.05.19 19:56:08.364,1.51873,1.51917,1.12,1.00
2015.05.19 19:56:08.809,1.51873,1.51917,1.37,1.00
2015.05.19 19:56:09.174,1.51873,1.51927,1.87,1.37
2015.05.19 19:56:09.841,1.51873,1.51926,1.12,1.50
2015.05.19 19:56:10.172,1.51875,1.51916,1.37,1.00
2015.05.19 19:56:10.680,1.51875,1.51926,1.37,1.37
2015.05.19 19:56:10.930,1.51875,1.51926,1.12,1.37
2015.05.19 19:56:12.160,1.51874,1.51924,1.12,1.37
2015.05.19 19:56:12.286,1.51877,1.51926,1.00,1.37
2015.05.19 19:56:13.005,1.51874,1.51923,1.12,1.37
2015.05.19 19:56:14.125,1.51874,1.51923,1.37,1.37
2015.05.19 19:56:14.427,1.51873,1.51926,2.25,1.37
2015.05.19 19:56:22.438,1.51874,1.51926,1.37,1.87
2015.05.19 19:56:22.939,1.51878,1.51926,1.00,1.75
2015.05.19 19:56:23.163,1.51874,1.5192,1.37,1.37
2015.05.19 19:56:24.202,1.51877,1.51916,1.00,1.00
2015.05.19 19:56:24.711,1.5187,1.51916,1.75,1.00
2015.05.19 19:56:25.758,1.51877,1.51916,1.00,1.00
2015.05.19 19:56:26.312,1.51869,1.51916,1.75,1.00
2015.05.19 19:56:28.551,1.51878,1.51916,1.00,1.00
2015.05.19 19:56:28.602,1.51869,1.51916,1.75,1.00
2015.05.19 19:56:29.776,1.51866,1.51919,1.37,1.75
2015.05.19 19:56:29.927,1.51861,1.51916,1.87,1.50
2015.05.19 19:56:30.180,1.51861,1.51907,1.00,1.00
2015.05.19 19:56:30.383,1.51861,1.51916,1.00,1.50
2015.05.19 19:56:30.484,1.51863,1.51916,1.00,1.00
2015.05.19 19:56:30.585,1.51861,1.51916,1.00,1.50
2015.05.19 19:56:30.708,1.51864,1.51914,1.00,1.00
2015.05.19 19:56:31.018,1.51865,1.51916,1.00,1.00
2015.05.19 19:56:31.169,1.51868,1.51917,1.00,1.00
2015.05.19 19:56:31.472,1.51868,1.51917,1.37,1.37
2015.05.19 19:56:31.674,1.51869,1.51922,1.12,1.75
2015.05.19 19:56:31.915,1.51869,1.51916,1.37,1.37
2015.05.19 19:56:32.268,1.51874,1.51922,1.00,1.75
2015.05.19 19:56:32.966,1.51874,1.51922,1.00,1.50
2015.05.19 19:56:34.698,1.51869,1.51916,1.37,1.00
2015.05.19 19:56:34.799,1.51874,1.51927,1.37,3.00
2015.05.19 19:56:34.849,1.51879,1.51927,1.00,1.75
2015.05.19 19:56:35.017,1.5188,1.51927,1.00,1.37
2015.05.19 19:56:35.219,1.5188,1.51926,1.00,1.75
2015.05.19 19:56:35.270,1.51874,1.51926,1.00,2.25
2015.05.19 19:56:35.522,1.51873,1.51921,1.00,1.50
2015.05.19 19:56:35.623,1.51864,1.51919,2.62,1.37
2015.05.19 19:56:37.779,1.51864,1.51919,2.25,1.37
2015.05.19 19:56:43.514,1.51869,1.51924,1.75,1.12
2015.05.19 19:56:43.939,1.51876,1.51927,1.75,1.37
2015.05.19 19:56:45.846,1.51876,1.51926,1.50,1.00
2015.05.19 19:56:47.362,1.51876,1.51926,1.75,1.12
2015.05.19 19:56:48.164,1.51876,1.51926,1.37,1.50
2015.05.19 19:56:48.365,1.51866,1.51918,1.37,1.37
2015.05.19 19:56:48.622,1.51866,1.51916,1.50,1.00
2015.05.19 19:56:56.869,1.51866,1.51917,1.50,1.12
2015.05.19 19:56:58.799,1.5187,1.51917,1.37,1.00
2015.05.19 19:56:58.900,1.51871,1.51922,1.12,1.12
2015.05.19 19:56:59.001,1.51871,1.51924,1.37,1.12
2015.05.19 19:56:59.404,1.51874,1.51924,1.00,1.12
2015.05.19 19:57:00.203,1.51876,1.51929,1.00,1.37
2015.05.19 19:57:00.506,1.51875,1.51927,1.12,1.50
2015.05.19 19:57:02.919,1.51877,1.51926,1.00,1.37
2015.05.19 19:57:03.322,1.51874,1.51926,1.75,1.87
2015.05.19 19:57:04.610,1.51877,1.51927,1.37,1.37
2015.05.19 19:57:04.711,1.51877,1.51927,1.37,1.37
2015.05.19 19:57:05.129,1.51873,1.51923,1.87,1.37
2015.05.19 19:57:05.540,1.51879,1.51926,1.00,1.50
2015.05.19 19:57:05.792,1.51877,1.51927,1.37,1.37
2015.05.19 19:57:05.962,1.51877,1.51926,1.37,1.37
2015.05.19 19:57:07.328,1.51877,1.51926,1.37,1.37
2015.05.19 19:57:09.018,1.5188,1.51931,1.00,1.75
2015.05.19 19:57:09.134,1.51873,1.51925,1.50,1.37
2015.05.19 19:57:09.808,1.51884,1.51926,1.00,1.37
2015.05.19 19:57:09.961,1.51875,1.51928,1.50,1.37
2015.05.19 19:57:10.063,1.51875,1.51928,1.37,1.75
2015.05.19 19:57:11.654,1.51884,1.51928,1.00,1.75
2015.05.19 19:57:12.175,1.51875,1.51928,1.37,1.75
2015.05.19 19:57:13.584,1.51875,1.51926,1.12,1.75
2015.05.19 19:57:13.746,1.51875,1.51926,1.37,1.75
2015.05.19 19:57:18.535,1.51878,1.51926,1.00,1.75
2015.05.19 19:57:19.143,1.51874,1.51925,1.37,1.50
2015.05.19 19:57:21.887,1.51874,1.51925,1.12,1.75
2015.05.19 19:57:22.189,1.51869,1.51922,1.37,1.50
2015.05.19 19:57:22.240,1.51877,1.51926,1.00,1.75
2015.05.19 19:57:22.391,1.5187,1.51923,1.37,1.75
2015.05.19 19:57:22.936,1.5187,1.51916,1.37,1.00
2015.05.19 19:57:24.629,1.51866,1.51916,1.50,1.37
2015.05.19 19:57:25.744,1.51869,1.51916,1.50,1.00
2015.05.19 19:57:26.053,1.51874,1.51926,1.50,1.37
2015.05.19 19:57:26.356,1.51874,1.51926,1.87,1.37
2015.05.19 19:57:26.558,1.51874,1.51922,1.37,1.12
2015.05.19 19:57:28.179,1.51879,1.51926,1.00,1.37
2015.05.19 19:57:28.331,1.51877,1.51927,1.12,1.50
2015.05.19 19:57:29.547,1.51874,1.51923,1.75,1.00
2015.05.19 19:57:29.648,1.51879,1.51932,1.37,1.75
2015.05.19 19:57:29.986,1.51879,1.51927,1.00,1.37
2015.05.19 19:57:30.188,1.51879,1.51927,1.00,1.37
2015.05.19 19:57:30.289,1.51879,1.51928,1.00,1.37
2015.05.19 19:57:30.591,1.51871,1.51926,1.37,1.00
2015.05.19 19:57:30.718,1.51878,1.51927,1.00,1.12
2015.05.19 19:57:31.029,1.51873,1.51925,2.25,1.00
2015.05.19 19:57:31.214,1.51878,1.51933,1.37,1.37
2015.05.19 19:57:31.315,1.51873,1.51926,3.00,1.00
2015.05.19 19:57:33.006,1.51874,1.51926,1.37,1.00
2015.05.19 19:57:33.523,1.51874,1.51926,1.37,1.37
2015.05.19 19:57:33.573,1.51874,1.51926,1.50,1.00
2015.05.19 19:57:33.876,1.51874,1.51926,1.37,1.12
2015.05.19 19:57:35.799,1.51879,1.51932,1.00,1.75
2015.05.19 19:57:36.117,1.51874,1.51925,1.37,1.00
2015.05.19 19:57:36.384,1.51874,1.51925,1.12,1.37
2015.05.19 19:57:36.435,1.51879,1.51931,1.00,1.75
2015.05.19 19:57:36.486,1.51873,1.51924,2.62,1.37
2015.05.19 19:57:36.740,1.51876,1.51929,1.00,1.75
2015.05.19 19:57:36.790,1.51876,1.51929,1.12,1.37
2015.05.19 19:57:36.841,1.51873,1.51924,2.62,1.00
2015.05.19 19:57:37.099,1.51874,1.51924,1.00,1.12
2015.05.19 19:57:37.384,1.51874,1.51922,1.00,1.37
2015.05.19 19:57:37.636,1.51876,1.51929,1.00,1.37
2015.05.19 19:57:37.687,1.51874,1.51923,1.12,1.00
2015.05.19 19:57:37.940,1.51875,1.51928,1.00,1.37
2015.05.19 19:57:38.441,1.51875,1.51928,1.37,1.37
2015.05.19 19:57:38.746,1.51875,1.51928,1.37,1.37
2015.05.19 19:57:39.024,1.51875,1.51928,1.37,1.37
2015.05.19 19:57:39.796,1.51873,1.51924,1.50,1.00
2015.05.19 19:57:39.846,1.51872,1.51924,1.37,1.00
2015.05.19 19:57:39.976,1.51879,1.51927,1.00,1.37
2015.05.19 19:57:40.357,1.51873,1.51923,1.37,1.37
2015.05.19 19:57:41.227,1.51872,1.51916,1.50,1.00
2015.05.19 19:57:42.855,1.51879,1.51916,1.00,1.00
2015.05.19 19:57:42.956,1.51872,1.51916,1.50,1.00
2015.05.19 19:57:43.422,1.51872,1.51916,1.37,1.00
2015.05.19 19:57:43.523,1.51879,1.51927,1.00,1.75
2015.05.19 19:57:43.573,1.51872,1.51925,1.37,1.75
2015.05.19 19:57:43.624,1.51878,1.51926,1.50,1.12
2015.05.19 19:57:43.927,1.51882,1.51926,1.75,1.00
2015.05.19 19:57:44.229,1.51882,1.51926,1.00,1.00
2015.05.19 19:57:44.345,1.51882,1.51936,1.00,2.25
2015.05.19 19:57:44.570,1.51876,1.51926,1.37,1.37
2015.05.19 19:57:45.004,1.51871,1.51916,3.00,1.00
2015.05.19 19:57:45.564,1.51871,1.51916,2.25,1.00
2015.05.19 19:57:46.445,1.51871,1.51916,2.25,1.00
2015.05.19 19:57:47.983,1.51871,1.51917,2.25,1.00
2015.05.19 19:57:48.152,1.51871,1.51917,2.25,1.00
2015.05.19 19:57:48.659,1.51871,1.51917,1.87,1.00
2015.05.19 19:57:49.169,1.51876,1.51917,1.00,1.00
2015.05.19 19:57:49.684,1.51871,1.51917,1.87,1.00
2015.05.19 19:57:50.717,1.51876,1.51917,1.00,1.00
2015.05.19 19:57:51.015,1.51871,1.51917,1.37,1.00
2015.05.19 19:57:52.512,1.51868,1.51916,1.12,1.37
2015.05.19 19:57:52.613,1.51862,1.51915,1.75,1.12
2015.05.19 19:57:53.414,1.51867,1.51917,1.37,1.12
2015.05.19 19:57:55.637,1.51867,1.51916,1.37,1.00
2015.05.19 19:57:55.811,1.51867,1.51916,1.12,1.37
2015.05.19 19:57:56.403,1.51869,1.51917,1.00,1.75
2015.05.19 19:57:56.454,1.51863,1.51913,1.37,1.37
2015.05.19 19:57:57.291,1.51858,1.51907,1.75,1.00
2015.05.19 19:57:58.122,1.51859,1.51907,1.75,1.00
2015.05.19 19:57:58.323,1.51859,1.51914,1.75,1.37
2015.05.19 19:57:58.525,1.51865,1.51916,1.50,1.12
2015.05.19 19:57:58.839,1.51865,1.51916,1.75,1.12
2015.05.19 19:57:59.327,1.51871,1.51916,1.37,1.00
2015.05.19 19:57:59.831,1.51871,1.51916,1.37,1.00
2015.05.19 19:58:00.258,1.51873,1.51924,1.37,1.37
2015.05.19 19:58:01.594,1.51871,1.51916,1.37,1.00
2015.05.19 19:58:02.479,1.51873,1.51924,1.37,1.37
2015.05.19 19:58:03.192,1.51873,1.51924,1.50,1.12
2015.05.19 19:58:03.667,1.51871,1.51916,1.75,1.00
2015.05.19 19:58:03.768,1.51871,1.51916,1.50,1.00
2015.05.19 19:58:04.657,1.51873,1.51924,1.37,1.37
2015.05.19 19:58:05.746,1.51873,1.51924,1.75,1.00
2015.05.19 19:58:06.049,1.5187,1.51916,2.25,1.00
2015.05.19 19:58:06.596,1.5187,1.51917,1.75,1.00
2015.05.19 19:58:06.654,1.5187,1.51917,1.37,1.00
2015.05.19 19:58:07.107,1.5187,1.51923,1.37,1.37
2015.05.19 19:58:07.259,1.51874,1.51923,1.37,1.37
2015.05.19 19:58:08.697,1.51876,1.51925,1.50,1.12
2015.05.19 19:58:09.901,1.51872,1.51925,2.25,1.37
2015.05.19 19:58:10.252,1.51872,1.51916,1.50,1.00
2015.05.19 19:58:10.770,1.51872,1.51916,1.37,1.00
2015.05.19 19:58:11.050,1.51872,1.51925,1.37,1.75
2015.05.19 19:58:12.178,1.51872,1.51925,1.50,1.37
2015.05.19 19:58:12.279,1.51872,1.51917,1.50,1.00
2015.05.19 19:58:13.310,1.51872,1.51917,1.37,1.00
2015.05.19 19:58:14.452,1.51872,1.51925,1.37,1.37
2015.05.19 19:58:14.604,1.51872,1.51916,1.37,1.00
2015.05.19 19:58:15.017,1.51872,1.51925,1.37,1.75
2015.05.19 19:58:15.219,1.51866,1.51916,1.75,1.00
2015.05.19 19:58:16.298,1.51874,1.51916,1.00,1.00
2015.05.19 19:58:16.829,1.51866,1.51916,1.75,1.00
2015.05.19 19:58:17.901,1.51866,1.51916,1.37,1.00
2015.05.19 19:58:18.204,1.51865,1.51918,1.37,1.37
2015.05.19 19:58:21.648,1.51863,1.51916,1.37,1.37
2015.05.19 19:58:22.126,1.51864,1.51916,1.75,1.37
2015.05.19 19:58:23.027,1.51863,1.51907,1.75,1.00
2015.05.19 19:58:23.421,1.51863,1.51907,1.50,1.00
2015.05.19 19:58:23.472,1.5187,1.51907,1.00,1.00
2015.05.19 19:58:23.523,1.51862,1.51907,1.75,1.00
2015.05.19 19:58:23.574,1.51862,1.51907,1.37,1.00
2015.05.19 19:58:23.675,1.51859,1.51912,1.37,1.37
2015.05.19 19:58:23.927,1.51862,1.51906,1.37,1.00
2015.05.19 19:58:24.028,1.51859,1.51906,1.37,1.12
2015.05.19 19:58:24.541,1.51858,1.51906,1.37,1.37
2015.05.19 19:58:24.730,1.51858,1.51906,1.00,1.37
2015.05.19 19:58:24.832,1.51854,1.51904,1.37,1.12
2015.05.19 19:58:25.546,1.51856,1.51906,1.37,1.37
2015.05.19 19:58:25.873,1.51857,1.51906,1.50,1.00
2015.05.19 19:58:26.175,1.51858,1.51906,1.75,1.00
2015.05.19 19:58:26.281,1.51858,1.51906,1.75,1.00
2015.05.19 19:58:26.553,1.51864,1.51912,1.12,1.37
2015.05.19 19:58:26.993,1.51864,1.51912,1.37,1.37
2015.05.19 19:58:27.044,1.51864,1.51912,1.00,1.37
2015.05.19 19:58:27.184,1.51862,1.51906,1.37,1.00
2015.05.19 19:58:27.690,1.51862,1.51915,1.50,1.37
2015.05.19 19:58:29.966,1.51863,1.51915,1.75,1.12
2015.05.19 19:58:30.281,1.51863,1.51915,1.50,1.37
2015.05.19 19:58:36.119,1.51864,1.51912,1.37,1.00
2015.05.19 19:58:36.668,1.51866,1.51916,1.37,1.37
2015.05.19 19:58:41.528,1.51865,1.51916,1.37,1.12
2015.05.19 19:58:45.326,1.51864,1.51911,1.50,1.00
2015.05.19 19:58:45.527,1.51864,1.51916,1.50,1.87
2015.05.19 19:58:46.719,1.51864,1.51916,1.37,1.87
2015.05.19 19:58:47.054,1.5187,1.51916,1.12,1.37
2015.05.19 19:58:50.333,1.5187,1.51923,1.00,1.75
2015.05.19 19:58:50.837,1.51864,1.51917,1.50,2.25
2015.05.19 19:58:51.267,1.51863,1.51913,1.37,1.37
2015.05.19 19:58:51.832,1.51868,1.51917,1.00,1.75
2015.05.19 19:58:54.024,1.51864,1.51916,1.37,1.75
2015.05.19 19:58:54.240,1.51869,1.51916,1.00,1.75
2015.05.19 19:58:54.341,1.51864,1.51915,1.37,1.50
2015.05.19 19:58:56.064,1.51867,1.51916,1.00,1.75
2015.05.19 19:58:57.186,1.51867,1.51922,1.37,1.75
2015.05.19 19:58:57.337,1.51867,1.51916,1.37,1.12
2015.05.19 19:58:57.639,1.51867,1.51916,1.37,1.37
2015.05.19 19:58:58.412,1.5187,1.51916,1.00,1.37
2015.05.19 19:58:59.388,1.51864,1.51913,1.50,1.12
2015.05.19 19:59:00.373,1.51866,1.51916,1.50,1.37
2015.05.19 19:59:00.763,1.51866,1.51916,1.75,1.00
2015.05.19 19:59:01.268,1.51864,1.51916,1.50,1.87
2015.05.19 19:59:01.370,1.51864,1.51915,1.00,1.75
2015.05.19 19:59:01.882,1.51857,1.5191,1.00,1.37
2015.05.19 19:59:02.395,1.51857,1.5191,1.00,1.00
2015.05.19 19:59:02.446,1.51864,1.5191,1.00,1.00
2015.05.19 19:59:02.648,1.51857,1.5191,1.37,1.12
2015.05.19 19:59:02.699,1.51857,1.5191,1.12,1.37
2015.05.19 19:59:03.041,1.51863,1.5191,1.00,1.37
2015.05.19 19:59:03.091,1.51857,1.5191,1.00,1.37
2015.05.19 19:59:04.196,1.51857,1.5191,1.00,1.37
2015.05.19 19:59:04.545,1.51857,1.5191,1.00,1.50
2015.05.19 19:59:08.269,1.51857,1.5191,1.00,1.37
2015.05.19 19:59:08.785,1.51857,1.5191,1.37,1.12
2015.05.19 19:59:08.886,1.51857,1.5191,1.37,1.00
2015.05.19 19:59:09.234,1.51864,1.5191,1.00,1.00
2015.05.19 19:59:11.098,1.51863,1.5191,1.00,1.00
2015.05.19 19:59:12.630,1.51863,1.5191,1.00,1.37
2015.05.19 19:59:12.681,1.51857,1.5191,1.00,1.37
2015.05.19 19:59:14.811,1.51857,1.51906,1.00,1.50
2015.05.19 19:59:14.912,1.51854,1.51905,1.00,1.37
2015.05.19 19:59:14.963,1.51857,1.5191,1.00,2.25
2015.05.19 19:59:15.448,1.51857,1.51907,1.12,1.00
2015.05.19 19:59:15.935,1.51864,1.5191,1.00,1.37
2015.05.19 19:59:16.337,1.51864,1.5191,1.00,1.50
2015.05.19 19:59:17.369,1.51864,1.51903,1.00,1.37
2015.05.19 19:59:17.470,1.51864,1.51903,1.00,1.12
2015.05.19 19:59:17.521,1.51854,1.51903,1.12,1.12
2015.05.19 19:59:17.722,1.51864,1.51903,1.00,1.12
2015.05.19 19:59:20.454,1.51854,1.51903,1.37,1.00
2015.05.19 19:59:21.024,1.51856,1.51906,1.37,1.37
2015.05.19 19:59:21.238,1.51856,1.51906,1.50,1.12
2015.05.19 19:59:21.741,1.51856,1.51906,1.75,1.00
2015.05.19 19:59:22.535,1.51863,1.51909,1.00,1.00
2015.05.19 19:59:23.047,1.51863,1.51909,1.37,1.00
2015.05.19 19:59:23.551,1.51863,1.51909,1.00,1.00
2015.05.19 19:59:23.853,1.51859,1.51909,1.75,1.00
2015.05.19 19:59:23.954,1.51861,1.51914,1.75,1.00
2015.05.19 19:59:25.355,1.51864,1.51914,1.12,1.37
2015.05.19 19:59:25.657,1.51873,1.51914,1.00,1.37
2015.05.19 19:59:25.859,1.51863,1.51914,1.37,1.37
2015.05.19 19:59:28.863,1.51863,1.51914,1.00,1.75
2015.05.19 19:59:30.068,1.51863,1.51914,1.12,1.37
2015.05.19 19:59:30.290,1.51863,1.51914,1.37,1.37
2015.05.19 19:59:30.592,1.51863,1.51914,1.37,1.12
2015.05.19 19:59:31.878,1.51863,1.51914,1.12,1.50
2015.05.19 19:59:40.264,1.51864,1.51914,1.00,1.50
2015.05.19 19:59:41.156,1.51864,1.51914,1.37,1.37
2015.05.19 19:59:41.257,1.51864,1.51914,1.37,1.37
2015.05.19 19:59:41.358,1.51866,1.51919,1.37,1.37
2015.05.19 19:59:41.574,1.51873,1.51921,1.00,1.50
2015.05.19 19:59:43.362,1.51873,1.51921,1.00,1.37
2015.05.19 19:59:43.463,1.51873,1.51921,1.00,1.37
2015.05.19 19:59:43.564,1.51873,1.51921,1.00,1.37
2015.05.19 19:59:43.665,1.51866,1.51921,1.75,1.00
2015.05.19 19:59:44.315,1.51874,1.51926,1.87,1.37
2015.05.19 19:59:44.617,1.51884,1.51929,1.00,1.37
2015.05.19 19:59:44.667,1.51874,1.51929,1.87,1.37
2015.05.19 19:59:44.869,1.51874,1.51929,1.87,1.00
2015.05.19 19:59:45.121,1.51874,1.51929,1.87,1.12
2015.05.19 19:59:45.580,1.51876,1.51929,1.37,1.00
2015.05.19 19:59:45.681,1.51881,1.51934,1.37,1.00
2015.05.19 19:59:45.883,1.51881,1.51934,1.50,1.00
2015.05.19 19:59:45.984,1.51881,1.51934,1.37,1.00
2015.05.19 19:59:48.361,1.51881,1.51934,1.37,1.00
2015.05.19 19:59:49.766,1.51881,1.51934,1.00,1.37
2015.05.19 19:59:50.081,1.51881,1.51934,1.00,1.37
2015.05.19 19:59:50.244,1.51876,1.51927,1.12,1.00
2015.05.19 19:59:50.295,1.51874,1.51927,1.00,1.12
2015.05.19 19:59:51.001,1.51874,1.51927,1.37,1.37
2015.05.19 19:59:51.303,1.51883,1.51927,1.00,1.37
2015.05.19 19:59:51.404,1.51879,1.51927,1.87,1.37
2015.05.19 19:59:51.505,1.51875,1.51927,1.50,1.37
2015.05.19 19:59:51.707,1.51874,1.51927,1.37,1.37
2015.05.19 19:59:51.862,1.51874,1.51927,1.50,1.37
2015.05.19 19:59:51.912,1.51874,1.51927,1.50,1.50
2015.05.19 19:59:52.265,1.51868,1.51921,1.00,1.00
2015.05.19 19:59:52.769,1.51864,1.51916,1.00,1.00
2015.05.19 19:59:53.172,1.51864,1.51916,1.00,1.37
2015.05.19 19:59:53.492,1.51861,1.51916,1.00,1.37
2015.05.19 19:59:53.693,1.51863,1.51916,1.00,1.37
2015.05.19 19:59:54.157,1.51863,1.51911,1.00,1.00
2015.05.19 19:59:54.388,1.5186,1.51911,1.37,1.00
2015.05.19 19:59:55.255,1.51861,1.51916,1.00,1.87
2015.05.19 19:59:55.566,1.51856,1.51911,1.50,1.00
2015.05.19 19:59:55.837,1.51856,1.51911,1.00,1.37
2015.05.19 19:59:56.298,1.51862,1.51915,1.00,1.75
2015.05.19 19:59:56.349,1.51855,1.5191,1.00,1.37
2015.05.19 19:59:56.507,1.51862,1.51915,1.00,1.75
2015.05.19 19:59:58.135,1.51855,1.5191,1.37,1.37
2015.05.19 19:59:58.329,1.51863,1.5191,1.00,1.37
2015.05.19 19:59:58.380,1.51859,1.5191,1.00,1.37
2015.05.19 19:59:58.481,1.51858,1.5191,1.37,1.12
2015.05.19 19:59:58.683,1.51862,1.51915,1.37,1.37
2015.05.19 19:59:58.784,1.51862,1.51915,1.12,1.37
2015.05.19 19:59:58.986,1.51864,1.51915,1.00,1.37
2015.05.19 19:59:59.289,1.51863,1.5191,1.00,1.12
2015.05.19 19:59:59.968,1.51864,1.51916,1.00,1.75
